1.000000000000000000e+00	-1.517814792335319130e-01	7.412096930195487543e-01	5.589928206923964193e-01	4.007346092541937965e-01	5.608774718163552775e-01	6.941651015530976299e-01	5.612425997276065948e-01	3.337608650504928498e-01	6.506135404686637091e-01	5.425043286973695311e-01	6.955016850206531265e-01	-6.137281023003702402e-02	-3.081430880975347120e-01	-3.220462168780745538e-01	-3.778447039012442499e-01	-2.686403800954479948e-01	6.960693283579716395e-02	-2.142317997345828673e-01	-2.815423623404031406e-01	1.231006589480940633e-01	-6.366824608568877331e-02	-5.036019230298406299e-03	-3.851314162706605954e-02	-7.564814201667267868e-02	-1.036509982165875476e-01	1.103818674669049607e-02	-1.037551362926260046e-01	2.111267212585596631e-01	1.792751136183482474e-01	-1.220518877157949350e-01	1.564745331021771546e-01	2.648205153503168652e-01	5.104101979193262362e-02	-2.197620413434434733e-02	-1.244671992130080285e-01	2.176200821723855722e-03	-1.250637602329790210e-01	8.316493886139746106e-02	-2.192753897899919410e-02	1.025417980683397817e-01	1.428393378613937725e-01	-1.006126979952262218e-01	1.553551856935078690e-01	-2.720349142360213857e-01	-9.310232243590135792e-02	2.261997058998912735e-01	-3.402031353001369607e-01	2.810716677344694131e-02	-1.003897198132009533e-01	-1.679361735842203884e-01	-3.249388484480304484e-01	-5.496939612861190955e-02	-1.424751166875432018e-01	-1.564623568287833860e-02	1.352712349334385111e-01	-4.165020175638942113e-01	3.546427741259831727e-03	4.713535392304869787e-02	2.107235034434460086e-01	-2.250229889299145900e-02	-2.074582779954442235e-01	-6.078198942681786732e-02	8.050722188346857988e-02	-1.533146449351503182e-01	-9.969108812453410240e-02	-4.485200308467259256e-01	-3.843488232775764749e-03	-2.152835723692611281e-01	-2.843479509266521599e-01	-2.332597437529027873e-01	2.794352442360784616e-01	1.706499772020305672e-01	-2.342563804866752142e-01	-1.274539668457701502e-01	-3.203612298557106941e-01	-2.249885923094162854e-01	-2.289558491416968100e-01	-2.085777444999139564e-03	-1.674274037637927814e-01	-3.117815834033855760e-01	-2.117175084633826088e-01	-2.324104500783862881e-01	-3.508015181127757121e-01	-2.264608580278837935e-01	-4.007437971112551844e-01	2.957857576807473507e-02	-2.692281955197461940e-01	-3.882726611338924161e-01	-9.782754299498237771e-02	-3.552243848666229997e-01	-2.502772014420637792e-01	-2.805424828187663144e-01	-2.676385643557459004e-01	-1.761867332839137656e-01	-7.961148073322280028e-02	2.456507287233301307e-01	2.757836640385940008e-01	-2.607776132933018465e-01	-2.017578409520668914e-01	7.561164616513527115e-01	1.206729837235067104e-01	4.159727412441877048e-01	4.374177515896821716e-03	4.733123004504948828e-01	7.229410523064637717e-01	4.612905306580654674e-01	2.491874709928824372e-01	6.631432689508075518e-01	3.411886905950900495e-01	5.586248699429232634e-01	2.397841814273888317e-01	-1.640804811672335328e-01	1.127705892048197212e-01	-1.000194870402986158e-01	-1.538561363908026447e-01	-1.682565835210370342e-01	-1.867806958716272392e-01	-3.255666620812169149e-02	-6.336592297773904758e-02	-1.128057117398866827e-01	-1.714324412844872303e-01	-2.479932620877658422e-01	-1.004387377747957694e-01	-4.999548429387089266e-02	9.406467393597747750e-02	-8.212114746631078710e-02	-1.706802317153365833e-01	-1.836157773765691517e-02	-2.667946539646926310e-02	-8.479789608819489344e-02	1.703248916096151144e-01	4.166831036708206204e-01	1.477204829034691191e-01	9.018321191479909682e-02	1.269701218343313731e-01	-7.107333073667575218e-02	-1.175609537623432121e-01	2.073822267340131587e-01	4.342116031965162493e-02	1.089566024960237495e-01	-9.392039269082469444e-02	3.141595403698396044e-02	6.144995571451306732e-02	-1.255211266937521497e-01	-1.103831043851972726e-01	-1.292601108128222653e-01	-6.071947265406005961e-02	1.606735137042712702e-01	-5.829206258719096811e-02	1.918321266960331672e-01	-3.668521203783392526e-02	-1.164961050724848263e-01	1.431123403025162666e-01	1.684818495403484495e-01	-9.631759671572086290e-02	-2.778594528092795390e-01	-1.087797477570774801e-01	-6.702594954462921806e-02	-2.857195673375866884e-01	-1.843060559157596312e-01	-8.397699168799203917e-02	-1.547388997804209632e-01	2.697226555289263805e-01	-2.172786181235513217e-02	-6.338912096131955887e-02	6.023671761404496977e-02	4.233328456335435329e-03	1.369974829757870383e-01	-1.281279784499465280e-01	-1.591529209815784884e-01	-2.259955827552459773e-01	2.693894296674780725e-02	6.633276807478892534e-02	-1.390854916086020354e-01	-9.773741195521608305e-02	-3.272093709404088474e-02	-5.759661949400621955e-02	-8.835905078117319011e-02	-1.223159010110729111e-01	3.587791311275972950e-01	1.049012629997609081e-01	-1.429048510601245714e-01	5.752926871507194756e-02	-1.252781467613552080e-01	-1.428350835063052771e-01	1.526949550377082986e-02	-1.837697934804136402e-01	-2.915760641954192045e-01	-2.426245515963482841e-02	-2.580587348508296963e-01	-2.356661191537303413e-01	-2.338589019281056905e-02	1.125693660136271174e-01	3.214229336544868199e-01	4.841480075319106180e-01	-1.570515725883777081e-01	-1.865236630744513124e-01	-9.559644701915256948e-02	7.153007605321711447e-03
-1.517814792335318852e-01	1.000000000000000000e+00	-1.405559238562649194e-01	2.237098017749759860e-01	2.928985404227276712e-01	-8.022041681677619107e-02	-2.939456907597153279e-01	-3.735216174739123818e-01	-2.426329086186990724e-01	-3.199140543218439436e-01	-3.747125583720393727e-01	-1.662044163021215715e-01	1.801004395564673732e-01	7.677739525634397211e-02	1.915531333774101452e-01	9.092884199746924245e-02	6.522448921567325364e-02	-5.114551676937820895e-02	1.899332938488070277e-01	6.582618339504640870e-02	-3.238594640686227183e-02	1.632754930587334008e-01	-1.267744890679270431e-01	1.341377844088571247e-01	-2.251989630620875593e-01	6.548847664676034352e-02	1.910021605558246127e-01	1.294535236245446252e-01	1.494958430692117646e-01	1.104126013384587634e-04	2.287340374745699401e-01	4.397842293174691886e-02	1.249712529954295215e-01	-8.368205625760624655e-02	-8.233257079655695310e-02	-1.764428032799636170e-01	-2.597397708319246212e-01	1.717519966390503583e-01	-1.112529351845578662e-01	-9.882625962167096434e-02	-5.936835274004453877e-02	-2.514945680225352809e-01	8.262778929333461017e-03	-1.906086886045495199e-01	-3.491886495102374671e-02	-4.774884355611654085e-02	-4.178640223932651998e-01	-1.035613933037870804e-01	-3.375695646848114184e-01	-3.005451918773733300e-01	3.883804466085487295e-02	-4.824257108976024583e-02	-2.896308053205417024e-02	1.274626427163168541e-01	-2.191373107912483742e-02	-3.721656542461987405e-01	2.137213636943816886e-01	1.990295919541383574e-02	-2.606584067377597513e-01	-2.667007763628660988e-01	-5.334511723060513487e-03	-1.873019639164197336e-01	-1.600333645122610227e-01	-1.041391153627571065e-01	-1.477260231687922420e-01	-2.183591462696579111e-01	3.111594761220483063e-01	-3.470281454503360008e-01	-3.989029984628668368e-02	-2.847296361684501301e-02	-1.813206577957849897e-01	-1.614804589625302711e-01	1.528609477729807493e-02	1.215164254410662920e-01	-6.397752585262565794e-02	4.447658415265479809e-02	3.155186038180108482e-02	-1.321889898663076157e-01	-6.100115218572223219e-02	2.694690295472466912e-02	-2.691610900189379124e-02	-1.017514911861269467e-01	-1.193732014632900851e-01	8.747728504345150813e-02	-6.346292254962014601e-02	-1.470835582640998840e-02	-3.734796811576687192e-01	-2.451220853830311797e-02	-6.887409383176745781e-02	-2.812550768393803358e-01	-1.330025665326298456e-01	-9.879256450165962988e-02	-1.057519538334667497e-01	-1.175909177740884354e-01	-2.611490742001418980e-02	2.148075664656156347e-01	-1.370966331429263052e-01	-4.626348635704302659e-02	-5.351826801670411110e-02	-7.861650605673838055e-02	-4.292751662773793692e-02	1.811667705604619039e-01	1.419670080299991199e-01	5.500044869734063147e-01	1.720728959177547923e-01	-4.932308677203889324e-02	-1.013686299952059749e-01	-1.317343628948903222e-01	-2.835676194598387156e-01	-3.147156056574385574e-01	-1.790243024611664346e-01	-1.345491940742915282e-01	-6.659848094743948260e-03	-6.924614250961895479e-02	1.899055266702583122e-02	3.418921071018451302e-02	-4.536408838225013812e-02	6.810009056116202164e-02	-7.438094956175832217e-02	-1.030848742974189158e-01	5.999553387013823597e-02	1.635751184223747379e-01	1.236708307925872830e-01	-1.536783700188158394e-02	-2.285937034792196593e-02	-5.196302770967597962e-02	-3.343087728234839240e-02	1.265960897204063129e-01	1.205885677454433258e-01	1.757401362270844813e-01	-2.377503781877280883e-02	-7.125625096691642901e-02	1.257570842735595933e-02	4.352747474957759793e-02	7.802984363848923868e-03	3.014168809190560447e-02	5.109204128236741194e-02	-5.124913804476691204e-02	-4.695783880363709611e-02	-8.172703691554211378e-03	-1.370953263805277100e-01	-8.844020169532551545e-02	7.344384636289280621e-02	-1.482649429269354557e-01	1.635817660629591552e-01	3.009654692552857572e-03	-4.042476612179717044e-02	-1.120067171682422452e-01	-4.224707113087328714e-01	-4.715601167571409347e-02	-4.738765531355929039e-01	-8.167454836519713601e-02	-1.654616302279071083e-01	-4.358948229135343189e-01	-4.921336899902605672e-03	-2.244544867928394694e-01	8.047601774407547870e-02	-1.121182110954590527e-01	3.181246312203948878e-02	-8.560630803202538830e-03	4.117666936322873783e-02	-3.568050648447377432e-02	1.453541962331427184e-01	-3.594618092296368583e-02	4.049575383993687244e-02	-1.448929883051528755e-01	-5.247454332895729046e-02	-7.099952873408821308e-02	9.924107456911110403e-02	-1.357535807202760736e-01	1.785649258768873607e-02	2.849008140553334067e-01	-1.086067764516858714e-01	-1.573048997125423842e-01	1.181967640040377208e-02	2.438597430496005913e-01	1.163265357566299341e-01	-6.837801058928226483e-02	-9.907773802625058357e-03	2.383358869092944421e-01	-1.208388196993369634e-01	7.793131644828946158e-02	-1.691103688175323028e-01	-3.807463309449279909e-02	-4.258717000747617998e-02	1.382691614576239125e-01	-2.275805957815197622e-01	-1.273971550547099013e-02	1.630413862936325176e-02	6.038645373618792972e-02	-8.269698053799549864e-02	-3.736221432875772019e-02	-1.504469400414998603e-01	-4.414839949237314709e-02	7.628004092563737959e-02	-1.113655999256037837e-01	-4.505837280180614163e-02	-8.810060775051566095e-02	2.847024476649833227e-02	-1.221223997401123668e-01
7.412096930195487543e-01	-1.405559238562649194e-01	1.000000000000000000e+00	4.888996877745218628e-01	2.547382772315922583e-01	4.506605705764971104e-01	5.985145781050595915e-01	6.388220043479759802e-01	4.004879442043421944e-01	6.748688357577161678e-01	5.047515891476131999e-01	6.918273351984307595e-01	-1.126400804817839080e-01	-2.003068165604629247e-01	-2.268273005584583168e-01	-2.747833364681911417e-01	-5.804737389895977401e-02	3.061492853986271315e-02	-1.934053537435746761e-01	-1.366083063752021598e-01	5.920205267069511557e-02	-1.030004270119195681e-01	4.053556731072511816e-04	8.700450858095601717e-03	-8.344461932056269904e-02	-1.370906098002611651e-01	1.849652189598803564e-02	-1.768696373595415594e-01	1.271216279127733439e-01	5.801927574246570907e-02	-2.053708810405609209e-02	1.362092707611027853e-01	2.402344929245295579e-01	9.197875175045344687e-02	9.425143715872065162e-03	-9.007719972747908754e-02	1.013059785791320909e-02	-5.972725920879930206e-02	7.350964618236077719e-02	-2.748478083223967680e-02	-4.251261511312842689e-02	-1.207218629594672583e-02	-9.532636333457931987e-02	1.243912127062456047e-01	-1.891021643648454764e-01	-2.526699607480848986e-01	2.011612690241177392e-01	-2.223077805550554009e-01	-6.319740760255374012e-02	-1.025545281351036009e-01	-1.188683598511917072e-01	-2.317584437929330055e-01	-1.824705544817952288e-02	-5.733487538118892807e-02	6.390860133351411454e-02	-1.339495092479515287e-02	-3.145910466026577978e-01	8.561817633967949096e-04	9.288386976745613421e-02	8.966801331204408976e-02	6.708423588736014964e-02	-1.375378601008458157e-01	4.198880718899752201e-02	-2.251506849893461504e-02	-7.698293324950951366e-02	-2.355654326934222831e-02	-3.643642737954413402e-01	5.638078602035848097e-02	-1.133716643163371895e-01	-2.171426471473857367e-01	-1.616813677447007103e-01	2.778050135863935344e-01	2.022620478664383381e-01	-2.240476781223806058e-01	-1.324685541756531748e-01	-8.096081984517206065e-02	-6.363999962235551699e-02	-1.867792680148842588e-01	1.717638097679625303e-02	-1.516317783746956027e-01	-1.536213806674300575e-01	-1.123460085868642211e-01	-1.325916872568708715e-01	-1.835905124965922786e-01	-1.027946483350595380e-01	-3.208899886823756153e-01	9.912171634331365389e-02	-2.250893178690509255e-01	-2.871413483127337463e-01	-7.305302997056024872e-02	-3.473610131043826099e-01	-2.785295605912362915e-01	-1.096310465636127496e-01	-2.336156544722514661e-01	-2.002988065300576881e-01	7.174175557594920406e-03	3.138335801385724877e-01	3.450479236157779628e-01	-1.447970352590429721e-01	-9.223548637136529116e-02	7.142833986807292090e-01	-3.836267941776051044e-02	5.522726430701521139e-01	7.044734828581807051e-02	2.728920912659688058e-01	6.945886996613538367e-01	6.402744337600742019e-01	4.932804292799828350e-01	7.140089806025015085e-01	5.067988850644432608e-01	6.654343177282565636e-01	2.725053529305089817e-01	-2.071381297141450528e-01	1.077688393619213036e-01	-1.750189764740104070e-01	-1.967028942593326557e-01	-1.099570704239373892e-01	-1.727964863559931785e-01	9.458897426620137272e-02	2.453454148412997915e-03	9.390215252492316311e-02	-5.366794383587412259e-02	-2.253590716708970543e-01	-9.209883087455092432e-02	-1.543792346581548958e-01	-7.450798667667911379e-02	-1.215048407305023420e-01	-1.212723756424989030e-01	2.709229098489337670e-02	8.766924678094473525e-03	-1.294330685918808621e-01	4.970778469496080904e-02	2.558674873834870800e-01	1.648412135046072313e-01	-6.709974845781262187e-02	9.386462339947143629e-02	-7.166845146453798554e-02	-2.026245235234251929e-01	2.423495725221910535e-01	-1.886582666704535519e-02	4.083785733503558085e-02	-1.320329824934726448e-01	-1.396762133406162787e-01	2.978815505560931248e-02	-1.916856083016138523e-01	-1.358547827129706620e-01	-1.283970384608370541e-01	-1.547230041243972953e-01	1.215769396131644448e-01	-1.962280189923582552e-01	1.749527980997745424e-01	-9.315320041179502020e-02	-2.299097709654193133e-01	9.164466849061801354e-03	-5.083534267762419845e-02	-1.345350988353464505e-01	-1.795079891859520382e-01	-6.672296055623867794e-02	-3.290235707044873031e-02	-1.827646789491815804e-01	-4.150056180951663259e-02	-4.066585670058554119e-02	-2.770458406116412323e-02	2.548936393422173707e-01	-1.349257222644834053e-01	-7.497723521527469015e-02	8.916830100171545259e-02	-1.644616645819490519e-01	-1.173443477345318953e-01	-1.308933080891287459e-01	-8.787131790980408363e-02	-2.613563641943306148e-01	-7.138294848488922761e-02	3.531933466183709291e-02	-1.488915029669506673e-01	-2.142358109454608472e-01	-1.031889146392119122e-01	-1.072151306053936437e-01	-1.914945504298429524e-01	-1.188871111800664099e-01	3.549808661505136076e-01	9.899373535666557145e-02	-1.183970877544903710e-01	3.579561375251111982e-02	-1.351435898883383557e-01	-2.959523542035175439e-02	-8.160935540517476328e-02	-2.287231507162318378e-01	-2.634048515980428884e-01	-1.064247411509825214e-01	-2.063907400357718469e-01	-3.017527057571330329e-01	-6.117843323479094791e-02	8.366179115226760055e-02	4.203643664494442489e-01	4.469163277048301408e-01	-1.758946626657974521e-01	-2.095217881109981140e-01	-2.519390400154065124e-01	-6.020213536599556409e-02
5.589928206923963083e-01	2.237098017749759582e-01	4.888996877745218628e-01	1.000000000000000000e+00	6.436989876494415563e-01	7.339098800999254157e-01	4.344049953627092675e-01	2.451125744609176926e-01	9.886288522621640429e-02	3.304240816181328588e-01	2.039121362729330866e-01	5.710027253992692176e-01	-6.569546690537032829e-03	-1.689369193305431949e-01	-1.422146053575219504e-01	-2.662515588917767628e-01	-1.637456746378457284e-01	-1.754375194294727491e-01	-2.683771193912395381e-01	-1.094935653178425172e-01	-6.190566177472478504e-02	-1.590278473012765592e-01	-2.612282785594301493e-01	-7.922043774760022250e-02	-4.291764449434449236e-01	-3.035569346987203043e-01	-2.132163792193761398e-02	-4.853789766400982281e-02	2.894455172441335322e-01	1.819058373186760447e-01	-9.540901133233416209e-02	3.468119512962972162e-01	4.806789246349596478e-01	1.007389529273672452e-01	-1.556581795756434849e-01	-2.457978200336682073e-01	-1.686284889392414554e-01	-1.255608457409264356e-01	1.103108313215928234e-02	-2.518691741116408922e-01	-6.501905539613038465e-02	-2.442793558629421241e-02	-1.332941876731096598e-01	-3.900079014085270496e-02	-3.173519957744908582e-01	-2.298528962016689325e-01	-1.585716172282384540e-01	-3.744967456946842188e-01	-2.453299456466204731e-01	-4.046145799797432607e-01	-8.780075620952705606e-02	-3.713628019322655072e-01	-1.097462125528468752e-01	-2.920911153765955448e-01	-1.043599929175008240e-01	-1.161881640511547298e-01	-4.437084530631875134e-01	1.452345157899171124e-01	-3.143783090014043435e-02	2.122077899916967325e-01	1.641990754949242473e-02	-3.135039795159336173e-01	-1.700836218974491054e-01	1.556817677873958694e-01	-3.626885451625388446e-01	-1.433688570393134576e-01	-2.447401922867914192e-01	-2.911695293159892173e-01	-3.239410612490601915e-01	-2.513628037006461202e-01	-3.219872852698128507e-01	1.571064484482807555e-01	1.229763237359632333e-01	-2.426781493177421478e-01	-2.651948788128498657e-01	-2.488464622680158778e-01	-2.566008721071767473e-01	-3.917081170177797445e-01	-7.253533192854694223e-02	-1.216538172425043612e-01	-3.988669797640012060e-01	-2.971885456400639725e-01	-2.086056969238182235e-01	-2.412707132869288951e-01	-1.687019613133125540e-01	-4.754188645035616889e-01	-2.833963466650767371e-01	-3.465351691266578271e-01	-4.068412447082621619e-01	-3.920545473690627003e-01	-4.845887942742971854e-01	-4.502911184687227730e-01	-3.297818739521793940e-01	-4.197386378128308837e-01	-3.408810154417925009e-01	-1.578022071080759092e-01	1.581604963088143745e-01	2.675573662574287637e-01	-3.171723853630650236e-01	-3.280973098095246732e-01	6.624883005241699596e-01	3.977407571059271008e-01	4.973406411587512066e-01	4.676514243891336520e-01	7.713023328427707215e-01	7.238964534700257358e-01	2.846144626218895524e-01	1.964591358482451755e-01	4.260841682917346773e-01	2.024306761186588921e-01	4.666458656782780379e-01	3.152851279245214022e-01	-2.601588415313153546e-01	8.655358796176837455e-02	-2.039505833074569396e-01	-1.524360659084588177e-01	-1.692277081872194111e-01	-1.112790429284204324e-01	-3.869892391252373332e-02	-6.848963367144177139e-02	1.694458276486279086e-02	-4.383508094741005862e-02	-1.315258234903963763e-01	-2.001318356323409930e-01	-2.396360132084078831e-01	-1.382164445216505777e-01	-2.210121178043673862e-01	-2.078315081132611208e-01	-6.556817003202701499e-02	-6.398958067375627723e-02	1.797791789926299899e-01	2.147190780597555138e-01	5.889035024902347093e-01	3.405690005723838176e-01	2.711758870614039418e-01	3.263538211428001490e-01	-1.265130586192970419e-01	-1.623543636480349328e-01	1.549157704501357424e-01	-5.152560205744965288e-02	9.863259526845011282e-02	-2.733763550508993556e-01	2.090048720676883076e-01	-1.701757168123635700e-01	-1.672341605371283346e-01	-1.525815646998489317e-01	-1.862459886099426809e-01	-2.358586725181265609e-01	5.961948289585828481e-02	-9.469182497179366720e-03	-8.062309018388870430e-02	3.211619937192357332e-02	-1.767969307208382135e-01	-1.195368644446673234e-01	3.365485355351932606e-02	-1.925548235449177636e-01	-1.396348428693252319e-01	-2.086403548219880888e-01	-3.501680437487405401e-02	-1.965021006240759704e-01	-1.289957736027395330e-01	-2.212723795022878970e-01	-5.721703763068194948e-02	3.834717949577237661e-01	1.778256922637010684e-01	2.873329090565442806e-02	9.446855466947222391e-02	4.090482181790271177e-02	2.200089524928454943e-01	-1.032226958051211396e-01	-2.706541606120342336e-01	-8.486499274326889108e-03	-9.748117982509088564e-02	1.456950797803556984e-02	-2.791672079140494755e-01	-1.196472361730336470e-02	5.361928032182804171e-02	7.111268871782247536e-02	-3.025890922645669834e-01	6.793004807823803393e-02	3.069678184921151853e-01	1.536852591991329509e-01	-2.364448813167889241e-01	-3.681540494680307640e-02	-2.803053201948935702e-01	-6.769031763565104554e-02	-2.573732538998617647e-01	-3.035494935499855607e-01	-2.403662919910913576e-01	-2.412586559908509731e-01	-3.269051597559747835e-01	-1.773015068291466934e-01	-1.951885199883935940e-01	1.538821172348199540e-01	3.564091837173216648e-01	3.217631284580375617e-01	-2.805936688345800345e-01	-5.092134782893855682e-01	-2.550554172284278942e-01	-1.547777231819828792e-01
4.007346092541937965e-01	2.928985404227276712e-01	2.547382772315922583e-01	6.436989876494415563e-01	1.000000000000000000e+00	7.121455783641833515e-01	3.493823553027705087e-01	1.052706046234345161e-01	1.599222768759323288e-01	2.718104379411569460e-01	1.778896114565337860e-01	4.560113605933668879e-01	-1.262985626633269520e-01	-2.970782714665710089e-01	-2.538347021613162058e-01	-3.631064633915643269e-01	-1.379922697217093319e-01	-1.522773639850711347e-01	-2.556412671645024726e-01	-1.790760629031133422e-01	-2.000859789911727804e-01	-4.263780884155320833e-02	-4.725990369454857176e-01	-1.474836680899510311e-01	-4.505607950069924761e-01	-3.865630220430334441e-01	1.039883891305246333e-01	5.999181604809836199e-02	4.806848222970742657e-01	3.079586414747728096e-01	1.172551457659297136e-01	6.846599570239932930e-01	6.167015070977243107e-01	2.258205458943992883e-01	-1.644040177175341011e-01	-3.434361610916302765e-01	-1.123737779120720787e-01	3.389482320299568724e-02	2.193397720042293275e-01	-2.034020808750469922e-01	-1.370464166483708612e-01	-1.480088918247279561e-01	-1.517328307913342333e-01	-9.068549282691638902e-02	-3.667741547469446362e-01	-1.698159809936924947e-01	-1.695052542633377346e-01	-4.174673039076114422e-01	-3.035052945742431896e-01	-4.518368334449560098e-01	-1.197560256180410093e-01	-3.778790000819768347e-01	1.578641662009912586e-02	-1.116613187190712009e-01	-1.152225038020164433e-01	-1.617945896108944626e-01	-2.588733423436561654e-01	3.899734746560086784e-01	1.528911774452338668e-01	4.428627042764716748e-01	1.957493154544980019e-01	-3.300392804349194797e-01	7.121759347898402870e-02	2.105887911912681099e-01	-4.276669067374800348e-01	-1.106478866775015696e-01	-1.840664138992590682e-01	-1.287093005283691527e-01	-4.402751455461902941e-01	-2.435832575338325590e-01	-4.308014200526580906e-01	3.072714549944772777e-01	3.268106916425813080e-01	-1.248697417525875125e-01	-2.326195738424046144e-01	-2.525648434666248332e-01	-3.629526187591208264e-01	-4.219017996940928050e-01	5.831001517516223864e-02	-1.695528500052612686e-01	-4.916664577614340281e-01	-3.816399951999304152e-01	-2.929783294799657711e-01	-2.845419779940422389e-01	-3.017287352980417836e-01	-5.608949504340462466e-01	-3.371643984460671040e-01	-4.560742169383528721e-01	-6.016092441139858638e-01	-4.320347938926365483e-01	-5.632676485613278272e-01	-5.374303485050700990e-01	-4.305742404919178368e-01	-5.397685618472096714e-01	-3.833403184486853243e-01	5.109478734611737349e-02	2.122272187980294711e-01	2.798746485178310039e-01	-4.664840943613262070e-01	-3.841868404451372343e-01	3.754639957246136972e-01	3.963979522861199589e-01	1.566586726660052775e-01	2.618112428328114860e-01	6.620891375131021661e-01	5.385260263910232048e-01	1.247561664976979401e-01	7.860098585251416858e-02	2.181831206372501775e-01	-3.490238658379017644e-02	3.550799154550973724e-01	3.883731468307556334e-01	-3.736897704250906616e-01	1.732881519491309974e-01	-2.139074820088659457e-01	-2.291621548650149831e-01	-1.707656385791257725e-01	-1.847845080134353779e-01	1.044417234322142334e-02	5.428270952899780233e-02	5.180913992254654321e-02	-1.778677849756059304e-01	-2.284498087879896222e-01	-2.231631324902639824e-01	-1.463433070608299025e-01	-1.243682707602794812e-01	-2.849569967694507988e-01	-3.122915357624381216e-01	-1.688331702669800330e-02	-1.581005966335778667e-02	4.329327159708435402e-01	3.746356010483309351e-01	7.635502850330835312e-01	5.279361448791456413e-01	5.293832059443569493e-01	5.794768040462768832e-01	-1.820722325295355201e-02	-2.137602087229573816e-02	3.481582314340430639e-01	9.664921006345771060e-02	2.768515188189528131e-01	-2.370478760139395624e-01	3.146411568449706264e-01	-2.264068539157853277e-01	-1.797046426399537267e-01	-2.607750485031387622e-01	-1.784949897067044378e-01	-1.559854591332497098e-01	-4.011391360741144163e-02	-7.167653966250113473e-02	1.714794781076024385e-02	7.330834785977843882e-02	-2.626841148788471303e-01	-1.841529498630697093e-01	9.080197774804479871e-02	-2.075307256955375712e-01	-1.781681764451899519e-01	-3.237811966384729345e-01	-7.911494460851445365e-02	-3.823955115441161068e-01	-2.556115905960389956e-01	-1.764772414813027546e-01	-6.492201995964758977e-03	5.115479731733902913e-01	3.432670842314426984e-01	2.576061976016093547e-01	3.249556434433065188e-01	2.375175401871266190e-01	4.797290261340459994e-01	-3.718907985481807038e-02	-2.513502746190886539e-01	1.027502886801294063e-01	-1.191207856126292319e-01	9.686159754843134961e-02	-1.556737454799049236e-01	-4.840131280316036996e-03	2.486397247533695190e-02	-9.957852665231822775e-02	-3.727324657729144120e-01	6.374788940140238558e-02	3.748512988642250243e-01	2.550147160765695031e-01	-4.184541430754619706e-01	2.957818145278379249e-03	-3.661902787979212648e-01	-5.203631746663343188e-02	-3.224872861986382566e-01	-1.766076930897371444e-01	-3.422878968291070412e-01	-3.087653215590711042e-01	-3.973562624874146798e-01	-2.887505138272796756e-01	-1.899997737176961077e-01	2.087204885949484334e-01	4.419102699581000104e-01	2.823545870212657016e-01	-3.300093230572426206e-01	-5.761372300844844752e-01	-2.488310020216986107e-01	-2.350264975181076965e-01
5.608774718163552775e-01	-8.022041681677617719e-02	4.506605705764970549e-01	7.339098800999255268e-01	7.121455783641832404e-01	1.000000000000000000e+00	5.033958501462818536e-01	3.560258549162033659e-01	1.310925896801229951e-01	5.019138788326246159e-01	4.495810771288841767e-01	6.647521435154017944e-01	-1.691547579294177817e-01	-3.244089600174091537e-01	-2.381548411866289960e-01	-4.066914593118016175e-01	-2.292155377230075119e-01	-2.220385324436559005e-01	-4.133628895127111624e-01	-2.218625038670625771e-01	-1.400887562057017977e-01	-2.101130207674770933e-01	-4.299332597937536304e-01	-2.017905314771494818e-01	-4.230851517919274607e-01	-5.047191654673678363e-01	-8.675968290572805275e-02	-2.873700745604585230e-02	4.194342335835721247e-01	1.930709152724534305e-01	-1.198379631058301420e-01	6.268248103344233879e-01	6.427336776433768550e-01	2.229622820893016055e-01	-2.784566413217606229e-01	-3.209190753974223154e-01	-8.410709882657591008e-02	-1.643949035618309518e-01	2.830699323303223491e-01	-3.347720817458254561e-01	-1.322673954594512924e-01	-1.000861075106915382e-01	-1.703263611549664935e-01	3.315895446223845328e-02	-3.469181318592772789e-01	-1.361003809114771923e-01	-2.210126283627365101e-02	-3.839518445365013299e-01	-5.312993668142012432e-02	-3.787932260769608650e-01	-9.895537256260533709e-02	-3.162020357460112452e-01	-5.973452528971274350e-02	-3.114031605811829473e-01	-2.302824272863278066e-01	-4.905060331815691566e-02	-4.306901049916841417e-01	3.776326170621594480e-01	1.982026659872300201e-01	5.503552464452086124e-01	1.859717533275040691e-01	-1.958274104811669747e-01	8.951419898464640923e-02	2.885313634329481625e-01	-2.726233915397215379e-01	-1.238510206218337156e-01	-2.924790081886078363e-01	-3.023798938326053079e-02	-3.347468069716434402e-01	-1.526458021187531988e-01	-2.251285697683213516e-01	3.572624181795910903e-01	2.397500968750922723e-01	-2.421475446987086944e-01	-2.036963714528480796e-01	-3.041893168997993890e-01	-3.901200296520502819e-01	-4.548281214464813260e-01	-1.158151804150484368e-02	-2.027255806417359585e-01	-5.008737914775674982e-01	-3.577474783271522574e-01	-1.879235459233231376e-01	-2.819164424340137032e-01	-1.881434295880728413e-01	-5.877958327330182753e-01	-2.003894546743213712e-01	-4.464899397255041036e-01	-5.091570303185786184e-01	-2.764473917663402003e-01	-4.584360929871190149e-01	-4.814432586492237709e-01	-3.178268875089731993e-01	-4.833213501381640742e-01	-3.521049465477800733e-01	-1.725750936568256622e-01	2.695645612045550754e-01	3.133819863195840272e-01	-3.922393391640209837e-01	-3.924513201641978144e-01	5.601571497090240825e-01	2.838053567008186340e-01	2.709275712538327108e-01	2.308953830601812862e-01	7.025807082012973659e-01	7.250527541451549096e-01	2.643720265635111644e-01	1.877062052001543524e-01	4.999743122979415921e-01	2.192203980865700119e-01	5.700027811150586432e-01	5.008248261309277138e-01	-4.431905139553141693e-01	2.646727080365222085e-01	-3.040513877964674538e-01	-2.898293238071297240e-01	-1.679556375819103720e-01	-1.886780488964798219e-01	-1.817619977227655703e-03	1.105674131255726623e-03	3.399262592470912725e-02	-2.319951356042341817e-01	-2.395563343732513006e-01	-1.971039632596165714e-01	-2.684239123297321727e-01	-2.228809713883748989e-01	-3.774873201527074729e-01	-3.509770058740824261e-01	-1.012136315790115038e-01	-1.577904530916172388e-01	3.619273365585226609e-01	3.227149131278191363e-01	7.867102106973389297e-01	5.476181201442046342e-01	4.940245093534130216e-01	5.555153644030936810e-01	-2.065112652894894596e-01	-1.245220852528311772e-01	2.861651010815197127e-01	5.276571862964339610e-02	3.711322051251775833e-01	-3.555108751652645838e-01	3.534104074638397819e-01	-8.054136492559645089e-02	-1.915759153576732654e-01	-2.055605556837406811e-01	-2.135575567192217472e-01	-2.572428216902391540e-01	1.140453820723025674e-01	8.038218302701088946e-02	1.807682312973035998e-01	1.254724909432086977e-01	-9.850197005481838020e-02	1.189351772596669923e-02	1.516488396282144602e-01	-3.783768717078690030e-02	-1.761908926640954332e-01	-3.162898193801364499e-01	-1.008586840577325450e-01	-3.299083709197576653e-01	-2.712390186968774985e-01	-2.516323528778397489e-01	-1.143200216562789417e-01	4.215923819923129146e-01	3.757020056034842126e-01	2.530200157357549995e-01	3.441336490249187752e-01	1.938007548564471272e-01	4.287419346271534315e-01	-1.010367053287411637e-01	-4.095323028198709636e-01	2.175194706342687551e-03	-3.577976223863044147e-02	2.018780704535459436e-01	-2.216980356830101362e-01	-5.408323478730765743e-02	3.151381556845704590e-02	8.166966170756964627e-02	-3.084530056160244005e-01	-3.166013133348031389e-02	4.427644102660952541e-01	1.985983661873280959e-01	-2.912595936603669666e-01	-5.663441411593491542e-02	-3.768566592651177438e-01	-1.306883661912952022e-01	-2.406833415303821777e-01	-2.919371018917432115e-01	-2.915576044715406656e-01	-3.771686182841447188e-01	-3.929033521346158575e-01	-2.270637776891094861e-01	-1.537799151776103324e-01	2.128197567244649868e-01	4.294073933963942213e-01	3.934880063700207375e-01	-4.066755542483138641e-01	-5.709736621889484054e-01	-3.236159456119764855e-01	-2.032525024509000688e-01
6.941651015530975188e-01	-2.939456907597153279e-01	5.985145781050597025e-01	4.344049953627092675e-01	3.493823553027705087e-01	5.033958501462817425e-01	1.000000000000000000e+00	7.218166683257929428e-01	4.739055848188604148e-01	7.414210014880676658e-01	6.701952626900992138e-01	7.321913386020036940e-01	-3.667479730098641144e-02	-2.417803027670893667e-01	-3.360044986817917745e-01	-2.562278705480537377e-01	-5.906485670117686548e-02	5.057387507708252170e-03	-3.013812044241497845e-01	-2.030055224600328945e-01	1.456885385042073489e-01	-4.466353094117853084e-02	-4.849849420603435934e-02	4.369898422640945289e-05	-8.661330603965251840e-02	-1.005798435154605375e-01	-3.486164970929025997e-02	-2.472793402276962302e-02	1.769726023321104291e-01	1.567235034598146726e-01	-1.168902167129169806e-01	1.894019363671787526e-01	2.862631884879427990e-01	1.624979032220822128e-01	2.896077055977178821e-02	-1.223313908070553608e-03	1.170650431224424248e-01	-4.602132318510588661e-03	7.081970599782844156e-02	7.333626924403328917e-02	1.059317982733239821e-01	1.414039202571548137e-01	-2.044934163652703529e-02	1.582572467049319087e-01	-2.395425118186564062e-01	-1.539419315258851173e-01	2.676222169824729602e-01	-3.277587856704736180e-01	9.893493979102160191e-03	-2.323063241923103289e-02	-1.761232722326448175e-01	-2.114956445924802420e-01	4.942341277562245505e-02	-1.638405342682435484e-01	-6.909557806217592191e-02	1.991160972175131660e-01	-3.118942231323306724e-01	7.046127996151416162e-02	2.118161397701308624e-01	2.619061834089460583e-01	-1.435825785557946419e-02	-1.867481825474097690e-01	1.821534055135187388e-02	1.221835511299805971e-01	-2.211771096887133192e-01	-4.808338511924124120e-02	-3.930902245676667350e-01	9.863849246548332672e-02	-2.967677057253381712e-01	-2.308167957821877225e-01	-1.859705001639134492e-01	4.246675825865063314e-01	1.864885125023209578e-01	-1.628761412978482481e-01	-1.644147128602791164e-01	-2.694521612873603256e-01	-1.232155092660936757e-01	-2.510893315481093069e-01	2.802602181905866977e-02	-1.139091516220598344e-01	-2.852742622670043082e-01	-1.260909580507453276e-01	-1.188767686688049219e-01	-2.839958268275333819e-01	-1.716755287844323741e-01	-4.017689714928339706e-01	-2.212702554526411666e-02	-3.015770341973720847e-01	-3.766338104949012999e-01	-1.442628639739967911e-01	-3.975299749161926299e-01	-2.549545603199585009e-01	-2.612157785585583758e-01	-2.775922961114120624e-01	-1.843752536504580930e-01	-5.667250106943842736e-02	2.832693346455772421e-01	3.719846080322305459e-01	-2.671069443682175248e-01	-2.158389637946382944e-01	5.602268172242371724e-01	-3.074244593730824770e-03	2.464747075129222753e-01	-1.055766592300485807e-01	3.839479140335241847e-01	5.971165183020613609e-01	4.559312081762698643e-01	4.130107825331987836e-01	6.071681888559875562e-01	4.754509307109955896e-01	6.491111245975369481e-01	4.125983909555483442e-01	-1.645657217511127812e-01	1.982434725021859911e-01	-6.604216703661136556e-02	-2.047025702177831807e-01	-6.103092956121998480e-02	-1.065206532198786221e-01	2.807564718175789564e-01	1.256301205364074303e-01	-7.468609920551920467e-02	-2.038516778739535018e-01	-1.797310527844240835e-01	-6.199913766324968711e-02	-5.165478306638149331e-02	7.966019620054799744e-02	-2.125745905431907293e-02	-1.317357359633216374e-01	9.298285754250534829e-02	-3.177666872903123912e-02	-5.590621361229117237e-02	1.200814456220771764e-01	3.657222691479503074e-01	1.733171636232503643e-01	1.685391590338785051e-01	2.048663192913513786e-01	-5.173557177310164623e-02	-3.891376387055579117e-02	1.545819475731687598e-01	4.448986158438855004e-02	1.824316542546247921e-01	6.346936563455382596e-02	2.390908564114148718e-02	3.730993965542026003e-02	-2.387255953414042509e-01	-2.315308702555396447e-02	-6.921565520045351583e-02	3.096033851132004057e-03	3.244514682897520763e-01	2.683684196359444052e-02	3.172544204047814120e-01	6.505467541212385518e-02	-1.681632138916552277e-01	7.547056015662349793e-02	5.262838829169581151e-02	-7.140170941048479269e-02	-2.084624058605044072e-01	-1.299796074055521444e-01	-9.959749061701597683e-02	-2.364866096787408556e-01	-1.728338733197395949e-01	-1.096822392106644309e-04	-1.167728389330837807e-01	2.465357333649118854e-01	-4.104606793032090917e-02	6.535259681262506337e-02	7.238614058770483084e-02	9.620456977474545202e-02	5.604343179486192747e-03	-1.055693264620414795e-01	-1.014290144747292399e-01	-2.825125739435440098e-01	-8.851795557290083327e-02	1.761671475137415593e-02	-1.338532217005907465e-01	-3.000238679476874282e-01	-3.119368831654930133e-02	-8.123988409411098122e-02	-2.738388297971147134e-01	-2.175488177738118811e-01	3.487582345987149113e-01	1.267716994739646053e-01	-1.186437764119936539e-01	4.024777466560288015e-03	-2.552063961889554644e-01	-1.772727566752922979e-01	-2.598770631757262028e-02	-6.487771147399533367e-02	-3.217400571926482544e-01	-1.656349293581778626e-01	-2.347881739753025776e-01	-2.458548273611740054e-01	-5.840090298232353781e-03	9.862629629139872678e-02	3.087162625550249895e-01	4.523155992625673694e-01	-2.259782642682643949e-01	-2.831881719940421704e-01	-2.356049952733786090e-01	-1.012193647660694223e-01
5.612425997276065948e-01	-3.735216174739124373e-01	6.388220043479759802e-01	2.451125744609176926e-01	1.052706046234345161e-01	3.560258549162034214e-01	7.218166683257929428e-01	1.000000000000000000e+00	4.738904271837957594e-01	7.686864041356699095e-01	6.272341739441855690e-01	6.457359980374444142e-01	-6.556447781007671005e-02	-1.962188036343486819e-01	-2.114862612806823750e-01	-2.252954923352123717e-01	2.230998952117505332e-02	5.624018775906283046e-02	-2.250239698388408760e-01	-1.434857801154370005e-01	2.154737237709195563e-01	-1.964420288484745869e-02	8.312997760146381698e-02	7.100688988019521197e-02	5.590837628437102247e-02	-6.275732999881097895e-02	4.195737924640284555e-02	3.860588873120582298e-02	1.098203886220315562e-01	1.356209099162256349e-01	-1.783241418707396109e-01	1.145300731398888328e-01	2.044227526760353242e-01	2.281844035203199894e-01	6.228971591503210115e-02	5.174224472362456972e-02	1.882653125276640971e-01	5.233552650887556001e-02	2.097962110221022747e-01	1.508952504398552719e-01	1.484959927338137531e-01	1.252479928818634736e-01	7.705856810776755272e-02	9.825524097586596506e-02	-2.771369498622538313e-02	-2.923057356143196964e-02	3.250882920929629716e-01	-3.094936332037379403e-02	1.017082788715556879e-01	1.456285389071128589e-01	-1.361664660342756794e-01	-1.420108837981639005e-01	1.066429164651632178e-01	-6.423891306174733806e-02	1.971036658638658512e-02	3.937518758057595436e-02	-2.332148774870111685e-01	3.986848325606062032e-02	2.943446481571642681e-01	2.546090986017215396e-01	7.025421097234711698e-02	2.626051653158466628e-02	1.573782010286892130e-01	1.667310618037836645e-01	-4.100625371677065097e-03	4.007545829122851483e-02	-3.502038658238704194e-01	1.649199134283608759e-01	-1.952367336737553805e-01	-1.665564273586982724e-01	2.870574010223624767e-02	2.588108555424056267e-01	9.537028184232418382e-02	-1.292872388233260450e-01	-2.310192973769097657e-01	-1.552371096218466695e-01	-2.207419096718853668e-01	-1.048065943501143571e-01	-1.366347741379592140e-01	-8.274869057437146680e-02	-1.720105007194651370e-01	2.283436476749748506e-02	-5.976207426738522344e-02	-2.150828817777239443e-01	-1.634751340574579770e-01	-2.642198117621933906e-01	-4.090304138644392309e-03	-1.561282789549565675e-01	-1.725442383592036555e-01	2.945230295378363158e-02	-8.891534579516721659e-02	-3.991073831207068295e-02	2.277725787124032595e-03	-7.056369644060965507e-02	-3.995145162413725123e-03	-1.256939591608061679e-01	9.484839971778044609e-02	2.387916049565899090e-01	-1.082290318995405703e-01	-2.192116099781964422e-01	4.714506945842968921e-01	-5.348604784326639605e-02	2.467700017600369111e-01	-1.724327492143125640e-01	2.003212406142599322e-01	4.776850107254301814e-01	6.248683756560758917e-01	5.378624525682323965e-01	6.588624325302158136e-01	6.182985015725587230e-01	5.616475088517619563e-01	3.407282970452996662e-01	-5.247132729228801140e-02	2.404416118549163595e-01	-9.299557536620663145e-02	-1.039933784494976865e-01	5.916356810623110696e-02	4.159068261581504861e-02	2.832855656692296886e-01	1.712957265582333855e-01	9.978939141500284271e-02	-1.244598732797564389e-01	-7.823072256762531040e-02	-3.915912593323000318e-02	-8.811430964388249076e-02	6.254203182619422208e-02	-6.174663698956803920e-02	-4.067578524641109194e-02	8.453037088992916559e-02	5.005404500242335158e-02	-1.218352307685661162e-01	-6.682702873126945831e-02	1.988765124476555013e-01	6.754145347696760560e-02	6.602079735572793928e-02	1.538199129333722992e-01	8.890969047435505479e-02	-2.606219646118582145e-03	2.962394854873008285e-02	9.271211213272594065e-02	1.658522776678776345e-01	1.296562173925170369e-01	-4.542688238092051911e-02	1.433869727721800436e-01	-1.228494169449480117e-01	6.663899026416807148e-02	2.919315999214716628e-02	-7.137627516678086981e-02	1.913853949361227214e-01	2.983733461700636275e-02	3.080605839594554585e-01	5.622509610732034924e-02	-1.602371946045717532e-01	9.885038887257491247e-02	-3.583420191876805772e-02	4.488211867900063906e-02	-1.914417143720132108e-01	-4.174689878296561352e-02	-1.449530499085758817e-01	-1.994523386043804969e-01	9.460200812092407416e-03	1.888855976403883488e-02	-1.168986717678366649e-01	4.100519786237050851e-02	-1.746423413672237301e-01	1.437437234421146404e-01	4.940042137121136885e-03	2.932275049960405069e-02	-1.942349787846375242e-01	-8.279397624371813424e-02	-1.570255828091879080e-01	-3.408493732893557171e-01	-1.802094855500040449e-01	9.613608036750063979e-03	-2.043317953133870490e-02	-3.372034530293242516e-01	-1.225404907188835518e-01	-1.410418228628027015e-01	-1.230802412066106938e-01	-3.353358014665164255e-01	1.453481196008386545e-01	-1.259623168099570922e-01	-1.173971374531468242e-01	-1.573071387383609687e-01	-1.305753438259260324e-01	-2.309596201156475515e-01	1.810838701226542488e-03	-3.485223983856963054e-02	-2.529529192399603832e-01	-1.954941151452452563e-01	-1.572774276404910743e-01	-2.135598552243993531e-01	-4.194520390944696947e-02	-1.359124052567284857e-01	1.994518555816846284e-01	3.020345567814687326e-01	-2.711069144160048738e-01	-8.661909868016899605e-02	-3.865272054709361083e-01	-1.631806246708165931e-01
3.337608650504929053e-01	-2.426329086186990724e-01	4.004879442043421944e-01	9.886288522621640429e-02	1.599222768759323288e-01	1.310925896801229951e-01	4.739055848188603592e-01	4.738904271837957594e-01	1.000000000000000000e+00	5.044097789509699448e-01	4.412958780250240687e-01	3.753575140545608035e-01	-3.400892350019148191e-02	-1.942712609674147606e-01	-1.424415979004240995e-01	-1.509292404862269399e-01	-2.067284450870603488e-02	5.689745432908378808e-02	-1.268047487789225325e-01	-1.975455363326684421e-01	6.098610098342471808e-02	-1.121316439066583071e-02	1.652586799405172668e-01	6.809003964391764641e-02	4.482483088270212968e-02	-4.919860889630225248e-02	2.383923051573298424e-01	-2.329299960664367800e-02	2.350599418004403751e-02	1.054889251884470053e-01	-4.501820701289902687e-04	6.911869155063948833e-02	7.553645293260149995e-02	1.044247508975668093e-01	3.918565752364102511e-02	-5.819186269671411393e-02	8.829276388835259615e-02	3.030415240772675600e-02	-2.016127303738132065e-02	9.059468776531155731e-02	1.925962319367660602e-01	1.184513652243043419e-01	2.897879582543960719e-02	9.976442997359284692e-02	-1.738291828947065992e-02	-1.795469805523812190e-01	2.104864901456597603e-01	-1.675373867671852146e-01	6.906873527932420875e-02	2.307057367509793844e-01	-1.309408873923287586e-01	-2.141295221997098208e-01	1.344320039404326150e-01	3.179809689964120667e-02	1.240609940017029511e-01	1.612427841619643309e-01	-2.024475991395345009e-01	-1.049618523802163667e-01	7.857230096348308268e-02	-1.473939172847458720e-02	5.619163847816079776e-02	-1.980719276036660148e-01	8.450063174567994106e-02	-4.049114631059404223e-02	-1.994605951566731927e-01	1.307936560702748496e-01	-4.038320732263411816e-01	7.720548734036666860e-02	-1.944552484982884355e-01	-3.491147459085788274e-01	-2.797638870751876228e-01	3.084642201153318664e-01	1.813043101397275869e-01	-2.106717021891985897e-01	-1.816502616302834161e-01	-9.388202653028801525e-02	-3.059240709045929485e-02	9.015739845634203331e-03	9.628433505953290505e-02	-1.737218996148595096e-01	-2.140631526066519297e-01	-2.954535081468220165e-02	-1.494220602462038305e-01	-3.682631138085569744e-01	-2.382603001244538721e-01	-2.527081041168698361e-01	1.698788542444799043e-01	-2.727786497316122549e-01	-2.525971021368319525e-01	-8.422473387270872081e-02	-2.436864524865099690e-01	-1.218914310149106645e-01	-1.925391420788114816e-01	-2.984005721425483926e-01	-2.343338704380182602e-01	1.540210153533045911e-01	2.920961607569594332e-01	4.242259390777441408e-01	-1.863484761686758917e-01	-3.497364311311330909e-02	2.495890204388644951e-01	-1.339050638481093514e-01	1.803092881018190097e-01	-1.785009931019923002e-01	9.992744954639446939e-04	2.623701714745170221e-01	4.387647326277599458e-01	6.266785239077399261e-01	4.183151316069431691e-01	4.188015744245487393e-01	4.051492632898427426e-01	1.991734621645318559e-01	-1.537811864084381863e-01	-3.600443773029883207e-03	4.191555911496822051e-03	-1.933302991210267552e-01	-1.681021383433506933e-01	-1.916575294812250807e-01	9.576728352912794451e-02	1.081319670493269963e-01	-7.515440621057139711e-03	-1.490019162844490597e-01	-1.868340533480881693e-01	-2.016925308364739544e-01	-1.910858052137577937e-02	9.234185616287023113e-02	-2.669637203441352358e-02	-1.533965961577140324e-01	6.214282383463463899e-03	1.873368693362947590e-01	-1.094058114151656297e-01	1.372529326054785503e-01	1.440684746309286446e-01	6.113500172289799972e-02	-7.069302845716869677e-02	3.870497302317576355e-02	8.754090744809395197e-02	-1.743237515879016153e-01	2.627519423481126104e-01	-6.130890564929823011e-02	-1.999704982053084751e-02	3.701413667651117650e-02	-1.509289528136249503e-01	3.482093294642497894e-02	-1.758067767835379269e-01	-1.298590802616857720e-01	-4.068914634121981178e-02	5.915861430645848185e-02	2.133405958437632755e-01	-1.642505921952324144e-01	2.345319466938424191e-01	-1.838668886871584751e-02	-2.054118738782504117e-01	6.454607565638534328e-02	-3.950949003303959144e-03	-4.576983448769188917e-02	-1.602356269143579148e-01	2.785672505208090788e-02	-3.738552884506479018e-02	-1.535824384826383338e-01	9.302552796247126610e-02	1.257687140271974147e-01	4.400944857668438737e-02	1.429637622253532581e-01	-1.251006982120167199e-01	-5.205999670843505095e-02	7.453099376898154882e-02	-1.042778093463456596e-01	-5.232179609867110281e-02	6.551660614084642287e-02	1.040029641117632964e-01	-2.191344481243956144e-01	-1.786785033281512519e-04	8.933823772238939920e-02	7.523505775240731108e-02	-6.491789231894655454e-02	-1.063183663272423835e-01	-2.372474241084739643e-01	-4.483863509612101561e-02	-5.807651052736536451e-02	2.826746303104326619e-01	1.319647715488188877e-01	-9.935301676430455253e-02	1.867962897808412570e-01	-6.680466709560332894e-02	3.000651363289461374e-02	8.155651187953683046e-02	1.301054543222543158e-01	-2.012852424461012424e-01	2.321276891232508868e-02	-1.646741513821980973e-01	-1.432521421247496263e-01	1.504506231383155243e-02	1.804734415393325631e-01	3.611230690515905839e-01	4.073012232381245101e-01	-3.078596552516791457e-02	-1.164715039212586845e-01	-1.409058523655995487e-01	-3.498811407224324682e-03
6.506135404686637091e-01	-3.199140543218439992e-01	6.748688357577162789e-01	3.304240816181328033e-01	2.718104379411569460e-01	5.019138788326246159e-01	7.414210014880677768e-01	7.686864041356699095e-01	5.044097789509699448e-01	1.000000000000000000e+00	7.669663624848306327e-01	8.072226016554561179e-01	-1.185130458114637686e-01	-2.738102023077449987e-01	-2.373015232013501730e-01	-2.311666491201103957e-01	-2.285651226511751372e-02	9.892048513915868702e-02	-2.122439044097049476e-01	-1.918298369922193936e-01	1.774370369925967750e-01	-4.713102809577017493e-02	5.098282281645708652e-02	9.322897882866199026e-02	-9.570048129334854381e-02	-1.306931319513364442e-01	1.035039146641886232e-01	-5.028658552200519771e-02	1.479746217741224334e-01	1.680600877743990695e-01	-1.514268751506909483e-01	2.428983609454836989e-01	3.061074736825854514e-01	2.560013591072134442e-01	3.216044497199098406e-02	-4.318816356846703897e-02	1.828730535412047276e-01	8.233734500190982575e-02	1.142538304583494702e-01	9.666043088185012622e-02	1.079150048791521349e-01	8.766528091502054365e-02	1.081122805102892187e-01	1.229313608393890755e-01	-1.630932695227939599e-01	-1.152598777254740109e-01	2.869941833627525085e-01	-2.388566068569438205e-01	1.233240481565197055e-01	4.601599882172092981e-02	-1.474784672558902276e-01	-2.826374989999244636e-01	-7.192198640729209613e-02	-1.622879783506275819e-01	-8.274968563686423140e-02	4.682043884109298587e-02	-3.103851138768428664e-01	1.424175780738033970e-01	3.099024987189556990e-01	3.083351411755406168e-01	1.134367740708564637e-01	6.736861875444071640e-03	1.719519444117360019e-01	1.569763159629048999e-01	-1.017444033830555011e-01	-3.562291506519026096e-02	-3.561379479792468050e-01	1.397988566247797826e-01	-2.449856090468473246e-01	-1.810157720231755363e-01	-8.345049197732512525e-02	4.188091346663904146e-01	2.419914709688447130e-01	-1.518359257820417751e-01	-2.158787170861505011e-01	-2.238962184289640944e-01	-1.889386931342753873e-01	-1.917121244125363777e-01	-5.149513112891364319e-02	-1.873182710271872886e-01	-2.826330262921566416e-01	-9.202492858929900432e-02	-2.138248020601503929e-01	-2.992815510982078653e-01	-2.506706385583554186e-01	-3.998410689252843708e-01	-5.510261026305519200e-02	-2.755060032274842530e-01	-3.568919134276566374e-01	-8.136596647463449627e-02	-2.540506234325959900e-01	-2.226956149217507452e-01	-1.730420389684075022e-01	-2.791097457934063608e-01	-1.068489339228649720e-01	-1.067361458084974402e-01	2.118708446835039505e-01	3.094260291376770833e-01	-3.080901667626512186e-01	-3.125791273942880588e-01	5.645387413522511277e-01	-5.450619070307941710e-02	3.704561466312195073e-01	-8.236527308187886753e-02	2.653672175370411224e-01	6.480079577318735851e-01	6.414636442404366701e-01	4.897265946175691220e-01	8.140423434476434794e-01	5.666620636923170862e-01	7.052144543608823701e-01	3.819659295457771830e-01	-1.390321628754773164e-01	3.287919267950484836e-01	-6.838299511962417365e-02	-1.022238181970134968e-01	8.953137294675665714e-02	2.910629823559092097e-02	2.473342481723380115e-01	1.335370640612559279e-01	4.740950582062530144e-02	-1.234028267693231540e-01	-1.059404625173149539e-01	-4.497397773205241006e-02	-4.393755572182114072e-02	8.018692248565720271e-02	-5.796063084056196635e-02	-1.654508649420143723e-02	8.458078654625145187e-02	8.314477387953442267e-02	-1.443769778180629959e-01	8.890514684794367448e-03	3.124915001680773075e-01	2.429631271741500842e-01	1.848540983275360483e-01	2.533093892218082899e-01	5.674414952301840009e-02	-1.360396994205334206e-02	1.829688455092476351e-01	1.892242794744266876e-01	2.003442942624545087e-01	7.231449203864963315e-02	-7.277289021083524490e-02	2.481749857919602134e-02	-1.171044067426511293e-01	-2.996733837284947313e-02	-1.173533402973515050e-01	-8.269905035064309407e-02	2.066011205463286482e-01	-2.479019025994026737e-02	2.986395975564243299e-01	3.073340854268458502e-02	-3.046511546163508388e-01	5.097766970856193458e-02	2.313220541851352795e-03	-1.176384472699437689e-01	-3.290514687649190306e-01	-2.582939636187432941e-01	-2.118809746965418794e-01	-2.900096578726812924e-01	-1.485855392561524491e-01	-9.370772619881480303e-02	-2.673271011031728706e-01	9.118457300360131856e-02	-1.069500728666407385e-01	1.722587272201348829e-01	8.681014968370626139e-02	9.633837844959143581e-04	-9.325937678160364785e-02	-8.415925379066835355e-02	-2.597426777787359975e-01	-4.070584858928872896e-01	-1.814643931969436019e-01	-1.484941138329753940e-03	-6.196304381657031374e-02	-3.035091234396837812e-01	-2.646522430696126027e-01	-1.878450250936375410e-01	-2.416597752149624023e-01	-3.062254619833322256e-01	3.141066165727596227e-01	1.106152438501184672e-02	-1.476858597278992435e-01	-1.126996793648600281e-01	-2.143322955449703804e-01	-1.780939633250074594e-01	-2.871274585076862701e-02	-5.325754200319119530e-02	-3.643714883667619753e-01	-2.545191239024459651e-01	-2.464638972266228745e-01	-3.607803388244332776e-01	-1.945170291660242301e-01	-6.844448696176973213e-02	2.913749732476876297e-01	3.683214511905473776e-01	-3.452116598452535379e-01	-3.193074675417857389e-01	-4.234788295501731303e-01	-1.697213970788702675e-01
5.425043286973695311e-01	-3.747125583720394282e-01	5.047515891476130889e-01	2.039121362729330866e-01	1.778896114565337860e-01	4.495810771288841767e-01	6.701952626900991028e-01	6.272341739441855690e-01	4.412958780250240687e-01	7.669663624848305217e-01	1.000000000000000000e+00	6.503080875336160194e-01	-1.189907781385715208e-01	-2.700695927425051934e-01	-1.362124723062093923e-01	-2.303961888479589548e-01	-6.488416361025307888e-02	1.413836542337240376e-01	-2.399964226096777120e-01	-2.614261315300163702e-01	1.456111449130182423e-01	-1.237883969306455001e-01	-4.230047246426830304e-02	-2.179904149648757838e-02	1.271962428612230522e-02	-1.529360223513588357e-01	3.543727426266231328e-02	-2.850014564778485457e-02	1.227372169162995325e-01	1.653988954843151407e-02	-1.187023255828618118e-01	2.264211285757818104e-01	3.427238225864345234e-01	2.479025871783326895e-01	-9.043900119211338573e-02	-9.397154864484480452e-02	1.885816697628322491e-01	5.732245323326394526e-02	1.832238021260304273e-01	-6.670872044462562538e-03	7.134436665774115949e-02	-4.675482625084764060e-02	1.623440226596646477e-03	2.273688787303590753e-01	-9.755460142929568701e-02	1.007436812170883246e-02	2.604970694960866417e-01	-2.351232361934317006e-01	1.544260993295601958e-01	6.699664524314404013e-02	-2.231441868538277806e-01	-3.049991069319397119e-01	-7.728086774804142356e-02	-2.042974017423956068e-01	-1.236825033153969994e-01	1.400582221480498324e-01	-3.107174893183655140e-01	2.054280552882505329e-01	2.684586802773138436e-01	3.443181838219644963e-01	2.041322491114233861e-01	-9.577998137582152682e-02	1.785133361521609174e-01	1.747735808003383073e-01	4.695971905898811000e-03	2.523189494227527294e-02	-3.257348053825874223e-01	1.704552897929812461e-01	-1.283618702347813223e-01	-1.824023145105335975e-01	-6.115433442267830672e-02	4.750028147484202101e-01	2.697850002226155897e-01	-2.002705284921094675e-01	-1.353147093424733882e-01	-1.645339927635426081e-01	-2.058053301659023004e-01	-2.547535100479522696e-01	4.940557292529216410e-02	-2.817516392672054226e-01	-3.209332773840602449e-01	-7.526915358602151440e-02	-2.037858166636716817e-01	-2.375128773609592736e-01	-2.320448323234588217e-01	-3.455799984221064047e-01	4.930369633897316133e-03	-2.896988314595543290e-01	-3.183469231738504934e-01	-4.815557813679041677e-02	-1.188645341515770087e-01	-1.709463269141965891e-01	-2.372174222159845469e-01	-2.686787875310121532e-01	-1.744664790437403523e-01	-1.167595753006546722e-01	2.632264570566543171e-01	2.751825978596219024e-01	-2.665665033143080342e-01	-2.154981862576566820e-01	4.185015315707729666e-01	-5.637127707401905913e-02	1.497363964078689547e-01	-1.604514855909393023e-01	1.680349797958871350e-01	5.060001046128855817e-01	4.945996419263460342e-01	3.908001206228911006e-01	6.844709667924567809e-01	4.381012973127710319e-01	7.160276137003656061e-01	3.997984188369439473e-01	-2.338546278603208795e-01	3.592167333278561969e-01	-1.296457955017623898e-01	-1.853384092820093976e-01	-3.729977819035048409e-02	-8.015336036936120123e-02	1.140343261829117605e-01	8.492656355652795919e-02	-8.467636083916912915e-02	-2.038355382742582378e-01	-6.825605965372624762e-02	-9.459421939489526254e-02	3.229563931389254489e-02	-6.098876148346613242e-03	-1.274367188759091829e-01	-1.064182315599487005e-01	-2.686607095684894614e-02	2.443897495174277359e-02	-7.755094062032877322e-02	3.453268290144197866e-02	2.956528105781046079e-01	2.959778386044490395e-01	1.462409949376031748e-01	2.645793092689204262e-01	-4.599439724167416615e-02	-1.041751711028200966e-01	2.384643461296991063e-01	1.389688404966757662e-01	2.428497108483176348e-01	-2.311124050744465738e-02	8.210910769225696071e-02	2.319469416758151645e-02	-1.135157729870884258e-01	-5.295398486043152719e-02	-1.168117529172468527e-01	-9.882881616369929012e-02	2.022011378713477192e-01	6.407790998770664104e-02	3.619387891092062381e-01	5.898169587220948931e-03	-1.725317002710217706e-01	8.356119706172601691e-02	1.053837199976203204e-01	-6.587852171836657000e-02	-3.986560781098583139e-01	-3.323748762573181526e-01	-2.330098906873893649e-01	-3.167962988679922653e-01	-2.598402501642734785e-01	-1.319917787077547200e-01	-2.293941187612787702e-01	1.047278259216123525e-01	-3.777531952258771086e-02	9.046002593094473743e-02	1.637729862089980504e-01	-5.241139477562378225e-03	6.633111772019716079e-02	-8.826965057001992521e-02	-2.846629681509270648e-01	-2.890223312256791632e-01	-1.072080297233762025e-01	6.122615457395699096e-02	-2.863985468188711553e-02	-2.277896158876322186e-01	-2.903995400087822087e-01	-1.665769521492065919e-01	-1.276097074202386938e-01	-2.596368749799082276e-01	3.487337035253155193e-01	9.117235237545526227e-02	-1.717150598818457385e-01	-7.785630258935175019e-02	-1.893990637763621476e-01	-2.271922863995287367e-01	3.634087918504205067e-02	-1.554139163664062795e-01	-3.568007909896812047e-01	-1.846450278639673592e-01	-2.567558845658666766e-01	-2.906849718500456037e-01	-2.084451968793720189e-01	2.973145620327655864e-02	2.839924343989991273e-01	3.437185373696620694e-01	-3.366072137943720288e-01	-2.277577184800830823e-01	-2.871852283194499256e-01	-1.051276012353017653e-01
6.955016850206530155e-01	-1.662044163021215715e-01	6.918273351984307595e-01	5.710027253992692176e-01	4.560113605933668879e-01	6.647521435154016833e-01	7.321913386020038050e-01	6.457359980374444142e-01	3.753575140545608035e-01	8.072226016554561179e-01	6.503080875336161304e-01	1.000000000000000000e+00	-1.110692575073501942e-01	-2.797068571564645945e-01	-2.568145212196248361e-01	-3.062330870787934312e-01	-5.511263489017379641e-02	1.316343785268925606e-02	-2.600510500908981837e-01	-1.160418533792964280e-01	7.821298250231537019e-02	-5.531866603907083235e-02	-1.050650177648579792e-01	5.307202509259861117e-02	-1.648035394079707949e-01	-2.070781007912488869e-01	7.905399221945691446e-02	-3.805613034381687609e-04	1.659318725329552713e-01	1.585712421944276973e-01	-2.472322746266578941e-01	3.320331251468099931e-01	4.911887946970464602e-01	2.101758892144758306e-01	-6.548550898326330194e-02	-1.568128782057249537e-01	1.035233440098874413e-01	2.461940135722002002e-02	8.934017088694511111e-02	5.375162854084540240e-03	-1.867697216239121204e-03	5.258519210354050538e-02	1.142633510213161147e-02	1.142879498857762022e-01	-2.360929841048700073e-01	-1.520140084463302566e-01	2.286724131034869878e-01	-3.401406864349780790e-01	-5.007681920036544110e-02	-1.475035622471692898e-01	-2.659801235710020917e-01	-4.304602904582859879e-01	-1.650875694638958002e-01	-2.594209085431556372e-01	-2.060651863378857584e-01	-6.975415460677390767e-02	-4.129419193964570245e-01	1.843506281125503743e-01	1.927866993292541298e-01	3.038244475400542766e-01	8.987365878108152795e-02	-1.433187234630841356e-01	1.021815155389208807e-01	6.342935626082223111e-02	-2.047254033377347293e-01	-1.058045905139727433e-01	-4.229286063452299960e-01	4.894142289131796913e-02	-3.322094215862078093e-01	-2.960531900158626106e-01	-2.299501810451529960e-01	4.650315605928867502e-01	3.064850311696249441e-01	-1.565745375553929952e-01	-2.800550592087095447e-01	-3.278166180700204380e-01	-3.220116818083312293e-01	-3.611432517012718169e-01	-6.051768538726789992e-02	-2.705502118814967494e-01	-4.815844496111268414e-01	-2.737483016865258079e-01	-3.249495616550798771e-01	-3.866785911359876260e-01	-3.569670811634689245e-01	-5.443090465114102106e-01	-1.753432623090055709e-01	-3.957697818163071757e-01	-4.789420012425980033e-01	-2.577251056763846249e-01	-4.017257508342558792e-01	-3.936623160893996110e-01	-2.673172325469303501e-01	-4.299030811163805921e-01	-2.604068460014820063e-01	-2.036273343797235513e-01	1.439854284073312229e-01	2.549414217955932038e-01	-3.647252230817015772e-01	-4.663655911965472467e-01	6.478364155585581985e-01	5.257926633743026379e-02	4.629622713538996126e-01	1.244756674568358590e-01	4.532369588478368794e-01	8.102747696557751622e-01	6.023629431939260259e-01	3.591234364544864666e-01	7.515066384859739879e-01	3.951523255943427682e-01	7.494030127408460862e-01	6.011704444977236106e-01	-2.137875069723894350e-01	3.497161197579752856e-01	-1.399944166821876224e-01	-1.676774664971427964e-01	-2.180459642744195931e-02	3.688036129131714008e-03	1.998334314397853251e-01	1.471488428636438250e-01	9.513701913574856839e-02	-1.245974182144924391e-01	-1.198227981316630913e-01	-1.824741728241116578e-01	-1.225024629134303933e-01	-5.046796662008491696e-02	-1.394449449061791746e-01	-6.816152284983176268e-02	6.833641568999905547e-02	7.922537213307002946e-02	-1.010666840515136028e-01	6.972008890218371613e-02	4.420594495979019989e-01	4.304567412774181756e-01	2.284351438840806769e-01	3.322482700043157822e-01	5.605292851584784894e-03	-8.553562401869142795e-02	2.512691587393643400e-01	2.012970079864475070e-01	3.148267326116320763e-01	1.104454394180808853e-02	1.130047328426693476e-01	-1.049196362413937766e-01	-1.938407931244408022e-01	-4.125633558095872372e-02	-2.129250432837880361e-02	-1.349572869057739100e-01	1.368312150630997814e-01	8.578631635415680246e-02	3.164661404571613157e-01	1.654847205093755436e-02	-2.762529256904776020e-01	-2.744700977582939603e-03	1.223516488067489735e-02	-1.564939858478542611e-01	-3.798382263496205558e-01	-2.841514999814264142e-01	-2.696642726795720479e-01	-3.539404676642297631e-01	-3.005237374962073105e-01	-2.101243129514909214e-01	-3.044199182589920061e-01	1.442760262327356935e-01	-8.943177878529247685e-03	1.919480575383635812e-01	1.661671643081262806e-01	5.056397030142412846e-02	-7.367211544630995063e-03	-1.911287273335330605e-01	-3.800638580112162823e-01	-3.127050954593821874e-01	-1.637528929404426792e-01	1.212549611779788761e-01	-2.751307804858267592e-02	-1.948099750441585065e-01	-2.175687807140430641e-01	-1.407825926166147990e-01	-2.539701597666927935e-01	-1.935108977492745186e-01	3.828690295258859733e-01	1.277031595547067910e-01	-1.842643491176849946e-01	-1.579385765062879254e-01	-3.185902327016156277e-01	-1.875960356750994429e-01	-1.723333581088039856e-01	-2.340644163612791151e-01	-4.054384145978973120e-01	-3.468715244634832384e-01	-3.743963022851108380e-01	-2.439980223947847970e-01	-2.327997390196168692e-01	-5.861627222992443764e-02	3.350397262704977730e-01	3.440786161649008190e-01	-4.925313881923374382e-01	-3.557339933419435551e-01	-4.735430151836501622e-01	-1.789741060091951108e-01
-6.137281023003702402e-02	1.801004395564674010e-01	-1.126400804817839080e-01	-6.569546690537032829e-03	-1.262985626633269520e-01	-1.691547579294177539e-01	-3.667479730098641144e-02	-6.556447781007671005e-02	-3.400892350019148191e-02	-1.185130458114637686e-01	-1.189907781385715208e-01	-1.110692575073501942e-01	1.000000000000000000e+00	2.178978825325880164e-01	2.469914234199614422e-01	3.431076166213830603e-01	4.140720603940846734e-01	2.912785953250923154e-01	3.597456085353271105e-01	2.847798820162193434e-01	5.729071926979548146e-02	2.065685401767142770e-01	1.236822600471960271e-01	-9.815168844786126279e-02	1.635999054683930642e-01	1.992942019208108761e-01	-2.019221354952670522e-01	4.645520360687458578e-02	2.337651583218312498e-02	2.225662603500335734e-01	1.705059211035270597e-02	-1.197616847573585164e-01	-1.032865449609510211e-01	-5.993285307947086166e-02	1.072804398673426196e-01	1.752719755444600014e-01	2.615385665484057376e-01	3.666007785021462295e-01	-7.711131267597415295e-02	1.900507657605893796e-01	1.357718281861505782e-01	9.250967769259513251e-02	-9.906357935995366293e-02	2.115462241932810628e-01	1.403624006247802536e-01	5.980468625349232015e-02	1.175430865054690882e-01	-4.528663068150039911e-02	-2.306253750037346173e-01	-2.618386738680168746e-02	-8.465469396817125458e-02	9.384525750395552451e-03	8.346485923828285414e-02	1.799394629844413562e-01	-2.568159240312909222e-02	5.724483936940921724e-02	1.640905573592905120e-01	-1.204842664520633516e-01	-1.978917348059374304e-04	-2.145922966631275686e-01	-1.098454910911830645e-01	-3.255276424770937871e-02	-9.713755079883855392e-02	-2.577074786533910256e-02	1.082160657026576267e-01	-1.231340754830464318e-01	4.256126670294907433e-02	-1.089676843449746552e-01	-3.943725433848994238e-02	3.947907357775384818e-02	-1.285395825884312060e-01	-5.156653821857861558e-02	-6.878192945292305183e-02	2.778333388600591827e-02	-1.142328843570952629e-01	-4.162480981281659748e-03	8.289351066740370533e-02	7.546537914839170080e-02	-9.002497634290269890e-02	3.733632420087869622e-03	4.349477839329238954e-02	-2.861152830971051483e-02	4.774727723662637070e-03	4.479719525015268822e-02	-1.297136968468270146e-01	1.397169318027794045e-02	-6.102869982241678620e-02	3.183241726875318811e-02	-1.878380317166546826e-02	-1.315033782971687104e-01	1.034988614988775757e-02	-2.881189627706704989e-02	-2.923107592774082299e-03	6.649255771945118687e-02	3.213523148363436194e-02	-1.226127460582594753e-01	-2.864372949437217208e-01	-2.037188320702442434e-01	8.727699631510403566e-02	-1.805351872848517253e-02	-1.637121942536607366e-01	2.691262369425232587e-02	1.646984171423480636e-01	1.544736368022048556e-01	-6.460244543236161319e-02	-5.388441048590602439e-02	-7.360491624142461060e-03	-3.253060338076585283e-03	-1.211679288371463603e-01	-2.304090894686828053e-02	-9.680685489379510511e-02	-1.037256052812131901e-01	6.940025164360119625e-02	-2.375413248099030317e-01	3.443792793824279608e-01	-2.075722875526826716e-02	1.541010800921700508e-01	9.566523214475464165e-02	2.712318773969172869e-01	1.627548329421951989e-01	4.224816562153992788e-02	2.580283087150133658e-01	2.617945347496455910e-01	1.310258448504798556e-01	-1.189632518046580389e-03	-4.322688248380210374e-03	3.027198808833043153e-01	8.118041843120119005e-02	-1.094149349331437066e-01	-1.895559682965923809e-01	-1.299578495152580726e-01	-6.340420761637047264e-02	-1.769238250578244187e-01	-2.008224564426151770e-02	-1.375141680579269610e-01	-4.656741575049122561e-02	-1.803009617619355798e-01	1.309910560516571731e-01	-1.731868597770569451e-02	2.319608702593651262e-01	-1.087269678435226067e-01	1.477023798393584386e-01	-1.995468484971825163e-01	-9.355566375176160854e-02	1.368854299363941318e-01	1.629237204504402521e-03	1.545617521688430196e-01	2.513664554001644458e-01	1.770318571648118663e-02	6.321787188338254260e-02	-1.422352365785472528e-01	-4.898659371022339587e-02	-3.914820814534851479e-02	-2.029918344360434335e-01	-3.131052294848366557e-01	-7.998341798005929870e-02	4.552494980811731991e-03	-5.755530497526752803e-02	-4.659779076094282269e-02	1.035709261298257827e-01	9.772830327492340596e-02	1.780510106422967809e-01	-2.967348960416222453e-02	-1.763731852903110131e-01	-8.120811719393766781e-02	-5.381137678748725700e-02	-3.022819107292767926e-01	-2.976714384208138317e-02	-2.715169740425055211e-01	-2.388395966336936960e-02	2.707818163590185179e-02	-6.810261384993035461e-04	-3.416599565369663610e-02	-6.401596419475627520e-02	1.253901734992391714e-01	-1.249049854845036460e-03	-1.085760088165597936e-01	-8.513482851646432537e-02	8.178191454005704145e-03	-8.159032487517312027e-02	-1.396955429682479599e-01	-7.436931835209865949e-02	8.313207785895254665e-02	-9.138319967970370827e-02	1.331771837452327967e-01	-3.779207130779280166e-02	-1.141814323901454570e-01	8.618002214498962643e-02	-6.355796813485649344e-02	4.689618859906424103e-02	-5.077375287839890061e-02	1.438882311754060284e-01	-5.800923546069800679e-02	-1.731709934946702167e-01	-6.898936550658057998e-02	-1.150812599196462949e-01	3.001499861477008660e-02	1.038843241224884639e-01	9.087144241744608830e-02	-2.061891691866959628e-02
-3.081430880975347120e-01	7.677739525634397211e-02	-2.003068165604629247e-01	-1.689369193305431671e-01	-2.970782714665710089e-01	-3.244089600174091537e-01	-2.417803027670893667e-01	-1.962188036343486819e-01	-1.942712609674147606e-01	-2.738102023077450542e-01	-2.700695927425051934e-01	-2.797068571564645945e-01	2.178978825325880164e-01	1.000000000000000000e+00	6.129228927974458285e-01	6.152197768015690293e-01	2.202986084339969564e-01	1.326543210565550301e-01	2.587235577607515657e-01	1.164873850869167227e-01	2.209773550976464745e-02	-1.947988773993741818e-03	1.443083953626137506e-01	-1.391521119020276177e-02	1.382411406374452374e-02	3.803559655470137857e-01	-1.249906186701363053e-01	-1.308154136842850923e-01	-2.743798879222275611e-01	-7.735045524634157066e-02	1.541051783295126765e-01	-2.853017107591375168e-01	-3.089198896247326021e-01	-1.424337233853040750e-02	5.351647519106240702e-01	6.059737384025664086e-01	6.566353684914716382e-02	1.832722127007296586e-01	-7.258514354601004748e-02	2.530809501570002729e-01	-8.849326240390802123e-02	1.127978325272008531e-01	1.261330284657291023e-01	-1.098062102669870692e-02	1.323266092379961067e-01	6.341951793485881006e-02	-8.144805506636272618e-02	2.303057911425734905e-01	-1.316346640725031270e-01	6.411651968834045090e-02	-1.571900002282642372e-01	2.627173383765151193e-01	5.338229579044286022e-02	1.433949898352941676e-01	4.333545580494228486e-03	-4.712025961567063714e-02	2.008550213391161743e-01	-2.284959392231958597e-01	1.001919135372255146e-02	-2.005597148881748670e-01	-3.182815007764805970e-01	1.867103067229581789e-02	-1.892383543363803655e-01	1.211683393081186035e-02	1.393309647480341362e-01	-1.412101170721153653e-01	1.388933499512211289e-01	-8.649053781481082226e-02	1.064265077038651919e-01	6.618672404459688408e-02	5.437403143374210449e-03	-2.193857603322707517e-01	-2.305174252273043123e-01	2.371638010070372671e-01	4.764795221198580427e-02	1.675419527809544895e-01	2.064254093208915120e-01	1.963896384968778774e-01	6.225613809992625036e-02	3.558293241056982234e-03	2.797419586249708656e-01	9.501618494273027238e-02	1.159090804850246847e-01	2.674652775300218055e-01	2.130814414947254098e-01	3.230088631596270687e-01	3.991039123843740516e-02	1.936227490042035648e-01	2.548771330443478367e-01	5.246052117286596761e-02	1.165661230722750963e-01	1.354454466373854471e-01	1.878041816555976740e-01	2.262769303854165748e-01	5.808359960539240946e-02	4.772446381229865364e-02	-1.379760282477847100e-01	-1.332554241464370404e-01	2.075852681564489266e-01	1.791915822709201911e-01	-1.794860042772896402e-01	1.577365652131063889e-01	-1.943781998273918024e-02	-1.124835908696193154e-01	-1.926075154998555528e-01	-2.216031742286959649e-01	-8.283567574973357828e-02	-5.504914407881968119e-02	-1.863260656152486427e-01	-9.689350398737014980e-02	-2.584182770297251408e-01	-3.197553093744091579e-01	4.174727198784808357e-01	-2.806351006251957547e-01	1.360658731610153160e-01	2.499196228005209353e-01	2.305664494890488359e-01	3.338016696705342623e-01	-8.539224010865818434e-03	5.456095757078342767e-02	3.000043321909635907e-02	1.484411010538373987e-01	3.209461257950073365e-02	2.727150572586200042e-02	4.041223808846382270e-02	-5.795495220693572258e-02	1.920795057209052359e-01	1.418786478058758904e-01	-8.953901738170459701e-02	-1.408417005582750514e-01	-2.095553401443570052e-01	2.046522916737365111e-02	-3.521448538550374652e-01	-3.127573382331321761e-01	-2.122979525834066405e-01	-2.258563081735574796e-01	8.310412346916178084e-02	3.105734195657512409e-01	-1.331599328467036880e-01	-1.136135963090575685e-01	-1.766997375404743276e-01	1.686575658006405909e-01	-2.244637586514734440e-01	-2.679199927992881314e-01	4.612641312951665934e-02	-1.640367648099844838e-02	5.761130539125036698e-02	7.778180766535311430e-02	-9.875090737828162712e-02	1.266354489665509273e-02	-1.375656408293865762e-01	-2.411729872713437861e-01	1.560595950485437616e-02	-9.611119586334751497e-02	-3.495591021252398289e-01	-9.445302468897662229e-02	1.999780619645871449e-01	9.687013628135114629e-02	7.210258032457023125e-02	3.141240161058392877e-01	1.741751389184125476e-01	2.394901327581410166e-01	5.096154268429970574e-02	-9.170218313745336081e-02	-3.198736668107771131e-01	-1.401555684974637589e-02	-1.292122248032669396e-01	-1.561110594990137990e-01	-4.077624960620174210e-01	-9.231214067290957614e-02	2.118182710157605342e-01	-9.903519162816341870e-02	-8.946230658144428693e-02	-2.325880820484515776e-01	-7.882564618229552511e-03	-9.049812423343622791e-02	-2.477286565776282493e-02	-5.789806011859850027e-02	9.036164307320214417e-02	5.577536102949737229e-02	-2.213133966959780208e-01	-6.351774157865071324e-02	8.108075533706031457e-02	3.980028176512685062e-02	1.859710662720522878e-01	8.981783103954611713e-02	-2.825611012962093299e-02	1.030274440341866909e-01	1.450141268696505392e-01	2.218914518404613567e-01	1.427282233577063797e-01	4.981725642936300075e-02	8.366638057082868840e-02	-9.756050474495570057e-02	-1.934419739919292780e-01	-3.000174654801279761e-01	1.965310812347688119e-01	1.890438609492000599e-01	1.314024784864032680e-01	2.663687732950243414e-01
-3.220462168780746093e-01	1.915531333774101175e-01	-2.268273005584582891e-01	-1.422146053575219504e-01	-2.538347021613162058e-01	-2.381548411866289960e-01	-3.360044986817917745e-01	-2.114862612806823750e-01	-1.424415979004241273e-01	-2.373015232013501730e-01	-1.362124723062093923e-01	-2.568145212196248361e-01	2.469914234199614145e-01	6.129228927974457175e-01	1.000000000000000000e+00	6.155434605093133005e-01	1.930978684354873187e-01	2.227161920310841842e-02	2.730393139981694417e-01	1.006519224693269154e-01	-6.409373367590188997e-02	5.249302599540141279e-02	1.100134349984999149e-01	3.492729307255378057e-02	1.366092063305397453e-01	1.371197290379258249e-01	1.204345332829168461e-02	4.493057019063637081e-02	-1.205896153616701078e-01	-7.081808724812965750e-02	7.616265174849146113e-02	-1.841763449005978104e-01	-1.770450168502847033e-01	-8.388136236248860955e-02	9.567056248691750697e-02	1.057744318617419715e-01	-2.271778684103439860e-02	1.637138916609728878e-01	1.076746300814942895e-04	-2.252913914870537798e-02	8.013359041356860057e-03	-2.434460241328114533e-02	1.318286029171273077e-01	1.688189867812805445e-01	2.607760630463982765e-01	1.535920051168534750e-01	-7.843609415184911449e-02	1.585851963970622003e-01	-3.751852396111864107e-02	3.785187232701021226e-02	-1.734675008129226426e-01	8.779049300919072873e-02	9.245531521720237733e-02	1.386814175548850558e-01	2.246305397148760929e-02	-4.129306118759371383e-03	2.115742233203364853e-01	-5.200892919457351243e-02	-1.136198730560756404e-01	-1.619890718945949659e-01	-1.330445206148950510e-01	-6.153506489551001379e-02	-2.836996610664932472e-02	1.248094337819593246e-02	1.567742521813235423e-01	-1.428738078678015028e-02	9.120653958031958719e-02	-1.436894457828065130e-01	2.666358787810265210e-02	2.892423307653535502e-02	-1.477664688076277821e-01	-1.858231488184464153e-01	-1.767403736127487746e-01	-2.317534874720789118e-02	-9.914365680054859631e-02	1.534723093261990134e-01	6.438295408162930666e-02	1.153428608599854355e-01	-2.617496804246172148e-02	-1.436225243770268833e-01	1.238072785324890734e-01	6.211228101799460416e-02	5.330897624184163103e-02	-5.125632351462371984e-03	8.470756886177940870e-02	2.482049062453701438e-01	-1.577091905359135349e-01	1.773667099974000905e-02	1.314858454991582604e-01	-3.471440122999480682e-02	1.601291788174662167e-01	1.068045828784809220e-01	1.157537466784761826e-01	1.728318796624969400e-01	1.209694164552758966e-01	3.229455517153378974e-02	-1.566873993900845530e-01	-6.928516385003269384e-02	1.403481440053628293e-01	5.174317232431635896e-03	-2.133695678731916678e-01	8.719665142861157681e-02	-4.843061447256061941e-02	5.129095375902127663e-02	-2.278695078383838890e-01	-2.237176711300480070e-01	-1.203318131325219476e-01	-2.606289118574085448e-02	-1.729376047270655137e-01	-2.488465844660274137e-02	-1.960009980719839007e-01	-1.625308027804551469e-01	3.791336261599784208e-02	-1.682432938491283947e-01	1.004443796488974222e-01	8.025113857287301256e-02	-1.017838410119206033e-02	9.487997034260903240e-02	-9.556801693311890722e-02	-1.180688197988516014e-01	3.987411389887592084e-02	1.539705168042800054e-01	1.725634449786073998e-01	-4.377422132713262165e-02	2.240857441260438523e-02	-9.071661437406652873e-02	2.488330942563211912e-03	8.345169930521711965e-02	-1.189558583929379992e-01	-4.677235864370744151e-02	-1.302611769756155113e-01	-2.680622024284232477e-02	-2.684029639487133245e-01	-9.260769085698936087e-02	-2.080048319785885447e-01	-1.708253997464407037e-01	6.290191880085443422e-03	-4.677346079115898142e-02	-8.442931496895622612e-02	-7.580252973005052741e-02	-2.305612015986645835e-01	-2.759574905373710085e-02	-8.644975093259756049e-02	-1.842201263081006402e-01	9.588332617363931609e-02	9.272408045690606893e-02	1.466356024654539569e-01	1.486582332629475360e-02	-3.601997476401588849e-02	3.385822941203086439e-02	-1.440337111981218887e-01	-1.571924708553407435e-01	-1.133511262623555504e-01	-1.592189392240649370e-01	-2.269060725584627625e-01	3.917490243972190922e-02	-8.377202474660753670e-03	-3.514995570559198011e-04	-4.327517166840209178e-02	1.093048801031887146e-01	1.342635654750718444e-01	1.897050756371096714e-01	8.660956085439426577e-02	-1.753001862369440444e-01	-1.406372076934933601e-01	-1.047043824377290183e-01	-1.812974499671292095e-01	-2.182104462023997382e-01	-2.604378047331619150e-01	-1.327828828084815782e-01	4.169369592012470843e-02	-1.183352952656519658e-02	-1.303014566413455977e-01	-1.015474985437564148e-01	1.191782978877706928e-02	-7.498914771001707891e-02	-1.120605446198529587e-01	-1.401382797789356704e-01	1.490638407496185369e-01	-3.947827685668158643e-02	-1.563104288617801485e-01	-1.088001182765850616e-01	1.639191200879861615e-02	-1.251973650279736838e-01	1.442819142232850717e-02	1.324641314836232271e-02	-6.589510672248485856e-02	2.277721435119985094e-02	4.096545985516125699e-02	1.101636293565333158e-01	-9.304344530520092249e-03	1.531988446280791415e-02	-6.441261710248942507e-02	-9.892785057200390031e-02	-1.405408779665828500e-01	-2.027896328408006765e-01	1.318870425250664724e-01	1.908554257800821330e-01	3.411950726013655844e-02	1.617026370496641163e-01
-3.778447039012442499e-01	9.092884199746924245e-02	-2.747833364681911417e-01	-2.662515588917767628e-01	-3.631064633915643269e-01	-4.066914593118016175e-01	-2.562278705480537933e-01	-2.252954923352123717e-01	-1.509292404862269399e-01	-2.311666491201104234e-01	-2.303961888479589548e-01	-3.062330870787934312e-01	3.431076166213830603e-01	6.152197768015690293e-01	6.155434605093133005e-01	1.000000000000000000e+00	2.644716689266216059e-01	2.127583715944918186e-01	4.741510433213838027e-01	3.732586019992478743e-01	-9.774860137299468468e-03	4.372678618016696828e-02	1.897496917098919489e-01	4.361916589448362053e-02	1.170276867248125630e-01	3.154541147002490886e-01	-9.570716817870852933e-02	6.746182929144188545e-02	-3.161668400495047382e-01	-1.394547791493786493e-01	2.122637190755412295e-01	-3.695585621938418663e-01	-3.110277787249828285e-01	-4.521522296966671434e-02	2.858799790282737785e-01	4.018297767611109794e-01	5.430619328381609823e-02	2.244237351585729456e-01	-7.534688486074972436e-02	1.714540938326535036e-01	4.216281931985928905e-02	1.221557962155019605e-01	1.343748733605905632e-01	1.170642689620748911e-01	3.429022178055032843e-01	2.743508833615345144e-01	-3.325024039417547733e-02	2.015633342740802691e-01	-6.702497597238271654e-02	2.293529142639146312e-01	-7.215307209361891683e-02	2.614877651485560395e-01	3.129805303809018308e-02	2.367536724176179941e-01	-3.523478476099446699e-02	8.522569846801991700e-02	2.422472304703446044e-01	-3.081045802967878333e-01	-7.345186139210996279e-02	-2.912085107807643181e-01	-2.177247263068266270e-01	-2.869911303317306331e-02	-9.526559692688472969e-02	-1.426657865356712740e-01	1.622517569913212998e-01	-6.351499034690882839e-02	9.283735474369006480e-02	-1.538314659475051305e-01	1.604475157511039973e-01	1.667122781339206231e-02	-1.055173902103488139e-02	-2.001699425944598321e-01	-1.759135695361094265e-01	7.809615229291189120e-02	-5.660794624891742066e-02	2.342728121361819238e-01	2.328450958083808087e-01	3.076626927960062763e-01	2.344719423798116015e-02	-5.390468149364623096e-02	3.290155400755303550e-01	6.491982826374816107e-02	1.119704655865637333e-01	1.675051159232645859e-01	1.729905478873169367e-01	3.372614075303375647e-01	6.870272242788276473e-02	1.884582751762401143e-01	2.639135651472241384e-01	1.465633015031850006e-01	2.558166150179721487e-01	2.007863185664666983e-01	1.057523414888935642e-01	1.974009311476218331e-01	1.372391150377214597e-01	3.942790902954266402e-02	-1.630842673829103751e-01	-1.389542735074858204e-01	2.217770782853339118e-01	1.914568661647436942e-01	-3.257842971139974786e-01	-3.398479317444711573e-02	-5.368038080660582356e-02	-4.413151467332560030e-02	-3.212037130895778470e-01	-3.741427762660931022e-01	-1.572502485863360167e-01	-7.636737192119420758e-02	-2.387924317354274961e-01	-1.221683094708754663e-01	-2.478492352838262691e-01	-3.342140846536854060e-01	2.904380357070280305e-01	-1.978889421557191164e-01	3.232106755066073145e-01	2.636506342599987396e-01	1.517104543235309466e-01	3.643909539045457335e-01	1.230275480171616337e-01	1.063287633045525704e-01	-2.558747224827681230e-02	2.976286203061438984e-01	2.846014773112955365e-01	3.368082891626709985e-02	1.017088019596742304e-01	-1.748346300722614793e-02	2.563519122099067737e-01	1.952103755341870195e-01	-2.813847972516748605e-02	-8.117676389240471857e-02	-3.365715243431187664e-01	-1.200740308239601761e-01	-4.720972832678323461e-01	-3.047060270618313638e-01	-3.036412521792673513e-01	-2.956177542146775639e-01	-1.457741437596628969e-02	1.353068750032752066e-01	-7.536716231342240058e-02	-6.949570656421189506e-03	-2.073571146640864615e-01	1.932206914772681416e-01	-1.897584472575138126e-01	-2.297728988039739739e-01	8.783375799667290929e-02	1.108629236526279538e-01	2.405264089480113887e-01	1.920853665838002100e-01	-3.713295374428409595e-02	1.689247531624164245e-01	-1.240052164355041758e-01	-2.505171318353739407e-01	-1.506245242102726423e-01	-7.330050883253967642e-02	-3.488743600021217417e-01	-6.622293309669016748e-02	1.269643429400711954e-01	1.198517442005593153e-01	1.162091367146376140e-02	2.221202266697504535e-01	6.230507165604878134e-02	2.641840138481697520e-01	-8.581122329004547966e-02	-1.950235877291313924e-01	-3.997411602457858204e-01	-1.124438150697419647e-01	-1.973066175104487285e-01	-1.662103784308195664e-01	-4.427211475475925084e-01	-9.992494374665840395e-02	1.970603222889707462e-01	-1.596417719144998804e-01	-2.136902715081741011e-01	-2.733988496714142569e-01	-2.310066077446519539e-02	-1.588893209754814462e-01	-1.279766826851325145e-01	-2.463569004348456493e-01	1.546078244213349995e-01	-3.925323594542844824e-02	-2.283211151207413803e-01	-1.166570618815127580e-01	1.652330167801618621e-01	-2.483521917483953040e-02	6.397493048130339921e-02	3.023729261816784225e-02	3.884097609944075352e-02	1.522168762859038571e-01	1.412466234267187037e-01	2.937503330344757857e-01	1.540452493387744759e-01	1.256506843663794757e-03	6.738384819881033938e-02	-1.471150910011407020e-01	-1.767898988494779056e-01	-2.360528317671445053e-01	2.595431533398688817e-01	1.910697067459881382e-01	1.575980726101890161e-01	2.064945404991969657e-01
-2.686403800954479948e-01	6.522448921567325364e-02	-5.804737389895977401e-02	-1.637456746378457284e-01	-1.379922697217093319e-01	-2.292155377230074842e-01	-5.906485670117686548e-02	2.230998952117505332e-02	-2.067284450870603488e-02	-2.285651226511751719e-02	-6.488416361025307888e-02	-5.511263489017379641e-02	4.140720603940846734e-01	2.202986084339969841e-01	1.930978684354873187e-01	2.644716689266216059e-01	1.000000000000000000e+00	5.466591013041904173e-02	3.956574343887759859e-01	4.864676586873529773e-01	-9.331076260056306304e-02	1.173763472067544389e-01	9.264345368077551990e-02	8.144105845334974336e-02	3.646686112967529453e-02	-1.331892453043188873e-02	4.778513496039139309e-03	1.028288756297128514e-01	1.269854802783350889e-01	9.811850857704472462e-02	3.343187603569121313e-02	-1.992370064244327992e-03	2.279895984150213592e-02	1.793655463296759123e-01	1.588854144420243364e-01	2.499365142013435237e-01	3.576743533357622518e-01	5.378375363312313251e-01	-1.283522371702232046e-01	1.434171939455186617e-01	-1.381703607193702221e-01	-1.289169860170992221e-01	-1.453899841429354654e-02	9.447984148871406418e-02	4.631662064258416228e-02	-1.705830731939289857e-01	-5.608178925888861188e-02	-8.136393521691411002e-02	-3.311899420901496249e-01	-1.301205024675920474e-01	-1.703641151500298601e-02	5.712287787743805523e-02	1.619302443322911400e-01	1.651076160414456928e-01	2.212444483148152674e-01	-4.466021580026605098e-02	1.712393661642903353e-01	1.641190871703974291e-02	2.250726019735540262e-01	-1.014080332178797922e-01	-3.122831877430426450e-02	4.756245660524228286e-02	7.623747834372035515e-02	-2.494836568308280919e-02	9.531334182778784109e-03	-4.143117690591227587e-02	1.507587233371252555e-01	-1.106110098525779628e-02	-1.700331301575863097e-01	8.010717065962652539e-02	-3.865238501089668377e-02	-1.119170954875544147e-02	-1.688350031796978512e-02	9.921655838260189098e-02	-1.380178677623569439e-01	1.287690561999590422e-01	1.127482460046227569e-01	-2.402024313964843880e-02	-1.083498906708493387e-01	8.563906341440416514e-02	1.080579952934264121e-01	1.092494089873616639e-02	7.835289238556926439e-02	2.129234141427426563e-01	4.019267364200975606e-02	9.881736258547274207e-03	-1.631564633521391250e-01	5.979966751312409956e-02	-5.866520352462323978e-02	-2.285121926307142337e-01	-7.975442165369703296e-02	-1.285594058630784020e-01	1.462650750865833460e-01	1.065900285847440690e-02	-5.060899075831815086e-02	-7.064351291746824579e-02	-1.715818678903891781e-01	-5.493944326233736464e-02	-9.569260344994039158e-02	-1.405593820876885613e-01	-2.550005112874227375e-01	-1.661783214979246359e-01	8.237240782641791492e-02	-1.461571932747002082e-02	-2.559145165126959220e-01	-9.882115445008413102e-02	1.573930080677418686e-01	1.402102791560043693e-01	-4.475536685712053903e-02	2.662348927921472791e-02	4.485674737271150986e-02	9.685753445440779819e-02	1.679769826497023444e-01	1.181257091653361985e-01	2.567449999054857712e-01	-3.259096983823775440e-02	4.162836369594211661e-01	2.419114579087755790e-01	5.352644758390109336e-01	2.039953274014736917e-01	4.180021915451345715e-01	3.484913945133876756e-01	3.776475966635170489e-01	1.237523389371611438e-01	5.201778126565825139e-02	-1.032366029082254083e-01	1.754718372146169825e-01	9.813675298258819901e-02	2.382919699641060721e-02	2.898737655503703242e-02	3.403284840076157419e-02	-2.272299504403869908e-01	-2.054010512951412737e-01	1.167798212468049435e-01	-1.011408160781505222e-01	1.007620922938738117e-01	9.532125546197958710e-02	1.934812882563573810e-01	-1.593568568331376126e-02	1.895348414662180736e-01	-5.211849361893440558e-02	1.030928324582565392e-01	-1.729430883961567689e-01	-1.651977582849888659e-01	1.001781510999033009e-01	2.319541113490065920e-02	8.114472540995741612e-02	1.196942438137668652e-01	1.739058525044398784e-01	-7.951221385667413266e-02	-1.853935098771118395e-01	-1.799410332607739860e-02	-2.380524387898970418e-01	-2.701263977105116676e-01	-4.679826116902511823e-01	-1.738077221000002837e-01	-3.639623621722891389e-02	-1.004258455965691132e-01	2.615791200840374836e-02	1.196205319741590473e-01	1.380435208571563488e-01	1.144723204864985522e-01	6.394711527523540447e-03	-1.291238231046124285e-01	-9.828644617282435159e-02	1.365822388910421237e-01	-2.403168767275089268e-01	-2.851571728081683452e-02	-4.163293182799332470e-01	2.916217239250400509e-02	1.112720343536156703e-01	-3.040364064785390855e-02	-1.426602404013734005e-01	-7.240238780255024709e-02	8.139038238772987321e-02	-1.825656349819332891e-01	-1.462235012851692550e-01	-6.495555191911740744e-02	-2.461609420402612325e-01	-1.168825841282030015e-01	-1.446386552111485757e-01	-8.067450125084218993e-02	-2.781449193717459509e-02	-2.358865979932369406e-01	4.303912153656398037e-02	6.359030542669108499e-02	-2.132524443066148023e-01	5.163742036433707078e-02	-1.187959661256680031e-02	-1.387695857782487163e-01	1.186214481960743833e-01	1.472673302376545715e-02	-1.244277677352739336e-01	-1.958997960067570265e-01	3.025929872446166471e-02	-1.684242145309867711e-01	-8.380773924299594543e-03	6.266336013787818238e-02	-2.073113669914409263e-01	-8.531872129396549098e-02
6.960693283579716395e-02	-5.114551676937820895e-02	3.061492853986270968e-02	-1.754375194294727491e-01	-1.522773639850711347e-01	-2.220385324436559282e-01	5.057387507708252170e-03	5.624018775906283046e-02	5.689745432908378808e-02	9.892048513915868702e-02	1.413836542337240376e-01	1.316343785268925606e-02	2.912785953250923709e-01	1.326543210565550301e-01	2.227161920310841495e-02	2.127583715944918186e-01	5.466591013041904173e-02	1.000000000000000000e+00	2.183630919425619543e-01	-5.719694551697289409e-02	2.060414361065938393e-01	2.186086933782868114e-01	3.207920343362499205e-01	1.024057285149809621e-01	3.317404901013856766e-01	4.612999472037967452e-01	8.410337301120164588e-02	1.873761184317047079e-01	-2.908564205076288323e-01	1.452462928847625123e-01	-5.959933455765215743e-02	-1.376242872039932508e-01	2.368597937894125274e-02	1.571780972781125219e-01	3.290045648830037250e-01	2.886160529552933007e-01	3.653746216073878728e-01	4.052133941872074763e-01	2.360193352475742912e-01	4.700474019736883835e-01	1.877043589851461469e-01	2.381440673017416187e-01	1.866998658457020288e-01	3.810003446358211088e-01	4.290230117311585878e-01	4.324980819594517745e-01	4.244117140729096183e-01	1.337773165834134359e-01	-8.309873311893839487e-02	8.340164044660548781e-02	-2.279358196564515715e-01	-1.056196556853436080e-01	-2.328127264827489773e-01	2.931019896508803638e-02	-1.472673768278840445e-01	3.453314863898038906e-02	-3.685646015913129209e-02	-9.776752680744656143e-02	1.217398092131305731e-01	-1.095825901178725317e-02	-6.286705390527580484e-02	4.918874859517829295e-02	1.088373572402216855e-01	1.424636509472025463e-02	2.053599801210689857e-01	-1.539191360104974135e-02	-1.376715888012062239e-01	1.000082318574837953e-01	-9.393099403393014024e-02	-1.403256133287024143e-01	-5.289036210267098609e-02	6.227423749766181071e-02	2.374532803225670452e-01	4.809350897100999472e-02	-1.577583230802790948e-01	-1.474228275052087700e-01	-9.900155970155384566e-02	2.085410025430754766e-02	-5.726447925785652093e-02	-2.262129949969192144e-01	-3.900282789161561153e-02	-9.343474423436594345e-02	-2.164741519043891782e-01	-5.893913997316068548e-02	-1.832910561275874761e-01	2.640334522474992521e-02	1.073410554824562498e-02	1.117892562299173734e-02	-2.451207436266986117e-02	-5.029162810097390773e-02	1.480545823750585022e-01	1.933148919128603246e-02	-1.315780761952627387e-01	6.761190318193627258e-02	1.780219339802283640e-01	-2.555934650758865945e-01	-2.382330984489927916e-01	-3.659948375769686013e-01	1.675769526728275727e-01	-4.323166053133998404e-02	3.816523428957295516e-02	6.011234143647094241e-02	2.458963231786717371e-02	-1.160085805822417548e-01	-1.564560270998603120e-01	-8.631798119737729702e-02	4.436972720590773300e-02	-7.751759758106993581e-02	6.328877951188899287e-02	-4.474779600851644390e-02	-1.887126580474943541e-03	-6.724249753336218605e-02	1.826631823993875303e-01	6.239298262210185575e-02	2.668043993224311627e-01	2.632564459697196435e-01	1.440943439671525383e-01	1.447428761766297312e-01	3.377748345967884064e-02	4.724492242136825171e-01	-7.528815672435111572e-02	-2.990450641354181534e-03	9.866276183081871057e-04	2.109605728487086440e-02	1.690691266425139172e-01	2.112183905183986909e-01	3.768623334309015305e-01	1.982276802006173178e-01	-7.083255788151691934e-02	6.021812135677768324e-02	-2.542170313639879331e-01	-1.138340441243270579e-01	-2.533078281547351818e-01	-3.151434113708474066e-02	-1.039437734577205869e-01	-5.934347338261043714e-02	8.027893391012867752e-02	1.512743113230108627e-01	1.596592339905497093e-01	2.917178914430305081e-01	1.857906548825162818e-01	4.470978865791589429e-01	-1.194464753269688512e-01	-1.759467716041731022e-01	1.299310790415121042e-01	1.682996786980934245e-01	3.131730917580126672e-01	3.182323898063671996e-01	2.792318332821065383e-02	1.832352590567477291e-01	2.612216214689992433e-01	-1.444285744292546358e-01	3.639838444447596839e-04	4.966846920250673342e-02	-1.486026821289413713e-01	-6.878068166534315186e-02	-1.466195657191382840e-01	-1.540991058088911521e-02	-1.879797606987026193e-01	-3.745562968669314402e-02	-4.212521436522228407e-02	4.598720809549329547e-02	-2.955194497321368963e-01	-1.781514338816234944e-01	-3.033760044897749197e-01	8.636822908366875717e-02	-4.966974991179105153e-02	1.499473529818380890e-01	-1.310240298611710374e-01	-1.316943839423171392e-01	-1.660419335212932890e-01	-2.557486121734677820e-01	-2.026224272665847481e-01	-1.635872234053863811e-02	2.884171742017018758e-01	-1.092150231933930044e-01	-3.604377746335351018e-01	-3.103002198148375745e-01	1.296154698163847763e-01	-2.212513630485628824e-01	-1.178667753788744110e-01	-8.983998743692736544e-02	6.109013203836385908e-02	-4.466710006155397844e-02	1.743531435473701929e-01	-1.712073166407997171e-01	-3.345826258323594121e-02	-6.186032738327693764e-02	-2.299319446202109929e-01	4.032722427644303692e-02	2.172152129635629078e-02	-1.596960221340453789e-01	-2.541519721400267717e-02	-3.214251937770586931e-01	-1.894015489738931912e-01	-2.344733369549643620e-01	7.383403786152983872e-02	3.141424263613644130e-01	6.464128709440918052e-02	1.375484629175231510e-01
-2.142317997345828673e-01	1.899332938488069999e-01	-1.934053537435746761e-01	-2.683771193912394826e-01	-2.556412671645025281e-01	-4.133628895127111624e-01	-3.013812044241497845e-01	-2.250239698388408760e-01	-1.268047487789225325e-01	-2.122439044097049476e-01	-2.399964226096777120e-01	-2.600510500908981837e-01	3.597456085353271105e-01	2.587235577607515657e-01	2.730393139981694972e-01	4.741510433213838027e-01	3.956574343887759859e-01	2.183630919425619543e-01	1.000000000000000000e+00	4.976184397959222960e-01	1.455873558506373504e-02	-2.537957489507053355e-02	3.312128861289609927e-01	2.013786879525631679e-01	1.424609443262070396e-01	3.433734004009965646e-01	1.093160695397624310e-01	7.242966288869487346e-02	-6.685200637930474588e-02	1.216184366669217053e-02	1.982798346063133765e-01	-3.156127871618536473e-01	-3.084230037654147605e-01	-2.143840660829487710e-01	1.089976141068343396e-01	1.971291509854517232e-01	1.220896600425254303e-01	3.628294221921021800e-01	-2.702566524765436795e-01	1.258335885042606572e-01	-1.510216243585118211e-02	1.112808569933077252e-01	-3.055070980417954468e-02	2.008006881481531336e-01	2.179343276252566908e-01	1.603915991215802694e-01	-8.321530695757756169e-02	5.296593190753069030e-02	-2.367187508962655951e-01	6.738491442089203365e-02	-9.581393251415212114e-03	2.137369244392029466e-01	5.142365571749819148e-02	2.572991061352083997e-01	1.267268399917823585e-01	-3.810565441087246374e-02	2.894406657069438227e-01	-3.389003049121633859e-01	-1.009375243453777549e-01	-3.077324938813752464e-01	-1.746593236384160752e-01	-5.037336770848069994e-02	-2.334233745627523338e-01	-2.797978213134253989e-01	7.302453767188327172e-02	-2.931849217839979094e-01	1.402632841272204445e-01	-2.622062065622157712e-01	1.396990223942352720e-02	-1.267279908382976626e-02	-9.550108199474824689e-06	-1.033292976591796836e-01	-6.024885586647382024e-02	1.082323024639023634e-01	-5.667522843542137367e-02	1.856360631701916841e-01	2.946808135904234738e-01	3.113430216767880676e-01	2.103323631806562968e-02	9.857017719983397763e-02	2.949996209665777802e-01	3.226855609038054712e-02	4.411300220217638512e-02	2.175358189881432258e-01	1.186608719628174657e-01	2.973718579589508804e-01	1.145630802012622129e-01	2.253393338960181791e-01	2.303767260564262565e-01	-8.356415120564578136e-02	2.155546242823937197e-01	2.503186456907677826e-01	1.471632377136623537e-01	1.842123077417620325e-01	7.655822169984330405e-02	9.002532606337726451e-02	-1.268644820295032338e-01	-2.217473121672871306e-01	1.418152574230831242e-01	1.344495585010739291e-01	-2.361785739687478347e-01	-1.016531250026371166e-02	5.031310660629426806e-02	4.155193234518528463e-03	-2.561019506129916801e-01	-3.043314863143172233e-01	-8.195487388500238835e-02	-4.139126217101121025e-02	-2.004955676230509853e-01	-1.982521141867228387e-01	-1.783705133010553834e-01	-2.580333994011920762e-01	3.321560913031721962e-01	-7.941695006071616825e-02	4.604400965720359395e-01	3.860227390133905701e-01	3.041942923421122602e-01	3.730719493075200788e-01	1.778174935360556652e-01	3.796390830927514476e-02	2.558622041594623697e-01	6.802705273531856056e-01	4.159105222559796311e-01	7.581539697310279166e-04	5.246484128310020117e-02	1.028672384210264773e-01	2.167236077046462983e-01	3.140652074868889865e-01	4.376369215730031154e-02	1.259254495397945373e-01	-2.523190557355532437e-01	-5.791823751169785511e-02	-3.804730054621460189e-01	-2.351770369354738432e-01	-2.974796228422513789e-01	-2.791838981281942189e-01	1.659631555947026216e-01	1.464066885039487231e-01	-7.324787691062392692e-02	1.704833523829945574e-01	-2.657925327724006692e-01	2.016809637017666357e-01	-2.383862147309237234e-01	-2.790735220182716247e-01	1.798422109971268834e-01	8.655804606541714352e-02	8.221155733791907227e-02	2.117948976030830655e-01	-2.907836910723801682e-02	4.720672763089399371e-03	-3.274639470885485903e-01	-3.337046650873866649e-01	-2.622229286236142931e-01	-2.914709090607348618e-01	-4.239808309863178359e-01	-3.251024144296158491e-01	5.695409900646545426e-02	-2.446433676436543525e-02	1.514039917715655770e-01	1.485423330422867561e-01	1.706129168121139350e-01	1.699100268595269969e-01	-3.408242930842201451e-02	-1.023875447060085542e-01	-4.261692170419933978e-01	-1.715780427927777463e-01	-2.977237051760888709e-01	-2.356664094217077177e-01	-4.715285838947939068e-01	-1.634991168092043701e-01	2.182643871302837046e-01	-1.636276737086742039e-01	-2.034203769800627115e-01	-4.171476234888626400e-01	1.067788221161707421e-02	-1.398488818892492380e-01	-2.531386493273510285e-01	-2.863571913003365998e-01	-1.167995522346473164e-02	6.432211452990080520e-03	-1.261837267070149704e-01	-7.827796135590209259e-02	4.019565946218962155e-02	-1.438118054475825136e-01	2.765554416820985018e-01	1.747613632779021486e-01	-8.045393111932888641e-02	1.110867007819964086e-01	1.503338725717084101e-01	2.441349834399118013e-01	1.955962194129182430e-01	-2.884719790435394653e-03	-5.229398913534494264e-02	-1.688584084439542776e-01	-4.476476069840941430e-02	-1.989970166375485960e-01	2.316341843909872078e-01	2.300167599819801234e-01	1.166118162908020978e-01	7.703866222814903519e-02
-2.815423623404031406e-01	6.582618339504640870e-02	-1.366083063752021598e-01	-1.094935653178425311e-01	-1.790760629031133422e-01	-2.218625038670626048e-01	-2.030055224600328945e-01	-1.434857801154370283e-01	-1.975455363326684421e-01	-1.918298369922193658e-01	-2.614261315300163702e-01	-1.160418533792964280e-01	2.847798820162193989e-01	1.164873850869167365e-01	1.006519224693269154e-01	3.732586019992478743e-01	4.864676586873530884e-01	-5.719694551697289409e-02	4.976184397959223515e-01	1.000000000000000000e+00	-2.584694499545724458e-02	1.189633128066104051e-01	1.633160323265527569e-01	1.508992697414295037e-01	5.179895524421672393e-02	8.252766597995625508e-02	1.322026048976177558e-02	1.116470796433524926e-01	7.045907400130811855e-03	-1.125340449686133143e-01	9.476064673882290956e-02	-1.341383081775490704e-01	-1.175891448762824421e-01	-7.142631970468031610e-02	1.543486047691048843e-02	7.442063495456904820e-02	5.463432629495452303e-02	1.309945132720862215e-01	-2.286081925079062327e-01	-2.145323127792305232e-02	-4.777925005390439711e-02	-1.812002241859524132e-02	-8.256556697369576980e-02	-1.681340130605286920e-02	6.509204185958109012e-02	8.730043582071887742e-02	-8.729056623442045526e-02	2.204447211484310623e-02	-2.974939155811373026e-01	5.334335963283904497e-02	-4.256209618409702300e-02	7.441008612483432372e-02	-7.921062637269959961e-02	8.266025470386298424e-02	1.536510212743578876e-03	-1.865136690125032345e-02	1.378687766887701227e-01	-1.067180214762731560e-01	-7.803711663889395522e-02	-1.811890560182706500e-01	-1.072011442294827921e-01	-4.087124197531043918e-02	-5.807728990799790325e-02	-2.354046599632242942e-01	4.492748376417756567e-02	-1.617173150934446413e-01	1.467146269479932263e-01	-1.297516593408831465e-01	9.303878521169203775e-02	2.431043319103928530e-03	1.578954397547997074e-02	-1.050889237815996191e-01	-8.577084892599494415e-02	5.341964420641663255e-03	-1.150887236069032815e-02	2.313666429881578446e-01	2.066292481532794600e-01	1.258049860834732914e-01	-3.961172123816295021e-02	-3.406166059883678626e-02	1.251000510462383364e-01	3.142984632143752850e-03	4.389879428116022497e-02	2.176364080201806106e-01	8.254531670759962525e-02	2.035221620108703389e-01	6.123822729563679207e-02	1.205914247346247525e-01	9.877089594358628988e-02	-6.389330483144561867e-02	2.138732083450753108e-01	1.463763814978441156e-03	1.416485296097087232e-01	4.799471232067175491e-02	-4.451272450185778801e-02	-3.801498661114061789e-02	-1.475347376811819433e-01	-2.794426045004633763e-01	2.369610265888740241e-01	8.027981410075958613e-02	-2.496748694099294175e-01	-7.944635657091804470e-02	1.524878627174147405e-01	1.734332206026587275e-01	-1.256246960510901123e-01	-1.425987532062358287e-01	-6.461544897460490267e-02	-5.854020928735386570e-02	-1.675808251745337651e-01	-6.342584895420490254e-02	-8.972408610932272599e-02	-6.684800668630833283e-03	2.028896028290295694e-01	-1.887502091687338901e-02	2.933176116688315793e-01	7.520025345486276713e-02	2.897078089142339774e-01	2.779094715682525196e-01	3.453643599548346099e-01	8.790411766604162846e-02	3.335207264832684704e-01	5.381830374505943704e-01	4.548952457882918243e-01	7.558119539265964471e-02	-2.038261941086722331e-02	-1.137186065874451479e-01	8.585068282823110630e-02	2.363313398735544801e-01	6.294200989863665829e-02	5.684933805085881642e-02	-7.832305114085887088e-02	-2.578183317660735496e-01	-3.043249612986754227e-01	-2.692058322998507752e-02	-1.530035408932593488e-01	-9.748053983652867072e-02	1.193587108575050876e-01	1.190379211513215296e-01	-1.458422109282707657e-01	1.197900203652623452e-01	-1.180506832974865528e-01	8.427422174851646741e-02	-6.107995473498017275e-02	-2.330150572118555030e-01	3.554504214235595927e-02	1.396541934148778225e-02	9.558190205226294034e-02	-8.412762763933727753e-03	2.500409177855831416e-02	5.147786744477417936e-02	-2.379196512703169453e-01	-1.198483493018968199e-01	-1.779402080504178807e-01	-1.202484176038377400e-01	-3.777045841471869947e-01	-1.081423114296223287e-01	2.792812948671857462e-02	2.489528741125580924e-02	-7.590167380373813444e-02	9.249109670166731634e-02	-2.327656982243368061e-02	-2.702060316208477683e-02	-1.237071572488479959e-01	-2.250992220556823908e-01	-1.462943864490149071e-01	-5.006288633402535687e-02	-2.858090405549171820e-01	-1.047529138297683821e-01	-3.916596510821448440e-01	-2.731478919828876639e-02	2.118034429871466090e-02	-4.189364054858395713e-03	-1.591193507215397096e-01	-1.478476275792875994e-01	-1.655866496710758917e-02	-8.976100859283711597e-02	-1.753982017476534705e-01	-9.536841466762289998e-02	-7.790458153211432535e-02	-1.340166458936061303e-02	-1.559429802978539725e-01	-8.486438259236211978e-02	7.743422974235732170e-02	-2.025043481879276186e-01	9.757937515171564644e-03	1.028731591745346702e-01	-1.266025402272358824e-01	5.757651216011715894e-02	2.022231572266651803e-02	1.926547525103388878e-02	4.664852882363210163e-02	1.088439092142774456e-01	-1.467051968272422013e-01	-2.250193701147835956e-01	-7.189732547184925215e-02	-2.740412334319538568e-01	-2.779323553262876695e-02	7.957074960849133682e-02	-6.651486703752271246e-02	-6.659319816659765856e-02
1.231006589480940633e-01	-3.238594640686226489e-02	5.920205267069511557e-02	-6.190566177472478504e-02	-2.000859789911727804e-01	-1.400887562057017977e-01	1.456885385042073489e-01	2.154737237709195563e-01	6.098610098342471808e-02	1.774370369925967472e-01	1.456111449130182700e-01	7.821298250231537019e-02	5.729071926979548146e-02	2.209773550976465092e-02	-6.409373367590188997e-02	-9.774860137299468468e-03	-9.331076260056306304e-02	2.060414361065938393e-01	1.455873558506373330e-02	-2.584694499545724458e-02	1.000000000000000000e+00	2.968753302169588326e-01	2.975197524464209264e-01	2.642927299339342673e-01	3.391770639166278301e-01	2.597712798920757127e-01	2.710267196223549793e-02	7.172954122907905516e-02	4.841731496207663660e-02	1.996311643257935309e-01	-2.576262748091360799e-01	-2.528608087569897411e-01	-1.206222743255031676e-01	1.274256531216817756e-01	1.603623054749125920e-01	1.206396906944442321e-01	6.591394322078301948e-02	1.339665054490497831e-02	-7.580570360247772255e-02	4.453859851799172875e-01	5.439443188564599962e-01	2.287271881371210069e-01	3.584026016805204051e-01	-7.257090778315325279e-03	9.412539718002238542e-02	2.287999578280230373e-01	3.299048845458056878e-01	1.440453057431629602e-01	2.883433225312886927e-01	1.453124835909252177e-01	1.040041575967472556e-02	5.812921850071128133e-02	-1.849702995847521403e-01	-7.658966729071439716e-02	-4.749435664984034272e-02	-5.209665662438968392e-02	1.407767380004718537e-02	-1.197584320601510766e-01	4.829446336535283407e-02	-2.027340991681304133e-02	-1.993260426804538132e-01	2.681158268629679209e-01	-3.851470939589858589e-02	1.114917866365178201e-01	1.510486400124778916e-01	2.147265588075968415e-02	-3.898001898050260788e-02	1.001747736657090382e-01	5.981034944459841241e-02	3.355256209661313521e-02	1.114946253863043218e-01	-1.587330805032614867e-01	-2.315754506513420796e-01	1.310399703620715173e-01	-1.325348763151962261e-01	-1.542279925867769685e-01	-5.441856934230607235e-02	1.972827433673269779e-02	-2.957517365355161743e-01	8.793031971781392619e-02	3.915203869353069827e-02	1.814289526720001544e-01	5.209271749456393513e-02	-2.712063639712073218e-02	5.001873009088830813e-02	6.155324105872694851e-02	-7.047803848697041518e-02	2.148546079637516093e-01	1.867297420261772034e-01	1.544912245056874189e-01	1.793534849015881449e-01	3.065931120226587092e-01	1.129695752768342942e-01	2.763673728009946595e-01	4.309344453787605778e-01	-1.989581408544705277e-01	-3.024001173053336711e-01	-1.213762529926546568e-01	3.542195869202095504e-01	-2.777552621603848748e-02	5.922397690054451158e-02	-3.330477549586367825e-02	1.484515569727101747e-01	-1.216351817819081027e-01	2.889664467395335751e-02	-2.484277944913215047e-02	4.973924219004769581e-02	-5.484972951747222464e-02	1.209193179594563600e-01	1.359217240011414973e-01	-9.468296455307187443e-02	-8.129750005112160172e-02	1.560646143050853640e-01	4.480779026961409506e-02	2.102103183832433886e-01	1.793598741156978427e-01	9.679884360274275401e-02	9.075391903955978834e-02	-2.800044568323551645e-03	4.767681169576918482e-02	-6.590825848790433927e-02	-4.102429695122434975e-04	8.133874510337313346e-02	3.372569836635094243e-01	6.713390407364111523e-02	2.586966091989063021e-01	1.636713156320296070e-01	2.898364497023537267e-01	2.900781601688178224e-01	9.426621549142423506e-02	-3.467034666104553131e-01	-3.164264429731463157e-01	-2.647323062705580488e-01	-3.264580889905064343e-01	-5.783519551877756154e-02	-2.172503419107598976e-01	1.231319838967108865e-01	5.645661975300417940e-02	-4.282038221145484380e-01	4.750924447144102419e-02	3.796472766295228007e-02	3.371148462307167470e-01	-1.532152134837996837e-02	2.244430764243676713e-01	2.237742498744377528e-01	2.817497607350692990e-01	5.763215138286496841e-02	-4.473156161531589847e-02	-1.529097555350523996e-01	2.679819743444399882e-01	1.272424903166917143e-01	1.992452129451587339e-01	3.743288081047522337e-02	1.475020793982106670e-01	1.625525135787089237e-01	1.397759072726291463e-01	-3.959090403335838865e-02	1.701226958112274368e-01	-8.427967994542635843e-02	6.014734427066242839e-02	5.270488972833220487e-02	-9.820444460932667430e-02	-1.145405883790766161e-01	-2.375928290058202386e-01	-2.737683073974085946e-01	-8.159522598155902195e-02	-3.075650674039985821e-01	2.079695833333249089e-01	-1.606903265202724584e-01	5.985377865429730715e-02	-1.578458221761991354e-01	-3.025792826692224602e-01	-2.295987211568616959e-01	-1.231825487146893661e-01	1.304743014251094069e-01	-1.130230672428529787e-01	-1.646695249407989850e-02	-4.657857002141554958e-02	1.762943011560670070e-01	-3.016380805943976173e-01	-3.189376620528519002e-01	-3.906824544650763231e-01	5.280947901027878422e-02	-2.779784305490594076e-01	6.128458587532630009e-02	-2.730555822409163613e-01	1.640940886969111667e-01	7.421635150194651198e-02	4.082309506227958795e-02	-3.343475727661729402e-02	1.043804448738789165e-01	7.097536715533969698e-02	9.084007380708797319e-02	-4.353984056727520646e-01	-3.913233517081337043e-01	-1.277795856000070451e-01	2.146443405033429327e-02	2.181925214774865229e-01	-9.501194632118384678e-03	4.642516785051165051e-02
-6.366824608568877331e-02	1.632754930587334008e-01	-1.030004270119195681e-01	-1.590278473012765592e-01	-4.263780884155320833e-02	-2.101130207674770933e-01	-4.466353094117853778e-02	-1.964420288484745869e-02	-1.121316439066583071e-02	-4.713102809577018187e-02	-1.237883969306455001e-01	-5.531866603907083235e-02	2.065685401767142770e-01	-1.947988773993742035e-03	5.249302599540140585e-02	4.372678618016696828e-02	1.173763472067544389e-01	2.186086933782868114e-01	-2.537957489507053355e-02	1.189633128066103912e-01	2.968753302169588326e-01	1.000000000000000000e+00	2.730505331186908746e-01	3.823959178807520565e-01	3.922948233678733021e-01	3.009047949343158779e-01	3.250568625294080194e-01	5.389267475945604957e-01	5.006703780199980858e-02	1.991213097955938649e-01	-8.524474883334727526e-02	-8.617969988339965748e-02	-4.833910594456264885e-03	1.246967880014589747e-01	9.208586877852981134e-02	-3.813422520005319699e-02	1.104838814413163228e-01	1.771256132123176508e-01	-1.174438916014278467e-01	3.311145994337517662e-01	2.666016379786931845e-01	1.030247695026584309e-01	3.312728696034241693e-01	1.060211166977361244e-02	1.757493259977060407e-01	2.521999565929163856e-01	1.834445805229600324e-01	-5.495539355964566136e-02	-6.772983127430860784e-02	-1.556305158157941099e-02	-2.085039130985656131e-01	-2.541253778266836516e-01	1.054577574249038197e-01	2.077033557235110905e-01	1.128550379609931896e-02	-1.992759864192936853e-02	1.660663863842782861e-01	7.377047945893769332e-02	1.464307510129096712e-02	-1.094989645026987340e-01	-2.070467529178050270e-01	1.563255923006686560e-02	8.014673474331561465e-02	-2.530514996704891911e-02	1.962897094956899194e-02	1.481877376540255975e-01	1.009407597066167145e-01	-1.244393903254634344e-02	-1.075276530475159920e-01	2.788158824735819524e-02	-3.425371404383448781e-01	-1.810582119382289912e-01	-1.928935764204690873e-01	8.870475124957184765e-02	-1.861571031999822712e-01	-1.830653474075056852e-01	-1.593493318468528763e-01	-2.820300012402246481e-01	-3.577434506391628521e-01	-1.765415645664465683e-01	-1.934821929341372926e-01	-6.133981298916743596e-02	-2.964645159014881459e-01	-3.275189414037347202e-01	-2.722559403003493861e-01	3.378127928548885911e-02	-3.243284819410603981e-01	-1.116522703875497402e-01	-1.415717956630279661e-01	-1.673411699617905479e-01	-2.057478281440697221e-02	-9.248628433263769710e-02	7.276704865820270152e-02	-2.397200729828779381e-02	1.918351273615438168e-01	-2.439578882967552709e-01	-3.648363603452976500e-01	-1.858109739185574705e-01	2.331618962662729000e-01	-1.566146124780919691e-01	-1.652474531236302890e-01	7.050481973917881173e-02	1.040354934479287841e-01	2.391238594050138985e-02	-1.750693391067333071e-01	-1.190205740104447601e-01	-4.286802524635962425e-03	-5.216165417845045060e-02	-1.501116368301000370e-01	5.741333110567425901e-02	-1.618974332850337261e-01	4.686954073910245405e-02	3.537228280771399086e-02	1.656166329489128786e-01	1.606867882095580902e-01	2.068734999690237039e-02	1.544538813289733359e-01	-4.140240685706580298e-02	1.240478405125762795e-01	1.798187092856199654e-01	6.867621399035678253e-02	4.867959809582489417e-02	2.144269143552656604e-02	3.698342713519339742e-01	4.302947825093509926e-01	3.836963353655893916e-01	4.771669160819366762e-01	4.442202379401392620e-01	4.227254071057844342e-01	3.063738388778869948e-01	-1.562147836955627422e-01	-2.158031122538885960e-01	-2.820549392366985542e-01	-3.332979556769351953e-02	3.665808671132380573e-03	-1.011469563747660477e-01	1.557306062097909005e-01	1.537066304993599253e-02	-1.616563916916594346e-01	1.220373824305649030e-01	9.867982019872646726e-02	4.303201308340831033e-01	1.837889662301950833e-01	1.733795221042147283e-01	4.404197443773388287e-01	3.508799190022827141e-01	3.687120810986698749e-01	3.895012851169418755e-02	-1.150546858956789098e-01	2.573175902289361328e-01	-5.450129985136926980e-02	2.023623567734348094e-01	-1.046121894007367298e-01	7.399109740478394814e-03	-3.095550381667487236e-02	9.392479121150848487e-02	-1.185399946947572197e-01	-2.877763555951564842e-02	-3.306607797223966583e-01	-1.839656676041744321e-01	-1.342322586370300330e-01	2.294382152561279808e-01	5.479744831022085282e-03	-3.352369416004450375e-01	-1.442321506025537325e-01	2.670340924532397728e-02	-3.646782426460325466e-01	2.902012150259228873e-01	-4.174863169538436947e-02	-1.362859821580942321e-01	-1.174206192588122255e-01	-1.347714647192326844e-02	-1.949554196233568293e-01	8.360101440486984725e-02	2.743346144585161461e-01	-3.633359714919174276e-03	-8.531540011726695960e-02	-2.174296841045215145e-01	-4.404001682006965929e-03	-2.788009861455508220e-01	-3.241963416941173737e-01	-3.426334792784936911e-01	1.290951892820235980e-01	-3.062048712759775082e-01	-2.009697261757736053e-01	-1.631344975964063304e-01	-6.853370645242597148e-02	1.940382803464084094e-01	-2.740412597996372268e-01	-1.544952764993805516e-01	-2.702261329824135472e-01	-1.558357654121496350e-02	-1.144655135393915224e-01	-3.997163535515409483e-01	-3.431229355435133632e-01	-2.236636694903020584e-01	-9.776302354445623455e-02	2.508074758716912211e-01	-6.861099808850028292e-02	-5.861417238578701255e-02
-5.036019230298405432e-03	-1.267744890679270431e-01	4.053556731072511816e-04	-2.612282785594302048e-01	-4.725990369454856621e-01	-4.299332597937536304e-01	-4.849849420603435934e-02	8.312997760146383086e-02	1.652586799405172391e-01	5.098282281645708652e-02	-4.230047246426830998e-02	-1.050650177648579792e-01	1.236822600471960271e-01	1.443083953626137506e-01	1.100134349984999149e-01	1.897496917098919489e-01	9.264345368077551990e-02	3.207920343362499205e-01	3.312128861289609927e-01	1.633160323265527569e-01	2.975197524464209264e-01	2.730505331186908746e-01	1.000000000000000000e+00	6.659145788961929879e-01	4.896494774701116159e-01	6.075666610911215626e-01	4.896722967954495465e-01	3.224559672848190672e-01	-2.097031190020402780e-01	-2.642764865333840224e-02	-8.484904230235437717e-02	-4.867102930626478474e-01	-3.735722993602763053e-01	-2.197301157077038436e-01	1.614534426036970394e-01	1.404244036510201021e-01	1.246933187982450786e-01	7.660333154517094678e-02	-2.720549950806448458e-01	2.637651938511597072e-01	4.023653957001297465e-01	4.533536105906834091e-01	3.593049721607154967e-01	8.152967512196881983e-02	3.753067786447323306e-01	2.317812289868622366e-01	2.812536109308225729e-01	1.531692644197930053e-01	1.820530153495156789e-01	2.555128943531482788e-01	-9.233444628060021031e-02	1.022799406703639793e-02	-3.533985954857259831e-02	2.047794854767502337e-01	1.892298294141756543e-01	2.042767444634830676e-01	1.551846183299399606e-01	-3.576193433569144209e-01	-1.660271091043341862e-01	-2.273265795520905685e-01	-2.738143318364756884e-01	4.219481817639686438e-02	-8.619213179457925478e-02	-9.542575810456706276e-02	1.751875518041198232e-01	-3.135873975589899276e-02	-3.988152089065486600e-02	-4.577895483159179907e-02	7.224825309735044554e-02	-9.200809161728550067e-02	-9.762674064165127730e-02	-1.922977625759670350e-01	-1.944425704458664916e-01	-2.036915629231702066e-02	-1.165171468454688219e-01	2.143525159444448908e-02	1.909921547246936913e-01	1.525689061970197380e-01	-1.938982134025203918e-01	-1.445692558585546517e-01	9.192009099476727840e-02	1.215534782065523789e-01	-1.234095437200349449e-01	-1.395784500081863888e-01	-8.170620196813406511e-02	2.790563801145745093e-01	1.132486288354832143e-01	9.765541241251896043e-02	2.275213363236146535e-01	1.038848096329901272e-01	2.877957257702724037e-01	2.545287008288443786e-01	1.159125770307421754e-01	2.175791401181938201e-01	2.941984458583504769e-01	-1.156250481571869521e-01	-2.235246725415603042e-01	-2.029029477403940240e-01	3.347185189887329493e-01	1.375293074703533569e-01	4.300971378084480351e-02	-1.221631912230502631e-01	1.403307857712001727e-01	-1.038321023806822174e-01	-2.769298338889117916e-01	-1.505903571918468242e-01	1.461292614242981347e-01	1.327896247427720333e-01	8.914424160916023521e-02	2.363506453544402808e-01	-8.418534357417978287e-02	-1.958266346154781123e-01	2.745344185584387420e-01	1.443595969549951175e-01	2.700076044244311690e-01	3.331454165019649416e-01	8.304213798222044585e-02	1.169896711538461476e-01	1.109401799252451859e-01	-4.893747449119097322e-03	-1.504790387438079309e-02	2.486126756347991906e-01	1.972542479806665694e-01	2.454230871904382327e-01	2.347415258638889946e-01	6.311837918155001059e-01	3.816991027630719513e-01	6.140166521416102752e-01	4.175659872232060366e-01	5.388434594601375638e-01	-4.399215773012647435e-01	-1.565102875675111194e-01	-5.180255870321726075e-01	-3.827922097992078054e-01	-3.846074879984352490e-01	-4.978909133338061954e-01	3.350080523358621165e-01	-1.173006005545879221e-01	-1.900168140286471741e-01	-7.198241874893814007e-02	-1.636822822886234152e-01	5.268052248071274368e-01	-1.362100612311340775e-01	1.405065603339586133e-01	3.202288528393182898e-01	4.576803620692236896e-01	2.022675434178024256e-01	2.058795207111061287e-01	8.698030827503257581e-03	2.457768377231308865e-01	-8.837651493821284399e-02	-1.295372514322610247e-01	-2.112033036506236472e-01	-4.298209526202379643e-02	-1.722927812896415944e-01	-9.388783798504762856e-02	-4.128674699121701042e-02	1.624942164265101019e-01	-1.904643112537533489e-01	-6.074126655085901327e-02	2.166278181893589172e-01	2.914768531661707240e-01	6.538695741223713451e-04	-2.650486974695867581e-01	-4.985510727415808363e-01	-2.954687438681294354e-01	-5.432301052738466307e-01	-9.421115848246744418e-02	-3.976392186290875763e-01	-8.506715657189914404e-02	3.402142828651201489e-02	-3.500358614272143232e-01	-2.285032492138931448e-01	-2.840693563609318351e-01	1.500665448591427704e-02	-2.455600759221471252e-01	-1.653874427183417706e-01	-3.345587144232728960e-01	1.368903264634192540e-01	-3.278622544990774657e-01	-2.034250326081480931e-01	-3.404892026002465655e-01	1.161958639748878336e-01	-1.047240666332516085e-01	1.534296792838041323e-01	-1.026690954941018030e-01	6.212383671262453749e-02	1.114731500817303239e-01	-1.200959343466101586e-01	1.240980774658187874e-01	5.103229217066266796e-03	-8.980521619793684074e-02	3.574549946850678894e-02	-3.263922260638526529e-01	-3.188468953627286995e-01	-1.192309172732055750e-01	1.185733139525019519e-01	3.802090026378392440e-01	4.948058145178896999e-02	2.414164475094388307e-01
-3.851314162706605954e-02	1.341377844088571247e-01	8.700450858095601717e-03	-7.922043774760023638e-02	-1.474836680899510311e-01	-2.017905314771494818e-01	4.369898422640945289e-05	7.100688988019521197e-02	6.809003964391766028e-02	9.322897882866197639e-02	-2.179904149648757838e-02	5.307202509259860423e-02	-9.815168844786127667e-02	-1.391521119020276351e-02	3.492729307255378057e-02	4.361916589448362053e-02	8.144105845334974336e-02	1.024057285149809621e-01	2.013786879525631679e-01	1.508992697414295037e-01	2.642927299339342673e-01	3.823959178807519455e-01	6.659145788961929879e-01	1.000000000000000000e+00	3.373877194602697971e-01	3.976496701943974532e-01	7.207684451691976912e-01	5.726973198740487048e-01	-2.751606965695857152e-02	-3.829515050715816271e-02	-1.217055511753840219e-01	-1.853826200087337062e-01	1.907571015598914094e-02	-9.208434180798173718e-02	-9.383437989444057270e-02	-1.761754267514125116e-01	-1.878103462231586404e-02	8.459206497239867006e-02	-2.670536861037346443e-01	1.345496475824677629e-01	2.776812722874114625e-01	2.873228478578407352e-01	4.306473650588980018e-01	-2.944311824246046913e-02	2.219482961632456286e-01	1.760352291572411521e-01	1.627914512051905627e-01	-2.857206633004066160e-02	2.089685673816697731e-02	7.153626772567975474e-03	-1.454955806811212837e-01	-1.312242466499940752e-01	-1.873384572009585344e-02	1.563083552313983549e-01	1.090773751722048518e-01	2.232655796993332151e-02	1.490805474150431187e-01	-9.272820178163015958e-02	-1.878726598552126204e-01	-1.180915999918471654e-01	-1.541942306628765746e-01	-7.362261589730456635e-02	2.130877922789853416e-03	-9.363715652241891285e-02	-3.090219106730161813e-02	-1.734977980782336227e-01	1.894483811821353475e-02	-1.336155021457277048e-01	-1.176088691209438153e-01	-6.029385960537277100e-02	-2.715933429506989794e-01	-7.617422525734418581e-02	-7.474362383954391564e-02	2.470696427544561910e-02	-2.590504374690734690e-01	-7.293821655120881486e-02	7.359717200863982733e-02	-1.341985220144951418e-01	-2.906253300639508041e-01	-2.440440555212650686e-01	-7.852893817974579416e-02	-9.921330108783024682e-02	-3.423643008993191295e-01	-2.270317275115051325e-01	-2.051827872665770158e-01	5.982024197783977065e-02	-2.293611686057107080e-01	-1.163790512923360693e-01	-3.495259634337911925e-02	-1.698092613232495829e-01	4.755111626366882727e-02	-4.544660853439409266e-03	6.107908861213658114e-02	-4.409241197428225706e-02	1.397110031079913939e-01	-1.639764695733562927e-01	-2.265028273509770984e-01	-1.675303390139812054e-01	1.109756244997116698e-01	-1.649253770833342125e-01	5.726932318569760705e-02	9.384751307803735829e-03	2.096492025955673522e-01	9.819521467116509861e-02	-6.940924515326883648e-02	-4.335130005717229007e-02	1.231679527414299979e-01	1.241148243194084289e-01	3.128534880446660199e-02	1.486965497534492864e-01	1.579998142770130346e-03	7.896054465736263017e-02	7.007092160159970884e-02	4.944134304655111167e-01	1.423201803720149095e-01	3.117686436400176064e-01	5.584956401177492563e-02	1.620628094180630863e-01	1.454768478369140861e-01	9.125879024783392613e-05	1.467076153774717895e-01	1.858376525374959842e-01	2.238576544185439110e-01	2.149458916550988363e-01	2.495933219469863573e-01	5.569407777378274638e-01	2.520244704851456463e-01	7.718015986751255442e-01	7.109809455495852415e-01	8.304769671948142307e-01	-3.160186653807564028e-01	-2.079267095612546967e-01	-3.127597657280161147e-01	-6.758527065168702663e-02	-1.721303032725317039e-01	-2.599053861362458084e-01	4.652079691166243203e-01	-2.331493425650009721e-01	-2.054859646686672536e-01	-2.354823691659438736e-02	2.101255313836924640e-02	5.095531739765771784e-01	1.867038675925601909e-01	1.118033401589505205e-01	3.747626543756683581e-01	6.111486377230767042e-01	1.948226018451696129e-01	-4.894628464886712632e-02	-8.289280002884383269e-02	3.751157946776262353e-01	-1.592796614987232739e-01	-6.902396995395122803e-02	-4.008227615943109057e-01	-2.867277871959404423e-01	-2.041373145010147716e-01	-1.980041633260561373e-01	-9.891070952226824198e-02	-6.146176316872487694e-02	-3.036901423702018099e-01	-2.409632836265885036e-01	3.720243269348477017e-02	2.703634228360296543e-01	4.149959195979942284e-02	-1.890993928344034958e-01	-4.206579288498981106e-01	-1.859372548042366180e-01	-4.611175388982372003e-01	-6.096517268611758786e-03	-2.417265353427314745e-01	-2.881277961851129166e-01	-1.021716454731454171e-01	-2.921894940625784365e-01	-4.471918946657708616e-01	-2.791112608316239641e-01	3.082985525846297648e-02	-2.829920044645913846e-01	-2.109056149254160684e-01	-3.959116538615253256e-01	-1.042180417497300809e-01	-3.329816587482713475e-01	-1.414137573274680537e-01	-3.209965026345379946e-01	-1.200948465111315727e-02	-3.027362991591584507e-01	-1.552121403943267086e-01	-1.485333455289128135e-01	-2.203999036548116575e-01	-4.888197135031174118e-02	-2.467587946393852705e-01	-1.027505332583732722e-01	-2.082491297466079749e-01	-2.916323829877092155e-01	-1.501391439674875650e-01	-4.042523032014131434e-01	-2.012555769512811565e-01	-1.635615787619054129e-01	-1.277770253239113307e-01	1.834093809408096909e-01	-2.026015227823054210e-01	1.610238182543233948e-02
-7.564814201667267868e-02	-2.251989630620875316e-01	-8.344461932056269904e-02	-4.291764449434449236e-01	-4.505607950069924761e-01	-4.230851517919274607e-01	-8.661330603965251840e-02	5.590837628437102247e-02	4.482483088270212968e-02	-9.570048129334855769e-02	1.271962428612230522e-02	-1.648035394079707949e-01	1.635999054683930642e-01	1.382411406374452374e-02	1.366092063305397730e-01	1.170276867248125630e-01	3.646686112967529453e-02	3.317404901013856766e-01	1.424609443262070396e-01	5.179895524421671005e-02	3.391770639166278301e-01	3.922948233678733021e-01	4.896494774701116715e-01	3.373877194602698526e-01	1.000000000000000000e+00	3.694970537649749920e-01	1.422515968884595083e-01	2.853342271288940024e-01	-2.524733748050749238e-01	-1.755103756314503952e-02	-1.556533413371332664e-01	-3.281146419165207329e-01	-2.487415089306343474e-01	-1.587848935884704493e-01	-5.968653125703932139e-02	-2.012306043536347955e-02	1.397991348772486264e-01	4.104821796692122854e-02	-1.098824915697581839e-01	2.349751823214117907e-01	3.137633133482226055e-01	2.234410330075199680e-01	1.290197481183518180e-01	3.160199989139742538e-01	2.679001416417536308e-01	3.235906678611045195e-01	4.924246274377101495e-01	3.790773870943210944e-01	2.454165449403068466e-01	2.878989949739590992e-01	-1.764693695947388008e-01	2.606475416200143558e-02	7.113326710228441707e-03	2.439373462766402656e-01	3.596840528956116168e-02	2.055319542444393188e-01	2.247972251335439153e-01	-1.508766196869532061e-01	-1.622100065071415131e-01	-1.008904519248818299e-01	-6.492799883827765628e-02	1.649683921012461973e-01	1.493946396484426842e-01	-1.642907547843693861e-01	3.927629585618367947e-01	2.657844421082584119e-01	-2.057994410127541446e-02	2.313216736553312392e-01	1.870227205116813674e-01	3.923476734269013000e-02	6.051679386810279032e-03	1.153571100046456820e-02	-7.303304583693796467e-03	1.030856754969092792e-01	-3.713331521966539012e-02	2.697390235029098818e-02	1.979639335608675277e-02	1.189804511035020274e-01	-8.940038726296352378e-02	-1.186432178955297290e-01	1.329765511872052774e-01	1.274826128712723272e-01	-5.489470794972167722e-02	-1.923186176077293086e-01	-1.391581473780610922e-01	3.185509181578762838e-01	1.706578049454305634e-01	1.558535749603051357e-01	2.158757647268136071e-01	2.239642882455303852e-01	3.519547045238083927e-01	3.324032823941749926e-01	2.215941645360108847e-01	3.443799623561400458e-01	4.128297400120122251e-01	-2.016440654137237887e-01	-2.389000008465250180e-01	-3.348141446842168301e-01	4.541058711716269292e-01	9.784033370900493964e-02	-1.764750967689540651e-01	-2.109073869913429544e-01	-1.324382593784911855e-01	-3.056855832036518006e-01	-3.943993995674392461e-01	-3.414756280749906558e-01	-8.805395341444612056e-02	-1.308997954586115231e-01	-1.339389026900962842e-01	-1.734592856463666732e-02	-2.019594424444326186e-01	-8.879418593375311419e-02	1.088822970839387061e-02	-1.811657799096196009e-02	1.049845030963676568e-01	5.806230773289686176e-02	-8.532561314029279975e-02	-2.027591796342973207e-01	2.152879533501329476e-02	-6.338308569477351523e-03	-1.427781449101310496e-01	5.439424718612310972e-02	1.228877407224993473e-01	2.491040752834432770e-01	3.060049126272195164e-01	3.586216228657088112e-01	3.074482781382097962e-01	2.902769267270147724e-01	2.455549625520568047e-01	2.307462247539421585e-01	-3.107612749660966789e-01	-2.751781763385269253e-01	-4.768268086938096117e-01	-2.058309870589716539e-01	-3.277012999773118995e-01	-3.807246489355745611e-01	5.506390564594186576e-02	-1.835359643320378931e-01	-1.715656125363458906e-01	-1.932938426812571067e-02	-8.666785340122062919e-02	3.975689808754367394e-01	-4.023200216630978820e-02	2.546426532708433443e-01	2.427592386189796614e-01	3.562837342599830537e-01	2.603731389432440979e-01	1.777686653558324670e-01	1.468077400336066478e-02	1.621235634289151517e-01	2.147898453954262821e-01	4.627808772621185701e-02	6.192806643733380495e-02	1.465904873210018555e-01	-1.219702559149466944e-02	1.891330347583360938e-01	-1.201726286134910809e-01	2.078365440147400545e-01	-2.424397687006026314e-01	-4.394678156170937766e-02	-4.867540799583176120e-02	1.742350885664886162e-01	-1.420595265697681235e-02	-3.165962398748527473e-01	-3.763993749999928751e-01	-2.404855507039776463e-01	-3.773430804872204281e-01	4.027818601409404592e-02	-2.887009005735359235e-01	-1.287256854672521322e-01	3.325086094770435090e-04	-2.509267794318809641e-01	-1.421812807855954153e-01	-6.587676828864049219e-03	2.602959028244516415e-01	-1.603666682231102147e-01	-1.350515292801127976e-01	-2.619450659472407072e-01	2.487159822237041962e-01	-3.215596970078554162e-01	-1.939381832851067577e-01	-3.006596573719800825e-01	3.319990698874127899e-01	-1.830246635609509009e-01	1.007079486867350215e-01	-2.365136240686148972e-01	1.278285662993622340e-01	9.907515056979701584e-02	-7.451677995802659382e-02	3.272978557867451538e-02	-8.945659934706262639e-02	1.361953809071778931e-01	1.558962135386607051e-01	-4.053756073251717496e-01	-4.046748224869923249e-01	-2.470137844772033742e-01	1.066828455470514719e-01	5.358442265067669963e-01	1.220448407732365736e-01	2.163642103055077592e-01
-1.036509982165875476e-01	6.548847664676034352e-02	-1.370906098002611651e-01	-3.035569346987203043e-01	-3.865630220430334441e-01	-5.047191654673678363e-01	-1.005798435154605375e-01	-6.275732999881097895e-02	-4.919860889630225248e-02	-1.306931319513364442e-01	-1.529360223513588357e-01	-2.070781007912488869e-01	1.992942019208108761e-01	3.803559655470137857e-01	1.371197290379257971e-01	3.154541147002490886e-01	-1.331892453043188873e-02	4.612999472037966897e-01	3.433734004009965091e-01	8.252766597995625508e-02	2.597712798920757127e-01	3.009047949343158779e-01	6.075666610911215626e-01	3.976496701943975642e-01	3.694970537649749920e-01	1.000000000000000000e+00	2.860510851821349565e-01	1.699646205445572711e-01	-3.392912254404417682e-01	9.802978441450625627e-05	1.595026726969481223e-01	-4.323816059888295760e-01	-4.033368406203083345e-01	-2.592151409817474716e-01	4.447595858959233484e-01	4.019354682217792796e-01	1.644009710071378250e-01	1.987143577756637913e-01	-2.045393123756804876e-01	4.879266795924748767e-01	3.084399126478154507e-01	4.943792216113997995e-01	2.911530114595745067e-01	4.333858421893976853e-02	3.697725934200919440e-01	2.951708767472491779e-01	2.855847807581285980e-01	1.696083718833416021e-01	7.352790259755233315e-02	2.280182996168975129e-01	-1.672242683701891108e-01	9.152138221668036644e-02	-9.104440909403760732e-03	1.862820942119457757e-01	1.323610961832468458e-01	2.411610846046495851e-02	2.868326543022652331e-01	-2.748829100463415220e-01	-1.045773664375048428e-01	-2.877548266307452529e-01	-3.529339298136178749e-01	4.286985111740223425e-02	-1.586740617200297077e-01	-5.077917291232585117e-02	2.359754368387589063e-01	-9.415581066434119961e-02	1.559586835353652945e-01	2.133100598475460088e-02	1.453733534975553687e-01	-1.670220153746896502e-02	2.485434714944040075e-04	-1.080120865258148710e-01	-1.295298851608571722e-01	3.146324557337857319e-01	1.290036357581779147e-01	2.166520893439321388e-02	2.346085740880810844e-01	2.232791431169012242e-01	2.394798131421688181e-02	1.489522174508036388e-02	1.588346741708440701e-01	1.559126577119675505e-01	-9.423549807025749861e-03	1.203955675514596785e-01	-6.194940841367908846e-02	4.010449941181347122e-01	1.079404513665090659e-01	2.431919161344575919e-01	3.228088613196443690e-01	1.290068116212731986e-01	2.597584548007624283e-01	3.420692566480932895e-01	1.294779010527567775e-01	2.759453146598652151e-01	2.040366479560916935e-01	8.064780939870025422e-02	-1.819302240760595768e-01	-3.260925767274140408e-01	3.727168587148117496e-01	2.611973134570612642e-01	-1.264276862856059946e-01	-8.597970244079715385e-02	-3.301344809983360745e-02	-1.382713291041133830e-01	-3.006744924734632285e-01	-2.584787542984811060e-01	2.115607464023434858e-02	-1.169355206541177333e-01	-1.289359671157132570e-01	-5.597913725651255251e-02	-2.758884042957168714e-01	-3.527282762305635755e-01	4.466212691191305262e-01	-4.588190992911397870e-02	2.732038738023003788e-01	4.184822759166865747e-01	5.809812937577810837e-02	2.516131871253605157e-01	5.039726430083069086e-02	2.388854791039463250e-03	-1.235681493195876501e-01	1.594500860477674753e-01	7.777601672538395072e-02	1.378460093317740720e-01	7.321964463644517473e-02	5.248850389646001480e-01	4.931302062495069860e-01	5.708711146850693474e-01	2.533882011329941508e-01	3.006621970381486153e-01	-4.747190871134047141e-01	-1.958269209399506883e-01	-5.296486892319601791e-01	-4.261544929352408806e-01	-3.811522672462044903e-01	-5.187402023830829378e-01	2.737177169702452728e-01	7.348820206930156695e-02	-1.951442424835732603e-01	-7.540942870864500436e-02	-1.833918908231123857e-01	6.406532021894800755e-01	-2.641366530093079423e-01	1.581101339541143846e-02	2.469291421140089315e-01	3.406442305492278222e-01	3.110950997199494750e-01	2.117553011719712219e-01	-2.333143921989315195e-01	1.860420702321785857e-01	-4.392258588574107780e-02	-1.681386001193111435e-01	-5.307429321241665526e-02	-6.067691240766245192e-02	-1.647703667654990545e-01	-8.107928576089371009e-02	6.344032911734842628e-02	1.477620679675376580e-01	-8.880142760529664836e-02	1.858854359305243259e-02	1.448188274415615484e-01	1.770545739744009417e-01	-6.123452617189248381e-02	-3.558158573692968840e-01	-4.066391733058520308e-01	-1.812007600682308261e-01	-4.449894790837633507e-01	-9.489264384467381575e-02	-3.472990220766003500e-01	-5.129928045722297741e-02	1.051362243969581195e-01	-1.853498565351393013e-01	-8.246214628221079646e-02	-3.066370396041781521e-01	1.448200152295313625e-01	-1.134479111904843768e-01	-9.274043347652080604e-02	-2.755327360972111839e-01	1.211403708377101068e-01	-1.783443495347690755e-01	-2.502409407515557849e-01	-1.591962784665781339e-01	2.579224762547879246e-01	-6.140335170021793409e-02	1.293094057966533428e-01	-3.139867156593231096e-02	1.133985460324258010e-01	1.840821906678878350e-01	-8.949075126150453363e-02	2.297330276423550366e-01	7.231166712768394289e-02	-1.745547900880422849e-03	-1.352404046028203924e-02	-3.011766850711237176e-01	-3.423793202263930580e-01	-2.914805766943216470e-01	6.012175186417115236e-02	3.855012969370653630e-01	2.052837407575409112e-01	1.373305976870300982e-01
1.103818674669049607e-02	1.910021605558246127e-01	1.849652189598803564e-02	-2.132163792193761398e-02	1.039883891305246333e-01	-8.675968290572806663e-02	-3.486164970929025997e-02	4.195737924640284555e-02	2.383923051573298424e-01	1.035039146641886093e-01	3.543727426266231328e-02	7.905399221945691446e-02	-2.019221354952670522e-01	-1.249906186701363053e-01	1.204345332829168461e-02	-9.570716817870852933e-02	4.778513496039139309e-03	8.410337301120163200e-02	1.093160695397624310e-01	1.322026048976177384e-02	2.710267196223549793e-02	3.250568625294080194e-01	4.896722967954494909e-01	7.207684451691976912e-01	1.422515968884595083e-01	2.860510851821349565e-01	1.000000000000000000e+00	5.283036161675269682e-01	1.048798755061413762e-01	1.436930753873259525e-01	3.205607213933722721e-02	8.425009561593546636e-02	1.104414265916761895e-01	3.322793462961225186e-02	-5.430640115418142178e-02	-2.250059020349628180e-01	-6.868775173809402168e-02	1.524158333484942340e-01	-1.400794355017371817e-01	4.978958163221650773e-02	1.685847738329927237e-01	1.452978119742171226e-01	3.810961676569056822e-01	-1.014160167294694687e-01	1.370778996654237747e-01	9.115070198142742608e-02	3.624468693601201608e-02	-1.427903779234213633e-01	-1.102450783733933543e-01	-6.287611382448668462e-02	-2.165295031664622172e-01	-2.857803054804305964e-01	8.932447819424765845e-02	2.035004302065680504e-01	2.310284723509407334e-01	2.602100391318868527e-02	1.330069902161461759e-01	6.125978110469781218e-02	-5.810957008196385165e-02	-2.755436059535150070e-02	8.059277933944047206e-03	-1.921765631562763477e-01	2.884228783319158287e-02	-2.909522043032638713e-02	-1.213178164067814091e-01	-4.037628893713109124e-02	3.406909415341893149e-02	-1.045957107892772076e-01	-1.772605889401412671e-01	-1.541462944042281125e-01	-3.888177568521940519e-01	5.464750750224713766e-02	6.846884102809362715e-02	-1.850922397122938337e-02	-1.911452040324132240e-01	-7.414742993316945918e-02	-4.150511062414699581e-02	-1.352965037398894121e-01	-1.305514769828338140e-01	-2.777071138425394881e-01	-2.716115099803125821e-01	-1.230787593274503822e-01	-3.959695425160230653e-01	-3.030921473879961137e-01	-3.472984585712409755e-01	-8.130947226267656869e-02	-2.351173890273909328e-01	-3.247667214486200105e-01	-2.491724969129461009e-01	-2.062632753726199586e-01	-6.974921030432627844e-02	-1.425669670568817660e-01	-3.819329295120558326e-02	-2.462671863938531436e-01	-7.206236737560522965e-02	2.042738715086853465e-02	-1.228954074672297808e-01	-3.875640212402904627e-02	-2.357552684617985825e-02	-1.814015691176361356e-01	5.768875136652681923e-02	1.025591567346919308e-01	1.266880292083649995e-01	8.698033928781999380e-02	-2.659309786617145704e-02	4.898577785643828085e-03	2.463415422899015439e-01	2.296299754856546416e-01	1.069431339531139447e-01	1.702168625688500192e-01	5.563752471158978780e-02	1.119458762709424071e-01	3.336316151157797671e-02	4.955370203520756411e-01	-5.490183802199602447e-02	1.863395181029563474e-01	-4.052268505240121110e-02	4.959354759438647925e-02	-6.169715355896028541e-02	2.533684466267500587e-02	1.914852406561075027e-01	3.426732260930516472e-02	8.521282162255246206e-02	-3.784296459427406029e-02	2.441305521680816049e-01	5.193387266147820869e-01	9.761402233750843260e-02	4.809600229290670881e-01	5.178565756627491190e-01	8.831853198786332459e-01	-1.132155665573895270e-01	-1.166968999788142031e-02	-7.868683014442208468e-02	7.593971978337775430e-02	-1.396401328429606840e-02	-5.007089619292472843e-02	6.380605001123823561e-01	-1.773859352812683088e-01	4.474067803064592924e-02	3.629700810515707095e-03	-1.085635550371171106e-02	3.603279390918234237e-01	1.750479256272989004e-01	-7.732829078491008923e-03	2.533247245732384023e-01	3.060513756505027771e-01	1.303541233818049649e-01	-4.906814336821960221e-02	-1.606224233355447173e-01	1.794289816983206109e-01	-1.277091174733206713e-01	-1.095997253972678526e-01	-4.192933251767925751e-01	-2.725033398139822260e-01	-6.817679952408320365e-02	-2.934456384651987215e-01	-2.103166389344423848e-01	-2.064446705571231222e-01	-2.833022574015426343e-01	-3.611953468525264110e-01	2.614445416886920087e-02	2.561508625453789434e-01	9.430383013774333578e-02	-3.253483080941688838e-02	-1.880438273205701782e-01	-5.583604953539941795e-02	-2.211265784445375360e-01	-4.029620213237671694e-02	-6.305673387726254409e-02	-1.856099020013348422e-01	-1.316233351776025517e-01	-9.227656645780987765e-02	-2.772679246908576478e-01	-1.254468301187625923e-01	8.505267215653487811e-02	-1.230485081491891203e-01	-2.286173136930376160e-01	-4.323238086925573764e-01	-1.558052625418696879e-01	-2.268494142520351142e-01	-4.087185483699008054e-02	-1.495669997373567928e-01	-2.037687570200308607e-01	-1.487314363969186037e-01	-2.054950415097720751e-01	-9.229956942879569137e-02	-2.860080573833999606e-01	-5.077136401456214254e-02	-3.976174031453317825e-01	-9.876249746871273993e-02	-3.311461328022511363e-01	-2.901191390960246586e-01	-2.480609818227526575e-01	-2.530849907605202675e-01	-6.528859694796246282e-02	-2.536539775385510467e-02	-2.226365384227067534e-01	9.739603501309412881e-02	-2.009312098670917590e-01	-5.147380336493204839e-02
-1.037551362926260046e-01	1.294535236245446252e-01	-1.768696373595415317e-01	-4.853789766400982281e-02	5.999181604809836893e-02	-2.873700745604585230e-02	-2.472793402276961955e-02	3.860588873120582298e-02	-2.329299960664367453e-02	-5.028658552200519771e-02	-2.850014564778485110e-02	-3.805613034381688151e-04	4.645520360687459271e-02	-1.308154136842851201e-01	4.493057019063637081e-02	6.746182929144188545e-02	1.028288756297128514e-01	1.873761184317047357e-01	7.242966288869487346e-02	1.116470796433524926e-01	7.172954122907905516e-02	5.389267475945604957e-01	3.224559672848191227e-01	5.726973198740488158e-01	2.853342271288940024e-01	1.699646205445572988e-01	5.283036161675270792e-01	1.000000000000000000e+00	1.688336306252775088e-01	6.540364016448957374e-02	-1.757934609887205624e-01	2.539287577373862750e-02	2.599176387256355580e-01	6.983997912379005801e-02	-2.981502108108664562e-01	-3.008561529635656595e-01	6.008638096568903048e-02	1.246270322527888719e-01	6.128543919996112810e-02	1.548490039603094351e-02	1.841228896199778031e-01	1.425609092409455270e-01	3.325027883516571414e-01	4.019341435183144962e-02	3.347336073097816334e-01	4.836276564816871515e-01	1.491732126154585725e-01	7.514166685205886376e-02	-1.915049837214148273e-02	2.031929099748325598e-02	-2.135677406688554214e-01	-1.615316605932215210e-01	2.203057842725741067e-01	3.029701045893622435e-01	4.902445467549523123e-02	1.997274092816263280e-02	1.171234148061899710e-01	1.131581922675578833e-01	-5.862449223869072024e-02	1.193971297790308583e-01	5.708938821796906773e-03	-1.190842468162160300e-01	2.137636265886183884e-01	9.216959962515350324e-02	5.157372581032323988e-02	-7.110358515301662234e-03	-1.420954395545689919e-02	-8.838745641097343897e-02	-2.165049073697442872e-01	-6.138596617647566756e-02	-3.860642384349361467e-01	-8.075569871679295908e-02	-6.380731458365833386e-02	-6.475207672277942528e-02	-3.424110719255693547e-01	-1.616217834755919736e-01	-2.311056010857527598e-01	-3.126698444603790983e-01	-3.740421001821663816e-01	-2.883859878366412111e-01	-2.494472754387367375e-01	-2.262734683030000749e-01	-3.692437348974140221e-01	-3.200316590247918591e-01	-3.785380100578198959e-01	-1.460389871911842163e-01	-4.112978220655682526e-01	-2.543611863028711895e-01	-2.410174476767005525e-01	-1.571211853943816905e-01	1.716958253145162844e-02	-1.235297100099646134e-01	1.310389492038885025e-03	-1.938953105231688012e-01	1.089813887945284970e-01	-3.149741980311713263e-01	-3.517151773887152166e-01	-1.211957307118223803e-01	6.616104966505870384e-03	-3.496177832165919264e-01	-1.213699511656947394e-01	1.500366177927910938e-01	-9.285690260899386039e-02	3.624918485144926206e-02	1.779539263676170255e-02	-1.262341456887491609e-01	4.024344553018408682e-02	4.489028750592691935e-02	-1.110342212848833554e-01	8.413575635079818815e-02	2.843844694768971407e-02	2.214408295355008160e-01	-1.811267229653014121e-01	5.508707354838559000e-01	1.064260904157951909e-01	3.575289513122953400e-02	1.567054109745398896e-02	3.550488794133836723e-02	1.085603112535689085e-01	2.196632328182777927e-01	8.304042707606731910e-02	5.833645086866851015e-02	6.390141752536364350e-02	1.163976073332251282e-01	3.099517348191762611e-01	4.012454468345648118e-01	2.028450350163516214e-01	4.971250535105984913e-01	4.709876756122174934e-01	5.337609463678195665e-01	-3.699131311218027945e-03	-9.927179111012390811e-02	-1.095194846914985254e-01	1.350685734248086023e-01	5.410144327360499883e-02	5.878668938791203891e-02	1.889776399332724066e-01	-1.857763857976136579e-01	-6.236358497205737178e-02	3.068289627530189356e-02	3.040627490708385783e-01	4.429659601636158350e-01	5.278226793573002062e-01	8.867561226806751351e-02	4.236243839717089843e-01	5.343287145409120198e-01	4.372753079349666616e-01	3.732259829809159851e-02	-1.077061618380316943e-01	5.328629035476259990e-01	-1.767400161414508022e-02	8.240585822125663651e-02	-2.477190903102282349e-01	-1.635404492920836395e-01	-4.216829225425283711e-02	3.844919059416288670e-02	-1.052726778574821082e-01	-1.070622811459678303e-01	-3.302563774357724635e-01	-3.485645978270889844e-01	-2.300688995365147288e-02	3.895922413801402029e-01	1.315960529077409014e-01	-1.191531335754127258e-01	-1.514491187246024828e-01	5.919375379051607794e-02	-2.026423952745886603e-01	3.242302743007950960e-01	5.057294976280786447e-02	-2.178877299331882789e-01	-2.677622397549893618e-01	-7.586133859912118360e-02	-3.885442815847421905e-01	-5.984245239095200251e-03	2.537482504725932508e-01	-1.536420509594108585e-01	-1.054213354953485449e-01	-3.841526469957736722e-01	-5.797607058747370617e-02	-3.199289309926627300e-01	-2.035786228626475791e-01	-3.221703309461985687e-01	-1.470473154394199011e-01	-4.304619582709325321e-01	-2.587818404125362126e-01	-2.555719783336531936e-01	-2.955445261235358778e-01	2.216012651742191655e-02	-3.620602238905293868e-01	-2.798187353694208124e-01	-3.980097440724089664e-01	-1.772147163231033717e-01	-1.305445105610466561e-01	-3.824257586966215983e-01	-1.646051973032507942e-01	-4.369609818265517143e-02	-2.323521754086982916e-01	1.634250957412454741e-01	-2.386782320779786415e-01	-1.343382062948968447e-01
2.111267212585596631e-01	1.494958430692117646e-01	1.271216279127733439e-01	2.894455172441334767e-01	4.806848222970743212e-01	4.194342335835721247e-01	1.769726023321104291e-01	1.098203886220315562e-01	2.350599418004403404e-02	1.479746217741224334e-01	1.227372169162995186e-01	1.659318725329552435e-01	2.337651583218312151e-02	-2.743798879222275611e-01	-1.205896153616701078e-01	-3.161668400495047382e-01	1.269854802783350889e-01	-2.908564205076288323e-01	-6.685200637930474588e-02	7.045907400130812723e-03	4.841731496207663660e-02	5.006703780199980858e-02	-2.097031190020402780e-01	-2.751606965695856805e-02	-2.524733748050749238e-01	-3.392912254404417682e-01	1.048798755061413762e-01	1.688336306252775088e-01	1.000000000000000000e+00	3.716722512168036952e-01	-4.716079426833226507e-03	5.270451964773928966e-01	3.416177282361854139e-01	1.876458983404793446e-01	-1.747987260065617388e-01	-3.030399119517868112e-01	-6.156330897907442978e-02	-5.627504709525439630e-02	2.492547483192834590e-01	-1.035286280420655153e-01	1.473193377282388250e-01	-1.286278579379062925e-01	1.944173755817014959e-01	-1.474895369490585029e-01	-9.199912645910804376e-02	1.990527867470236884e-02	5.348526414634039577e-02	-3.032252602095054650e-01	-8.433778192789063988e-02	-3.080951151279940348e-01	1.386822539599840143e-01	-2.448407866668769403e-02	2.790478904217136291e-01	1.298291892571182271e-01	1.624819227738315552e-01	-4.940603832727120948e-02	8.733126784645554863e-02	5.052250864783808249e-01	3.586655330428022426e-01	4.676355051622688719e-01	2.318940138625983916e-01	7.932727655317242665e-02	3.398205670232063436e-01	5.202125715632045511e-01	-3.616627302388381038e-02	1.696808030548014809e-02	5.148048754823648931e-02	1.600759773040523470e-01	-2.991818054229892221e-01	1.147109863990390805e-01	-1.669672473638882659e-01	2.378837979233778058e-02	-3.415286964723916047e-02	-1.811180689372315078e-01	-1.380048222507895550e-01	-1.772617374106773280e-01	-2.198001090738799512e-01	-3.151318956165722329e-01	-2.521027716694198562e-01	-8.673805239781064071e-04	-2.609253844459499261e-01	-1.682504425670608428e-01	7.594174046442010717e-02	-7.883103253452476700e-02	-9.237514709595780193e-02	-2.607314154809667328e-01	-3.160949250490900364e-01	-2.737105097383092378e-01	-2.673802108660719434e-01	-1.984020602546965883e-01	-3.195739312639644947e-01	-1.902986608566297200e-01	3.164929404148767583e-02	-1.103487261448453244e-01	4.714895933814174794e-02	3.856900131204019783e-02	-3.357947056967104660e-02	2.685403740647976933e-01	-1.353866047727614041e-01	-2.418413206660357806e-01	1.642376294033101591e-01	2.285373946026020009e-01	1.021548433136857531e-01	6.769042303519451353e-02	3.303900606554616703e-01	2.866215619808052395e-01	1.594144100280898146e-01	1.836642567973152118e-01	1.553641087728362957e-01	1.843431134612129318e-01	2.165044323209268651e-01	3.038596039807121563e-01	-3.061627926658240240e-01	2.174791825106424936e-01	-1.130225536773118433e-01	-3.363126703041480758e-01	1.469177001595749037e-02	-2.250608735627526447e-01	1.809741373505974887e-02	-8.283768145736587762e-02	2.451760219872610447e-01	-3.131845952701006156e-04	-1.264127375066984027e-02	-1.230598718708392630e-01	-1.734191598628524733e-01	-7.648970134459434200e-04	-3.915639796780877591e-01	-1.069297631742952143e-01	5.310997183097256741e-02	2.518876916980423639e-02	4.258673177690925349e-01	1.562500841664405948e-01	5.281471370194557036e-01	3.030292051477639359e-01	4.516088194270497236e-01	4.856157259097091949e-01	5.691276742807662575e-02	4.466363130634888601e-02	3.357628304603978847e-02	7.445361113901856343e-02	1.897526349848781546e-01	-1.763321685733182098e-01	2.326607454542942988e-01	1.143097437514431353e-01	4.124590653471858770e-02	-3.018410713362975825e-02	-1.500051356986718543e-01	-1.854922196790550204e-01	-4.198443177704125340e-02	3.118607222315157926e-02	-8.842236627780730718e-02	1.839464919600351245e-01	-2.806260030849143661e-01	-2.229583475848742613e-01	5.413962573799926264e-02	-1.404142631532849794e-01	-1.948264985255330761e-01	-2.947890754764614929e-01	-8.924184803510303021e-02	-3.956850582189408994e-01	-1.932093740784448024e-02	4.514687275246226719e-03	1.503508058398590475e-01	3.255592738271779751e-01	3.549208657183329785e-01	3.062207600792654083e-01	7.981715938198807869e-02	2.696654137606258606e-01	2.831887139684668986e-01	8.897861803799879399e-02	-2.834535829253176931e-01	-2.124838204180447276e-02	-1.752881586131665448e-01	4.440823677139651982e-02	-1.889542432491765345e-01	-2.024941050839924317e-01	3.249392874490639876e-02	-7.463916177815341224e-02	-3.638791106923292551e-01	-2.769882974764029115e-01	3.554315505171765262e-03	-1.840291402286826361e-01	-4.948579358568840347e-01	-3.248586736853282808e-01	-2.536350653951576217e-01	-2.275330334817629585e-01	-3.396625889700898293e-01	-1.907156097631600988e-01	-3.161645464368943448e-01	-4.148088967795285353e-01	-2.012463918601507806e-01	-2.627028587310890617e-01	-1.711271193084597519e-01	1.940743488769061231e-03	1.949736710393683847e-01	3.213061799890892245e-01	-1.896097285088257922e-01	-2.770516248757682876e-01	-3.274378645914448605e-01	-3.110099393806914914e-01
1.792751136183482752e-01	1.104126013384587769e-04	5.801927574246570907e-02	1.819058373186760447e-01	3.079586414747728096e-01	1.930709152724534305e-01	1.567235034598146726e-01	1.356209099162256349e-01	1.054889251884470053e-01	1.680600877743990695e-01	1.653988954843151407e-02	1.585712421944276973e-01	2.225662603500335734e-01	-7.735045524634157066e-02	-7.081808724812964362e-02	-1.394547791493786493e-01	9.811850857704472462e-02	1.452462928847625123e-01	1.216184366669217053e-02	-1.125340449686133143e-01	1.996311643257935309e-01	1.991213097955938649e-01	-2.642764865333840224e-02	-3.829515050715816271e-02	-1.755103756314503952e-02	9.802978441450625627e-05	1.436930753873259525e-01	6.540364016448955986e-02	3.716722512168036396e-01	1.000000000000000000e+00	-1.476936196147837221e-01	2.941202389783834636e-01	1.459704602793945039e-01	3.542707718727727828e-01	2.201160700041827067e-01	8.161428944281946818e-02	1.690888864104188039e-01	2.516027789579585172e-01	9.647320816860606441e-02	3.152098964673180070e-01	1.858485628530796019e-01	2.260854468243503890e-01	2.334832897489400594e-01	9.628722790524134323e-02	-4.806491874997239483e-02	-9.659166054965601100e-02	1.748385710996338271e-01	-1.996005678210535372e-01	-7.413260485771711039e-02	-2.422665332049204479e-01	-1.511665929846338630e-01	-2.160773361414464744e-01	2.530110901650003408e-01	1.479979993913460856e-01	8.960019800473692508e-02	4.728821818130849591e-02	7.200289948278935752e-03	2.357755558617965208e-01	3.624604879462642315e-01	2.188533924679872678e-01	-1.506798263292937479e-01	6.445734924541637531e-03	-1.628777971207610170e-02	3.355060089660120703e-01	-1.350945965372961355e-01	3.829939544340772717e-02	-1.097396519830041162e-01	5.763781370174424212e-02	-3.961369083695560622e-01	-1.972493155010797070e-02	-2.836244020325924264e-01	-1.191282675554437981e-01	-7.769563002847876265e-02	-5.659607205025184856e-02	-2.511600427406268099e-01	-3.267312114134727774e-01	-3.150893549310688213e-01	-1.344314866288756349e-01	-2.931841329248643935e-01	-4.596651308278208725e-02	-2.377457615887256237e-01	-1.289908318046862901e-01	-1.509009622422754771e-01	-2.000948293418198243e-01	-2.002661798739415189e-01	-2.325024204276302520e-01	-3.512434393859238391e-01	-2.557701779027411471e-01	-2.524415546515081932e-01	-1.832706735168156964e-01	-2.988546926156817607e-01	-2.095799350101599234e-01	-1.218017635855749570e-01	-4.775276773281041803e-02	8.892678255513810845e-03	-1.479334659816727016e-01	-3.279047514740956459e-01	-1.449976248367647672e-02	-1.487673587935319126e-02	-3.656978130233849433e-01	7.548567025750800574e-02	4.558665257465849829e-01	1.024799547550486051e-01	6.061924126900687659e-02	2.189154223879259398e-01	1.100564229587048110e-01	4.272796253984493392e-02	7.796687867866733401e-02	6.990887571817325230e-02	1.677521506515843586e-01	-6.061663648829034023e-02	1.809493075492422942e-01	6.535334890825567067e-02	6.953721104984179890e-02	1.042226761870851948e-01	-3.498791571395021283e-02	1.158970259449738360e-01	-2.677676927294848908e-02	8.943076707056445140e-02	2.271939386406668093e-01	2.279743671324178100e-01	-3.017143761957160122e-02	-1.404582450509241076e-01	1.011157362852011486e-02	2.900301060302976248e-03	1.960639691422964292e-01	1.212452520311905341e-01	-6.370610326536732537e-02	6.311257497995668986e-02	4.413704020551192930e-02	2.562168729579314963e-01	1.494012352798233800e-01	2.624425862703806955e-01	2.464544297727874408e-02	3.906601085587759203e-01	2.852288090474962567e-01	2.641274417229717564e-01	3.006693518025839174e-01	-2.623244669209092231e-02	2.617301506368191477e-01	4.666130258806285708e-02	2.056626515672073108e-01	-2.383472263315948667e-03	-1.745504891629498685e-03	8.347931658585916459e-02	1.501510350768372679e-02	1.549515635468444175e-01	6.556209079124888928e-02	-4.208393513597733643e-02	7.632184707922165523e-03	5.707745482662902881e-02	1.233443766080993403e-01	-2.272575509031930507e-01	-7.968779299875841660e-02	7.090868215067000491e-02	-1.143317336511977811e-01	-2.124556830366086668e-01	-2.492750950032376622e-01	-1.369409591617515576e-01	-2.372798662725363050e-01	4.712344545859287193e-02	6.368899135638628195e-02	1.023673798652024597e-01	1.334298433769865733e-01	1.413015671978647969e-01	3.352181197182825811e-01	-1.358521783507912750e-01	3.630103348524703621e-01	5.377462171914376698e-02	3.412760997470312002e-02	-2.846161881284609008e-01	-6.246188566384336394e-02	-1.527704833267516937e-01	-1.083165379106783288e-02	3.752526515736655244e-02	-1.996459413165569408e-01	-5.634968721395432895e-02	-1.683889204711751519e-01	-3.094946914921031245e-01	-3.867595443005472644e-01	-2.232464816632247218e-01	-3.067245526021474267e-01	-3.409465606311172792e-01	-3.276766524120523494e-01	-2.945794551263968830e-01	-2.543057323386678781e-01	-3.055683941498542611e-01	1.585442499919020518e-02	-3.348105864834717837e-01	-2.740805133982069375e-01	-2.023370150310973836e-01	-1.788936702798344103e-01	-1.150429291313562197e-01	-2.299863721744943024e-01	-1.821468994401154173e-01	7.854862760817148126e-02	-1.698903719261800338e-01	-4.311941231790340084e-02	-2.138644357140798147e-01	-1.709208660359420318e-01
-1.220518877157949489e-01	2.287340374745699401e-01	-2.053708810405609556e-02	-9.540901133233416209e-02	1.172551457659297275e-01	-1.198379631058301281e-01	-1.168902167129169944e-01	-1.783241418707396109e-01	-4.501820701289903229e-04	-1.514268751506909483e-01	-1.187023255828618118e-01	-2.472322746266579219e-01	1.705059211035270597e-02	1.541051783295126765e-01	7.616265174849146113e-02	2.122637190755412295e-01	3.343187603569121313e-02	-5.959933455765216437e-02	1.982798346063133765e-01	9.476064673882289568e-02	-2.576262748091360799e-01	-8.524474883334728914e-02	-8.484904230235437717e-02	-1.217055511753840358e-01	-1.556533413371332664e-01	1.595026726969481223e-01	3.205607213933722721e-02	-1.757934609887205624e-01	-4.716079426833226507e-03	-1.476936196147836944e-01	1.000000000000000000e+00	1.682136463302515150e-02	-2.913496461547560035e-01	-1.924851885072598190e-01	5.508797325590092386e-02	2.600833043585880008e-02	-2.715121539759549618e-01	-9.221360423232927497e-03	2.386625946369544393e-02	-1.797195192763636484e-01	-2.524085094053607481e-01	-1.698094427164337783e-01	-2.487101520621879391e-01	-2.313775327978359886e-01	-7.054512819094758969e-02	-7.642976390297942513e-02	-3.346803038757078519e-01	-4.000480082484777350e-02	-1.607125613207109061e-01	-9.192931232197226396e-03	6.559667850934847166e-02	2.543826726749061073e-01	1.943985735102208012e-01	3.239561605506713904e-01	1.899864392885466380e-01	-1.408209169322661714e-01	4.241154716169315830e-01	5.154111870801724588e-02	-1.071979097375203305e-01	-7.837520712643035459e-02	1.632561053268768991e-01	-2.764841056691369481e-01	-3.860859163290426832e-02	-1.589123385875740035e-01	4.421021201502445264e-02	-4.901179883485588112e-02	4.331097529332301188e-01	2.360375502002007297e-02	3.269092353461047207e-01	2.181043896133969540e-01	3.975922783311864467e-02	1.868952606651483606e-01	1.299917619790057766e-01	2.096246516571063090e-01	5.254209200779416111e-01	4.362279534096762945e-01	5.205971175658283823e-01	2.891432325664525238e-01	5.178794195150482338e-01	6.930449755771922460e-02	3.489913819145875618e-01	1.538822262359729465e-01	1.349220698559231157e-01	3.894993502276832276e-01	1.090374647598448543e-01	3.572019723556610904e-01	3.338600197877821807e-01	2.154472087668115876e-01	1.700964534578854048e-01	1.394222323467021463e-01	7.064267510290835050e-02	3.572467575120653882e-02	-5.739801096542457293e-02	1.046324833721041236e-01	-1.522013933822394249e-01	6.778569418961510884e-01	4.364233053260100359e-01	9.623741187305112632e-02	1.445102023924888235e-01	5.898911389616815493e-01	-2.041099400839590794e-01	-1.478431339609050654e-01	-1.653116044390107731e-01	-1.498452802677762707e-01	-1.917162181683366162e-01	-1.590499889219880725e-01	-7.033757468571176508e-02	3.468322009228424346e-02	-2.589268564533804828e-01	-1.853425946432712690e-01	-1.445083513851789792e-01	-4.168693610876438305e-01	-5.514944208694339683e-02	-3.310780182760643120e-01	-2.778321145833371336e-02	-5.272663360157809308e-03	-2.119185840049822023e-01	-1.755922342251403367e-01	-6.799225029644957730e-02	-2.793675151192622774e-01	-7.715214435972961304e-02	7.799247438660152076e-02	-5.184655443688052784e-02	8.517683038080367530e-02	-1.968648222292960701e-02	1.807489413964552538e-02	-9.572662300061551138e-03	-1.272872020394677228e-01	-5.717912544926938290e-02	-4.780112962715418051e-02	-3.439986324622575781e-02	1.920720596569982230e-01	-8.835072324254866771e-02	-1.005286220135993003e-01	-2.637223535134357588e-01	-2.343507463588660189e-01	-1.322128188949246996e-01	-1.307818812955709731e-01	1.999494232977503672e-01	-3.316187662016936710e-01	-4.023211412032315359e-01	-2.354864038853664021e-01	-3.456876109592786905e-01	-1.366157279235151456e-01	-1.139108568385541059e-01	-4.119007902198947302e-01	-2.524423151060212756e-01	6.681856774170347180e-02	-2.356266728294771073e-01	-3.910022690659865630e-01	-3.534131555157689064e-01	-3.942619066530813066e-01	-8.057876445383740927e-02	-1.838756801775199290e-01	-1.232524913037632980e-01	-1.745902269216853819e-01	2.908306488453664684e-01	-5.815111871054767789e-02	1.463301188259039931e-01	7.656785367186060010e-02	6.459052588272555517e-02	1.452067186397482945e-01	1.831013000937704027e-01	1.955960613434054585e-01	3.889539758923653973e-02	-2.796630168548063788e-01	2.021879401326875936e-02	-4.281790228827866973e-01	3.285278307169346018e-02	2.922737960025922552e-02	3.670427921002522575e-01	1.996661976755046142e-01	1.996335531636940219e-01	-2.502989122301333969e-01	-2.777690034382506168e-01	8.116481698211138254e-03	4.454584969151467039e-02	-1.288174746866622977e-01	-2.254077628003803985e-02	2.658021639212931886e-01	2.286447500112501752e-01	3.837781261819764311e-01	6.061005810768027580e-02	4.890498580909415915e-01	6.766329164206985602e-02	4.073761953945823078e-01	9.135401391872867080e-03	1.471234807242770004e-01	6.244416708278513473e-02	2.811955927541642253e-01	3.552650754049205273e-02	-1.008841116203528510e-01	-1.059658034595820954e-02	4.252696724082104529e-01	2.958645648535834782e-01	7.761960316722732456e-02	9.196324669522561168e-02	-8.574868479424667400e-02	4.282822163284552008e-01	7.107054890113113921e-02
1.564745331021771546e-01	4.397842293174692579e-02	1.362092707611027853e-01	3.468119512962972717e-01	6.846599570239931820e-01	6.268248103344233879e-01	1.894019363671787526e-01	1.145300731398888328e-01	6.911869155063948833e-02	2.428983609454837267e-01	2.264211285757818104e-01	3.320331251468099931e-01	-1.197616847573585025e-01	-2.853017107591375168e-01	-1.841763449005978104e-01	-3.695585621938418663e-01	-1.992370064244327992e-03	-1.376242872039932508e-01	-3.156127871618536473e-01	-1.341383081775490704e-01	-2.528608087569897411e-01	-8.617969988339967136e-02	-4.867102930626478474e-01	-1.853826200087337062e-01	-3.281146419165206773e-01	-4.323816059888295205e-01	8.425009561593548024e-02	2.539287577373862750e-02	5.270451964773928966e-01	2.941202389783834636e-01	1.682136463302515150e-02	1.000000000000000000e+00	7.015614659120806840e-01	3.727333575121521414e-01	-1.704898478937384720e-01	-3.080192120870789418e-01	-1.866881684706829178e-02	1.072241080139118147e-01	4.489102770806285281e-01	-2.140666211352358628e-01	-1.066240299193770974e-01	-2.443512288955985157e-01	-3.063450360887306004e-02	1.528658818446473368e-02	-2.366378387573913056e-01	-6.864627076910570502e-02	8.139398897507819919e-02	-2.742807821489287590e-01	-2.058426243746415696e-01	-4.747616667130145074e-01	-1.417578464236609881e-01	-3.024340356209237468e-01	2.935054996016695297e-02	-1.307912694519910157e-01	-1.159578513819399664e-01	-2.324299148934994563e-01	-1.210952914828371113e-01	7.290396024924722385e-01	4.637532679530803059e-01	6.684015774374424401e-01	4.593408082590304531e-01	7.184285459118108785e-02	4.544631867412126103e-01	4.585395479543610264e-01	-1.377069162839145988e-01	8.329341171557409773e-02	9.357923798767988147e-03	3.070041431224028727e-01	-3.094901455700736492e-01	8.253899852568655215e-02	-1.918740054101170656e-01	3.942854071645566227e-01	4.880829495070072022e-01	-4.562823170382687699e-02	-4.952061448328488880e-02	-1.773410564492068631e-01	-3.944303407054164934e-01	-4.504099015520406368e-01	3.844707249038112340e-02	-2.091309364338994337e-01	-5.016058447908920970e-01	-3.923978936403776374e-01	-1.938237782748096494e-01	-1.850731634193436559e-01	-3.173180968528739321e-01	-5.394015514173389203e-01	-3.182341601755193095e-01	-4.588504517099404323e-01	-5.646467302779086816e-01	-2.781179877057278760e-01	-4.496037943614091814e-01	-5.172168634238106799e-01	-1.700771872054662737e-01	-4.758914577536359491e-01	-3.308239532175502040e-01	-3.537157942612483268e-03	1.289603578666734252e-01	1.849140060421145537e-01	-3.893184352242530788e-01	-4.076520881087618009e-01	1.736457679553476408e-01	1.996695393242786665e-01	3.193961566918709222e-02	1.094560547338209178e-01	3.945512593698444204e-01	3.678530531642281165e-01	1.818208891947347139e-01	1.351796073784450047e-01	1.993439330895009354e-01	7.808051960723774720e-02	2.943202472377531298e-01	4.489703963332138947e-01	-4.554970379289521309e-01	3.439370124650832361e-01	-3.893532990930840265e-01	-3.319241736987981195e-01	-5.270313096511033274e-02	-2.371679749029212692e-01	3.237694374009186110e-02	5.914790290579399062e-02	1.764035943474888957e-01	-3.058496317577634738e-01	-1.670771186552292287e-01	-2.850465546022007413e-01	-2.923713351399014337e-01	-2.624396385730519143e-01	-4.289750168761147786e-01	-3.082896781178492973e-01	-1.526653799391737010e-01	-2.735026311344217545e-02	4.830402621926998541e-01	1.915803069349342747e-01	7.501332121500935424e-01	7.114474696832752132e-01	6.058067209745496839e-01	7.719122835962861640e-01	-5.075315000825874473e-02	-5.361598897351947494e-03	4.274204889293342080e-01	2.314257019148873717e-01	4.081555811444537163e-01	-2.458188785736737381e-01	3.170867291249914732e-01	-1.854908761316285681e-01	-1.490493734615842836e-01	-2.040770682596565189e-01	-1.147294229755382589e-01	-2.026941599434627928e-01	8.290745913721757343e-02	-2.943912288384532491e-02	1.849487468895732178e-01	1.721124428626205072e-01	-1.714965485267942735e-01	-1.904189757896792290e-01	4.885360307244109718e-02	-1.690787112841119766e-01	-2.952202889345951764e-01	-4.798905068123224815e-01	-2.262884039504705624e-01	-4.331338438864800744e-01	-2.504742452790199581e-01	-2.421707940413006521e-01	-8.283267695613588666e-02	3.300403392608030617e-01	5.752192648740055425e-01	5.102732318825849989e-01	4.406161848915883805e-01	1.926276872043103938e-01	4.248330060752958381e-01	8.111721368117460682e-03	-4.040909022062295630e-01	1.048070339276597068e-01	-4.107723775617929535e-02	3.362630947135546999e-01	-1.012125289464419625e-02	-7.586366120366940359e-04	-9.896179840909807846e-02	-3.172521582258283623e-02	-4.748911410923559728e-01	-9.483518321735474876e-02	2.749248640229580154e-01	1.487871322518142247e-01	-3.407925499871429231e-01	-1.691362493560935043e-01	-3.596535124489407265e-01	-1.699523791609911794e-01	-4.178445764052577394e-01	-3.119881816956206477e-01	-4.325448200146052025e-01	-5.113477507828924074e-01	-4.211955393544533632e-01	-2.642594944089077802e-01	-3.287390592374520581e-01	9.393735968632840883e-02	3.223099005085325874e-01	1.526058758459289122e-01	-4.379163895235733128e-01	-5.363986303927872346e-01	-4.372266106627645810e-01	-3.387957169946290703e-01
2.648205153503168652e-01	1.249712529954295215e-01	2.402344929245295302e-01	4.806789246349597033e-01	6.167015070977243107e-01	6.427336776433768550e-01	2.862631884879427990e-01	2.044227526760353242e-01	7.553645293260149995e-02	3.061074736825854514e-01	3.427238225864345234e-01	4.911887946970465157e-01	-1.032865449609510211e-01	-3.089198896247326021e-01	-1.770450168502847033e-01	-3.110277787249828285e-01	2.279895984150213592e-02	2.368597937894125621e-02	-3.084230037654147605e-01	-1.175891448762824559e-01	-1.206222743255031676e-01	-4.833910594456264885e-03	-3.735722993602763053e-01	1.907571015598914094e-02	-2.487415089306343474e-01	-4.033368406203083345e-01	1.104414265916761756e-01	2.599176387256355580e-01	3.416177282361854139e-01	1.459704602793945039e-01	-2.913496461547560035e-01	7.015614659120806840e-01	1.000000000000000000e+00	4.447099171941733542e-01	-2.721513659442931221e-01	-3.409093991240344512e-01	8.512639671021571264e-02	2.003562481943764462e-01	3.856438029050751615e-01	-1.441680645777135283e-01	-6.085282689972600773e-02	-1.827594900693010338e-01	1.611433592254507205e-02	1.707489236908610319e-01	-1.219391027934158128e-01	6.227962541433271215e-02	9.768919977724765946e-02	-2.826050817089421630e-01	-1.845542519320561015e-01	-4.240694865745796571e-01	-2.626952166809109479e-01	-4.764314943709840322e-01	-1.730680103228457445e-01	-2.513361265929742183e-01	-2.107713578635103113e-01	-1.754824722965262207e-01	-4.076672289992833154e-01	4.646417430810005911e-01	2.706970094398457594e-01	4.676598142857535945e-01	3.182401777021761635e-01	-8.612893699867110731e-02	2.713156630836983108e-01	2.801584090106161162e-01	-2.755993948434058982e-01	-1.120497350918310264e-01	-2.622434449649501675e-01	-1.466284225175106676e-02	-4.485310103524262071e-01	-2.475422999265167734e-01	-3.267617026037785699e-01	3.394127812858637183e-01	4.805534276828856144e-01	-1.704333791713795176e-01	-3.966821239554970124e-01	-3.981190990814402753e-01	-5.580199785787790523e-01	-6.711359864252963714e-01	-1.655116749121768316e-01	-3.398055330424207265e-01	-5.932978889388692556e-01	-5.122486736174599598e-01	-3.797833136346558391e-01	-3.320452739749233939e-01	-3.833463503187659605e-01	-6.806323961172945358e-01	-4.643204527194576547e-01	-5.412745852027990301e-01	-6.478185918024537138e-01	-4.307542199540725925e-01	-4.357807132903868119e-01	-5.439008405140460800e-01	-3.380089799247524285e-01	-6.299403014374294063e-01	-3.664904415553489336e-01	-3.564467249108783098e-01	-5.563095085681745572e-02	1.643984629345593973e-01	-4.729978808314762584e-01	-6.150138780992404630e-01	3.116973063237967745e-01	2.428530882539525759e-01	1.710366346244251157e-01	3.113229362836383296e-01	5.010607499456387615e-01	4.552419194047043205e-01	2.124960917468357302e-01	1.383080815876560898e-01	2.965169182733276010e-01	1.077828828272945072e-01	4.618373004489383371e-01	6.134467663724617603e-01	-4.361928511383900142e-01	5.307464755284153624e-01	-2.952431495968530495e-01	-2.780768939742602752e-01	4.981992669378122567e-03	-6.312253624306915500e-02	6.188793131903230077e-02	2.625682204789498431e-01	1.734031207821149223e-01	-2.488495686727726641e-01	-6.340088218869738279e-02	-2.595660579646123511e-01	-1.250900552059545368e-01	-2.549660270723776989e-01	-3.322542085759682129e-01	-1.186016588496480173e-01	2.324467924394035476e-02	9.727403152687606747e-02	2.697565323700499285e-01	8.241097700783955871e-02	6.201169797829056973e-01	7.642621510619717062e-01	5.107381889302891054e-01	7.440587677276849776e-01	-7.297631072209814773e-02	-9.824805401862725385e-02	4.012473541987831571e-01	3.806429958340911135e-01	6.168630890536734857e-01	-7.907939517645665162e-02	5.783075664683513528e-01	-2.243531422901534622e-01	-3.818194592237614260e-02	8.243072646445649687e-02	7.775014224782009209e-02	-3.057401075188194706e-01	5.378635463947772921e-02	2.669408557976441498e-01	2.939127154064721803e-01	1.913483826477040961e-01	-1.977180576690758529e-01	-1.819695907341794539e-01	4.707701896345570236e-02	-1.563873633528874707e-01	-3.674489186622069137e-01	-3.910728217072350077e-01	-2.619368616900208391e-01	-4.225661675128594696e-01	-3.001094323893294669e-01	-2.531509453834200896e-01	-1.722492513395064706e-01	2.234804686268778429e-01	3.077260917803614215e-01	3.903226611706210880e-01	4.026609731511926471e-01	3.186851921573179980e-01	3.653224601007661332e-01	-1.661322735125425054e-01	-5.067647998421347388e-01	-4.203935668646370527e-02	-2.458040066917700217e-01	2.794050457861013137e-01	1.232008502175515330e-01	-8.049684506258016070e-03	-1.623817397579655764e-01	-1.074595586637694805e-01	-3.566426286280791613e-01	-1.407692413903262052e-01	2.483927804505709491e-01	9.013515012812987892e-02	-3.179115453568180927e-01	-3.298044599395269505e-01	-3.781597477295768894e-01	-2.891506819940011797e-01	-3.954131362316108400e-01	-3.351413534480917611e-01	-4.376122515570134430e-01	-4.991358160864981519e-01	-4.377367196399761795e-01	-2.729123231485633960e-01	-3.157985743548689661e-01	-1.243587657471337399e-01	3.132877412233646686e-01	1.336064237928967502e-01	-4.321746249130633544e-01	-4.120796398774098090e-01	-5.256076905148733269e-01	-2.549389479417599746e-01
5.104101979193262362e-02	-8.368205625760624655e-02	9.197875175045344687e-02	1.007389529273672452e-01	2.258205458943993160e-01	2.229622820893016333e-01	1.624979032220822128e-01	2.281844035203199894e-01	1.044247508975668093e-01	2.560013591072134442e-01	2.479025871783326895e-01	2.101758892144758306e-01	-5.993285307947086860e-02	-1.424337233853040577e-02	-8.388136236248859567e-02	-4.521522296966671434e-02	1.793655463296758845e-01	1.571780972781125219e-01	-2.143840660829487710e-01	-7.142631970468031610e-02	1.274256531216817478e-01	1.246967880014589608e-01	-2.197301157077038714e-01	-9.208434180798173718e-02	-1.587848935884704216e-01	-2.592151409817474716e-01	3.322793462961225186e-02	6.983997912379005801e-02	1.876458983404793168e-01	3.542707718727728383e-01	-1.924851885072597912e-01	3.727333575121521969e-01	4.447099171941733542e-01	1.000000000000000000e+00	3.034738018957064964e-01	2.816124277252378683e-01	2.930798360831977090e-01	2.133143215165827222e-01	2.942973150480568401e-01	1.834203074000379241e-01	-8.381384173086640910e-02	-1.949263490002663968e-01	1.811733860006085328e-01	-1.665517362814230781e-02	-3.657720847344044651e-02	1.010225475172643606e-01	1.064705506435633803e-01	-1.371842031344438495e-01	-1.757959854853338721e-01	-1.819260015190878876e-01	-1.948543126408998072e-01	-2.398396403239985153e-01	-3.771697380083403883e-02	-1.658355983823897872e-01	-4.969516089175481793e-02	-9.968429913276100063e-02	-2.054184882609331741e-01	2.669711270895885336e-01	5.958324741574664296e-01	3.247339906486349514e-01	4.070595537505238899e-05	1.729046623105832126e-01	1.696546087017045679e-01	3.745569923509209365e-01	-1.909613249599854679e-01	2.250211806308589219e-02	-9.894715660555188086e-02	1.237078503687618625e-01	-2.788854637692769201e-01	-3.797290122085266589e-02	-1.426822252687708417e-02	-6.379781297771394688e-02	-1.468664023852619439e-02	-2.179511814609326123e-02	-2.603527919664748169e-01	-2.900091824217966852e-01	-3.748750126546698813e-01	-3.883065159750430650e-01	-3.503985869033750533e-01	-3.998026020235544153e-02	-2.612937571062987629e-01	-8.964548108459884090e-02	-4.083342943102860612e-02	-1.304237459769835017e-01	-9.219191086758274454e-04	-2.720335590136799819e-01	-2.945510337128177669e-01	-1.289285717770770889e-01	-2.818465037005628560e-01	-1.655298299259420347e-01	-1.423688102997066329e-01	-2.171759775928640279e-01	-1.574486267579046916e-01	-1.484002281447001359e-01	-9.043729495549610031e-02	-2.970073207798715753e-01	-1.812615332427116865e-01	3.676101939425904103e-02	-9.782519862828649437e-02	-3.237887194594342710e-01	6.766164315243904104e-02	1.816597047257095532e-01	1.017046432691463571e-03	-8.961092105234128025e-02	1.706131167034229956e-01	1.017049542118100558e-01	1.616829492919727995e-01	1.380808373955441370e-01	2.130925675023127019e-01	2.012463517839130633e-01	1.424520774492365194e-01	3.797195893492291696e-01	8.507915899807745597e-02	2.573876329376371674e-01	-3.956552412625271437e-02	-2.966528026265713783e-02	4.034165203819348733e-01	1.206942864315876524e-01	1.129130441275176810e-01	3.628169541627432881e-01	2.181089014442372520e-01	-1.410692241093812194e-01	7.848067541997694185e-02	-5.310503564068175947e-02	1.018475760644924205e-01	-1.974341356424025862e-01	-2.993030266875529657e-02	-1.854647949190727785e-01	-6.876730966835757630e-02	-2.403775117014032153e-02	1.255471174052911754e-01	-1.399029295833188226e-02	2.159335481883779551e-01	1.546176488315494646e-01	4.486766024901624461e-01	5.051543589091078701e-01	2.392017462338597855e-01	3.947655667300950522e-01	3.605780414448148813e-02	3.123140200365920882e-01	3.683157596200147266e-01	3.440397804107780261e-02	2.309078171635144117e-01	-1.161072550524302194e-01	-7.840378316974784545e-02	-9.493104096097679245e-02	-3.949136289870645161e-02	-7.686150032139200949e-02	6.726871646884474698e-02	1.048312927138457112e-01	2.189117216724043857e-01	7.264524856105206152e-02	-6.494218484410559100e-02	3.432372463434370941e-02	-7.710502317393480576e-02	-1.027907729830808414e-01	-3.516158938077564300e-01	-2.628183786264686184e-01	-9.542433970170668966e-02	-1.611731912993753235e-01	-1.903385788735579010e-01	-1.538286477981520017e-01	-2.519006133461621499e-01	9.899902680369911112e-02	7.891961312503811832e-02	4.117483918635227447e-01	1.476724659283650265e-01	2.783695349545111664e-01	8.591090472586423998e-02	4.259762249858559113e-02	-2.108629397335655409e-01	-1.034163555126290102e-01	-1.009424170258821085e-01	9.232993719406311361e-02	1.476963695544110042e-02	-1.458132634206518174e-01	-2.422267721641119254e-01	8.876839265075377530e-03	-1.750974214804761064e-01	-2.778545128375284334e-01	-1.708070591008305772e-01	-2.428900063494680850e-01	-2.389435602208296039e-01	-2.583874664911268715e-01	-2.738330147152405747e-01	-3.104703249035281054e-01	-1.031048698566953414e-01	-9.541104478664143296e-02	-1.701227498370677937e-01	-2.490377643469096902e-01	-5.511539566699574094e-02	-1.500843303801221162e-01	-1.342385804942735072e-01	-1.538184704404243208e-01	-1.646261717508985117e-02	-8.546645383649897898e-02	-1.374362876749513351e-01	-4.844525629495841090e-02	-3.359292886089337293e-01	-1.014924646824027915e-01
-2.197620413434434733e-02	-8.233257079655695310e-02	9.425143715872065162e-03	-1.556581795756434849e-01	-1.644040177175341011e-01	-2.784566413217606229e-01	2.896077055977178821e-02	6.228971591503210115e-02	3.918565752364102511e-02	3.216044497199099100e-02	-9.043900119211337185e-02	-6.548550898326330194e-02	1.072804398673426196e-01	5.351647519106240702e-01	9.567056248691752085e-02	2.858799790282737785e-01	1.588854144420243364e-01	3.290045648830036695e-01	1.089976141068343535e-01	1.543486047691048843e-02	1.603623054749125920e-01	9.208586877852981134e-02	1.614534426036970671e-01	-9.383437989444055882e-02	-5.968653125703932139e-02	4.447595858959233484e-01	-5.430640115418142178e-02	-2.981502108108664562e-01	-1.747987260065617110e-01	2.201160700041827067e-01	5.508797325590092386e-02	-1.704898478937384998e-01	-2.721513659442931221e-01	3.034738018957064964e-01	1.000000000000000000e+00	7.972452958513690513e-01	2.662909096349658777e-01	2.529046288820923083e-01	1.095958251139912687e-02	6.627208507574792185e-01	7.325283930349306416e-02	2.195086603263925185e-01	2.948896308406316891e-01	-1.273789817615295916e-01	7.442415471813530747e-02	-1.223399011406805723e-02	1.722623737795016818e-01	-4.483352332711643823e-02	-1.742257307055684323e-01	-9.050273807027664486e-03	-9.603049442315839124e-02	4.667847513474293608e-02	-6.628262859676635477e-02	-3.622636284533839457e-02	9.951694162769819663e-02	-4.814491990466035314e-03	4.572289602505635181e-02	-1.515599057285955953e-01	4.151753652242465842e-01	-1.195956947732182418e-01	-4.027850526905195627e-01	1.374198773497408987e-01	-1.250114016703596787e-01	2.032824651873291755e-01	-3.333259760633789769e-04	-2.929493317413029221e-02	1.414212142496245987e-02	1.060772018264864169e-01	-8.198013307150724127e-02	-5.474350363800734032e-02	8.534762546550790641e-02	-2.202199092189474627e-01	-2.357076199470230227e-01	2.499577530510286860e-01	-4.222081390653853808e-03	-7.206620608003203032e-02	3.151534956665407589e-02	1.664193163854824908e-01	-7.656077376840363102e-02	1.108143241513048771e-01	9.918459522195036127e-02	1.240361525284619654e-01	1.572186340605121191e-01	1.724313185557281858e-01	1.962420200568848749e-01	2.224197217026303297e-01	4.989281000663545185e-02	1.722335698558380701e-01	1.864822760173296678e-01	5.256286724298587457e-04	2.347944119496897519e-02	1.046546934033710241e-01	-2.236001411585721022e-02	1.974890980270967433e-01	1.199416253685628292e-01	3.427568054483019072e-02	-1.783148603811648414e-01	-1.202772111791724080e-01	1.767507067526876974e-01	1.509626122441129203e-01	3.700910879106810748e-03	1.212410208006780565e-01	1.021557591288036193e-01	-2.055736417551246031e-01	-1.482607881713386422e-01	-5.784682465622795200e-02	1.279727799384128561e-01	-2.093525522863106184e-02	8.382918056709931509e-02	2.825888666855786921e-02	-1.573081549699655857e-01	-2.055278168238678094e-01	6.509832776080458627e-01	-2.538396963833050579e-01	2.017489991858147924e-01	3.532208126876134613e-01	4.010182436476408263e-01	3.938719912311946514e-01	5.311609354235770353e-02	2.378893013732311934e-01	1.679175706941413377e-03	2.518029144438608743e-02	7.142213838366016920e-02	-5.434595241853532738e-02	2.497686962694498428e-02	3.187085734833861733e-02	2.961323241347934565e-01	8.207087359878004196e-02	-9.301654897302488734e-02	-1.370252686431835953e-01	-1.998695927251959437e-01	-9.190718684505090608e-02	-2.384652083892109253e-01	-3.817135137504571452e-01	4.069041184268001876e-02	-8.257139783976351344e-02	3.656040027362899014e-01	6.180093559086504706e-01	-1.803162272132809996e-01	1.566335650741216279e-01	-5.028500543695220426e-02	3.597567814417775289e-01	-4.030891315635982131e-01	-1.119404829287743430e-01	-3.728091789683327800e-02	-8.742251958737987105e-02	7.808995763912385257e-02	2.220291911301401910e-01	-2.235012437168322486e-02	-1.134708027750648968e-01	6.217153940323798950e-02	-1.060557661426537873e-01	-3.547939778476667631e-03	7.028394524988937353e-02	-2.276007064407000458e-01	-2.276115491428409021e-01	-6.580098041946937093e-02	1.178873403597128708e-02	4.153978095504799739e-02	8.618306024410588018e-02	7.435949957549051192e-02	-4.153115386441977308e-02	-2.756513088801479938e-01	-1.679593377210339966e-01	-2.310154857099642189e-01	2.846588213121316602e-01	-1.062333494775862114e-01	4.480930771189265555e-02	-3.301563606063516176e-01	1.061719424457201050e-01	1.369126837469196722e-01	-1.808802662712600817e-01	-2.210344277227862045e-02	-1.007711999862052621e-01	-6.458706684401535614e-02	-1.850280197486520728e-01	-1.791446676594116993e-01	-5.146054049473498121e-02	-6.138570348377721253e-02	-2.010702925769120020e-01	-3.050566812080957591e-01	-1.768984432420496467e-01	4.508115397474872499e-03	-7.159150891190846355e-03	6.589765842782566163e-02	-8.022851533933909873e-02	1.001519904412862122e-01	4.144915073336094546e-02	-1.444893601575503346e-02	1.635767610778472991e-01	2.955842400158769645e-01	-8.451372058720094116e-02	4.762804236220856934e-03	-1.936175843588547052e-01	-2.549840055993158328e-01	-2.876824714179093689e-01	2.102515446540490773e-01	1.776052327755923144e-01	-2.606411430390730491e-02	8.055487544467139494e-02
-1.244671992130080285e-01	-1.764428032799635893e-01	-9.007719972747908754e-02	-2.457978200336682351e-01	-3.434361610916302210e-01	-3.209190753974223154e-01	-1.223313908070553608e-03	5.174224472362456972e-02	-5.819186269671412087e-02	-4.318816356846703897e-02	-9.397154864484479064e-02	-1.568128782057249537e-01	1.752719755444600014e-01	6.059737384025664086e-01	1.057744318617419715e-01	4.018297767611109794e-01	2.499365142013435237e-01	2.886160529552933007e-01	1.971291509854517232e-01	7.442063495456906208e-02	1.206396906944442321e-01	-3.813422520005319699e-02	1.404244036510201021e-01	-1.761754267514124839e-01	-2.012306043536347955e-02	4.019354682217792796e-01	-2.250059020349628180e-01	-3.008561529635656040e-01	-3.030399119517868112e-01	8.161428944281946818e-02	2.600833043585880008e-02	-3.080192120870789418e-01	-3.409093991240343957e-01	2.816124277252378683e-01	7.972452958513690513e-01	1.000000000000000000e+00	3.509728139389300949e-01	2.297939897022221456e-01	-7.011722006514312100e-02	4.720612592799961482e-01	-7.271137528235688263e-02	2.161815815510177707e-01	6.438685672389249381e-02	4.259204781742401656e-03	8.594041249612331679e-02	-2.286741768217840157e-02	6.006959045594891661e-02	1.058051514176747837e-01	-9.553668616950053427e-02	1.469911435475679262e-01	-8.944943864009302636e-02	2.337174484123534790e-01	-7.372372645137194834e-03	-4.575824900797909739e-02	1.083757828810608254e-01	1.156698451919447729e-01	2.896178761280961134e-02	-3.329920498296637943e-01	3.247662172574687922e-01	-1.727802054394002584e-01	-3.994532929227909701e-01	1.664618211979999041e-01	-2.731924342236396464e-01	9.722699754821102769e-02	1.296171388726931155e-02	-8.326352326894115308e-02	1.694168542846629169e-02	2.269367513713451898e-02	4.221167237756173751e-02	-3.336474996255196085e-02	2.703736093761904269e-01	-2.047251805394515733e-01	-2.974248112185616799e-01	2.474051295724800925e-01	3.022025549129738961e-02	7.808995519758590853e-02	1.327962616489442582e-01	2.741088317147286624e-01	-1.164171064322023531e-02	2.780675103772479728e-01	2.497443935124524228e-01	2.632984017648519748e-01	3.012422845888713119e-01	3.166595886043873098e-01	3.771562755394577415e-01	2.970069867366084693e-01	2.109821297226623649e-01	3.348633412408223431e-01	3.349808158920045131e-01	1.179590530142296811e-01	1.741682404423150754e-01	2.457250740146041945e-01	6.006609083327954512e-02	2.863102334087896939e-01	8.205632121897939169e-02	5.254370292033458574e-03	-1.181790219982908480e-01	-1.143449165735174744e-01	2.427050966316087466e-01	2.190038009823460086e-01	-1.246755874211540605e-01	-1.479786887569093171e-03	-4.777344510807138983e-02	-2.751287649426524262e-01	-2.250228834878897632e-01	-2.201608501647556726e-01	1.373549648443251649e-02	-7.887765044107707124e-02	1.676580194502272575e-03	-3.993036188414536558e-02	-1.937047303178906776e-01	-2.282621451772670895e-01	7.070838791951433722e-01	-2.859525411950832319e-01	2.333555307387083777e-01	3.088820230173238146e-01	4.871971975226239704e-01	4.592629085176087589e-01	1.502687190780434834e-01	2.423610192086300408e-01	1.702536045652153912e-02	1.469848037618570191e-01	1.144857895639973117e-01	4.647499055486637581e-02	5.563528248544777344e-02	-1.505531581053440489e-02	3.099191935143471022e-01	1.747469976345359527e-02	-1.418832773439632211e-01	-2.446495083940362913e-01	-2.276881565489401182e-01	-9.146948507342926582e-02	-3.236641863746116954e-01	-4.714578837200314454e-01	-7.693815217248912985e-02	-1.760733685500933954e-01	2.347945039199137718e-01	6.038770355443839888e-01	-1.927686566065996421e-01	8.421570809856154805e-02	-7.308215135839492282e-02	2.476289815139449957e-01	-3.614182884756350633e-01	-1.339352062660216225e-01	-4.014486778039882964e-02	-1.166577123433651109e-01	3.178272881316542009e-02	2.687240431479278602e-01	-1.213636299176349548e-02	-5.089762387252994708e-02	5.029703428610564353e-02	-1.597284095570003226e-01	1.392947101563553891e-01	1.887914858113511896e-01	-2.660170478765914726e-01	-8.964113208343689465e-02	3.165257000102485868e-02	1.254118860242464106e-01	2.167648018785880426e-01	2.852310767612075137e-01	1.023364754436272006e-01	1.187938208459315623e-02	-2.122303922030744361e-01	-1.623959669456516708e-01	-3.011773007157348414e-01	1.245133575547323068e-01	-1.081526278149798070e-01	8.799505035005303344e-03	-3.824877773499528733e-01	7.793925620762838513e-02	2.531793194049316020e-01	-1.620614424385078411e-01	4.150532840278963603e-02	-2.245479854124947938e-01	-5.283867225832406672e-02	-1.477047984935924152e-01	-9.969734221532744467e-02	4.689832733538514681e-02	6.218350348088548529e-02	-7.617449827984508481e-02	-2.996934559882327709e-01	-1.241525685851335159e-01	1.407552067611431978e-01	8.255823828239418349e-02	2.295551014686716129e-01	2.796611439175861538e-02	2.229485675276086376e-01	1.892075595592619119e-01	2.116729291720260697e-01	2.913499912453037521e-01	4.242637635873173774e-01	1.331760101931368512e-01	1.632596560775242955e-01	-1.050941092969628482e-01	-2.219737680067851437e-01	-2.601471070123655416e-01	2.908595294764205197e-01	2.792181256450647076e-01	1.189168208330547982e-01	2.359408933830779431e-01
2.176200821723855289e-03	-2.597397708319246212e-01	1.013059785791320909e-02	-1.686284889392414554e-01	-1.123737779120720787e-01	-8.410709882657591008e-02	1.170650431224424248e-01	1.882653125276640971e-01	8.829276388835259615e-02	1.828730535412047553e-01	1.885816697628322491e-01	1.035233440098874413e-01	2.615385665484057376e-01	6.566353684914716382e-02	-2.271778684103439513e-02	5.430619328381609823e-02	3.576743533357622518e-01	3.653746216073878172e-01	1.220896600425254164e-01	5.463432629495452303e-02	6.591394322078301948e-02	1.104838814413163228e-01	1.246933187982450925e-01	-1.878103462231586404e-02	1.397991348772486264e-01	1.644009710071378250e-01	-6.868775173809402168e-02	6.008638096568903048e-02	-6.156330897907443672e-02	1.690888864104188039e-01	-2.715121539759549063e-01	-1.866881684706829178e-02	8.512639671021571264e-02	2.930798360831977090e-01	2.662909096349658777e-01	3.509728139389300394e-01	1.000000000000000000e+00	3.499444962586359398e-01	8.261342726409490189e-02	3.329800924138266449e-01	6.847770474407857688e-02	1.283631984903180479e-01	5.236580143004875010e-02	2.244614138533253533e-01	5.885096117837279595e-02	1.669735284943805673e-02	3.161916690548102205e-01	-7.351871780810130541e-02	-3.357280767760617915e-03	5.746845676731784924e-02	-1.767698072731053172e-01	-6.798102089199475895e-02	6.329050731221963488e-02	-1.956417392139863862e-02	1.247230323842521138e-01	2.215743285890601488e-01	-1.480917237707932432e-01	-2.646610236095341129e-02	2.601670390689896362e-01	1.076496626515690419e-01	-1.855269605977614422e-01	1.210485633792147686e-01	4.479156144092930752e-02	9.932812387595178760e-02	4.921335081517935750e-02	-3.765574525889599233e-02	-1.812555537412572082e-01	9.569301320253997475e-03	-1.987262297195880045e-01	-1.572250345498726332e-01	7.295588699558887280e-02	8.554364291425657629e-02	-6.626003744260619555e-02	2.594222351031498161e-02	-1.788341638272749057e-01	-1.469329834277157687e-01	-1.086882526915662200e-01	-5.109074470103736748e-02	-1.620441528891592431e-01	1.055257258034438539e-01	-9.309681116921320054e-02	5.791966069109148740e-02	4.528402609771772780e-02	3.048629857905322746e-02	-3.220186821366127078e-02	-5.666482138479533859e-02	-1.548737723960396696e-02	-5.879002544909836536e-02	-9.159358925436891785e-02	-2.189077539548473228e-01	-4.405084161575354568e-02	-1.141153603000505216e-02	-3.687322339643818447e-02	2.816918106489599977e-02	4.005022911313042833e-02	-3.433645706426713407e-01	-2.419430950313407047e-01	-1.492093395733453121e-01	-5.013635498847377608e-02	-1.309770762158675717e-01	-3.866711720713170847e-02	-1.501065098099588213e-01	-7.899944979995176045e-03	-1.985657630515411387e-01	-1.670275179743496152e-01	-5.436723032047079823e-02	5.429263378201101831e-02	-1.758246601541881698e-02	1.659458777377394445e-01	5.333580159407926707e-02	9.820657601386062474e-02	1.925741928340465314e-01	1.936045165284638325e-01	1.684978303590011217e-01	2.279449291068022798e-01	1.648229206192324270e-01	4.243392109576162863e-01	3.013143631203549222e-01	3.613566322565213151e-01	2.893501717456168909e-01	-3.668623135815825970e-02	4.983312633731380725e-02	1.315390702572249160e-01	8.630028315494775448e-02	8.806651152512887104e-02	1.702614229860968942e-01	3.088146081136414201e-01	1.123791062631078891e-01	1.368242979925001108e-02	-5.189150040839988348e-02	-3.766601220705365766e-02	-1.477783147157045729e-01	-1.743689157639064791e-01	1.604607561477103608e-02	6.781335239685239158e-02	5.813304202328221926e-03	1.314321246961193679e-01	2.550111403450032177e-01	-8.268330197108803015e-02	3.072281211274661139e-01	2.340977452179737184e-01	3.561927524877084861e-01	-3.516787171482361335e-02	-1.104283315018572409e-01	-1.068705414582157495e-02	1.068390443668805201e-01	1.161378879341984915e-01	2.399972796372693840e-01	2.066532994249128397e-01	1.563871137587382332e-01	3.166652042128395572e-01	1.341574602173066788e-01	-2.789569484771313793e-02	1.132158958590678555e-01	-2.547390210445257819e-01	-7.783259507768916508e-02	-1.369564986070524182e-01	6.416729053972598795e-02	-5.591563498076377453e-02	5.497059128983423915e-02	-1.234254788526073510e-02	-6.405866117852880570e-02	-1.322094223637935717e-01	-1.923044702158284158e-01	-1.287552169337946306e-01	2.010810383481906327e-01	-2.394535922622457458e-01	1.634851679311921102e-01	-1.857125529122501950e-01	-2.135109218795904276e-02	-1.053748606402547944e-01	-1.563175959162073358e-01	-9.123982446990311357e-02	4.668502717355026144e-02	1.223205433890677540e-01	-1.561810952323167412e-01	-1.103939818603131146e-01	-7.492802031655819428e-02	-9.430540317774632753e-02	-3.245489900360278290e-01	-4.536938846536314046e-02	-1.361550413646054336e-01	1.131222149714006114e-01	-1.788662387197513526e-01	-4.980060347932731973e-02	-9.053375869938544429e-02	5.567667297076136362e-02	7.949578065797119342e-02	-6.559707714750041829e-02	-4.372741395875321541e-02	8.733929968461563720e-02	-6.292413877732787320e-02	2.048250494739842914e-02	-2.960136309571990698e-01	-1.384146874153478202e-01	-1.376817277167124987e-01	-1.371661741818060720e-01	7.979426175125442500e-02	-1.236648551970168236e-01	-8.362068794567445451e-02
-1.250637602329790210e-01	1.717519966390503305e-01	-5.972725920879930206e-02	-1.255608457409264356e-01	3.389482320299568724e-02	-1.643949035618309518e-01	-4.602132318510588661e-03	5.233552650887556001e-02	3.030415240772675253e-02	8.233734500190983963e-02	5.732245323326393832e-02	2.461940135722002002e-02	3.666007785021462295e-01	1.832722127007296586e-01	1.637138916609728878e-01	2.244237351585729456e-01	5.378375363312313251e-01	4.052133941872074208e-01	3.628294221921021800e-01	1.309945132720862493e-01	1.339665054490497831e-02	1.771256132123176508e-01	7.660333154517094678e-02	8.459206497239868394e-02	4.104821796692122160e-02	1.987143577756637913e-01	1.524158333484942340e-01	1.246270322527888719e-01	-5.627504709525439630e-02	2.516027789579585172e-01	-9.221360423232927497e-03	1.072241080139118147e-01	2.003562481943764462e-01	2.133143215165827222e-01	2.529046288820923083e-01	2.297939897022221456e-01	3.499444962586359398e-01	1.000000000000000000e+00	2.685288061962477074e-02	4.250307630405316672e-01	5.975854385200929375e-02	-8.425470978007246203e-02	1.440576279820180994e-01	1.911278348374438607e-01	3.332708434340373588e-02	-6.701548113177874244e-02	9.769818551658696060e-02	-8.826237767249027477e-02	-3.804008177273747737e-01	-1.475598763292657323e-01	-1.683270049351822395e-01	-1.381307820582726997e-01	2.825386630670357474e-02	1.331400943926012437e-01	-1.785224860691235829e-02	-1.223683923206827923e-01	1.235331475683786734e-01	-5.666643520750278690e-02	2.283425788218718389e-01	-1.192445667697369233e-01	-6.431890796076954186e-02	3.411249595533785012e-02	-2.913832541480672680e-02	-2.151157445675543414e-02	-9.986923226440137802e-02	-5.868044631686643309e-02	-7.167096235566218628e-04	-5.471901581559669020e-02	-2.864040428528509818e-01	-2.034676708323176000e-02	-1.840272523059717225e-01	1.011854281874939449e-01	3.081734658505598801e-01	1.980527872396724842e-01	-2.892330302309929491e-01	-1.221543928640859283e-01	-1.034202138485902367e-01	-8.225016494500836384e-02	-5.253425022607759870e-02	-8.906020744741977024e-02	-9.258736152731242286e-02	-1.958063132358742742e-01	-2.119314727562456313e-01	-5.859810908078649100e-02	-2.725479110416290651e-01	-1.912566566312639826e-01	-2.953564457595324599e-01	-1.510763629979487987e-01	-2.652509493626990511e-01	-2.615173322465376149e-01	-1.191714287013465878e-01	-1.715568234374202916e-01	-5.419563062047558916e-02	-1.731841099566107101e-01	-4.032708266947227643e-02	-1.215255235802071010e-01	-2.464078134306353640e-01	-1.359256166491867313e-01	-1.337255973797600306e-01	-2.967536657678651046e-01	-1.532260535271865731e-01	7.565678798595655563e-02	1.091171720344161628e-01	5.310421995488533858e-02	-1.420883921774498682e-01	-8.577081048534299090e-02	1.540929530455419916e-01	6.315717845416268794e-02	2.946379038786414023e-02	6.005191793751284146e-02	3.260490529295098638e-02	3.295273605160368990e-02	1.840179086001871855e-01	1.448485497034642244e-01	2.018428181262869048e-01	2.067503170066914420e-01	2.703686417372514472e-01	3.502146240369395369e-01	3.818634807011808685e-01	3.904913904555811222e-01	3.143760101614060942e-01	1.163464068292538039e-01	1.988832077376679053e-01	9.731488925485984320e-02	7.211151808267883545e-02	1.182225072737421862e-01	2.818048072769897550e-01	1.543367015925556363e-01	1.227900845671815455e-01	1.457382060897461362e-01	-8.134459895103403337e-02	-5.464227798565376992e-02	-1.180041715129914875e-01	1.950064210386508734e-01	2.031035987630726986e-02	2.237848170190689934e-01	2.049438397333409323e-01	2.183313929691488853e-01	2.209899136073260884e-01	5.611791022032334153e-01	9.182865156575088783e-02	4.176255762979247943e-01	-1.253083521076993057e-01	-3.006047341306846699e-01	2.218423111614707954e-01	8.235472899944153158e-02	1.953573563447595085e-01	7.605010219913020675e-02	1.311297156188984958e-01	8.451901519104373581e-03	1.147712321097186239e-01	2.232813832002928170e-02	-3.178496280465257784e-01	-3.312862837749117606e-01	-3.119535572039783267e-01	-3.085625316083713821e-01	-1.141090415075811243e-01	-2.545870420579148252e-01	-8.466933813500386596e-02	-4.477963262304170133e-02	9.372298410447461869e-02	9.068788754200814151e-02	-1.199680001684391567e-01	-1.189740566887783624e-01	-1.351431070979723092e-01	3.021486622794168908e-01	-5.994014091659150001e-02	1.322159809078891357e-01	-2.786489115963706742e-01	-4.701818440062306009e-02	-9.639706741636548670e-02	-1.239045938990191165e-01	-2.931812015516439551e-01	-2.155005872110246981e-02	2.088616598911480493e-01	-1.611407969083789860e-01	-2.564233061171617423e-01	-2.806738133145011416e-01	-2.644866168558574482e-01	-2.144304515991357907e-01	-6.109455620259372777e-02	-4.791837545838244228e-02	-1.032976075051215796e-02	-2.185752405510937579e-01	-1.551132595068948489e-02	-6.276416574654748205e-03	-3.225585927640364781e-01	7.981901996138489330e-02	-2.461539907616609457e-01	-1.023058290292469252e-01	-6.612202173043944808e-02	-1.975884675291106896e-01	-2.139563216690814618e-01	-3.383052419294125257e-01	-3.019705204873426169e-02	-1.920859043232494845e-01	-8.884807042021619639e-02	2.665889580353937582e-02	-1.731609331897947524e-01	-1.298494408477511575e-02
8.316493886139747493e-02	-1.112529351845578801e-01	7.350964618236077719e-02	1.103108313215928234e-02	2.193397720042293275e-01	2.830699323303223491e-01	7.081970599782844156e-02	2.097962110221022747e-01	-2.016127303738132065e-02	1.142538304583494840e-01	1.832238021260304273e-01	8.934017088694511111e-02	-7.711131267597415295e-02	-7.258514354601006136e-02	1.076746300814942895e-04	-7.534688486074972436e-02	-1.283522371702232046e-01	2.360193352475742912e-01	-2.702566524765436240e-01	-2.286081925079062604e-01	-7.580570360247772255e-02	-1.174438916014278467e-01	-2.720549950806448458e-01	-2.670536861037346998e-01	-1.098824915697581839e-01	-2.045393123756804876e-01	-1.400794355017371817e-01	6.128543919996112810e-02	2.492547483192834867e-01	9.647320816860606441e-02	2.386625946369544740e-02	4.489102770806285281e-01	3.856438029050751060e-01	2.942973150480568401e-01	1.095958251139912687e-02	-7.011722006514312100e-02	8.261342726409490189e-02	2.685288061962477074e-02	1.000000000000000000e+00	5.537978430448761008e-02	4.610038900143852841e-02	-7.496957280017385594e-02	1.287019260181239133e-01	-1.765484276548398915e-02	2.858626912497977957e-01	4.097287389608155750e-01	2.810640262771877396e-01	2.020312100051858684e-01	1.151549185318522101e-01	-2.165007666252767304e-01	-2.938123233738494655e-02	3.493154156454131298e-02	-7.439810836937161762e-03	5.862623953954956141e-02	-1.432756108332943201e-01	-1.591543061874678977e-01	3.582352759425606881e-02	3.815721271556202776e-01	3.594587418476720142e-01	5.842614910670080874e-01	3.087780831405828041e-01	2.256036832690792582e-01	5.459902274755595863e-01	4.556243514445260101e-01	2.911703243946537345e-01	1.056553879165629956e-01	-8.104466764889725616e-02	4.045071167882721697e-01	-1.755342419854424574e-01	8.567566005949441010e-02	6.763170925621737883e-02	1.807305016751697413e-01	2.806419599019457367e-01	-7.099482684281732681e-02	-4.163528657618938145e-02	-1.136738714514014953e-01	-3.773820359532243929e-01	-2.306709115800273380e-01	-6.746144839761644696e-02	-2.650244701861547703e-01	-1.842141832001045476e-01	-3.105548308937027824e-01	-1.640449953384650120e-02	5.742467981383530878e-04	-1.814388763034419094e-01	-1.676451638299404079e-01	-1.495582558184794797e-01	-2.089698636055117020e-01	-1.128334159599258396e-01	-4.906767816083329632e-03	2.460216860913871234e-02	-1.166900335383946746e-01	3.208847514354259967e-02	-3.134644310674571110e-02	1.052731470369350220e-01	-1.346222612287884812e-01	-7.152020783983469021e-02	-3.196669342691259991e-02	-2.329503817556287729e-02	-1.650745909351928609e-01	6.602777515992178103e-02	1.518577134306393073e-01	-1.436952941844538423e-01	-1.350108054404958735e-01	1.454330036822107930e-01	1.074270694392687603e-01	2.696215782968300681e-02	-2.731891000861172772e-02	8.871034739555282156e-02	2.353645787006465248e-02	1.028932800374196266e-01	1.257846856916255973e-01	-2.609012987247757986e-01	1.257015740249896874e-01	-9.878755757458097808e-02	-1.319456986687798650e-01	-2.043280024516359872e-02	-6.362886959613900384e-02	-7.811958799096463402e-02	3.110914588789900903e-01	-7.890959182878334865e-02	-3.261331347497072319e-01	-1.647108965528857605e-01	-1.550944869251355829e-01	-2.081640778470376096e-01	-2.581260734155306769e-01	-3.358628915794465430e-01	-1.970011413454299531e-01	-2.091379557843591197e-01	-2.048928993315040914e-01	1.651980910540568614e-01	3.601906965617367173e-02	3.289886270730505435e-01	3.088618832298041794e-01	3.624357202480295026e-01	4.714817539401304769e-01	-1.494513367151245609e-01	1.046130124514685483e-01	2.143241000217403769e-01	1.204951875501654168e-01	4.919359329536330816e-01	-4.902614671593077955e-02	1.760063386266497720e-01	-8.495912759648144297e-02	-1.435342359923970079e-01	5.489445891047004672e-02	2.100499002710181640e-01	-1.237364795879820206e-01	-4.405500482687244729e-02	1.779228084966891499e-01	3.340689154985931886e-01	1.261585439338149262e-01	5.352814021739808747e-02	-4.782047086865273862e-03	5.787888809659458983e-02	4.724088225181684308e-02	-9.649443598980134151e-02	-1.724550779905792974e-01	-2.950698891777550070e-01	-2.722836475612031015e-01	-8.863858678656169610e-02	-6.362757121210074751e-02	-1.153237095740893281e-01	2.125987918088458883e-01	1.773229907484756562e-01	4.125584251065750885e-01	3.973821143594754024e-01	2.611721870208172924e-01	2.744888478982204782e-01	-4.725029274907639742e-02	-3.885576809012473154e-01	-1.203537560559404668e-01	-1.852128355136582472e-01	2.066475016667716491e-01	1.610564012999048111e-01	-1.328055374780718612e-01	-2.256856556918951026e-02	-1.084462692459655792e-01	-6.332208164771310765e-02	-2.564504044624885681e-01	-1.901909248025073287e-02	-8.745917135172781576e-02	-2.398319305718906724e-01	-1.824561752473605192e-01	-1.328190016812844931e-01	-4.025785163925889032e-01	-2.980819704088673583e-01	-3.713443050183385941e-01	-2.931043261936831512e-01	-3.100356567333659719e-01	-1.949681089418229263e-01	-2.016140966041587157e-01	-8.952022997833526674e-02	-1.162814431120129666e-01	-1.405148348671027801e-02	8.683151711932114714e-02	-1.989543184601914039e-01	-1.495811593904614323e-01	-2.222330961770200564e-01	-2.032415140105726103e-01
-2.192753897899919063e-02	-9.882625962167095046e-02	-2.748478083223967680e-02	-2.518691741116408922e-01	-2.034020808750469922e-01	-3.347720817458254561e-01	7.333626924403328917e-02	1.508952504398552719e-01	9.059468776531155731e-02	9.666043088185014009e-02	-6.670872044462561670e-03	5.375162854084540240e-03	1.900507657605893796e-01	2.530809501570003284e-01	-2.252913914870537798e-02	1.714540938326535036e-01	1.434171939455186617e-01	4.700474019736884390e-01	1.258335885042606572e-01	-2.145323127792305579e-02	4.453859851799172875e-01	3.311145994337517662e-01	2.637651938511597072e-01	1.345496475824677352e-01	2.349751823214118185e-01	4.879266795924748767e-01	4.978958163221650773e-02	1.548490039603094351e-02	-1.035286280420655153e-01	3.152098964673180070e-01	-1.797195192763636484e-01	-2.140666211352358628e-01	-1.441680645777135283e-01	1.834203074000379241e-01	6.627208507574791074e-01	4.720612592799961482e-01	3.329800924138266449e-01	4.250307630405316672e-01	5.537978430448761008e-02	1.000000000000000000e+00	4.396851231327988940e-01	3.173634239464051543e-01	5.382147585611676277e-01	-2.256767949806344487e-03	2.410172300058691930e-01	1.548442831384990725e-01	5.053230497926990417e-01	2.856197376898861329e-02	-3.608516857088346630e-02	1.085839677635677819e-01	-3.386082225921423217e-02	-3.967922968107953641e-02	-9.269561013425819951e-02	6.019670621498186824e-02	8.823784868773585505e-03	-1.151708429437737309e-03	1.116883143909499360e-01	-1.256885289185172005e-01	2.740716383773085796e-01	-9.319458028804965266e-02	-3.961998789571756774e-01	2.242570996890380641e-01	3.677344865672158708e-02	1.615748495775863047e-01	1.071461909405900109e-01	4.369812146393711738e-02	-1.261818351953669926e-01	1.359912924083380437e-01	-2.473344978378110015e-01	-6.759946681170435345e-02	-6.005471013997852603e-02	-9.155185740783222670e-02	-1.070690318609647529e-01	2.544157420067613140e-01	-2.254131586294544631e-01	-2.601113215432505066e-01	-6.909381354431415323e-02	1.274790881480874494e-01	-2.080754982508383200e-01	2.408579068780934002e-02	3.577512765524303029e-02	-3.296675234491051876e-02	-3.076895932774129441e-02	-5.268626351296631927e-02	-1.103512084061011173e-01	1.184852652385749300e-01	-1.121015319876349503e-01	5.224086635874448242e-02	1.191146326771053282e-01	-6.562261179396679245e-02	4.873544274189126058e-02	1.440112967330926808e-01	5.406287541182880352e-02	2.002075917335126021e-01	3.104366323469904820e-01	-1.726341439621980056e-01	-3.658029812877032771e-01	-2.338210439985602129e-01	2.190216363536836019e-01	-5.791375923485513749e-02	-7.082259163343540553e-02	1.128858813773906677e-01	1.021508805062671804e-01	-1.388218024736302680e-01	-1.839186175357658548e-01	-8.776718756813961519e-02	7.350212450706110345e-02	-2.135614762235667902e-02	5.902015982695642954e-02	1.080589626983480545e-01	-1.268325980863356239e-01	-9.419452219619062205e-02	4.434807294891254803e-01	-5.169117052686789116e-02	2.653961057914730470e-01	3.337022832418296558e-01	2.586216423027513645e-01	3.353036765135228303e-01	1.385570526139056624e-01	3.839744872011985333e-01	-1.032108822009582608e-02	3.774111355772580474e-04	6.102602240317002436e-02	7.977067397007871208e-02	1.123837412182107642e-01	2.923581106282854281e-01	3.827112370455904022e-01	3.470827836255973575e-01	1.886347330758379459e-01	5.999949645282216110e-02	-2.817608463825979070e-01	-1.579375833312151034e-01	-3.164359778103563170e-01	-2.615062775341366885e-01	-1.539799563897346034e-03	-8.025793155509548804e-02	3.187469280986075515e-01	4.195318616047712945e-01	-2.048301999612405222e-01	3.359731474008702534e-01	1.378892610266209684e-01	6.940703357838263754e-01	-2.582305015617389898e-01	7.361560222837834622e-02	1.714482281379504092e-01	2.897800797896924463e-01	3.121663462636877773e-01	1.588714007123445404e-01	-5.089478286012534547e-02	1.571793666469776529e-01	3.099721651033536807e-01	1.707302802550397514e-01	-1.313951863891702210e-01	2.785970501017753786e-02	-1.736923831427509279e-01	-1.983937157888284453e-01	-1.362174197009793919e-01	4.167873281366048926e-02	-1.933832728014637792e-01	-3.329167795655257889e-02	9.093252255976118359e-02	3.840166361906789672e-02	-2.162927736293723813e-01	-2.523758163115796815e-01	-3.457294076618488976e-01	3.329228897798139908e-01	-2.505593581266060133e-01	3.079163118940380639e-01	-3.473432014857997796e-01	2.784474241238827155e-02	-1.460715256188415412e-01	-3.671334002305777222e-01	-3.004611943376197525e-01	-4.931681345527184901e-02	1.946206889789442729e-01	-3.144506785067234245e-01	-2.148314065840082610e-01	-2.724458313730680481e-01	-1.031571931184647045e-01	-4.638145139126442773e-01	-3.365884713754090929e-01	-3.294560561259834430e-01	5.646285439693250058e-02	-2.566323489779803180e-01	-6.643112331385500613e-02	-2.459208319345463079e-01	1.270574381745767471e-02	5.110831289079714040e-02	-1.827175986808683428e-01	-1.812140781506138554e-02	1.695621694271948754e-01	-1.508484538523483243e-01	-1.211034433506548956e-02	-5.068764568130528225e-01	-4.155451659653101038e-01	-2.533442218340923313e-01	9.776358801385184871e-02	2.687516589391360511e-01	-1.123898919631182297e-01	3.189729494774542345e-02
1.025417980683397817e-01	-5.936835274004453877e-02	-4.251261511312842689e-02	-6.501905539613038465e-02	-1.370464166483708612e-01	-1.322673954594512924e-01	1.059317982733239821e-01	1.484959927338137531e-01	1.925962319367660602e-01	1.079150048791521349e-01	7.134436665774115949e-02	-1.867697216239121204e-03	1.357718281861505782e-01	-8.849326240390802123e-02	8.013359041356861792e-03	4.216281931985928905e-02	-1.381703607193702221e-01	1.877043589851461469e-01	-1.510216243585118211e-02	-4.777925005390440405e-02	5.439443188564599962e-01	2.666016379786931845e-01	4.023653957001297465e-01	2.776812722874114625e-01	3.137633133482226055e-01	3.084399126478154507e-01	1.685847738329927237e-01	1.841228896199777754e-01	1.473193377282387972e-01	1.858485628530796019e-01	-2.524085094053607481e-01	-1.066240299193771113e-01	-6.085282689972600773e-02	-8.381384173086640910e-02	7.325283930349306416e-02	-7.271137528235686875e-02	6.847770474407857688e-02	5.975854385200930069e-02	4.610038900143852841e-02	4.396851231327988385e-01	1.000000000000000000e+00	2.896399837591937532e-01	5.275341269132406419e-01	5.501283876479423629e-02	2.484603056973307134e-01	2.995045305721431572e-01	4.656841340353403136e-01	7.756613341880375101e-02	3.661611035869034581e-01	2.550101198875101005e-01	4.770614977332972989e-02	-4.549440898940708411e-02	9.823689713292267298e-03	9.855214531351580431e-02	2.732016063544054005e-02	1.393786221197383102e-01	4.535229562097774225e-02	-6.669332113374540350e-02	3.024789401111715320e-02	8.084100365968094337e-02	-1.710207891561558446e-01	2.497042919204156830e-01	1.708837606292791522e-01	2.607503313575109116e-01	1.393969151756699332e-01	1.329836215872186311e-01	-1.989446610031675167e-01	9.742125409272668624e-02	-1.555870684412292981e-01	-5.782123050494755723e-02	-8.602459995965731909e-02	-7.716708664851185118e-02	-4.702445848164455572e-02	2.675355921791279078e-03	-2.359324854571213381e-01	-2.812887011320691633e-01	-1.285571770433975303e-01	5.355177402569398504e-02	-2.634219640237978055e-01	-7.746270570519085685e-02	-1.076494753796320564e-01	-7.704520758637392608e-02	-3.327598964264546350e-02	-2.882346486332327817e-01	-2.678824877165135732e-01	-4.652638968166128430e-02	-1.021371241482818271e-01	-8.024122266666337822e-02	3.956965889258470814e-02	3.415738827570558023e-02	8.127255252756683535e-02	2.211928695078946017e-01	1.671194732390744175e-01	1.574162876678848466e-01	2.921698794179550807e-01	-1.342154187026441126e-01	-2.369385370387365186e-01	-5.962951981826248443e-02	2.208465687641759101e-01	-6.897552394072829773e-02	2.465302271693337391e-02	3.409504976372725732e-02	9.922530986160818522e-02	-3.636129919822046058e-02	3.302127056925669574e-02	-2.840018479049739170e-02	4.282500058842658025e-02	1.652988010026669174e-01	8.386022833762625528e-02	2.470967477823898251e-01	-4.074545249768402738e-02	-1.291947088960338497e-01	-4.049334683819929420e-02	8.619411835615940765e-02	1.276949807834756312e-01	3.394983914735911351e-02	-1.293619409121475883e-01	-2.142826596314006959e-02	1.517721869189496940e-02	1.605925573552451774e-02	-1.229106762265303188e-01	-8.995575407881380159e-02	-3.357452376871935401e-02	1.570327804355576562e-01	-2.963183546550061595e-02	4.046706394765929860e-01	1.078028665909442491e-01	2.959310026844180208e-01	2.527924987570963622e-01	2.069792793851315260e-01	-1.794441858593431027e-01	-8.569895641137033337e-02	-6.909697254027197255e-02	-1.226662088697421382e-01	3.066665209585578769e-02	-6.154181167955227044e-02	7.942164816713344344e-02	-8.857253702472790702e-02	-1.077927063190814161e-01	5.491084939533327769e-02	1.129702213451846959e-01	4.144365794662733249e-01	2.080098327432096730e-02	3.145466140563303314e-01	3.190199990543806097e-01	4.498910631157668205e-01	1.965695027583566901e-01	2.268940841820624860e-02	-3.829483722410394891e-02	3.315855171605028850e-01	2.655318750219182178e-01	3.119741531685842895e-01	-1.567812316441076492e-01	9.556672664792607852e-02	1.275633985804025816e-01	4.423689553791411433e-02	-8.567234442714793952e-02	2.020328393288407520e-01	-3.001640192489481440e-01	-1.862558582742940005e-01	1.598029578310532217e-01	8.143416040998197047e-02	5.207072890064022574e-02	-1.756232777667051659e-01	-1.124820435372044514e-01	7.227731141069408671e-02	-3.236224518317742938e-01	2.780285339894214558e-01	-6.717417732194476410e-02	4.206141752198690881e-02	-2.768930634614946151e-01	-2.991777677985614781e-01	-3.102678486841547456e-01	7.220841558418946912e-03	8.188317421430579834e-02	-2.207705607182734453e-01	3.524272443407348160e-02	-2.129393839319390913e-01	-9.098410706901404951e-03	-4.476913562846680517e-01	-1.851829076922910100e-01	-3.550574430605947795e-01	6.300285796492571810e-02	-2.378693567000519093e-01	-1.198494320076067543e-01	-3.501006019809848047e-01	5.294350362816462041e-02	1.550968608054095364e-03	-2.472627764489855606e-01	-1.167731991609443493e-01	-8.649554102841369718e-02	-1.517107853640269066e-01	1.936018698664363283e-02	-3.517770328557047743e-01	-2.632812851943343024e-01	5.556400807787351126e-02	-6.446779244475618620e-02	1.308021394327368303e-01	-3.236953259401738336e-02	9.977495651738915727e-02
1.428393378613937725e-01	-2.514945680225352809e-01	-1.207218629594672583e-02	-2.442793558629421241e-02	-1.480088918247279561e-01	-1.000861075106915382e-01	1.414039202571548415e-01	1.252479928818634736e-01	1.184513652243043280e-01	8.766528091502054365e-02	-4.675482625084764060e-02	5.258519210354050538e-02	9.250967769259513251e-02	1.127978325272008531e-01	-2.434460241328114533e-02	1.221557962155019883e-01	-1.289169860170992221e-01	2.381440673017416187e-01	1.112808569933077252e-01	-1.812002241859524132e-02	2.287271881371210069e-01	1.030247695026584309e-01	4.533536105906834646e-01	2.873228478578407352e-01	2.234410330075199680e-01	4.943792216113998550e-01	1.452978119742171226e-01	1.425609092409455270e-01	-1.286278579379063203e-01	2.260854468243503890e-01	-1.698094427164337783e-01	-2.443512288955985434e-01	-1.827594900693010338e-01	-1.949263490002663968e-01	2.195086603263925185e-01	2.161815815510177430e-01	1.283631984903180756e-01	-8.425470978007247591e-02	-7.496957280017385594e-02	3.173634239464051543e-01	2.896399837591937532e-01	1.000000000000000000e+00	1.773318650898647875e-01	2.542914979488996030e-01	3.098765762325320638e-01	1.987387127402743814e-01	3.570748541771824325e-01	1.091937213081045355e-01	1.742823813988542969e-01	1.565087834310255333e-01	-2.511871891083873320e-01	-4.998950918486297704e-03	-2.669914498661375701e-02	-5.753311280210843953e-02	5.556125967347130823e-02	2.124047081991301544e-01	-1.826883920656153515e-01	-2.721189408417478139e-01	-1.324580052614596770e-01	6.392703940540025651e-03	-3.434203902458574098e-01	-4.190848125981611917e-03	-2.180134957397892315e-01	8.782856476829806192e-02	1.950460460801709331e-02	-1.007560610495382980e-01	-3.689506015000573735e-01	-8.718724937488041282e-02	-1.898780221913906607e-01	-2.133026214486004046e-01	-2.140232183290266821e-01	-2.681866788274302194e-02	-1.601873443552619958e-01	-6.565500289458092720e-02	-1.908112418332185700e-01	-1.541994191090118038e-01	-3.469616001717209294e-03	1.066122875710884405e-01	-9.292825092382135665e-02	-6.575002092931059305e-02	-7.245539081954537053e-02	-3.130704745843686937e-02	-1.328255132409243422e-01	-1.838952888113039030e-01	-7.427235366041079478e-02	2.538978536605662403e-02	1.088311532513706326e-01	1.715191307557094313e-02	4.104106267076634840e-02	-6.882397835653566998e-02	7.941476022282178970e-02	1.041404954703890606e-01	-5.386578015238396161e-02	5.176847342224878690e-02	1.364286251101980985e-01	-1.629919208602104708e-01	-1.219528915324145646e-01	-2.048660463945586596e-01	1.446445650798927618e-01	-5.328254322685323924e-02	7.645632140988407877e-02	1.189687077735717413e-01	9.577619412318667813e-02	-7.318746959166512467e-02	-1.310032912720675465e-02	2.255055872396853622e-02	-2.352336698330194723e-02	-9.066945807669939128e-02	8.644039666239859698e-02	-1.757103658745352501e-02	-1.101010764052997720e-01	-8.948370352561600682e-02	2.467959366597246573e-01	5.625435118988644095e-02	2.325883925421230458e-01	3.054268990550987328e-01	-1.476648077763515615e-02	1.758550202746919644e-01	1.719143823778205779e-02	1.249667014136342652e-01	-1.433226540951442196e-01	9.225715725456888616e-02	-6.184197732327070818e-02	3.038233134313805123e-02	-6.838288168848641324e-02	4.123542308102537968e-01	3.163887843552835033e-01	3.784886299063037751e-01	1.201945299638258885e-01	1.735702946592518059e-01	-3.183585057468499846e-01	-1.606347933873041121e-03	-1.633617451882061478e-01	-2.556435092416621258e-01	-1.269736001685755067e-01	-3.438770666554707978e-01	1.640216932646764159e-01	4.254181875282039837e-02	-7.400247477042562472e-02	-3.649208130441251169e-02	4.169590197154342259e-02	4.580845852446362443e-01	-1.077222929731753119e-02	3.367191726213492747e-02	2.295205484741068280e-01	4.281582030229503788e-01	3.802826537722005518e-01	2.777357031027962719e-01	7.727016998693520856e-03	3.018749719433446166e-01	8.670244975805262155e-02	-7.064929895802150861e-02	-5.892280841220538801e-02	1.850685925859326675e-01	-9.556011608899844800e-02	1.386295414137892479e-01	-3.305657101152943006e-02	1.012887084934685766e-01	-9.041680406707733320e-02	4.050077192256078262e-03	1.078602493216575531e-01	1.008226535157805831e-01	-1.331291914484642736e-01	-8.451582785745716253e-02	-3.384282136782472139e-01	-9.088916063664552458e-02	-3.032006104462408036e-01	3.669873017414437139e-02	-2.072958985917559283e-01	-1.103186493712848687e-01	-9.967052135009869807e-02	-3.967193265027557647e-01	-1.864668714419493445e-01	-2.636367940744814842e-01	1.158112297686742648e-01	-2.323960526713512997e-01	-1.805999531562838545e-01	-2.323394629543918399e-01	4.828072834411531455e-02	-2.351726782177049613e-01	-5.130485443902398773e-02	-1.253276440643423528e-01	1.187850345022918586e-01	-1.101325616112478756e-01	8.957335633516405604e-02	-8.915142064430960078e-02	5.834080068350798454e-02	9.678380570019312623e-02	-8.907155920637088720e-02	2.752991822658462304e-02	2.763468211081900397e-02	-8.726015659706837235e-02	-7.768335668521804231e-03	-1.733079415459981287e-01	-2.318399524527710309e-01	-8.134630535238208948e-02	1.274469419775663970e-01	1.566072604077009822e-01	3.081744640552284281e-02	1.619237842685763706e-01
-1.006126979952262218e-01	8.262778929333461017e-03	-9.532636333457931987e-02	-1.332941876731096598e-01	-1.517328307913342333e-01	-1.703263611549665213e-01	-2.044934163652703876e-02	7.705856810776755272e-02	2.897879582543960719e-02	1.081122805102892326e-01	1.623440226596646477e-03	1.142633510213161147e-02	-9.906357935995366293e-02	1.261330284657291301e-01	1.318286029171273077e-01	1.343748733605905632e-01	-1.453899841429354654e-02	1.866998658457020288e-01	-3.055070980417954468e-02	-8.256556697369575593e-02	3.584026016805204051e-01	3.312728696034241693e-01	3.593049721607154967e-01	4.306473650588980018e-01	1.290197481183518180e-01	2.911530114595745067e-01	3.810961676569056822e-01	3.325027883516571414e-01	1.944173755817014959e-01	2.334832897489400594e-01	-2.487101520621879669e-01	-3.063450360887305657e-02	1.611433592254506858e-02	1.811733860006085051e-01	2.948896308406316891e-01	6.438685672389249381e-02	5.236580143004875010e-02	1.440576279820180994e-01	1.287019260181239133e-01	5.382147585611675167e-01	5.275341269132406419e-01	1.773318650898647875e-01	1.000000000000000000e+00	-2.083439321068880634e-01	4.115951085076895999e-01	3.017764399072093151e-01	4.004433509448870887e-01	1.086464328090145509e-01	2.070616599712280237e-01	3.450452280850625775e-02	6.210811620306141978e-02	-7.152663111959414732e-02	-1.948204180502968383e-02	1.001751369422258370e-01	-9.412778581743665510e-03	1.113433676508588993e-03	2.166874490364940897e-01	1.580732383337460079e-01	3.194862391153727166e-01	1.189432581699351454e-01	-6.385986231450280215e-02	3.770921202212644263e-01	3.508388791667663154e-01	4.098825051712428613e-01	2.548992317328160340e-01	1.145541446418562037e-01	8.987841031196461272e-02	2.871335323620100577e-01	-1.084621653889392967e-01	1.587308440738930959e-01	-2.320344156389863438e-02	-2.554601188585178817e-01	-2.038943798431695764e-01	3.184970693582839935e-02	-1.997756411056946790e-01	-2.211659227649523940e-01	-1.996244526715269252e-01	-1.013166247268855319e-01	-4.776247243153081135e-01	-1.600600985791239828e-01	-7.723006453998372545e-02	-4.654622679164154009e-02	-5.984055786038553620e-02	-1.572249714801428888e-01	-1.761151757222825520e-01	9.675015039442849685e-02	-3.285038561646660416e-01	-5.227701064888212040e-02	8.114192405605960556e-02	6.353299624637388787e-02	1.171542074974287334e-01	1.578516016375930697e-01	2.789189992433475651e-01	1.867389451482853735e-01	4.523367307097612144e-01	-2.100379000056701029e-01	-4.398554201158338395e-01	-1.160964261576384604e-01	1.172562110751640546e-01	-1.849454097511271378e-01	4.026183705222185355e-02	1.433397393317014379e-01	1.488292375798866765e-02	-4.001486427182589928e-02	-6.473674216609602572e-02	-7.122364813287113128e-02	1.644919464224908756e-01	1.288207271021984957e-01	1.062694795512807711e-01	2.835458599683577940e-01	-7.639507937257691839e-02	-1.944967430995154373e-02	1.383411766977679369e-01	2.733590188347382877e-01	1.672178800185429581e-02	1.374239707757884676e-01	9.359937321177155822e-02	1.661929282496549254e-01	-5.780233190826808420e-02	1.524852090921052228e-01	1.535789273374508004e-02	-1.687744572267831922e-01	1.940203226541007547e-02	1.882243057005753657e-03	8.819357698206993501e-02	3.878536887963376367e-01	7.968996872020711608e-02	4.465768082774280723e-01	3.587466387034888293e-01	3.808949047049219883e-01	-1.679879117503271235e-01	-1.720373099196718381e-01	-1.521463385397884838e-01	-1.488875090692291792e-01	1.654158732700167500e-01	6.565646947883550799e-02	3.862612194083409611e-01	1.657354201602401489e-01	-2.457143050321261568e-01	1.123507256938047205e-01	1.963977838645114826e-01	5.375041768634245543e-01	5.833350831554904442e-02	1.339308904400442757e-01	2.479464217630207856e-01	5.002792630559704801e-01	3.068600278897645195e-01	3.639378481569037482e-02	-1.304665895987846269e-01	3.378836162767787643e-01	1.981823313532281583e-01	2.834659563619747469e-01	-2.415420622624475655e-01	-7.868785430726889241e-02	-3.333426444688847995e-02	-1.686573360276325817e-01	-1.852663562615168846e-01	-5.941945404109515855e-02	-3.834796595181143020e-01	-2.797392849762888045e-01	6.441119831261839235e-02	1.363764873672435318e-01	-4.840728826685201935e-02	-2.481049554400417412e-01	-1.894553860222943087e-01	3.908406234774621790e-01	-1.759470856569449182e-01	3.274808931182808247e-01	-1.740241850446673233e-01	-8.252688825847067158e-03	-3.301936288420510568e-01	-3.287254481281880469e-01	-3.774279410166154758e-01	7.703099488200938760e-02	1.077916056447450477e-01	-2.785727947949578343e-01	-1.101578933857891990e-01	-2.946146905856960041e-01	-7.555215402512779899e-02	-5.378816320441738297e-01	-4.261091713231924261e-01	-5.635449217943581113e-01	-2.318361791178317477e-01	-4.026524972759514820e-01	-2.250815104577859327e-01	-4.867260064503497463e-01	-1.449063726045312916e-01	-2.540996579993620719e-02	-2.862620730797243995e-01	-1.795446093101461804e-01	-2.362270316702344206e-02	-2.408122543624103828e-01	-8.012881760306551915e-02	-5.556259314011219308e-01	-4.420229575827150370e-01	-1.162249006311664168e-01	-9.071554447144668243e-02	1.638803038211852914e-01	-3.512162804057110121e-01	-1.244618562627887171e-01
1.553551856935078967e-01	-1.906086886045495477e-01	1.243912127062456047e-01	-3.900079014085270496e-02	-9.068549282691638902e-02	3.315895446223845328e-02	1.582572467049319087e-01	9.825524097586596506e-02	9.976442997359284692e-02	1.229313608393890755e-01	2.273688787303590753e-01	1.142879498857762022e-01	2.115462241932810628e-01	-1.098062102669870518e-02	1.688189867812805167e-01	1.170642689620748911e-01	9.447984148871406418e-02	3.810003446358211643e-01	2.008006881481531336e-01	-1.681340130605286920e-02	-7.257090778315325279e-03	1.060211166977361244e-02	8.152967512196883371e-02	-2.944311824246046913e-02	3.160199989139742538e-01	4.333858421893976853e-02	-1.014160167294694687e-01	4.019341435183144962e-02	-1.474895369490585029e-01	9.628722790524134323e-02	-2.313775327978359886e-01	1.528658818446473194e-02	1.707489236908610319e-01	-1.665517362814230781e-02	-1.273789817615295916e-01	4.259204781742401656e-03	2.244614138533253533e-01	1.911278348374438885e-01	-1.765484276548398915e-02	-2.256767949806344487e-03	5.501283876479423629e-02	2.542914979488996030e-01	-2.083439321068880634e-01	1.000000000000000000e+00	8.635103581810849027e-02	1.158682077845360758e-01	2.946573373769725834e-01	-4.974585199132643826e-02	-3.109311625181537461e-02	8.556137158458457237e-02	-2.507630889550905851e-01	-9.814510294890001207e-02	-4.908793607420970651e-02	-1.569575726682689298e-01	-7.332146308133245804e-02	2.511419422999943696e-01	-2.858324815665296836e-01	-7.746996312912869664e-02	-5.484736679530682890e-02	1.135127355969408475e-02	-1.082338064550779910e-01	-1.122124512260227192e-01	-9.835765747808924986e-02	-1.083446081001580991e-01	-4.350862956137763887e-02	-8.928816810056368564e-04	-3.468550755730637758e-01	-1.371497141676738529e-01	-2.018567895632172871e-01	-2.823346871224740595e-01	-2.019855792566069841e-01	3.019022227415618653e-01	2.733957867559360100e-01	-1.553044332232381142e-01	-2.269608434620591086e-01	-1.206346069206765959e-01	-1.185208025414811843e-02	-3.455790933752527633e-02	1.510508039269245206e-01	-1.237927210050333848e-01	-6.816677859092255820e-02	-9.630264913378747127e-02	-9.706345508942139377e-02	-2.183859389383533134e-01	-1.538840987185415802e-04	-1.489309244299880375e-01	1.069917832786255185e-01	-1.491336759219423769e-01	-1.806300056763577300e-01	-1.768118723808641546e-01	-7.071350365031921215e-02	-5.774491281004413834e-02	-1.922504465030240861e-01	-1.424274229897555533e-01	-1.536556465569766938e-01	-1.764884721102925047e-01	8.047078494169529472e-02	-5.813035804844568499e-02	2.563492656478693829e-02	-1.012942638012292035e-01	9.527713398803740186e-02	-6.096140670322356542e-03	3.796395676960580279e-02	-1.081577439948784407e-02	-1.100728109646346153e-01	3.923958074319955532e-03	-8.807322215434607027e-03	5.941575729987494392e-02	1.390009607172701112e-01	4.721624422874140525e-02	2.362683866487106654e-01	1.879008268353334621e-01	-1.770032149674807542e-01	1.316191774438088824e-01	8.671303276873736088e-02	-5.974836488871674428e-02	2.360975718436185184e-04	-1.215526561375206704e-01	9.039173980696948996e-02	1.329185309205851984e-01	4.223698825029312959e-02	1.382802593840097016e-01	3.329505168121066339e-02	-8.493908452511214624e-02	-1.068391028464960382e-02	-7.047016361530621109e-02	1.638690483025367350e-01	-4.997212552412114150e-02	-1.664774984456753593e-01	-7.757022491078315041e-02	-8.789464634574842283e-02	2.448017058685498029e-02	5.857762550374494975e-03	2.156060625309072776e-01	-1.292407137971605668e-01	6.168427024953350565e-04	-1.867604212697493715e-01	-1.516079473846161652e-01	3.004628413389443531e-01	2.168989587345843406e-01	4.098758703369949352e-02	1.498812801204681654e-02	3.026497879125311305e-02	-1.129148731155060481e-01	9.046492779328391132e-02	1.564791098448874707e-01	1.685854595559529434e-01	2.550188869634469335e-01	3.443254287279465808e-01	8.502085900311467936e-02	2.141396108408535892e-01	-1.094724585570132219e-01	-3.867185942909819041e-02	1.260761194328356705e-01	-1.216360998875218868e-01	1.076995114008150595e-01	-1.801064568454627535e-01	-2.013341984590789890e-02	6.572349222796085300e-02	3.091023203537668698e-02	-8.593595680962227978e-02	-3.154832384251471389e-02	-3.997226164025996509e-02	3.624045701142563497e-02	-1.151289719329908479e-01	-1.477828994714842636e-01	-8.094658306412122473e-02	-1.050084907236673859e-01	-1.680723093114289968e-01	-2.741367035430827270e-01	-1.155606405112597490e-01	-1.527949078512128023e-01	-7.679615514267434939e-02	-4.400459736587997162e-02	1.145792808248969619e-01	-1.266998350196796297e-01	-2.813945390798793245e-01	-1.255116668401177193e-01	-7.882493594783744617e-02	-7.724060737896062956e-02	2.971495334200295879e-01	1.576342782547916488e-01	2.017476023344901559e-01	-8.274125782770780368e-02	1.220156464230295335e-01	4.976366494439539434e-02	4.474409419068819949e-02	-7.696308746606272955e-02	-7.847754936631537448e-02	-2.315367131029778119e-02	-4.064955931616905799e-02	-8.374954504173247327e-02	-1.925077991371059588e-02	4.111621198232395802e-02	1.724647188704512280e-01	9.890391076319020314e-02	1.319486926986805087e-01	1.561976361092114740e-01	3.730250021512984682e-02	1.524267014617783911e-01
-2.720349142360213857e-01	-3.491886495102374671e-02	-1.891021643648454764e-01	-3.173519957744908582e-01	-3.667741547469446362e-01	-3.469181318592773344e-01	-2.395425118186563784e-01	-2.771369498622538313e-02	-1.738291828947065992e-02	-1.630932695227940155e-01	-9.755460142929567313e-02	-2.360929841048700073e-01	1.403624006247802536e-01	1.323266092379961067e-01	2.607760630463982765e-01	3.429022178055032843e-01	4.631662064258416228e-02	4.290230117311585323e-01	2.179343276252566908e-01	6.509204185958109012e-02	9.412539718002238542e-02	1.757493259977060407e-01	3.753067786447323306e-01	2.219482961632456286e-01	2.679001416417536308e-01	3.697725934200919440e-01	1.370778996654237747e-01	3.347336073097816334e-01	-9.199912645910805764e-02	-4.806491874997239483e-02	-7.054512819094758969e-02	-2.366378387573912778e-01	-1.219391027934158267e-01	-3.657720847344044651e-02	7.442415471813530747e-02	8.594041249612331679e-02	5.885096117837279595e-02	3.332708434340373588e-02	2.858626912497977957e-01	2.410172300058691930e-01	2.484603056973307134e-01	3.098765762325320638e-01	4.115951085076895999e-01	8.635103581810849027e-02	1.000000000000000000e+00	5.788133367354937331e-01	2.907103643516437130e-01	3.709813943725109864e-01	2.498340570221678214e-01	1.763615023777015955e-01	4.393658975871104350e-02	9.753593111200110910e-02	-1.811323892357993588e-03	2.196290411316380309e-01	-4.795566330458192472e-02	5.139567696365851535e-02	2.419734429921784336e-01	-5.955111314490466740e-02	5.506338272026160829e-02	1.147573082330517746e-02	6.760239735912267067e-02	2.449126398428684848e-01	2.409186582649839592e-01	1.820544159070005275e-01	3.500463497420530090e-01	8.693471999835528097e-02	4.274756618012041931e-02	1.417207268488648586e-01	3.476264996814877346e-03	7.410937798154371148e-02	3.143431005968250896e-02	-2.485069942234262030e-01	-1.521075466055094305e-01	-9.290807803221620698e-02	-1.388188619767970478e-01	1.348398036424023998e-02	-1.238196974817724894e-01	7.266214737084729369e-02	-3.088758463493879169e-01	-1.367735869254468606e-01	2.425292301225247943e-02	-4.477651207803835798e-03	5.493086014659891853e-02	1.837800494281563056e-03	-3.877108776536730000e-02	2.183242267469568676e-01	-9.909637583203002864e-02	1.314145853547435405e-01	2.430641170355198055e-01	1.075323933324211362e-01	3.765472636395545414e-01	2.725050450642002020e-01	2.762583976230005844e-01	2.738312043246495242e-01	3.215117726440889778e-01	-2.073909099995289440e-01	-2.853566800659344538e-01	-2.535098154994955832e-01	2.092947748150658926e-01	-2.927586176578384110e-03	-2.274006985601722541e-01	-5.658006759886674564e-02	-1.907048346508900538e-01	-1.119176765337343837e-01	-2.674071324277445538e-01	-2.962835163678816941e-01	-4.015885363624396159e-02	-2.640601221005721422e-02	-1.415599991580245853e-01	2.251832336179143690e-02	-1.639692674079924195e-01	-1.041785329872988441e-01	5.261273943533115172e-02	7.917671216229613118e-02	1.847493186267094023e-01	6.209218673980523157e-02	1.339960199978084375e-02	6.632074381273876662e-02	-7.194803425006254805e-02	2.775179087175800863e-01	-3.221334793746235409e-02	1.458090525828604524e-02	4.466772299267365159e-02	-4.063703247940050889e-02	6.279411878342416875e-02	1.671166191367089160e-01	1.145420469611230924e-01	3.570658996077872849e-01	4.395922702851377817e-03	1.268505943311624418e-01	-1.296757860339196600e-01	-1.703384596622696812e-01	-2.769940445297113252e-01	-1.475102036226868807e-01	-1.345481722455673101e-01	-1.130259817563212116e-01	2.601065636961295835e-02	1.020297225487776759e-02	-6.495725042245938108e-02	-5.578608160503046448e-02	1.773399474766742256e-01	3.158923580495432981e-01	6.686460508066786879e-02	1.517531830016344112e-02	2.188013444790127271e-01	5.112250756498846194e-01	5.914599796776860430e-01	1.789375051561926944e-01	-1.388857891224352381e-01	4.331969831562123563e-01	4.228310480764681245e-02	5.224797139198979201e-02	1.929991468641787181e-02	6.337990627487129214e-02	-1.336579634201844335e-01	1.651354159265945587e-01	-4.298176046217657559e-02	1.318618745500183265e-01	-2.211861643084007678e-01	-6.070663422103474149e-02	1.319493604705768985e-01	2.206705250756182124e-01	9.529416509895083376e-03	-2.098563910642168850e-01	-2.381443910497699490e-01	5.345567261318256297e-02	-4.702822344010661182e-02	1.587939777591573232e-01	-1.037760811826285018e-01	4.767489455884332122e-02	-1.636521633895310912e-01	-1.752754056086520962e-01	-2.400259861242914350e-01	-5.581491647856193922e-02	2.599918135550338127e-01	-8.169008784488904218e-02	-1.284846407251887812e-01	-2.326313473056688674e-01	2.700222946468194829e-01	-2.303647211891326485e-01	-3.555599383573957439e-01	-3.627963393018212024e-01	-1.033765389505542642e-01	-2.560752394821810829e-01	1.381358020620082616e-01	-3.165918605412841869e-01	3.101626124438731577e-03	-7.956399870602844093e-02	-4.364510027450976132e-02	-5.196116125556545645e-02	1.095766331215989042e-01	2.750672732535004716e-02	3.390982300293084173e-02	-3.287863842575963202e-01	-3.113523393705282527e-01	-1.927073005636476266e-01	1.007220933463814638e-01	3.361384213718051073e-01	-8.050680062228693368e-02	4.583565163625822475e-02
-9.310232243590134404e-02	-4.774884355611653391e-02	-2.526699607480848986e-01	-2.298528962016689325e-01	-1.698159809936924947e-01	-1.361003809114771923e-01	-1.539419315258851173e-01	-2.923057356143196964e-02	-1.795469805523812190e-01	-1.152598777254740248e-01	1.007436812170883246e-02	-1.520140084463302566e-01	5.980468625349232015e-02	6.341951793485881006e-02	1.535920051168534750e-01	2.743508833615345144e-01	-1.705830731939289857e-01	4.324980819594517745e-01	1.603915991215802694e-01	8.730043582071887742e-02	2.287999578280230373e-01	2.521999565929163856e-01	2.317812289868622644e-01	1.760352291572411521e-01	3.235906678611045195e-01	2.951708767472491779e-01	9.115070198142742608e-02	4.836276564816871515e-01	1.990527867470236884e-02	-9.659166054965601100e-02	-7.642976390297942513e-02	-6.864627076910570502e-02	6.227962541433270521e-02	1.010225475172643606e-01	-1.223399011406805723e-02	-2.286741768217840157e-02	1.669735284943805673e-02	-6.701548113177874244e-02	4.097287389608155750e-01	1.548442831384990725e-01	2.995045305721431572e-01	1.987387127402743814e-01	3.017764399072093151e-01	1.158682077845360758e-01	5.788133367354937331e-01	1.000000000000000000e+00	3.682162864834894744e-01	3.671772778877218091e-01	1.771218454916292928e-01	1.463737493628637643e-01	-5.848880084000765422e-02	7.421114960236631364e-02	-1.249544708243217339e-01	1.227730245926796915e-01	-1.189845118782714983e-01	-1.056515042574280999e-01	1.425826059652147149e-01	9.776303894593747768e-02	1.275906112171957055e-02	2.789701690749359364e-01	2.639835591501000361e-02	2.331171549786075770e-01	3.252612718669889436e-01	2.113670493352676760e-01	3.883550737223312455e-01	-2.193367319181134967e-03	6.430460690069602844e-03	1.433073673292491468e-01	2.116890976523646412e-02	4.495781526610018175e-02	1.332238562241199430e-02	-9.153166593675909901e-02	-2.382673732851338377e-02	3.266966831943504679e-02	-9.234247163090070210e-02	-1.635734640999146061e-01	-2.142270244945793101e-01	-9.807265769196281402e-02	-2.717640006492714200e-01	-2.654097742036180541e-01	-1.897391981528472743e-02	-1.249288858388730716e-01	-3.120859607225727472e-02	-5.900554325585972981e-02	-1.180902593743436008e-01	1.669279206962450135e-01	-9.864508814048236762e-02	1.066558384521199138e-01	1.599176344814900452e-01	1.209298072922667805e-01	4.126552166457316817e-01	2.316756615048793932e-01	1.522746935676743407e-01	1.778710455245538224e-01	3.429868963982862784e-01	-3.339033614525329652e-01	-3.167148819346622957e-01	-3.756824634923484063e-01	2.795551718273213138e-01	-5.891638028985831527e-02	-1.308553963019466748e-01	1.075001219226186105e-01	-2.325789424583014631e-01	-1.950839524182746976e-01	-1.072144844215980677e-02	-2.133032023704198310e-01	-1.155325351966757369e-01	-1.697172643807006442e-01	-1.178655372989161343e-01	-3.471162798180603415e-02	-1.176453962084617749e-01	-4.956453406669469181e-02	2.561361859000168759e-02	1.969935395875079265e-01	2.000551430812787801e-01	1.968662955498967915e-01	7.103388260008883237e-02	1.311920321359471842e-01	-1.718322465731785542e-01	2.414827325005733383e-01	-1.468843523007358487e-01	5.515370177726182377e-02	1.624489767367838511e-01	-2.550986928103896739e-02	9.242189367454199667e-02	1.070084863576337281e-01	7.137144834984396335e-02	2.912950559184473986e-01	-1.063600840944601980e-03	8.282356078737555805e-02	-1.756357712036412388e-01	-1.677890792933317554e-01	-1.423856178830957553e-01	-5.780373259957757165e-02	6.988652642142025029e-02	2.743270556939379767e-02	1.486247585391438667e-03	7.852946232184850051e-02	-1.083431764937098224e-01	5.766601405531617680e-02	2.724894744028050209e-01	3.195514250607921491e-01	2.892164194524331489e-01	3.763562452580827139e-02	1.542371565276977330e-01	4.077891808616351810e-01	3.993923532559565670e-01	3.467628016506538874e-02	-1.686067850157286219e-01	5.445115106418634277e-01	1.653716319748563535e-01	-5.464823709268260173e-03	-2.820420730976438365e-03	1.064549846639633798e-02	-8.847644165491223844e-02	9.865268025570246568e-02	-1.347498477839654540e-01	1.948118811600186781e-02	-3.189213518859846386e-01	-2.124750495324678468e-01	-1.344992241961803781e-01	8.981939218307997963e-02	-2.320864268391304164e-01	-1.570642671813015923e-01	-2.098973003516139690e-01	1.414972137455467183e-01	-5.153718674260881344e-02	2.333875560881921440e-01	-1.771645375475060236e-02	-1.409321662520638674e-01	-2.737460162978717082e-01	-2.501739299164418284e-01	-2.757000631707159366e-01	-3.647873569461535653e-02	2.919959676097423351e-01	-1.250074017868438303e-01	-2.046694063466865388e-01	-2.812927089895639332e-01	2.176617320280989920e-01	-2.646789206228621349e-01	-3.243676327006484450e-01	-3.702095875394660895e-01	3.420644411333496893e-02	-3.487444271352923564e-01	-1.388838889072947259e-02	-4.176064778788535214e-01	-3.483538806303552310e-02	-1.294343728816847172e-01	-1.925078653564548936e-01	-1.541603838643013091e-01	-1.138696595063850153e-01	-3.813919417850013260e-02	-6.879466715806321908e-02	-3.469114092014611295e-01	-3.074072351535733771e-01	-1.865080079744138586e-01	-5.464038171857067694e-02	2.708403853337572054e-01	-3.437192326038455287e-02	-5.157881910083797483e-02
2.261997058998912735e-01	-4.178640223932651998e-01	2.011612690241177392e-01	-1.585716172282384540e-01	-1.695052542633377068e-01	-2.210126283627365448e-02	2.676222169824729602e-01	3.250882920929629716e-01	2.104864901456597603e-01	2.869941833627525085e-01	2.604970694960866417e-01	2.286724131034869878e-01	1.175430865054691021e-01	-8.144805506636272618e-02	-7.843609415184912836e-02	-3.325024039417548427e-02	-5.608178925888861188e-02	4.244117140729096183e-01	-8.321530695757756169e-02	-8.729056623442045526e-02	3.299048845458056323e-01	1.834445805229600601e-01	2.812536109308225729e-01	1.627914512051905627e-01	4.924246274377102051e-01	2.855847807581285980e-01	3.624468693601201608e-02	1.491732126154585725e-01	5.348526414634039577e-02	1.748385710996338271e-01	-3.346803038757078519e-01	8.139398897507819919e-02	9.768919977724765946e-02	1.064705506435633664e-01	1.722623737795016818e-01	6.006959045594891661e-02	3.161916690548102205e-01	9.769818551658696060e-02	2.810640262771877396e-01	5.053230497926990417e-01	4.656841340353403136e-01	3.570748541771824880e-01	4.004433509448870887e-01	2.946573373769725834e-01	2.907103643516437130e-01	3.682162864834894744e-01	1.000000000000000000e+00	1.527291219398302369e-01	1.996788682445028718e-01	1.043567615934419129e-01	-1.287330296429511634e-01	-1.034318255266990783e-01	-7.679831356403737930e-02	4.395319122316427435e-02	-7.249495193009483640e-02	1.120630365036482806e-01	4.360452244589060194e-02	1.417412849893263660e-01	2.739842862894099063e-01	2.873803769484639670e-01	-2.620339642660578575e-02	3.438271138418241835e-01	4.510578791735129767e-01	2.663413938508767953e-01	3.964403871857030137e-01	1.673225927320468320e-01	-2.746285548293906920e-01	5.460271543606312061e-01	-1.607781713067591434e-01	3.795612454454433404e-02	-9.124809230199745769e-02	1.804311741043791995e-01	1.931368600631012122e-01	-2.367598946282830838e-02	-1.481159643723402031e-01	-3.140165068119075142e-01	-2.260671639168997382e-01	-1.024354389977525370e-01	-1.980442874645257922e-01	-2.510500120378132971e-01	-1.868302710711484405e-01	-1.916332528873041785e-01	-5.673535580771111447e-02	-2.761306222449800840e-01	-2.768503017171368707e-01	-2.768112976919858553e-02	1.408936151204997524e-02	-1.266239842056313125e-01	-3.831131277103534682e-02	7.816606470731973788e-02	3.053861202113238027e-02	7.753109890688762718e-02	1.440494114197286013e-01	1.461730441574665973e-01	3.204268009862361599e-01	-3.317432027409925044e-01	-2.062685988422030825e-01	-2.811010735641182312e-01	2.035828914782498722e-01	-1.739905624875551782e-01	1.714890189045736590e-01	-7.167345249887524528e-02	1.100563914315954572e-01	-2.337074241322498469e-01	-1.103277218707835183e-01	9.946780906746011119e-02	1.957752341691053888e-01	6.674012652979861848e-02	2.810125432031553294e-01	2.792748412336065744e-01	1.301563060137010397e-01	2.296165897215471652e-01	-3.436086865326118400e-02	1.624063481434272760e-01	6.429455386962500130e-02	3.266673312863879741e-02	1.197598455087127423e-02	-8.460322974055578538e-02	6.591001021226655654e-02	2.338208739500381994e-01	-1.581392322839903219e-01	-1.334895387221623764e-01	-1.534512912139580215e-02	-8.264312202517273831e-02	-1.456403106449483398e-01	2.493112657332419435e-01	1.214356593884476226e-01	2.119783993414632028e-01	9.700671657388998392e-02	7.777544668789322657e-02	-1.841393094966135291e-01	-1.031189762599344917e-01	-4.729943738422268812e-02	5.265441186135257079e-02	8.056896372663856221e-02	4.658495957795724673e-02	6.910984807666285812e-02	5.929813649517656771e-02	2.468882024554090032e-02	2.158164896473040995e-01	2.886800594580661294e-01	5.058843283912067834e-01	-4.404953221154359055e-02	1.982803683911696924e-01	4.378585093084566039e-03	3.816880832484103037e-01	3.082576685691746365e-01	1.526288751204757377e-01	1.927755590427410459e-01	2.830521183176846201e-01	6.349813724330071185e-01	1.587935287148085628e-01	-1.215475526619552576e-01	7.066245625698683308e-02	-1.264324019458512305e-01	-2.918218393412109340e-02	-3.056057018457888907e-01	-1.236408998333694137e-02	-4.193641078151068013e-01	-3.213580634013767368e-01	-5.126350718683012064e-02	5.456079889925746773e-02	-2.132729823524325274e-01	-1.099642997543291700e-01	-1.773006193525375196e-01	3.317979381312545217e-01	-1.250852125190472230e-01	2.789358548314941344e-01	-1.818547498131383999e-01	-1.411258873827997695e-01	-3.349479684555343173e-01	-4.888825404921619544e-01	-2.640388441917276285e-01	2.365556445971646604e-01	2.684300463915471613e-01	-3.901247579353507855e-01	-2.754701331710137646e-01	-3.389261249382900520e-01	-6.331174302571343504e-02	-5.953775697263531397e-01	-7.513049169174816633e-02	-3.109299971861993472e-01	8.644359915771233915e-02	-3.131623062541777358e-01	-2.015859783015447604e-01	-4.739793050161540955e-01	-1.098299788214815442e-01	-1.977007326806188847e-01	-4.285874611189198213e-01	-2.408768321992788841e-01	-1.685037624625931874e-01	-1.919071465600324378e-01	4.078269920294474299e-02	-4.220925540802037967e-01	-2.494877683639101784e-01	-6.252427154112852326e-02	-6.385160450285395917e-02	2.212853867799105811e-01	-1.683870012918922410e-01	3.192879989950480474e-02
-3.402031353001369052e-01	-1.035613933037870804e-01	-2.223077805550554009e-01	-3.744967456946842188e-01	-4.174673039076114422e-01	-3.839518445365013855e-01	-3.277587856704736735e-01	-3.094936332037379403e-02	-1.675373867671852146e-01	-2.388566068569438205e-01	-2.351232361934317006e-01	-3.401406864349780790e-01	-4.528663068150039911e-02	2.303057911425734627e-01	1.585851963970622003e-01	2.015633342740802691e-01	-8.136393521691411002e-02	1.337773165834134637e-01	5.296593190753069030e-02	2.204447211484310623e-02	1.440453057431629602e-01	-5.495539355964566136e-02	1.531692644197930053e-01	-2.857206633004066507e-02	3.790773870943210944e-01	1.696083718833416021e-01	-1.427903779234213633e-01	7.514166685205886376e-02	-3.032252602095054650e-01	-1.996005678210535372e-01	-4.000480082484778044e-02	-2.742807821489287590e-01	-2.826050817089421630e-01	-1.371842031344438773e-01	-4.483352332711643823e-02	1.058051514176747837e-01	-7.351871780810130541e-02	-8.826237767249028865e-02	2.020312100051858684e-01	2.856197376898861329e-02	7.756613341880375101e-02	1.091937213081045355e-01	1.086464328090145509e-01	-4.974585199132643826e-02	3.709813943725109864e-01	3.671772778877218091e-01	1.527291219398302369e-01	1.000000000000000000e+00	3.193006743283606785e-01	3.610881728542532643e-01	8.974283575508033850e-02	3.014574687651849216e-01	-2.263213245056307308e-03	2.023815253933038960e-01	-5.214923705467782583e-02	-1.574960681685508290e-01	2.337088176733871925e-01	-2.026023014173841397e-01	-1.367029208301430432e-01	6.227932927736283021e-03	1.177836412065146471e-01	5.174350018485258662e-01	1.940214078060056857e-01	-1.256841238123915586e-02	5.300449196672580854e-01	1.425501084164996768e-01	7.830220390754998039e-02	2.463990008801918152e-01	3.033913528415786987e-01	2.232667622327868528e-01	3.926051339925732964e-01	-1.855778150609397603e-01	-2.266170895139132252e-02	1.222199151617830853e-01	7.954987596855059295e-02	2.970281466216388999e-01	1.097233964687278907e-02	2.563433190630683423e-01	-5.697995523815242399e-05	2.051890553694202604e-02	3.880325472995722058e-01	2.149990071597706887e-01	1.825628769217114700e-01	1.891065641060473701e-01	3.965474704523416771e-02	3.390576226395412007e-01	2.081655404803996467e-01	4.545420803432141388e-01	4.325775597122528127e-01	4.100767145095679522e-01	5.600524938067256153e-01	4.696582196286900324e-01	4.826725428200504542e-01	4.473049824406978847e-01	4.549440149848553716e-01	-9.700224298613666085e-02	-1.585060083110473028e-01	-3.641078271970469848e-01	3.494583862261704810e-01	1.509111393204206064e-01	-2.747787080907942436e-01	-1.970720477986446367e-02	-3.455706821876197710e-01	-1.951474598971213725e-01	-2.071968959711908143e-01	-4.083367069469808208e-01	-1.107192489817326181e-01	-1.958705669473104483e-01	-1.844545944893777878e-01	-1.037708941180111727e-01	-3.235428101898260023e-01	-3.571534488828509435e-01	8.106779916106218731e-02	-2.178897716570294407e-01	8.842357748212063828e-02	4.922943542342048812e-02	2.018689659588222308e-03	2.045576113434576654e-02	-9.078459832417393183e-02	9.298904909657376705e-02	-1.054233364693496072e-01	1.955268217409474735e-02	-4.691475497165563391e-02	1.703833757203301325e-01	-7.103830038988090401e-02	-4.834525495664404593e-02	-1.394290765264973898e-02	7.311019022290836389e-02	-3.177170676177700631e-02	-7.981187908485752602e-02	-1.633111035442071646e-01	-1.597498308141583334e-01	-3.011512027673522995e-01	-3.150041901287569113e-01	-1.875723899052988974e-01	-2.017391554277029320e-01	-5.997719849723948810e-02	7.297396801646291453e-02	-1.392205802443758633e-01	-1.952701073357784312e-01	-2.648843768875099036e-02	1.625909040545105155e-01	-4.367439770531266613e-02	4.003558895645772248e-02	1.456693462691452112e-01	2.271981344464593655e-01	2.228359852025885435e-01	1.315152368725269749e-01	-2.004750476333228837e-01	6.633226633172481512e-02	1.613619181398996960e-01	1.337728335374713251e-01	2.771045705229436273e-01	1.608808171899735184e-01	-5.279286530095263219e-02	3.039655252051678413e-01	1.693070497079121883e-01	3.362832229878079393e-01	-1.315751174254594924e-01	2.410987238194790827e-01	2.739260108849472797e-01	1.540744946616021682e-01	1.028109216895853328e-01	-1.458688977963328581e-01	-3.168167883288582898e-01	-8.666125388612524322e-03	3.999781663244338786e-02	5.920917975841783615e-02	-2.359368744158169551e-01	5.691828874568333196e-02	1.702867162471230836e-02	-2.186901066562603191e-01	-1.507468500556240765e-01	-6.603522785824458841e-02	3.781085820798252839e-01	-1.989170655334783488e-02	3.117484383811703827e-02	-6.776608811142544042e-02	3.681120566463279009e-01	-4.019496545769126600e-02	-2.965934979234904900e-01	-2.650118656256482130e-01	1.468202161043862808e-01	-5.520692185232611154e-02	3.826000673900987747e-01	-1.507185733501859026e-01	1.200734594215693667e-02	2.048836964875762612e-01	1.933925922727325053e-01	5.221442914192815643e-02	1.444743731459496860e-01	2.703772915887647232e-01	2.282933896297110188e-01	-2.607128990696008231e-01	-3.560023015694273041e-01	-2.892115970834431282e-01	1.459756621454404713e-01	3.362304201349639587e-01	1.012073323671899144e-01	1.727862438371860210e-01
2.810716677344694131e-02	-3.375695646848114184e-01	-6.319740760255374012e-02	-2.453299456466204731e-01	-3.035052945742431896e-01	-5.312993668142012432e-02	9.893493979102160191e-03	1.017082788715556879e-01	6.906873527932420875e-02	1.233240481565197055e-01	1.544260993295601680e-01	-5.007681920036544110e-02	-2.306253750037346173e-01	-1.316346640725031270e-01	-3.751852396111864801e-02	-6.702497597238271654e-02	-3.311899420901496249e-01	-8.309873311893840875e-02	-2.367187508962655951e-01	-2.974939155811373026e-01	2.883433225312886927e-01	-6.772983127430860784e-02	1.820530153495156789e-01	2.089685673816697731e-02	2.454165449403068466e-01	7.352790259755233315e-02	-1.102450783733933543e-01	-1.915049837214148273e-02	-8.433778192789065375e-02	-7.413260485771711039e-02	-1.607125613207109061e-01	-2.058426243746415696e-01	-1.845542519320560737e-01	-1.757959854853338444e-01	-1.742257307055684323e-01	-9.553668616950053427e-02	-3.357280767760617915e-03	-3.804008177273747737e-01	1.151549185318522101e-01	-3.608516857088346630e-02	3.661611035869034581e-01	1.742823813988542969e-01	2.070616599712280237e-01	-3.109311625181537461e-02	2.498340570221678214e-01	1.771218454916292928e-01	1.996788682445028718e-01	3.193006743283606785e-01	1.000000000000000000e+00	4.308450416469321587e-01	1.830082785370557574e-01	2.150290526561509097e-01	3.797415997375545860e-02	6.232330879686931446e-02	2.864536772587128813e-02	2.131259793899657473e-01	2.016745854202873361e-02	-6.333263089872204210e-02	-3.630055707063301051e-02	1.210492267131042521e-01	5.415312348256981489e-02	3.017260106723136937e-01	1.415287827562881906e-01	1.475168487556989538e-01	2.888198729711131674e-01	2.430002076575435987e-01	-5.084997087616066613e-02	2.409576948387721351e-01	2.235915318379409766e-01	7.090780118821683742e-02	3.222824379990535393e-01	-2.098291607287200433e-02	-1.629192793986555809e-01	3.793402903244305624e-02	1.489276620436649212e-01	-1.166497392522783949e-01	-6.951513652999082027e-02	1.986398688293708470e-01	-3.271197654548132355e-02	9.858357850689747348e-02	1.194198006651030208e-01	2.823456559907942531e-01	1.954486280249177477e-01	9.665703118280735348e-03	1.747811392557279894e-02	1.995374411646841650e-01	1.788058907814794318e-01	2.209317587783922177e-01	2.890545244737697805e-01	4.714334972106909993e-01	2.850472872353845277e-01	4.638450984747370942e-01	1.794783220292932857e-01	3.318192459372305003e-01	3.070732188538035645e-01	-3.811770244885876596e-02	-2.833414541587405550e-02	8.172234727503142893e-02	1.472312983158645949e-01	1.211765586256189214e-01	-7.835259592856200217e-02	-2.952714965675415359e-01	-2.846363693816710283e-01	-3.246832577300733935e-01	-1.560325954611421484e-01	-1.406100858730058578e-01	-3.641074704202824919e-02	-8.637018543934611714e-02	4.145800448035596997e-02	3.304874631008579422e-02	-9.324615566335195393e-02	-1.730591658259212351e-01	-1.469741759031638617e-01	7.765739073191190757e-03	-1.105360080850550097e-01	-1.871349078283311984e-01	-1.812409088146670899e-01	-1.721392664444713061e-01	-1.717068846739131238e-01	-1.789123861918303082e-01	-3.246611503906481899e-01	-2.632756582943971413e-01	-2.321343314851312123e-01	1.731417738721459376e-01	1.343609714787585493e-02	2.133365202309236708e-01	-1.225979792331075430e-01	3.747082219017261462e-02	8.145527519515433079e-02	-4.098280393865658816e-02	-1.334209848291917910e-01	-1.426941162536829732e-01	-7.664304784460924946e-02	-2.055591558586533918e-01	-3.242623065122811343e-02	-1.891873395954685178e-01	-2.030656720253683489e-01	-1.811991105673323443e-01	-2.138954126282998913e-01	-2.553476135150571924e-01	7.875345028984959139e-02	7.692960806809188458e-03	1.118249757541735917e-02	4.195792465900228252e-01	1.368668662167020766e-01	2.566268088231408728e-01	1.192211775841297977e-01	-3.062157741635511757e-02	-1.511709562613771096e-01	2.117148642583512319e-01	2.431500815832398077e-01	2.189684296482369008e-01	2.506618345539324277e-01	4.807347713145632695e-01	4.331943444663129972e-01	4.719515063037301172e-01	1.062634322589477015e-01	3.327077193330548743e-01	-2.902887058397175465e-02	5.437809573565521859e-02	6.388540425677466383e-02	1.854270330687610505e-02	1.389763759615353089e-01	-1.665208802738115390e-01	6.376582999627842738e-03	-1.145798079348698123e-01	2.593650259712683079e-02	1.381088236891209187e-01	1.570358498574485340e-01	2.408664334652128036e-01	-3.913999844053113464e-02	-1.392799310206493113e-01	7.780087495876068793e-02	-6.498221024482253236e-03	4.807643201532130206e-02	5.212477227428927162e-02	2.414630050883012635e-01	6.574414245980286786e-02	3.651326663009406559e-01	-1.377362383657887712e-01	-4.536059955706302910e-02	-1.822846887915908765e-01	1.487655665660979620e-01	-1.227029253080370863e-02	9.273828545004404733e-02	-2.137939927816770447e-01	4.388187966821155972e-01	2.046672804181563776e-01	1.816885794149212252e-01	6.300952271368162605e-02	1.208364728358072432e-01	1.562864506665860298e-01	3.289419970748341249e-01	-9.893248911591717709e-02	-2.232141392240257205e-01	1.231020592692657067e-01	1.139821255996874456e-02	1.824663096474252455e-01	1.151732569922174210e-01	1.203866292403339977e-01
-1.003897198132009533e-01	-3.005451918773733855e-01	-1.025545281351036009e-01	-4.046145799797432607e-01	-4.518368334449560098e-01	-3.787932260769608650e-01	-2.323063241923103289e-02	1.456285389071128589e-01	2.307057367509793844e-01	4.601599882172093675e-02	6.699664524314402625e-02	-1.475035622471692898e-01	-2.618386738680168746e-02	6.411651968834045090e-02	3.785187232701020532e-02	2.293529142639146312e-01	-1.301205024675920474e-01	8.340164044660548781e-02	6.738491442089203365e-02	5.334335963283904497e-02	1.453124835909252177e-01	-1.556305158157941099e-02	2.555128943531482788e-01	7.153626772567976341e-03	2.878989949739590992e-01	2.280182996168975129e-01	-6.287611382448668462e-02	2.031929099748325598e-02	-3.080951151279940348e-01	-2.422665332049204479e-01	-9.192931232197226396e-03	-4.747616667130145629e-01	-4.240694865745796571e-01	-1.819260015190878876e-01	-9.050273807027664486e-03	1.469911435475679262e-01	5.746845676731784924e-02	-1.475598763292657323e-01	-2.165007666252767304e-01	1.085839677635677819e-01	2.550101198875101005e-01	1.565087834310255610e-01	3.450452280850625775e-02	8.556137158458457237e-02	1.763615023777015955e-01	1.463737493628637643e-01	1.043567615934419129e-01	3.610881728542532643e-01	4.308450416469321587e-01	1.000000000000000000e+00	7.793571634712265217e-02	2.891796835253259146e-01	1.814134628778759084e-01	2.172733359735291303e-01	1.263824823856650459e-01	2.218542502949228112e-01	6.833022694595666802e-02	-3.889144087984368614e-01	-1.961214035325496707e-01	-2.681447873407852844e-01	-7.532901461791792486e-02	7.074562887582372395e-02	-8.631608185716534154e-02	-1.860565262617608351e-01	1.514854350919298542e-01	2.533876322165372619e-01	-1.791798828248567232e-01	1.565928293054322240e-02	2.821195734170498515e-01	-1.191025606994727676e-01	2.503169649306898337e-01	-5.705426345727074994e-02	-1.610311051197922116e-01	9.772793103189877928e-02	1.286015505104497747e-01	6.537715915976063941e-02	2.360340580845354530e-01	5.424536798991603792e-01	1.050313954812291395e-01	1.919740947770333106e-01	3.597802975807348203e-01	4.780153189149357051e-01	1.758424834279503080e-01	1.789734951677248581e-02	1.370459928424517214e-02	2.987426719696936184e-01	4.685466687413563647e-01	3.245504739379891368e-01	3.378700292957599327e-01	5.022433995935093876e-01	3.891603285768711062e-01	5.519362513830370354e-01	1.164978133878742522e-01	3.375369931895358389e-01	1.683214366789566596e-01	1.576649821329733914e-01	8.687040228240987261e-02	3.710395239134902517e-02	2.664873262355537120e-01	3.368022326508842701e-01	-2.639959786299805877e-01	-2.659039151959340375e-01	-2.987828839446752260e-01	-3.438916001513767640e-01	-3.547586435998169585e-01	-3.117540953595557829e-01	7.731551124701036525e-03	7.639839379510300621e-02	-7.420821646365514251e-03	1.391652206310376172e-01	-1.116703782497315417e-01	-2.398744318432536327e-01	9.874748209617689731e-02	-1.609311187913457786e-01	2.277700901505825409e-02	-5.727111600453567430e-02	-8.388478132304660884e-02	-3.663045336764852306e-02	6.158796917621704031e-02	-6.809575371905583763e-02	-1.378484200290233663e-01	4.088035689546846291e-02	-8.502723404583531486e-02	6.526317356982495876e-02	9.226314676272688586e-02	2.422702574460732505e-01	4.212050298184533831e-02	2.070209847192797450e-02	-8.326696417686116347e-03	-3.676677059158653827e-03	-2.874513456698931102e-01	-5.306269362574711490e-02	-3.596684001755194870e-01	-4.141759581333478990e-01	-4.224537942103307464e-01	-4.204515284808468811e-01	-5.626979930244556394e-02	-1.114631756120382233e-01	-1.165713958148918705e-01	-1.370382689827978340e-01	-2.094054624964765965e-01	1.520889403919853666e-01	-1.514497484334839106e-01	2.682512119550827800e-01	1.018190217913278045e-01	5.173290288405608950e-02	6.063075572429620780e-02	9.261289463794791788e-02	-1.166522698740015268e-01	1.678817771029275652e-02	2.090604401098979936e-01	-8.367561355129880807e-02	1.653435515419076351e-01	4.786940330324541137e-01	1.017205634574238349e-01	3.818229681554615729e-01	1.245600790943038744e-01	5.002870288288499001e-01	1.208979357718424075e-01	2.594538307698241453e-01	1.995296530091406062e-01	2.316393717853289791e-01	1.087310221964169349e-01	-2.221049527056221662e-01	-2.690993640727795677e-01	-2.859375094575027920e-01	-1.306025968606717158e-01	-1.217187053480153491e-01	-2.265165098023356194e-01	2.925626828615078279e-01	2.815604032875156926e-01	-1.779233572518887363e-01	1.329569732059678044e-01	-1.540171190771397469e-01	8.922117524846058523e-02	-7.607652116452813876e-03	2.032915774446281479e-02	-8.840434983413608672e-02	4.248997577407310211e-01	-2.947803930168743647e-02	-6.337054449394674549e-02	-8.753464223721982296e-02	2.693365529289902249e-01	2.251311803482982099e-01	2.752880364307719319e-01	1.451829860715822540e-01	5.261179065348846606e-01	5.094536154357516278e-01	2.543899612417817035e-01	4.244296647142266621e-01	2.567835773623566298e-01	2.034602207421078723e-01	3.246082870539524490e-01	5.200450767178445288e-02	-7.785221833613112374e-02	1.488352738590290603e-01	1.595784123460838311e-01	4.595914958695961339e-01	2.740696023523397917e-01	3.485296179207263423e-01
-1.679361735842203884e-01	3.883804466085487295e-02	-1.188683598511917072e-01	-8.780075620952705606e-02	-1.197560256180410232e-01	-9.895537256260533709e-02	-1.761232722326447897e-01	-1.361664660342756794e-01	-1.309408873923287864e-01	-1.474784672558902276e-01	-2.231441868538278084e-01	-2.659801235710020917e-01	-8.465469396817125458e-02	-1.571900002282642372e-01	-1.734675008129226426e-01	-7.215307209361891683e-02	-1.703641151500298601e-02	-2.279358196564515715e-01	-9.581393251415212114e-03	-4.256209618409702300e-02	1.040041575967472556e-02	-2.085039130985656131e-01	-9.233444628060021031e-02	-1.454955806811212837e-01	-1.764693695947388286e-01	-1.672242683701890831e-01	-2.165295031664622449e-01	-2.135677406688554214e-01	1.386822539599840143e-01	-1.511665929846338630e-01	6.559667850934847166e-02	-1.417578464236609881e-01	-2.626952166809109479e-01	-1.948543126408998072e-01	-9.603049442315840512e-02	-8.944943864009302636e-02	-1.767698072731053172e-01	-1.683270049351822395e-01	-2.938123233738494655e-02	-3.386082225921423217e-02	4.770614977332972989e-02	-2.511871891083873320e-01	6.210811620306141284e-02	-2.507630889550905851e-01	4.393658975871104350e-02	-5.848880084000765422e-02	-1.287330296429511634e-01	8.974283575508032462e-02	1.830082785370557574e-01	7.793571634712265217e-02	1.000000000000000000e+00	4.862613843863033969e-01	7.709528047020293429e-02	5.473436019007251602e-02	5.388698993580149504e-02	1.603262043228425096e-02	1.755409872214529765e-01	-9.045901272105705271e-02	-3.502892738754834895e-02	-5.617911627771788458e-02	-2.894563994377511579e-02	2.228489506112443785e-01	6.335520905482272536e-02	7.830026840400035326e-02	7.880873488697458240e-02	1.380768629667617209e-01	2.511133573356688076e-01	3.065160552173786662e-02	1.517295138622947459e-01	3.128131047300236056e-01	3.444415194106555389e-01	-1.804538305606142590e-01	-2.228893473570653927e-01	-1.604181555397498488e-02	1.351259627951010012e-01	1.214381594827426275e-01	2.178244860474707612e-01	2.913719914748955642e-01	8.138944305028697132e-03	4.575935009166016143e-01	4.872805635505791377e-01	3.436721540148552356e-01	5.174469996157800011e-01	3.732243102921345979e-01	3.878081666046261922e-01	2.473494147399926124e-01	1.412578017641201999e-01	3.680000987724872941e-01	3.922034503686621654e-01	2.645969716371152081e-01	1.385312735337748680e-01	3.407101764099682573e-01	3.133825203285268146e-01	3.661930678086938173e-01	2.764396603332029967e-01	1.211320022028588156e-01	1.464592739360170426e-01	8.439903883093552439e-02	5.588390610889471671e-02	2.561384789813495044e-01	-1.188080797591769266e-01	-1.791397803846997705e-01	-1.479747972365444975e-01	-3.712093349156770500e-02	-5.472855135142935118e-02	-1.277676265647871845e-01	-1.298127225608176061e-01	-8.501974700730998216e-03	-1.174342163237759862e-01	1.517875710135949824e-02	-1.582869755313028315e-01	-2.634723926562704266e-01	1.303750246360453439e-02	-1.958080418319169680e-01	1.045973747411740699e-02	-7.377095740149279546e-02	-5.896387816597457865e-02	-7.575577227058431784e-02	-4.109338456085288860e-02	-1.594400997337330761e-01	-7.316157267820880272e-02	-4.648776212317751871e-02	2.461212475078089143e-02	1.564831546900849468e-01	-1.577916921685882656e-01	-7.762493748327302379e-02	-1.303939727345683197e-01	-9.755234086340458521e-02	-2.726438044945379141e-02	-2.053576441602971425e-01	2.204669879840026048e-01	-7.371703303122906226e-02	1.763318535121360942e-02	-2.222346580606649469e-01	-5.438277791631674490e-02	-7.270874982689182198e-02	-1.092456410270058048e-01	4.225533826072236376e-02	-2.109097295258620941e-01	-2.660054037457247889e-01	-2.008709594480091454e-01	-2.358674496493288475e-01	-2.310743157270024051e-01	4.069742262892003248e-01	-6.547857020774716652e-02	-1.373214340184491719e-02	-2.707043302130262563e-01	-3.501175254086807964e-02	-7.084548233689395846e-02	-1.115015431487759029e-01	-1.876638919058373212e-01	2.363799205531294245e-01	6.981736455291170929e-02	7.100599927013886634e-03	2.193797422388996457e-02	1.096516279639165176e-01	4.270994943738056770e-01	3.301647545349793433e-01	3.707058000543116960e-01	2.391594769425134659e-01	2.176995589051162472e-01	-4.009711621516022506e-02	1.905020725465096376e-01	1.598646193495312784e-01	9.572978056680514491e-02	-1.875027412434563528e-03	-4.021447240204496093e-02	3.975996860512221592e-02	5.614549415720095082e-02	3.258691914095897535e-01	1.603890577814701124e-01	1.414691595074680786e-01	9.380603964150356633e-02	-3.819055535532885765e-02	-2.603311480471630635e-01	1.637182258463942136e-02	4.459796545026564751e-01	3.334059389979203702e-01	4.013480874369053375e-02	1.186519075656455174e-01	-1.295453149050311559e-01	-1.123083102470385508e-01	-3.095102387323666812e-02	1.189492452666784661e-01	8.095546467448308525e-02	4.744064508169214961e-02	1.940916725740447213e-01	8.495190872868531307e-02	4.088429681191568243e-01	-2.439651415029233782e-03	3.828982541194298483e-01	1.907125053748747467e-01	3.150238625084595401e-01	1.660730273930602630e-01	4.739010525412314101e-02	1.998012861293028131e-01	1.688362156679001080e-01	-1.234508413807841737e-01	1.488303732523109102e-01	-9.266823860661410617e-02
-3.249388484480304484e-01	-4.824257108976024583e-02	-2.317584437929330055e-01	-3.713628019322655072e-01	-3.778790000819768347e-01	-3.162020357460112452e-01	-2.114956445924802420e-01	-1.420108837981639005e-01	-2.141295221997098208e-01	-2.826374989999244081e-01	-3.049991069319396564e-01	-4.304602904582859879e-01	9.384525750395552451e-03	2.627173383765150638e-01	8.779049300919072873e-02	2.614877651485560395e-01	5.712287787743805523e-02	-1.056196556853435942e-01	2.137369244392029466e-01	7.441008612483432372e-02	5.812921850071128133e-02	-2.541253778266836516e-01	1.022799406703639620e-02	-1.312242466499941029e-01	2.606475416200143558e-02	9.152138221668036644e-02	-2.857803054804305964e-01	-1.615316605932215210e-01	-2.448407866668769403e-02	-2.160773361414464744e-01	2.543826726749061073e-01	-3.024340356209237468e-01	-4.764314943709840322e-01	-2.398396403239985430e-01	4.667847513474293608e-02	2.337174484123534790e-01	-6.798102089199475895e-02	-1.381307820582726720e-01	3.493154156454131298e-02	-3.967922968107953641e-02	-4.549440898940708411e-02	-4.998950918486297704e-03	-7.152663111959414732e-02	-9.814510294890001207e-02	9.753593111200110910e-02	7.421114960236631364e-02	-1.034318255266990783e-01	3.014574687651849216e-01	2.150290526561509097e-01	2.891796835253259146e-01	4.862613843863034524e-01	1.000000000000000000e+00	2.217452176433539757e-01	2.490503371300819002e-01	1.076417265282979679e-01	3.211131584078381201e-02	3.640594302398565962e-01	-2.647129263526386556e-01	-8.077177125351572839e-02	-1.257908351495486410e-01	-1.151726128023891349e-01	1.647033482348481126e-01	-5.416037968263270885e-02	-3.057036486356633220e-02	2.577529714199419675e-01	4.582031847031042826e-02	2.624716080845125310e-01	9.322578126414422794e-02	3.534244078619246388e-01	2.936934794902421042e-01	4.246389712512183556e-01	-1.131341570277681341e-01	-2.274431598319054115e-01	2.339170733084888210e-01	3.188115317367572477e-01	2.233746158166912688e-01	5.119631828978224997e-01	4.925642113114474530e-01	1.667041764906957435e-01	4.819960766442041855e-01	6.564009157319647958e-01	4.508771950642775916e-01	6.129631056750000084e-01	5.606222446233500856e-01	5.035768211852020837e-01	4.475393005213918474e-01	4.199014450904662854e-01	5.181629685401198948e-01	5.118946720902463055e-01	3.988461748752445413e-01	2.614099947376412603e-01	5.102822011064872543e-01	3.828984210047612913e-01	5.179919322215758015e-01	3.184337819949913384e-01	3.173517673866105282e-01	1.883854589778736488e-01	4.386482232847634111e-02	3.321011189226481530e-01	4.752576386619540849e-01	-2.678016954880612643e-01	-2.776624578284154210e-01	-2.778569017106917727e-01	-2.791745384677683517e-01	-2.982034160220347618e-01	-3.648544959823065148e-01	-1.983060526509519139e-01	-6.036063021860330752e-02	-2.977249518613471202e-01	-1.448652445339018990e-01	-3.237319489867319655e-01	-4.086194812697720447e-01	1.108682844809685264e-01	-2.860059018038896839e-01	9.577274540541554082e-02	5.962302544191754039e-02	6.276685697169791245e-02	3.502254553309137874e-02	8.120507549978217554e-02	-1.148013124998518708e-01	8.963604332072942077e-03	1.103002078885741005e-01	-1.015887878688093715e-01	1.588093137972143021e-01	-2.388296560319011497e-01	-3.604828875607574146e-02	-6.732134041220302900e-02	-2.682395406913712366e-02	-3.662061729410867605e-02	-2.261830913920634401e-01	-4.137181136876488807e-02	-1.590627152651294396e-02	-2.865925918007893869e-01	-4.246454836584463988e-01	-2.618808649088498197e-01	-3.512404548429002848e-01	-1.353049460337247545e-01	4.268846919885897762e-02	-2.538768661825214212e-01	-3.846468933959029113e-01	-2.280884277833093721e-01	-1.059708428928510526e-01	-2.619045757346790682e-01	2.198009730680111073e-01	-7.662651363245029379e-02	-1.408475185778368215e-02	-1.921509453930151101e-01	1.578559185768554363e-01	-1.329344621748745903e-01	-3.941089312838499947e-02	-8.025995216544172528e-02	-1.583857214268680480e-01	1.852674119018712651e-01	8.723637869541885081e-02	-6.528850003625992493e-02	2.385386099748835476e-01	6.589384610554184230e-01	4.523187670916440362e-01	4.639994581083577430e-01	4.667677638036811794e-01	3.347956419065450939e-01	2.215498233974861897e-01	2.299930459346203881e-01	1.229335433406574807e-01	-1.114576069278324366e-01	-1.972767108345507558e-01	-5.194732072488929264e-02	-1.435203475518910532e-01	-2.065360903175065821e-01	1.808034304318644758e-01	4.275229888434564640e-01	-1.607160579871402817e-02	8.548337708827688508e-02	-2.508609043617580081e-01	-1.676258532030006076e-01	-1.004526492774512059e-01	3.594103488622971687e-01	1.524143980377221375e-01	1.785610802142719999e-01	1.095843564595754410e-01	-8.575325139669516539e-02	8.585699454417094686e-03	2.077287796188020952e-01	1.872716923459929461e-01	2.761211917039056440e-01	2.419394605796587050e-01	1.903978888066268638e-01	2.104613068885590743e-01	5.171401530662673718e-01	2.291689750826400029e-01	4.455843878594725749e-01	1.519669336056388986e-01	4.853994889784397637e-01	1.304445469102295529e-01	-4.594464367936142157e-02	6.683637916834879455e-02	2.999673470126805741e-01	1.925966216485775762e-01	3.314052154600988787e-01	1.433940475860369657e-01
-5.496939612861191649e-02	-2.896308053205417024e-02	-1.824705544817952288e-02	-1.097462125528468752e-01	1.578641662009912586e-02	-5.973452528971274350e-02	4.942341277562245505e-02	1.066429164651632178e-01	1.344320039404326150e-01	-7.192198640729209613e-02	-7.728086774804142356e-02	-1.650875694638958002e-01	8.346485923828284026e-02	5.338229579044286022e-02	9.245531521720239121e-02	3.129805303809018308e-02	1.619302443322911400e-01	-2.328127264827489773e-01	5.142365571749819148e-02	-7.921062637269959961e-02	-1.849702995847521403e-01	1.054577574249038335e-01	-3.533985954857259831e-02	-1.873384572009585344e-02	7.113326710228441707e-03	-9.104440909403760732e-03	8.932447819424765845e-02	2.203057842725741067e-01	2.790478904217136291e-01	2.530110901650003963e-01	1.943985735102207735e-01	2.935054996016695297e-02	-1.730680103228457445e-01	-3.771697380083403883e-02	-6.628262859676635477e-02	-7.372372645137195701e-03	6.329050731221963488e-02	2.825386630670357127e-02	-7.439810836937161762e-03	-9.269561013425818563e-02	9.823689713292267298e-03	-2.669914498661375701e-02	-1.948204180502968383e-02	-4.908793607420969957e-02	-1.811323892357993588e-03	-1.249544708243217339e-01	-7.679831356403739318e-02	-2.263213245056307742e-03	3.797415997375545860e-02	1.814134628778759084e-01	7.709528047020293429e-02	2.217452176433539757e-01	1.000000000000000000e+00	6.458153157288997193e-01	3.379085479635523526e-01	2.350075452887832039e-01	3.679784870426692223e-01	1.790658844414079465e-02	8.199985783345016543e-02	-2.973147382759859861e-02	-1.005515319667118698e-02	-1.510913192820490247e-01	2.099622133030184384e-02	1.601558753760108089e-01	-1.264045389192804993e-02	1.475612950579826277e-01	7.306417936104256383e-02	7.067070187776731960e-02	-8.137402163491846974e-02	2.276314141411192593e-01	-1.419075587027690544e-01	-1.621386103159044578e-01	-1.999290550427444690e-01	8.481633473996970721e-03	5.446074213021331878e-02	7.263688073929301658e-02	1.182130331177912302e-01	1.566678429481360713e-01	-5.203711109570901411e-02	2.126030820035741120e-01	1.703514507731356542e-01	8.737488841325759259e-02	1.071858234225106510e-01	6.976379499973118896e-03	-8.449059356044211211e-02	-5.983948399413703718e-03	-2.608726758374958071e-02	-9.613969438221861563e-02	-2.563333949205960985e-02	6.579610426687521052e-02	-1.883566375095366285e-01	4.217479638102855817e-03	1.581053384348734270e-01	6.800867787153121180e-02	-6.862347775848309794e-02	2.669962661838856111e-01	7.449181637913078469e-02	2.349525128943163177e-01	1.367894332068008041e-02	6.312712542920741188e-02	-2.144107434821888869e-01	1.041927263916130747e-01	-1.679596420249262478e-01	-2.735436995171030561e-01	-1.854411504314358583e-01	-1.718116089587492512e-01	4.521665450718725249e-02	2.427495364155400071e-01	-1.082658877514598994e-01	2.087539155115371581e-01	-5.696113721030336696e-02	-1.209744374387591442e-01	-9.084941229955460773e-02	-1.049664136414943903e-02	5.837324082485691179e-02	-1.300414791170146356e-01	-1.459343049050339410e-02	-1.729205203821423120e-01	1.428435957437974024e-01	-1.909725573405058052e-01	1.250229922427660567e-01	1.527723578307572244e-02	-1.779524184028933864e-01	1.047268957301500242e-01	9.237374957683143484e-02	1.995676154248101353e-01	9.848766801868928666e-02	-4.560860543735083955e-02	1.332083905502555732e-01	3.949884415983394292e-02	2.650722469088874766e-01	2.518163695289974413e-01	2.471959554575618376e-02	-1.763655687134247085e-01	-6.721950571820289877e-02	-2.699477672006095688e-02	-2.139910616546200975e-02	-3.471958083975627829e-02	1.633619087991201174e-02	-2.122355745406273864e-01	-2.320895927980859419e-01	1.617167933708011512e-02	-7.747539526605248805e-02	2.001259416383421863e-01	1.715341555663894291e-01	-9.813209769239215549e-03	5.971349761544990364e-02	5.265212833773750406e-02	-4.313101270767644158e-03	-1.057679527110851198e-01	-1.395561511560552970e-01	-8.350878044277589007e-02	-1.527062170620205328e-01	-1.170990931204460850e-01	-8.252490269546766677e-02	5.479803374318104048e-02	2.031593830049140958e-01	1.600759286871648174e-02	9.920842299779718265e-02	-8.971202730455271612e-02	4.014359838845251160e-01	6.270808699415905130e-01	6.493052348870620438e-01	2.263051860344443278e-01	6.709458525687389541e-02	-4.597263605190306940e-02	-1.727046213304635758e-01	7.823478831575959164e-03	-1.274052595904159348e-02	5.926206140095479323e-03	2.571762634709482409e-01	1.833686135311969334e-01	5.436665530471693208e-02	-9.457789503510910523e-02	-1.796791207653520295e-01	-1.847375281425805149e-01	2.406450295713709608e-01	-1.153473523075364132e-01	-1.718643925967204833e-01	-2.120061768066365260e-01	-1.154105384024876196e-01	-1.616661386504238129e-01	-1.654250209664943627e-01	-2.306147938984005538e-02	-1.774333600482848328e-01	4.468828482902948568e-02	-1.499099419823647916e-01	2.819530614224040610e-01	-8.336799249865650685e-02	4.705546453694644388e-02	-1.207162049032882850e-01	-1.314812814345803216e-01	1.365451591930920416e-01	1.583902811503954677e-01	1.339628437402785865e-01	3.679047864352932851e-01	-3.115606082290393875e-02	1.201601963754176383e-01	1.045764844417267775e-01	9.407480065843352654e-03
-1.424751166875432018e-01	1.274626427163168541e-01	-5.733487538118892807e-02	-2.920911153765955448e-01	-1.116613187190712009e-01	-3.114031605811829473e-01	-1.638405342682435206e-01	-6.423891306174732418e-02	3.179809689964120667e-02	-1.622879783506275819e-01	-2.042974017423956068e-01	-2.594209085431556927e-01	1.799394629844413562e-01	1.433949898352941676e-01	1.386814175548850281e-01	2.367536724176179941e-01	1.651076160414456928e-01	2.931019896508803638e-02	2.572991061352083997e-01	8.266025470386298424e-02	-7.658966729071439716e-02	2.077033557235110905e-01	2.047794854767502337e-01	1.563083552313983549e-01	2.439373462766402656e-01	1.862820942119457757e-01	2.035004302065680504e-01	3.029701045893622990e-01	1.298291892571182271e-01	1.479979993913460856e-01	3.239561605506713904e-01	-1.307912694519910157e-01	-2.513361265929741628e-01	-1.658355983823898150e-01	-3.622636284533839457e-02	-4.575824900797909739e-02	-1.956417392139863862e-02	1.331400943926012437e-01	5.862623953954956141e-02	6.019670621498186824e-02	9.855214531351580431e-02	-5.753311280210843953e-02	1.001751369422258370e-01	-1.569575726682689298e-01	2.196290411316380309e-01	1.227730245926796915e-01	4.395319122316428129e-02	2.023815253933038960e-01	6.232330879686930752e-02	2.172733359735291303e-01	5.473436019007251602e-02	2.490503371300819002e-01	6.458153157288998303e-01	1.000000000000000000e+00	2.890606537089712158e-01	1.059942730678969519e-01	5.951760661640528305e-01	-3.865315920391645260e-02	-9.137989171991542370e-02	-1.036696960058137856e-01	7.942673996916779777e-02	-8.808355667001846467e-02	1.541579477720509961e-01	-2.997724126378107853e-02	2.580594115429676316e-01	1.119641053947380976e-01	2.038927571536383321e-01	1.326290982357326564e-01	1.068766810832892100e-01	2.291794854622951350e-01	-1.906999595803196834e-01	-1.654610370512817341e-01	-5.393039177501516429e-02	7.362304793327219266e-02	1.254326295011842229e-01	9.358952436377070139e-02	1.672225887988586235e-01	1.803422238432134117e-01	-7.050169316831729482e-02	-6.468649240925389288e-02	2.385707867027935525e-01	-5.178688352218289298e-02	-5.623827646628185017e-02	5.568777844002699429e-02	-2.908085572180994505e-01	1.923085723718233053e-01	2.668172333154923692e-03	-7.540285348708097857e-02	4.779182257848052506e-02	2.281836930882466807e-01	6.364012708660474194e-02	1.101096671558802198e-01	2.302002736583317055e-01	1.725818437285812357e-01	1.109952432309800341e-01	2.060926160493312675e-01	-1.195504632658185712e-01	-1.431821334752327859e-03	1.827293081240157213e-01	1.322134075365987982e-01	-2.748983375861238088e-01	7.143631291790437932e-02	-7.582558999175061099e-02	-2.100134810162756216e-01	-2.905152632970772753e-01	-2.892448219738000814e-01	-1.117693873811993407e-02	1.202209682229376658e-01	-2.175760662476058371e-01	9.887847540093989973e-02	-1.674008699900746411e-01	-2.592961764463597718e-01	-4.061875162154809926e-02	-4.507728558298608468e-02	1.173998039969236518e-01	-4.244184007848700313e-02	2.813177104844826609e-02	-1.018829894026217625e-01	4.991908726778579442e-02	-7.497933152861394057e-02	-3.304802067479879757e-02	7.025903085181590957e-02	-1.284207202769305223e-01	2.058882850339507076e-01	1.919972807839128437e-01	3.294512009210257553e-01	1.852970990407348806e-01	1.867005978009166900e-01	2.846181577278408814e-01	1.828661462980698815e-01	3.734254907637582499e-02	9.565165692050806023e-02	-2.269162749597578299e-01	-1.923101042711822251e-01	-1.311178607131379126e-01	-1.300210846626209393e-01	1.791723982194782377e-02	6.470512628224850057e-03	-6.760155062150004224e-03	-1.250270400845753527e-01	-2.380423324506626970e-01	2.155617069138341668e-01	-1.490044563500061703e-01	1.556456841111323874e-01	2.623586885092376031e-01	1.060937371622408254e-01	1.488701097963973929e-01	-8.321616313715674311e-04	-2.537665911977560196e-01	-5.835118746351412172e-02	-1.402046309722917439e-01	-1.962246385635604828e-01	-2.743402176029859918e-01	-2.241853558706928262e-01	-1.059784816103004762e-01	-1.071302643108204417e-01	2.387334915039834859e-01	5.925727496199646033e-03	-1.718037294212047816e-01	-1.821794203075832452e-01	3.429701315936896644e-01	7.063094729441316000e-01	5.419040001313653043e-01	1.155390770469479078e-01	-1.859508879130351844e-01	-6.075805640205057118e-02	-1.751083357770632787e-01	2.420904032639733042e-02	-1.688254942997367281e-01	-3.047161989467834370e-02	1.964445076030391923e-01	1.795638889276850517e-02	-1.532432054112683184e-01	-1.103913481638922750e-01	2.346825554696291630e-02	-1.889509151866757553e-01	9.731468705372152417e-02	-4.000765390105970876e-01	-2.168860313028949521e-02	-2.713752820811003441e-01	-2.480661402500771440e-01	-2.618422267583870311e-01	-1.525876452450309340e-01	-6.925616128432736385e-02	-1.096515611782682004e-01	-7.730052960260115624e-02	-2.400625177380568964e-01	1.814535867861935825e-01	-2.310032145234915402e-01	7.043841201118426765e-02	-2.297125612695577745e-01	-2.244512767892069272e-01	8.643053071061740367e-02	-1.392360219849378689e-01	-9.478638266486613673e-02	1.932787139406134114e-01	-5.830607706572780990e-02	2.091611816480324626e-01	1.233191715945698846e-01	4.624320462027084466e-02
-1.564623568287833513e-02	-2.191373107912483742e-02	6.390860133351411454e-02	-1.043599929175008240e-01	-1.152225038020164433e-01	-2.302824272863277788e-01	-6.909557806217593579e-02	1.971036658638658512e-02	1.240609940017029511e-01	-8.274968563686424528e-02	-1.236825033153969994e-01	-2.060651863378857584e-01	-2.568159240312909222e-02	4.333545580494228486e-03	2.246305397148760583e-02	-3.523478476099446699e-02	2.212444483148152674e-01	-1.472673768278840445e-01	1.267268399917823585e-01	1.536510212743578876e-03	-4.749435664984034272e-02	1.128550379609931896e-02	1.892298294141756543e-01	1.090773751722048518e-01	3.596840528956116168e-02	1.323610961832468458e-01	2.310284723509407334e-01	4.902445467549523123e-02	1.624819227738315552e-01	8.960019800473692508e-02	1.899864392885466380e-01	-1.159578513819399664e-01	-2.107713578635103113e-01	-4.969516089175481793e-02	9.951694162769819663e-02	1.083757828810608254e-01	1.247230323842521138e-01	-1.785224860691235829e-02	-1.432756108332943201e-01	8.823784868773587239e-03	2.732016063544054005e-02	5.556125967347130823e-02	-9.412778581743665510e-03	-7.332146308133245804e-02	-4.795566330458192472e-02	-1.189845118782714983e-01	-7.249495193009483640e-02	-5.214923705467782583e-02	2.864536772587128813e-02	1.263824823856650459e-01	5.388698993580149504e-02	1.076417265282979679e-01	3.379085479635523526e-01	2.890606537089712158e-01	1.000000000000000000e+00	1.883362162320225408e-01	2.133011895315860829e-01	-3.068917414894289583e-02	-7.286951345441119998e-02	-1.243505209897303454e-01	-1.244469738047274121e-01	-5.439025916511210784e-02	-9.618096892212159299e-02	8.235475135233123745e-02	-4.246934515822815143e-02	5.438785817570474662e-02	1.012051374334245052e-01	-5.186862829771739930e-02	4.162746665806636714e-02	-5.392583379395010645e-02	-3.585791000766926778e-02	-2.400023951178632819e-02	-2.260003392269730460e-01	2.122834886584696601e-01	1.325941538889677251e-01	1.346081981540502015e-01	2.747486761081225914e-01	2.079106012509355783e-01	-1.128289142122835403e-02	2.948870567990015124e-01	2.271807153108302280e-01	3.304571788785106157e-01	2.864572496407356006e-01	2.468283451741991874e-01	1.507222550385428905e-01	2.536844599948166468e-01	1.782885989520145709e-01	1.992475890957463303e-01	1.792919163189394260e-01	6.060177857351715242e-02	1.640968866983858951e-02	1.881405940971507817e-01	1.488965836201963384e-04	1.590496076514213430e-01	3.060833330228094826e-02	2.194836918024977990e-01	3.250759325570935082e-02	1.775088715567876563e-01	1.041003282837638100e-01	2.820105151693566570e-01	-1.178901834847454339e-01	-1.279260482486615502e-01	-5.349722078302686368e-02	-1.700608620522269798e-01	-1.375910836002490478e-01	-1.667807095831057296e-01	1.921105437189500262e-02	8.445097154123178129e-02	-8.402770771974468755e-02	9.204065818254214548e-02	-1.120984399616596766e-01	-1.958685551622971754e-01	4.573750632954116935e-02	-8.797260036715211229e-02	-1.084583384789820221e-01	-1.384996570658333370e-01	1.402702946491633240e-01	-1.356902652141267207e-01	-1.481318748401849912e-02	-3.399067169895917395e-01	-3.944560273797954875e-02	1.183128580517424089e-01	6.638722090268708853e-02	5.244490382786909377e-02	2.311214111091234799e-02	1.416356594760409260e-01	-5.348626762992450545e-02	5.735515175168966195e-02	1.305189722529512819e-01	1.546471928720312139e-01	-8.135464241452559572e-03	-1.049019493505152084e-01	-1.354296965696080990e-01	-1.903617455994248697e-01	-1.534207808899185344e-01	-2.121009054254292259e-01	1.536876373988106392e-01	-4.267408813216694297e-02	-2.312753193375910454e-01	-1.587335254620914071e-01	-3.606700569770009968e-01	-2.516514458262256344e-04	-2.445620509836272660e-01	2.016136797068822095e-01	6.861748613948442412e-03	-6.724291763749447315e-02	-1.297559073403846408e-01	-1.317874369716014182e-01	-8.821219264834397056e-02	-3.380335629798822961e-01	-1.653561018952805217e-01	-1.595694000712787330e-01	-1.533153692786492772e-01	2.214002335507162661e-02	-9.129903673206918313e-02	-7.673275214363832475e-02	-6.009273835990275141e-03	1.443542677163159871e-01	2.476055525881227237e-01	-4.234466876026741350e-02	3.864727358682130132e-01	1.560927385912506127e-01	3.211534679400561143e-01	-4.149060969336966498e-02	-2.163814780714410496e-02	-1.472820962175190596e-01	-2.819157098113691529e-01	-2.119363806034793851e-01	-1.961836040529654213e-01	1.452105190377743216e-01	3.407554643739960643e-01	-3.219255141716131918e-02	1.096666827863991417e-01	-1.320058508812848863e-01	-1.328044624274944407e-01	-1.036101267152008121e-01	-9.620277929141961282e-03	-8.373645816537592101e-02	-6.546980518687760264e-02	-4.329049227006142447e-02	-8.473530886374451565e-02	-8.646200470037235242e-02	1.703638422962583943e-01	7.312890737421119669e-02	9.057460223220131779e-02	1.748932459504846382e-01	1.193664575672532396e-01	1.089053859591529866e-01	4.482676489463687658e-02	1.786741710965666641e-01	2.047533982323980484e-01	8.108301106909909794e-03	3.603484342721082617e-02	7.404835265145585932e-02	-4.277877796088997570e-02	1.663842263574566716e-01	2.096769218493528542e-01	1.867498007514211966e-01	4.026748176221805336e-02	1.152844758624131660e-02
1.352712349334385111e-01	-3.721656542461987405e-01	-1.339495092479515287e-02	-1.161881640511547298e-01	-1.617945896108944626e-01	-4.905060331815691566e-02	1.991160972175131660e-01	3.937518758057595436e-02	1.612427841619643309e-01	4.682043884109298587e-02	1.400582221480498324e-01	-6.975415460677390767e-02	5.724483936940921724e-02	-4.712025961567063714e-02	-4.129306118759371383e-03	8.522569846801991700e-02	-4.466021580026605098e-02	3.453314863898038906e-02	-3.810565441087246374e-02	-1.865136690125032692e-02	-5.209665662438968392e-02	-1.992759864192936853e-02	2.042767444634830676e-01	2.232655796993332151e-02	2.055319542444393188e-01	2.411610846046495851e-02	2.602100391318868527e-02	1.997274092816263280e-02	-4.940603832727120948e-02	4.728821818130849591e-02	-1.408209169322661714e-01	-2.324299148934994841e-01	-1.754824722965261929e-01	-9.968429913276102838e-02	-4.814491990466035314e-03	1.156698451919447729e-01	2.215743285890601488e-01	-1.223683923206827923e-01	-1.591543061874678977e-01	-1.151708429437737092e-03	1.393786221197383102e-01	2.124047081991301544e-01	1.113433676508588993e-03	2.511419422999943696e-01	5.139567696365851535e-02	-1.056515042574280999e-01	1.120630365036482945e-01	-1.574960681685508290e-01	2.131259793899657473e-01	2.218542502949228112e-01	1.603262043228424749e-02	3.211131584078381201e-02	2.350075452887832039e-01	1.059942730678969519e-01	1.883362162320225408e-01	1.000000000000000000e+00	-8.014442080157871406e-02	-2.078702267809196536e-01	-1.027068490715016547e-01	-7.845945174461986527e-02	-1.582577641280201175e-01	-2.106166910929798131e-01	-1.520076493165364029e-01	1.000676014775341884e-02	-4.679077738959071947e-02	-2.730122533572588300e-02	-2.544086241510530311e-01	-6.651902836871227687e-02	-1.874081132167339930e-02	-1.760739352058908747e-01	-8.058003453284730278e-02	1.628400656435345650e-02	-2.188829493693132677e-01	-2.635812606520538948e-01	-7.083831511691907057e-02	-1.396177461278899287e-02	1.459217758227099038e-01	1.729403765088566025e-01	7.842734592045662312e-02	1.038724266283309466e-01	9.031329871280921809e-03	1.348223977903830195e-01	7.726446350101413840e-02	-1.153490092538595885e-01	1.228444163296534691e-01	4.553410330979931753e-02	2.239787444320873733e-01	-1.296309749278191092e-01	-1.850709984364361238e-02	1.194088348302057567e-01	3.764400678855904514e-02	8.696364309321438779e-02	-1.034956154006932555e-01	5.885203866758367125e-02	2.971263753600108734e-02	2.848134617124522920e-03	1.430889686225296775e-01	1.886987875852213503e-01	9.942195922690581777e-02	1.736690085133010542e-01	-1.831776826701041541e-02	-1.230926130933125140e-01	-1.357051961550930774e-01	-2.303431995309889457e-01	-1.309241872841049592e-01	-8.774585629139428078e-02	-1.664149072912617655e-01	3.761311794716468149e-02	7.076673387642863633e-02	9.370096913555431284e-02	3.165740499778153805e-02	-3.919169392080824876e-02	-3.168419553511223410e-03	-6.921298277252284359e-02	5.388605710441029401e-02	-1.151008006727110705e-01	-7.507429150105751625e-02	-1.094816486954841434e-01	-6.037574526932716623e-02	-9.853576466696081781e-02	-2.997224122746707242e-01	-1.111475565047330138e-01	-1.894697782828250231e-03	1.193761503425199572e-01	3.382983714747189175e-01	2.702975788586013950e-01	1.519447680742667117e-01	-6.468772110379721052e-02	8.204864823982507827e-02	-1.040424299715049300e-03	4.343914619081627043e-02	1.773703872971226780e-01	-9.964405238713876234e-02	-1.797120838574729207e-01	-1.253643429493453698e-01	-1.884385983142231324e-01	6.397194010513339475e-03	-7.560707322537758845e-02	-4.482351081125595521e-02	-6.131117598198681379e-02	-1.177042737669481698e-01	7.430019988183445175e-03	-1.001954785989393609e-01	7.882354043916510455e-02	-6.045133466165962012e-03	-2.168714337809953679e-02	-6.633593859087234812e-02	1.563938291925066892e-01	2.275378246960406137e-01	-2.050643916752543580e-02	9.162908391343002612e-02	-5.858932537824097786e-02	-1.611981277687308048e-02	3.700337488969541178e-01	1.202557288570520327e-01	6.920199270473642583e-02	-3.355021469749216306e-02	1.283950235914483318e-01	1.318478052176526027e-01	-2.879400746203981953e-02	6.225689590185827516e-02	2.138830977894117524e-01	2.212701934836302231e-01	4.147237134629474381e-02	-1.043638565906934573e-01	-2.422865682466692483e-01	-1.697790199468336148e-01	2.207605078160801426e-02	-1.633351284195912190e-02	-3.330510646328936619e-02	1.240367527095230515e-01	-2.650936737671745480e-02	3.948256605106028466e-02	-9.480951013058122601e-02	-3.215418018121588561e-01	-1.775238176288944647e-01	5.989561515535005848e-02	-4.230465650504072056e-02	7.675892563057530593e-02	-1.558760647135355448e-01	9.676410066506575813e-02	4.643429826518169143e-03	2.788717201112288907e-02	2.066863386243680267e-01	-3.636498351922619245e-03	-1.717773532528149918e-02	2.449864971759951326e-01	1.888249130772867157e-01	2.258335796309918903e-02	2.849512049321676899e-01	1.408309729392446530e-01	-3.747531204786960779e-02	2.865357215111832279e-01	9.846033196237731488e-02	9.884921052605950484e-03	2.637902917478380793e-01	2.960874563724618658e-01	1.714418372581456851e-01	2.175230778942388865e-01	3.185452112096315846e-01
-4.165020175638942113e-01	2.137213636943816886e-01	-3.145910466026577978e-01	-4.437084530631875134e-01	-2.588733423436561654e-01	-4.306901049916841417e-01	-3.118942231323306169e-01	-2.332148774870111685e-01	-2.024475991395345009e-01	-3.103851138768428664e-01	-3.107174893183655140e-01	-4.129419193964570245e-01	1.640905573592905120e-01	2.008550213391161743e-01	2.115742233203364853e-01	2.422472304703446044e-01	1.712393661642903353e-01	-3.685646015913129209e-02	2.894406657069438227e-01	1.378687766887701227e-01	1.407767380004718537e-02	1.660663863842782861e-01	1.551846183299399606e-01	1.490805474150431187e-01	2.247972251335439153e-01	2.868326543022652331e-01	1.330069902161461759e-01	1.171234148061899710e-01	8.733126784645554863e-02	7.200289948278935752e-03	4.241154716169315830e-01	-1.210952914828370974e-01	-4.076672289992833154e-01	-2.054184882609331741e-01	4.572289602505635181e-02	2.896178761280961134e-02	-1.480917237707932432e-01	1.235331475683786734e-01	3.582352759425606881e-02	1.116883143909499360e-01	4.535229562097774225e-02	-1.826883920656153515e-01	2.166874490364940897e-01	-2.858324815665296836e-01	2.419734429921784336e-01	1.425826059652147149e-01	4.360452244589059501e-02	2.337088176733871925e-01	2.016745854202873361e-02	6.833022694595666802e-02	1.755409872214529488e-01	3.640594302398565962e-01	3.679784870426692778e-01	5.951760661640528305e-01	2.133011895315860829e-01	-8.014442080157871406e-02	1.000000000000000000e+00	9.994140439282987731e-02	-1.226886439847887401e-02	-1.441325352824808781e-01	1.369608421952703547e-01	1.441555717351659660e-01	2.173769653394617141e-01	1.824221724582998855e-03	3.794686861744376305e-01	3.613250234540848344e-02	5.915610761767330361e-01	3.384199428954821620e-01	2.860028763090647907e-01	5.079454913356836743e-01	1.041028935422332324e-01	-1.709211089991817256e-01	-1.267119440941564534e-01	3.418328819458886225e-01	3.499273357759108416e-01	2.674305336253775534e-01	3.103915051964316607e-01	2.834428491367677050e-01	-5.229970829558412693e-02	6.953113307092166628e-02	3.099516808690112590e-01	1.254345206202348018e-01	2.155197057414722506e-01	2.820846449444120996e-01	-1.774631359192795424e-02	4.588406670267644594e-01	-3.556530081006229610e-02	2.110597311232835505e-01	3.632658415250970552e-01	2.525041408008857347e-01	2.365800985916271526e-01	2.572706649617079733e-01	4.066185729915294811e-01	4.123899432302604029e-01	3.701313561018409470e-01	3.247952647968403994e-01	-1.241961929480573379e-01	-2.051878858102634540e-01	3.309504459606876225e-01	2.841197934951989468e-01	-4.479380171266497124e-01	-1.167106338436185164e-01	-2.559010817771492086e-01	-1.860436580035567666e-01	-3.971125575222816950e-01	-4.423483675739415810e-01	-1.660513422139699991e-01	-1.056317237500500744e-01	-3.916702309111637637e-01	-2.986335029362768845e-02	-3.818464597182237852e-01	-3.233292766011954256e-01	5.025052716407564513e-02	-1.680300045621446470e-01	1.479822599093900959e-01	8.901794965111001212e-02	6.195757251665248017e-02	-4.579637825679534757e-02	8.306329004115080294e-02	-1.747894712551887053e-01	-1.912545810470840310e-02	1.719423430058737989e-01	1.681428297220880774e-01	2.322535324952884894e-01	8.453420559407179291e-02	1.930349511840988297e-01	9.690587193585081804e-02	2.515812553434733645e-01	2.346315027814053766e-01	1.173179119118204217e-01	-3.200617968606144642e-02	-4.611310499252635475e-02	-3.408387703715291539e-01	-2.307462310188340138e-01	-1.733942972631302426e-01	-2.022230804463153730e-01	3.476749466398711824e-02	3.319092709086576831e-02	-2.730295228864967894e-01	-1.153321165603660298e-01	-3.329530183457483083e-01	1.675779260673181670e-01	-3.295188883299371985e-01	1.098100826215033660e-01	6.992566702054692218e-02	6.786500993908109458e-02	2.799107053353072985e-02	-8.050853112792499475e-03	-2.593897196425827834e-01	-7.340237282787145934e-02	-2.150016239528066697e-01	-1.290666774230600222e-01	-1.469485888719470612e-01	-3.280274097571787562e-01	-1.846562817170094295e-01	-1.391521787219481554e-01	1.794294018333954799e-01	-6.231813885012473658e-02	-1.266020040626972820e-01	-1.175875252326067794e-01	2.450840952674294693e-01	4.246271858521315501e-01	3.512893481453817079e-01	-1.311729958029743404e-01	-7.159394947443471768e-02	-1.462065645280388564e-02	-1.990727475247631162e-01	-9.248393922295934655e-02	-2.257741213794752788e-01	3.885334370138476996e-03	1.904093324871408144e-01	6.235552002010966155e-02	-2.375306741971534158e-02	-9.950918242015696635e-02	3.376707552343790469e-02	-1.168265221709882951e-01	8.544020461548251788e-02	-2.086513014266620780e-01	7.560205315117193370e-04	-1.410937534253532688e-01	-3.439989684722437602e-01	-2.555694676082302941e-01	2.568940040150678727e-02	-6.012289381377063091e-02	-2.685293574543198229e-03	-2.788554326479166651e-02	-2.016818317963467444e-01	7.320974573126536045e-02	-5.685338101676113559e-02	8.294202337249684254e-02	-1.692236243226723919e-02	1.401886177608583153e-02	2.642018534037312433e-02	-1.405219027132132703e-01	-2.774117982003614369e-01	-1.107053039788526705e-01	7.350651926789728875e-03	2.669611589779585237e-01	1.372148078683037842e-01	-3.033428196310071490e-02
3.546427741259831727e-03	1.990295919541383574e-02	8.561817633967949096e-04	1.452345157899171124e-01	3.899734746560086784e-01	3.776326170621594480e-01	7.046127996151416162e-02	3.986848325606062032e-02	-1.049618523802163667e-01	1.424175780738033970e-01	2.054280552882505329e-01	1.843506281125503743e-01	-1.204842664520633516e-01	-2.284959392231958597e-01	-5.200892919457351243e-02	-3.081045802967878333e-01	1.641190871703974291e-02	-9.776752680744656143e-02	-3.389003049121633859e-01	-1.067180214762731560e-01	-1.197584320601510766e-01	7.377047945893769332e-02	-3.576193433569144209e-01	-9.272820178163015958e-02	-1.508766196869532061e-01	-2.748829100463415220e-01	6.125978110469781218e-02	1.131581922675578972e-01	5.052250864783808249e-01	2.357755558617965208e-01	5.154111870801724588e-02	7.290396024924721274e-01	4.646417430810005356e-01	2.669711270895885891e-01	-1.515599057285955953e-01	-3.329920498296637943e-01	-2.646610236095341129e-02	-5.666643520750278690e-02	3.815721271556202776e-01	-1.256885289185172005e-01	-6.669332113374540350e-02	-2.721189408417478139e-01	1.580732383337460079e-01	-7.746996312912869664e-02	-5.955111314490466740e-02	9.776303894593747768e-02	1.417412849893263660e-01	-2.026023014173841397e-01	-6.333263089872204210e-02	-3.889144087984368614e-01	-9.045901272105705271e-02	-2.647129263526386556e-01	1.790658844414079465e-02	-3.865315920391645954e-02	-3.068917414894289583e-02	-2.078702267809196536e-01	9.994140439282987731e-02	1.000000000000000000e+00	4.090261447281426932e-01	5.950290344787941832e-01	4.988019847550529406e-01	1.592058956972228767e-01	6.221535431778695280e-01	4.665891236862989011e-01	1.470158325186079751e-01	1.218728980191571554e-01	3.009962090065837481e-01	4.578386409644251143e-01	-8.665024276390692615e-02	2.994703703465643185e-01	-3.263313876520826384e-02	2.436846755764103256e-01	2.790795129535912911e-01	-3.172737841154527755e-02	2.060198592266800355e-01	-1.043874431591462343e-01	-2.494969887686153964e-01	-3.711818034934701305e-01	-2.438916695453912861e-02	-2.298979339008359324e-01	-3.807289976393816167e-01	-2.173058685025932579e-01	-8.951104712700883037e-02	-3.544559017636979281e-02	-2.180521600554583550e-01	-1.909393061841703210e-01	-3.809860270928336901e-01	-2.872419711843635093e-01	-2.868669373208582174e-01	-8.289695815262411449e-02	-1.961879407177083978e-01	-3.336149823209977328e-01	-3.731773375093411227e-02	-1.725236108903574483e-01	-3.770984211122358626e-02	-2.924186766785767753e-03	-1.942900096296647922e-02	6.934754404229682978e-02	-1.874583383139283854e-01	-2.696209636552645006e-01	2.413141005676418260e-02	6.759910493185292135e-02	-7.348384796927888429e-02	1.064397226628045583e-02	1.443210156289954915e-01	2.077725295112567150e-01	1.168373164639141398e-01	2.898990160735627139e-02	8.552438836663088517e-02	1.043371971579865609e-01	1.832209132718050082e-01	3.745432023467293869e-01	-3.987214190824694970e-01	3.087615766124836014e-01	-3.889483652552754300e-01	-3.052028703251088992e-01	-3.401288200918523713e-02	-2.919424995902549225e-01	-1.499023454617926521e-01	-1.216623221107085567e-01	3.086170883913624818e-02	-3.203445061499985980e-01	-3.309940653761954399e-02	-2.008499852904407634e-01	-9.279217046424444171e-02	-1.625328698459269361e-01	-3.449181391319317003e-01	-1.443866168935142857e-01	-1.679504669012263085e-01	-3.934386525078762548e-02	3.904665080651868458e-01	-4.178869762509107577e-02	4.556092633039418027e-01	5.434972349808961933e-01	4.792922220073941308e-01	5.626908983720331214e-01	-6.348498376001265875e-02	-2.950919091411301903e-02	1.168284916080219726e-01	1.205576476291185667e-01	2.314567458260213817e-01	-1.848082162643714665e-01	1.694951305490493276e-01	-8.304885474329845585e-02	-1.098988369448328228e-01	-1.375414462913820968e-01	-6.129219204412340860e-02	-2.089357329978038247e-01	-2.712102155858533634e-02	-5.081525526480233645e-02	7.117351114685718794e-02	1.662563334077561128e-01	-1.178385779462658850e-01	-1.759352350450666125e-01	1.356984817472232929e-01	-9.153698389324702034e-02	-3.669209327280146815e-01	-4.824380831622195331e-01	-3.649343703122384097e-01	-4.995475644393972403e-01	-3.076917736589733221e-01	-2.402316483208840059e-01	-7.161833032795171528e-02	2.356385530796616459e-02	5.818220060155242512e-01	4.645482124910361166e-01	2.282831312553423586e-01	1.399440228245153739e-01	3.294720983296299810e-01	2.916469384338863172e-02	-4.459847092795498624e-01	1.556950267980909686e-01	5.068383999099564108e-02	3.534109993724839360e-01	-1.403779817860852097e-02	-1.690043713652136098e-02	-1.543913890460454907e-01	-9.075872939712794144e-03	-3.756322442008417917e-01	-2.171754865827313363e-01	2.556204802155171221e-02	-1.725249095440736444e-02	-2.935646508502303687e-01	-2.946517067500065701e-01	-4.074080083158743149e-01	-2.451245243909602467e-01	-2.974165429556698825e-01	-3.036259312509394515e-01	-4.445819734418812175e-01	-5.092737022088924537e-01	-3.057387464827887591e-01	-2.170062429415547112e-01	-3.927307062446671604e-01	-3.110180317037610290e-02	6.208789428392243875e-02	1.636700352671718872e-02	-4.100604651570138315e-01	-3.597919733076128668e-01	-4.170999641609722253e-01	-4.722538608641642655e-01
4.713535392304870481e-02	-2.606584067377597513e-01	9.288386976745613421e-02	-3.143783090014044129e-02	1.528911774452338668e-01	1.982026659872300478e-01	2.118161397701308624e-01	2.943446481571642681e-01	7.857230096348308268e-02	3.099024987189556990e-01	2.684586802773138436e-01	1.927866993292541298e-01	-1.978917348059374304e-04	1.001919135372255146e-02	-1.136198730560756404e-01	-7.345186139210996279e-02	2.250726019735540262e-01	1.217398092131305731e-01	-1.009375243453777549e-01	-7.803711663889395522e-02	4.829446336535283407e-02	1.464307510129096712e-02	-1.660271091043341862e-01	-1.878726598552126204e-01	-1.622100065071414854e-01	-1.045773664375048428e-01	-5.810957008196384471e-02	-5.862449223869072024e-02	3.586655330428022426e-01	3.624604879462642315e-01	-1.071979097375203305e-01	4.637532679530803059e-01	2.706970094398457594e-01	5.958324741574664296e-01	4.151753652242465842e-01	3.247662172574687922e-01	2.601670390689896917e-01	2.283425788218718389e-01	3.594587418476720142e-01	2.740716383773085796e-01	3.024789401111715320e-02	-1.324580052614597048e-01	3.194862391153727166e-01	-5.484736679530682890e-02	5.506338272026160829e-02	1.275906112171957055e-02	2.739842862894099063e-01	-1.367029208301430432e-01	-3.630055707063301051e-02	-1.961214035325496707e-01	-3.502892738754834895e-02	-8.077177125351574227e-02	8.199985783345016543e-02	-9.137989171991540982e-02	-7.286951345441118610e-02	-1.027068490715016547e-01	-1.226886439847887401e-02	4.090261447281426932e-01	1.000000000000000000e+00	4.554223112874939972e-01	1.832568621714825707e-01	3.433276156021126679e-01	3.871055554950085797e-01	5.751739320743509687e-01	3.076983568654069121e-02	1.680717440598120671e-01	9.029787601262460883e-02	4.576065503671309931e-01	-2.020197006708672194e-01	2.002757891266628010e-01	1.666573137116326431e-01	-3.728735999822847293e-03	3.234845972226996214e-02	1.888037488784151743e-02	-9.847988519520189943e-02	-1.532354223494467871e-01	-3.564339676449929106e-01	-2.221496108635897804e-01	-2.518358822067268687e-01	5.283522091235293150e-02	-1.974551625915940967e-01	-3.220638946656827206e-02	1.494592647232181326e-01	5.127022733250416464e-02	5.045602173420805914e-02	-1.815075827983497481e-01	-2.043153087772255905e-01	-8.387590527785855621e-02	-1.353425369731864614e-01	3.372708768590549147e-03	-1.365862574482338554e-01	-6.732356747451467838e-02	6.836493840066329430e-02	7.416741810490570623e-03	1.296422748979160489e-02	-1.195985394299530491e-01	-1.539810679844972052e-01	1.156616383252847130e-01	-1.520051266060844508e-01	-2.258190661961999857e-01	7.671842288584720948e-02	5.916294519504879806e-02	-4.931252959068142122e-02	-2.406017493584678701e-01	2.586637746061494839e-02	9.893598412089767147e-02	3.273638389331471332e-01	1.734856049612743811e-01	2.697882152734770167e-01	2.168396706442368704e-01	1.844251670095644058e-01	2.777093550050396820e-01	8.359613813448013575e-02	2.296867463946672960e-01	-7.340443290136711152e-02	-1.078655745388039378e-01	3.800549586849172323e-01	7.229921718772247541e-02	1.839214969095583074e-01	2.819115528773013524e-01	2.753751680604022423e-01	-1.499550736813882179e-01	-2.409304472145453509e-03	-2.072923529371009654e-01	-1.298641944104035606e-01	-1.637305550821792355e-01	-1.415166611457985280e-01	-1.356974490676157441e-01	-1.635255541299337756e-01	-1.663938773350878975e-01	2.653905797059475935e-01	-1.773991745020550570e-02	2.882406324245072593e-01	1.568827932450548024e-01	5.234676056012693701e-01	5.408984911485277269e-01	2.108803555924646245e-01	4.744447615103803417e-01	1.018539440802398999e-01	2.853605614434939763e-01	3.854993064137174907e-01	8.279749538750917626e-02	2.599135431950055572e-02	-4.387025734382971748e-02	-8.636932740256281216e-02	-6.299247225154326613e-02	6.587851795538393618e-02	1.281935042973648964e-01	1.006951494873005587e-01	1.892979904357606005e-02	2.496854489475058281e-01	2.042058850302551076e-01	-2.980820478925271660e-02	1.225393845965221454e-02	-4.215151506149356075e-02	-1.400676513222863517e-01	-2.984083660586053788e-01	-2.751020373784598405e-01	-7.545454897537076655e-02	-2.508907194950353303e-01	-1.286894091556520237e-01	-1.142530618460422531e-01	-2.627062977424033385e-01	7.679124035668281889e-02	2.146905036193515748e-01	6.347551490022986798e-01	2.410324170929618592e-01	3.370898437597558139e-01	7.126181049648031007e-02	1.672679087081645477e-01	-2.160742977117077745e-01	-1.052371392934925431e-01	-7.384893849062559856e-02	1.910287784635941455e-01	-3.878687059497693684e-02	-2.497324684397478345e-01	-1.858476225865448861e-01	1.193155490517499445e-02	-3.107750523568986178e-01	-4.033036234050386137e-01	-1.481788905179043381e-01	-2.568946200873035157e-01	-3.571144222222159548e-01	-3.327416454676243029e-01	-1.968696229171923717e-01	-3.966279945160971487e-01	-1.163871939307387776e-01	-1.332073716932342944e-01	-2.355778817691142613e-01	-3.328040034825011650e-01	-1.201801156698554043e-02	-1.459425343147809362e-01	-1.251426331178186191e-01	-2.062417502094434085e-01	-2.708467090615813977e-02	-5.561967206873182079e-02	-1.649316247676991809e-01	-1.271076447061091075e-01	-4.137282000281260474e-01	-2.483414769513358211e-01
2.107235034434460086e-01	-2.667007763628660988e-01	8.966801331204407588e-02	2.122077899916967325e-01	4.428627042764716748e-01	5.503552464452086124e-01	2.619061834089460583e-01	2.546090986017215396e-01	-1.473939172847458720e-02	3.083351411755406168e-01	3.443181838219644963e-01	3.038244475400542766e-01	-2.145922966631275408e-01	-2.005597148881748670e-01	-1.619890718945949659e-01	-2.912085107807642625e-01	-1.014080332178797922e-01	-1.095825901178725317e-02	-3.077324938813752464e-01	-1.811890560182706500e-01	-2.027340991681304133e-02	-1.094989645026987340e-01	-2.273265795520905408e-01	-1.180915999918471793e-01	-1.008904519248818299e-01	-2.877548266307452529e-01	-2.755436059535150417e-02	1.193971297790308583e-01	4.676355051622689274e-01	2.188533924679872678e-01	-7.837520712643035459e-02	6.684015774374425511e-01	4.676598142857536500e-01	3.247339906486349514e-01	-1.195956947732182279e-01	-1.727802054394002307e-01	1.076496626515690419e-01	-1.192445667697369233e-01	5.842614910670080874e-01	-9.319458028804963878e-02	8.084100365968094337e-02	6.392703940540026518e-03	1.189432581699351454e-01	1.135127355969408475e-02	1.147573082330517573e-02	2.789701690749359919e-01	2.873803769484639670e-01	6.227932927736283021e-03	1.210492267131042521e-01	-2.681447873407852844e-01	-5.617911627771787764e-02	-1.257908351495486410e-01	-2.973147382759859861e-02	-1.036696960058137856e-01	-1.243505209897303593e-01	-7.845945174461985139e-02	-1.441325352824808781e-01	5.950290344787942942e-01	4.554223112874940527e-01	1.000000000000000000e+00	2.667020817714976788e-01	2.158952350352253968e-01	4.946032792784724741e-01	6.152853901328272368e-01	1.361069936215230369e-01	1.497151877748990889e-01	-9.726047260710955766e-02	3.748550989334621386e-01	-2.738206406833000317e-01	1.088369110076760765e-01	-2.108975766389508538e-02	3.172040976304807969e-01	2.274472888026403405e-01	-9.283531332036208672e-02	-7.701842247539650299e-02	-1.982182520439356443e-01	-4.018103592643467170e-01	-3.780344278997482266e-01	-8.480372102646928367e-02	-1.704927559385777946e-01	-3.581637136143285272e-01	-2.840539503722979142e-01	-5.505289915419240426e-02	-9.259251244386389190e-02	-1.865943168585573742e-01	-3.059316457260803368e-01	-1.797278190859618041e-01	-2.583658270273859192e-01	-2.613813527089929312e-01	-9.035598736339503501e-02	-1.126546580466989550e-01	-2.094714704009011941e-01	-5.727526705897450360e-02	-1.074981366244060488e-01	-1.703400756172922248e-02	-2.314177643587576050e-01	4.274647790638337608e-02	3.402330495558229112e-02	-1.357359164677840180e-01	-2.993643428626901470e-01	2.324421196621476449e-01	1.831474811943145375e-01	-1.117452195780879731e-01	-1.637245420698939524e-01	4.219498752945159969e-01	3.021136649747132030e-01	1.109213405033145361e-01	2.397913385396096067e-02	2.751870585805917813e-01	1.142934881382706575e-01	2.808566359862924022e-01	3.625047197644497565e-01	-3.584793819967981854e-01	3.799213704020795168e-01	-2.759369908564089369e-01	-1.872943922706433451e-01	1.036662420742172862e-04	-1.438147421360949918e-01	2.079086463601870910e-02	1.229842845802490980e-01	-8.121598023889399498e-02	-2.956641182875850982e-01	-1.676177142026777089e-01	-1.573248332777051062e-01	-2.253516353706305764e-01	-7.412674872734081877e-02	-3.465031450732029006e-01	-1.864193022260582644e-01	-1.258805973769022424e-01	-1.111032354003345657e-01	3.892043152069381562e-01	1.591659771751317842e-01	6.010061577504712815e-01	4.283361246577114256e-01	5.997455647012623903e-01	5.710975921974573710e-01	-8.486988038795904854e-02	7.670148492424912201e-02	1.628161492952606426e-01	3.265716824330997664e-02	5.182192976142703245e-01	-8.006482333247676164e-02	3.824063588220096288e-01	-2.353214982924526147e-02	-1.547560192422519076e-01	2.671876983423977434e-02	5.560534406236642205e-03	-7.543328376335944885e-02	8.454410541799840806e-02	2.355608445998940981e-01	3.265221525902096689e-01	2.334332231485530540e-01	-9.703147509853109198e-02	7.559071660791689962e-02	7.393506962960674778e-02	3.809825886998581979e-03	-2.435251845132768989e-01	-3.027697991342558903e-01	-3.496655063496035276e-01	-3.824058369735027219e-01	-2.817812487479128269e-01	-2.110095766775559600e-01	-1.789186157511787889e-01	3.390128598908583868e-01	3.221129428462082278e-01	5.014229987088616447e-01	2.596770996558097067e-01	3.679821645806010122e-01	3.567794156523760862e-01	-5.126757747547072003e-03	-4.929773588460946709e-01	-1.503008532397509256e-01	-1.818805737864475358e-01	1.899548865789648378e-01	-4.186959708829559451e-02	-2.482305090695852423e-01	-7.419675963786204198e-02	-4.412601688720958759e-02	-2.774103759033361705e-01	-3.158590223601132618e-01	1.345288076159172064e-01	-8.347205677705160642e-02	-2.906365859867482415e-01	-2.390110558082009506e-01	-3.482892044569183554e-01	-4.075159555100750230e-01	-2.319480423642301947e-01	-3.113131936464715865e-01	-3.579917026843051908e-01	-5.250746411050608575e-01	-3.244429631880567100e-01	-2.502065820267914686e-01	-1.452180873564434815e-01	-3.891121117479241082e-02	3.013162259577943647e-02	1.307672392385002824e-01	-4.105223730680101490e-01	-3.854397629972876049e-01	-3.279013162727867914e-01	-2.311001616425110428e-01
-2.250229889299145900e-02	-5.334511723060513487e-03	6.708423588736014964e-02	1.641990754949242473e-02	1.957493154544980019e-01	1.859717533275040968e-01	-1.435825785557946419e-02	7.025421097234711698e-02	5.619163847816079776e-02	1.134367740708564637e-01	2.041322491114233861e-01	8.987365878108152795e-02	-1.098454910911830645e-01	-3.182815007764805970e-01	-1.330445206148950787e-01	-2.177247263068266270e-01	-3.122831877430426450e-02	-6.286705390527580484e-02	-1.746593236384160475e-01	-1.072011442294827921e-01	-1.993260426804538132e-01	-2.070467529178050270e-01	-2.738143318364756884e-01	-1.541942306628765746e-01	-6.492799883827765628e-02	-3.529339298136178749e-01	8.059277933944047206e-03	5.708938821796906773e-03	2.318940138625983638e-01	-1.506798263292937479e-01	1.632561053268769269e-01	4.593408082590304531e-01	3.182401777021761635e-01	4.070595537505239576e-05	-4.027850526905195627e-01	-3.994532929227909701e-01	-1.855269605977614422e-01	-6.431890796076954186e-02	3.087780831405828041e-01	-3.961998789571756774e-01	-1.710207891561558446e-01	-3.434203902458574653e-01	-6.385986231450280215e-02	-1.082338064550779910e-01	6.760239735912267067e-02	2.639835591501000361e-02	-2.620339642660578575e-02	1.177836412065146471e-01	5.415312348256981489e-02	-7.532901461791792486e-02	-2.894563994377511579e-02	-1.151726128023891349e-01	-1.005515319667118872e-02	7.942673996916781165e-02	-1.244469738047274121e-01	-1.582577641280201175e-01	1.369608421952703547e-01	4.988019847550529406e-01	1.832568621714825430e-01	2.667020817714976788e-01	1.000000000000000000e+00	1.290757104948827283e-01	5.491860972554042375e-01	1.176755450317778368e-01	2.339357987456406052e-01	1.715526570816748309e-01	2.319734208037078083e-01	4.419857997475771239e-01	2.831790623204487045e-01	2.229548465115305245e-01	1.721244042299713284e-01	1.953179120432566862e-01	4.770658283920922726e-01	-1.923306382657231361e-01	2.446707302004312301e-01	2.307387446262175179e-01	-1.746146601202951953e-01	-1.287342192302282640e-01	8.144127855008229111e-02	-2.066505388471254756e-01	-1.773480717607614776e-01	-8.077285624398765351e-02	-1.349753088388806199e-01	-6.705485270981728120e-03	-2.730758620404682424e-01	-2.027185552978703620e-01	-1.275878096159478378e-02	-1.605377652163570978e-01	-1.666915615159925423e-01	2.152818539704969281e-01	2.213840704020358929e-02	-1.390643898058462058e-01	1.097160744436494195e-01	-1.706055899128929854e-01	-6.178249642910858819e-02	1.504896071405240066e-01	9.783481215325696978e-02	1.156967628602044162e-01	-2.719189760611414042e-01	-8.460417759977180430e-02	-4.063289118756966550e-02	-1.803167808791160120e-01	-1.348276111156494206e-01	-5.228722424049897510e-02	-5.984966852962289585e-02	5.459857268321217233e-02	1.554048510733956889e-01	1.371173564361787278e-01	7.721776806148358818e-02	2.446917040805463711e-02	1.459828150081936005e-01	1.297717997708253967e-01	-4.136134574569514388e-01	1.772855072442186819e-01	-3.455206234951054278e-01	-3.121840779925222353e-01	-1.617675654891361225e-01	-2.755764228803789240e-01	-1.404793202891927439e-01	-8.198662252300829845e-02	9.398114945436325529e-03	-2.060956319279454718e-01	-1.039297389586417257e-02	-2.006333575767746680e-01	-2.997604496326993287e-02	-2.093176388802954757e-01	-4.362628362930908166e-01	-2.668230505204672309e-01	-2.039956047050454080e-01	-2.933193989213959962e-02	1.826168935106467217e-01	-4.618819812809248082e-02	2.936958644711608613e-01	4.423076736525648478e-01	1.161317579474427791e-01	3.699810879946145437e-01	-2.434819806565878542e-01	-2.563701341282950130e-01	3.647194758964789063e-01	1.247121428269463428e-01	1.105734640548749342e-01	-3.508100719941779078e-01	1.032772886767444193e-01	-1.852314857169965745e-01	-1.382258531244682787e-01	-2.468340972128754696e-01	-8.143567151674607763e-02	-1.173368807728197433e-01	-4.616657596591392659e-02	-1.285714308257889238e-01	5.187326941190263663e-02	-3.943014794764670289e-02	1.625733101029397734e-02	-1.236937847156769632e-01	1.394412237216501038e-01	-3.740813569796362387e-03	-2.104539874023124146e-01	-2.657779541535424395e-01	-1.930312772159938628e-01	-2.785244262255696657e-01	-1.420265736131610390e-01	-6.384980969498919856e-02	1.109364041923869768e-02	3.993327979498868113e-02	3.378306342960913367e-01	1.358785751281560150e-01	5.118470809503490315e-01	-1.260431419947457277e-01	2.535384078665536833e-01	9.466553385887982452e-02	-1.535427403922171308e-01	1.049800460101924238e-01	1.080301200542814616e-01	3.003425724348647297e-01	1.103823754050796691e-01	2.046113342628300136e-01	-9.088361994864389837e-02	-6.200855518731164528e-02	8.611004293351989629e-04	9.586141532787642583e-02	1.009941653332093320e-01	9.090205302763038064e-02	-2.960569023906225450e-01	4.705393995787800904e-02	1.109423169830163758e-01	-1.576060579362600911e-01	-1.621213026502108800e-01	-1.571173534886441403e-01	-2.190104894324368667e-01	-1.868107710597174675e-01	-2.108210931452818848e-01	-7.563487853301825714e-03	-2.161139978392673799e-01	8.537272941129701864e-02	2.436365568319716346e-01	1.071243076865572574e-01	-2.458564565556639325e-01	-1.917839101127564727e-01	-2.352118885440599161e-01	-1.708631063576785958e-01
-2.074582779954442235e-01	-1.873019639164197059e-01	-1.375378601008458157e-01	-3.135039795159336173e-01	-3.300392804349194242e-01	-1.958274104811669747e-01	-1.867481825474097690e-01	2.626051653158466628e-02	-1.980719276036660148e-01	6.736861875444071640e-03	-9.577998137582152682e-02	-1.433187234630841633e-01	-3.255276424770937871e-02	1.867103067229581789e-02	-6.153506489551001379e-02	-2.869911303317305984e-02	4.756245660524228980e-02	4.918874859517829295e-02	-5.037336770848069994e-02	-4.087124197531043918e-02	2.681158268629679209e-01	1.563255923006686560e-02	4.219481817639685745e-02	-7.362261589730456635e-02	1.649683921012462251e-01	4.286985111740224119e-02	-1.921765631562763477e-01	-1.190842468162160162e-01	7.932727655317242665e-02	6.445734924541637531e-03	-2.764841056691369481e-01	7.184285459118108785e-02	-8.612893699867110731e-02	1.729046623105831848e-01	1.374198773497408987e-01	1.664618211979999318e-01	1.210485633792147686e-01	3.411249595533784318e-02	2.256036832690792582e-01	2.242570996890380919e-01	2.497042919204156830e-01	-4.190848125981611917e-03	3.770921202212644263e-01	-1.122124512260227330e-01	2.449126398428685125e-01	2.331171549786075770e-01	3.438271138418241835e-01	5.174350018485258662e-01	3.017260106723136937e-01	7.074562887582372395e-02	2.228489506112443785e-01	1.647033482348480848e-01	-1.510913192820489970e-01	-8.808355667001847855e-02	-5.439025916511210784e-02	-2.106166910929798131e-01	1.441555717351659660e-01	1.592058956972228767e-01	3.433276156021126124e-01	2.158952350352253968e-01	1.290757104948827005e-01	1.000000000000000000e+00	4.536979449737466030e-01	3.557178691581411867e-01	4.264891903333505319e-01	2.006850051354733822e-01	1.741082543025806728e-01	4.996440650140728246e-01	1.342774275796789207e-01	4.638029845464745060e-01	5.631865672814649892e-01	-1.390143349173379450e-01	-4.756292928297848471e-02	2.162055818563315412e-01	9.625402731184728999e-02	2.635499401453304455e-02	-1.287018646656488963e-01	-5.765009601006749335e-03	-2.487695129045579545e-01	1.932600162141816236e-01	1.753216893314385738e-01	1.168079471010151082e-01	3.086577738061511145e-01	1.192059060246117019e-01	8.280084154270113406e-02	1.236476477474902358e-01	-1.690394286887241665e-02	3.900628851057469926e-01	2.726048320263144698e-01	2.948543855226220534e-01	2.879505168692901296e-01	3.506811480022635208e-01	5.697312343822139580e-01	3.796480450818424113e-01	5.011153288249148297e-01	-1.846549616467337285e-01	-2.067326426314594345e-01	-2.044646795400217876e-01	1.479523827806273895e-01	-4.120526877357360424e-02	-1.266305809775730429e-01	-1.685112130033414590e-01	-1.821268649384516491e-01	-2.085437906648703876e-01	-1.413410299100424650e-01	-1.990431211538167822e-01	5.193440631506884841e-02	-1.226166039711373973e-01	2.560885765485248350e-02	3.821394437237417285e-02	-1.899373291811815856e-01	-1.503832691975705016e-01	1.174607613734998113e-01	-4.468814960694943161e-02	3.629679495422527546e-02	-2.704878326365187449e-02	2.126699627181503349e-01	4.429660228672505085e-02	9.973853527513310349e-03	6.493243649792231065e-02	7.075911182311382663e-02	-1.213595276031238374e-01	3.392947738025317572e-02	1.376821142612297266e-01	-2.084806591237981510e-01	-7.586611717887652151e-02	-6.393181063648147033e-02	6.299406037761103028e-02	-9.132293507857663917e-02	-1.294459462642164327e-01	-1.126631826690820681e-01	-2.682822788497304933e-01	-6.981654472330243999e-02	-1.237893645282875515e-01	1.569189446836411206e-01	1.416004438460641002e-01	3.247875518468826966e-02	2.711834163349063354e-01	-1.625010208744153140e-01	1.134298910702666724e-01	1.862916348222393437e-01	1.713533289882360477e-01	-9.515592568318297084e-02	1.578448545918080537e-01	1.513880806758072239e-01	2.089526818959906440e-01	1.181180232688461701e-01	-1.317234441448023735e-02	1.693374223836521461e-02	4.526180449243946691e-02	2.030197223776004645e-01	4.555542516898621330e-01	2.767385377272503222e-01	1.219277290053133317e-01	3.418007385065402470e-02	1.427674040541043188e-01	-8.175125251294312889e-02	9.472929330303692108e-02	-1.108351015914535581e-01	1.147426096379137728e-01	1.395487542894277289e-01	-1.722288041303625672e-01	-1.880880106658451845e-01	-2.527855111755096806e-01	4.435881273608176939e-03	3.568555998274235974e-01	5.496892906520084443e-02	2.152846790920170117e-01	-1.364240381679829028e-01	2.098246509495453327e-01	-1.462885487097854431e-01	-2.574485227298285994e-01	-4.817259539243484018e-02	1.198429567581564548e-01	2.732299843186332122e-01	-4.532678774673108701e-03	5.049606398647759654e-03	1.868117026349472298e-01	8.592664943411712497e-02	-1.970238317852212595e-01	-3.062681078188340678e-01	-3.847273436525189827e-01	1.393747323924733050e-01	-2.776367832732406504e-01	2.383738018708864703e-01	-2.660964157234648186e-01	5.569005948499834713e-02	2.809510800448675877e-02	1.334369199458147470e-01	-2.180199865776143442e-01	2.330086071386313074e-01	1.650524712670682348e-01	5.962809768367154789e-02	-3.291717690456499312e-01	-3.460577913571216691e-01	-2.640861910211462216e-01	5.379215972832945142e-02	7.471996245124132296e-02	-2.134275099034667889e-01	-1.124314859190418264e-01
-6.078198942681786038e-02	-1.600333645122610227e-01	4.198880718899752895e-02	-1.700836218974491332e-01	7.121759347898402870e-02	8.951419898464640923e-02	1.821534055135187388e-02	1.573782010286892130e-01	8.450063174567994106e-02	1.719519444117360296e-01	1.785133361521608897e-01	1.021815155389208807e-01	-9.713755079883854004e-02	-1.892383543363803378e-01	-2.836996610664932472e-02	-9.526559692688470193e-02	7.623747834372035515e-02	1.088373572402216855e-01	-2.334233745627523615e-01	-5.807728990799791019e-02	-3.851470939589858589e-02	8.014673474331562852e-02	-8.619213179457925478e-02	2.130877922789852982e-03	1.493946396484426842e-01	-1.586740617200296799e-01	2.884228783319158634e-02	2.137636265886183884e-01	3.398205670232063436e-01	-1.628777971207610170e-02	-3.860859163290426138e-02	4.544631867412125548e-01	2.713156630836983108e-01	1.696546087017045401e-01	-1.250114016703596787e-01	-2.731924342236396464e-01	4.479156144092931446e-02	-2.913832541480673027e-02	5.459902274755595863e-01	3.677344865672158708e-02	1.708837606292791522e-01	-2.180134957397892315e-01	3.508388791667662598e-01	-9.835765747808926374e-02	2.409186582649839869e-01	3.252612718669889436e-01	4.510578791735129767e-01	1.940214078060056857e-01	1.415287827562881906e-01	-8.631608185716535542e-02	6.335520905482271148e-02	-5.416037968263270885e-02	2.099622133030184384e-02	1.541579477720509961e-01	-9.618096892212159299e-02	-1.520076493165364029e-01	2.173769653394617141e-01	6.221535431778696390e-01	3.871055554950085242e-01	4.946032792784724741e-01	5.491860972554042375e-01	4.536979449737466585e-01	1.000000000000000000e+00	4.116198007581289287e-01	4.562793628873795249e-01	3.054650536706697284e-01	1.306092484216035132e-01	7.046784187161042601e-01	3.187464128345407488e-02	3.022487493217745902e-01	1.210772423597731295e-01	1.602957307395039555e-01	3.179027964985232657e-01	-6.792929389690331721e-02	9.621302245158039335e-02	1.233373484218594496e-02	-2.549535414798758115e-01	-2.490164489552543214e-01	-1.317463414015531964e-01	-2.877102855302111628e-01	-1.675146916783972206e-01	-2.242209295033902317e-01	-6.955387570151462528e-02	-1.101588796837423001e-01	-3.201124885035901979e-01	-1.023893432147479077e-01	-1.767516508138076425e-01	-1.492442373192969518e-01	-9.635891797362017286e-02	1.654110570942236291e-01	1.466918998193853831e-02	-9.248463009836929705e-02	2.960541509216725320e-01	1.436425534468573940e-02	2.380336182624262775e-01	-3.172711908281455884e-02	-5.815422230212848043e-02	-1.117572167097803312e-02	-7.050102315404546682e-02	-1.753700758151185979e-01	-1.584722381416863932e-02	-1.596815937431208809e-01	-1.167797711332923816e-01	-1.748056944488060316e-01	-1.445033011039692228e-01	5.137082524106043740e-02	1.949075588628649824e-01	1.771343964007104088e-01	9.560840653380379972e-02	1.318125037487011819e-01	1.192220095931279811e-01	1.883231826457963387e-01	-3.484286640760355658e-01	2.410217434906818668e-01	-1.458097419867127043e-01	-2.663838727100955039e-01	-6.574809093476795263e-02	-2.318656321123924169e-01	-3.876457249083187489e-03	6.222006900511267702e-02	-2.475432574210280519e-03	-2.883597284814864992e-01	-5.049665821882898253e-02	-1.187005448459485940e-01	-1.080695693877732483e-01	-1.085704067863625250e-01	-2.754249955094008051e-01	-4.064608705418410600e-02	-7.514634521620146279e-02	1.305522601464955725e-02	1.073087681940047278e-01	-1.569993714107974503e-01	1.763636094328738246e-01	3.474249226550580882e-01	2.459746991795095372e-01	4.018003085860437085e-01	-8.745825198427768787e-02	-7.094028640675410780e-02	1.728713783246861868e-01	7.566499197090123530e-02	3.334070525440777089e-01	4.509642150519357906e-02	6.458061404549376994e-02	5.754094851650826126e-02	-5.850511520977068336e-02	8.051022739438225273e-02	1.234742934917449492e-01	-1.160199512269607380e-01	8.144822455392576599e-02	5.694413836230946546e-02	2.752297700124950453e-01	2.285210969215184240e-01	-8.216991208124659052e-02	-1.353926010494627685e-01	3.035677144180590550e-02	4.093034479468563545e-03	-2.387828135632388271e-01	-2.059192846333070537e-01	-4.439478600325461044e-01	-4.050930465848443518e-01	-1.201748826312305785e-01	-7.094353097291888378e-03	-9.509624936078149571e-02	-5.326229495171962841e-02	2.121839302928358040e-01	4.450124639281536343e-01	2.258085160855830831e-01	1.872204487046237598e-01	1.166484651669167788e-01	1.211642671642876659e-02	-3.278721445872535556e-01	-1.580656451465718149e-01	-1.380007987887370557e-01	3.816550409339760641e-01	1.948638574031746618e-01	-1.085735024165311730e-01	-9.902213895498521157e-02	-1.568681698488874898e-01	-1.249634885795860295e-01	-2.997884282627053532e-01	-7.596255476212313007e-02	-1.978417415707546256e-01	-2.044167927311482669e-01	-2.775604855955473571e-01	-1.862108608793895947e-01	-4.004459078867216304e-01	-2.370410266539915989e-01	-2.546903199815286900e-01	-3.763188351619640715e-01	-4.375958628296467423e-01	-2.482685030192260944e-01	-1.970780906145626898e-01	-1.630795216342250387e-01	-1.958628090821872836e-01	1.146624455794457466e-03	1.744512449089675662e-02	-2.641052026670595576e-01	-1.465575040416443320e-01	-4.112350248763659288e-01	-3.084389605241884547e-01
8.050722188346857988e-02	-1.041391153627571065e-01	-2.251506849893461157e-02	1.556817677873958694e-01	2.105887911912681099e-01	2.885313634329481625e-01	1.221835511299805971e-01	1.667310618037836367e-01	-4.049114631059404223e-02	1.569763159629049276e-01	1.747735808003383073e-01	6.342935626082223111e-02	-2.577074786533910256e-02	1.211683393081186035e-02	1.248094337819593246e-02	-1.426657865356712740e-01	-2.494836568308280919e-02	1.424636509472025463e-02	-2.797978213134253989e-01	-2.354046599632242942e-01	1.114917866365178201e-01	-2.530514996704891911e-02	-9.542575810456706276e-02	-9.363715652241891285e-02	-1.642907547843693861e-01	-5.077917291232585117e-02	-2.909522043032638713e-02	9.216959962515350324e-02	5.202125715632045511e-01	3.355060089660121259e-01	-1.589123385875740035e-01	4.585395479543610819e-01	2.801584090106160607e-01	3.745569923509209365e-01	2.032824651873291755e-01	9.722699754821102769e-02	9.932812387595178760e-02	-2.151157445675543761e-02	4.556243514445260656e-01	1.615748495775863047e-01	2.607503313575109116e-01	8.782856476829806192e-02	4.098825051712428613e-01	-1.083446081001580991e-01	1.820544159070005275e-01	2.113670493352676760e-01	2.663413938508767953e-01	-1.256841238123915586e-02	1.475168487556989261e-01	-1.860565262617608073e-01	7.830026840400035326e-02	-3.057036486356632873e-02	1.601558753760107812e-01	-2.997724126378107853e-02	8.235475135233125132e-02	1.000676014775341884e-02	1.824221724582998855e-03	4.665891236862989011e-01	5.751739320743509687e-01	6.152853901328271258e-01	1.176755450317778368e-01	3.557178691581411867e-01	4.116198007581289287e-01	1.000000000000000000e+00	1.345022814824783919e-01	1.767450950815277200e-01	7.892934224628092924e-03	3.544435320925217181e-01	-2.221561987103625735e-01	2.028297958548198887e-01	4.102338406203802357e-02	-7.236138019643691133e-02	-1.228940605876293612e-01	1.007161360828920903e-02	-1.211579008235856431e-01	-1.873474733561933947e-01	-3.360624178491106728e-01	-2.648211600762521711e-01	-3.248177702175015225e-01	6.689996598919314974e-02	-2.269690736242500062e-01	-7.257104712968548421e-02	1.058620185260566032e-01	-1.584332741311552176e-02	-9.869958238550687046e-02	-2.008961765096644592e-01	-2.989912409069825916e-01	-1.063665299214014426e-01	-8.627422787878556709e-02	-2.187934707793644587e-02	-6.058034382928749462e-02	-3.950944518771784542e-02	5.679561575878250279e-02	7.002445796739624299e-03	1.253005644434891375e-01	-1.041828489737102459e-01	-1.205100047615967201e-01	1.232514189651063713e-01	-9.028676803059751399e-02	-1.878780413991356923e-01	1.012834837198460930e-01	2.443328610471271201e-01	-9.624240984410735444e-02	-1.187288980975750724e-01	2.409013866448056762e-01	1.351189714961396338e-01	1.041598293118639051e-01	3.821468284429506423e-02	1.698519953082654466e-01	1.925646016313595499e-01	4.596426620584056350e-02	7.185913601070074985e-02	-1.345396379161841460e-01	2.158677488199817474e-01	-1.244251811860435236e-01	-1.843594653369174663e-01	1.118450895420178559e-01	-6.050877925835064508e-02	-2.781970422165613507e-02	4.556310198240567239e-02	-7.496491232933003013e-02	-3.196447602742515381e-01	-1.244524498749393082e-01	-1.067611997854421568e-01	-2.557250790183716038e-01	-1.013530365543127351e-02	-2.527678203911662980e-01	-2.215528455179856596e-02	-1.041824926015889469e-01	-1.326491459670079698e-01	2.927902362005395664e-01	-4.877405677263270227e-03	3.955233794804607350e-01	1.323730376218632543e-01	5.102330275856221675e-01	4.712032711716394040e-01	2.488603288508547604e-02	2.399888535824762636e-01	-6.801879764996775213e-02	5.783385218526563426e-02	3.671121432602001411e-01	7.290278326969430733e-02	2.013679619220025974e-01	1.199119565359421796e-01	1.213393267152709787e-01	1.268985346537221115e-01	5.719535000696920890e-02	-7.806585013787360749e-02	-2.925692746578586675e-02	1.833119677683071880e-01	1.244489225281736472e-01	2.980839360283443762e-01	-2.206682747195110039e-02	4.371854794866289473e-02	1.238262995555434176e-01	1.743400805712033708e-02	-2.193728157953811764e-01	-2.597402509032997187e-01	-1.701381160301769502e-01	-3.338993883050520584e-01	9.908192350143586735e-02	-6.605071696643875778e-02	-2.196218467732352284e-02	9.239646626475177260e-02	3.079497793607681722e-01	5.022414720565500090e-01	1.221888833650840583e-01	3.387627467920960034e-01	2.569395839741686616e-01	1.907304025559055094e-01	-3.739678624261322804e-01	-1.149184625209541538e-01	-1.466084355446439780e-01	1.386179204042246316e-01	-5.442209282902470135e-02	-1.777838632089996374e-01	7.387437793442175847e-03	5.282918159184935014e-02	-2.443867204741023980e-01	-4.196111807081059353e-01	-1.926375605513533373e-01	-3.562872758805666340e-01	-3.481419817056514709e-01	-3.494416759846730725e-01	-1.775487709839504713e-01	-4.288401193054999228e-01	-1.456548698902984662e-01	-2.140188324011310372e-01	-2.775014532218577079e-01	-4.011844439137788321e-01	-1.402729685188799369e-01	-2.124047131752033468e-01	-1.990894133038511038e-01	-1.652466753427249690e-01	-1.044958675806896414e-01	9.943242399366017392e-02	-2.041319776729060009e-01	-2.315712059303312031e-01	-3.877384042831383826e-01	-2.323663811493019149e-01
-1.533146449351503182e-01	-1.477260231687922420e-01	-7.698293324950951366e-02	-3.626885451625388446e-01	-4.276669067374800348e-01	-2.726233915397215379e-01	-2.211771096887133192e-01	-4.100625371677065097e-03	-1.994605951566731927e-01	-1.017444033830555011e-01	4.695971905898811000e-03	-2.047254033377347293e-01	1.082160657026576267e-01	1.393309647480341362e-01	1.567742521813235423e-01	1.622517569913212998e-01	9.531334182778784109e-03	2.053599801210689857e-01	7.302453767188327172e-02	4.492748376417756567e-02	1.510486400124778916e-01	1.962897094956899194e-02	1.751875518041198510e-01	-3.090219106730162160e-02	3.927629585618367947e-01	2.359754368387589063e-01	-1.213178164067814091e-01	5.157372581032323988e-02	-3.616627302388381038e-02	-1.350945965372961355e-01	4.421021201502445264e-02	-1.377069162839146266e-01	-2.755993948434058982e-01	-1.909613249599854679e-01	-3.333259760633789769e-04	1.296171388726931155e-02	4.921335081517935750e-02	-9.986923226440137802e-02	2.911703243946537345e-01	1.071461909405900109e-01	1.393969151756699332e-01	1.950460460801709331e-02	2.548992317328160340e-01	-4.350862956137763887e-02	3.500463497420530090e-01	3.883550737223312455e-01	3.964403871857030137e-01	5.300449196672580854e-01	2.888198729711131674e-01	1.514854350919298542e-01	7.880873488697458240e-02	2.577529714199419675e-01	-1.264045389192804993e-02	2.580594115429676316e-01	-4.246934515822815143e-02	-4.679077738959071947e-02	3.794686861744376305e-01	1.470158325186079751e-01	3.076983568654069121e-02	1.361069936215230092e-01	2.339357987456406052e-01	4.264891903333504763e-01	4.562793628873795804e-01	1.345022814824783641e-01	1.000000000000000000e+00	1.617462840804760882e-01	3.162711902627603489e-01	5.561549991705797558e-01	4.746454233907374531e-01	3.360768978486667891e-01	3.661610794650059231e-01	-5.039394835700388570e-02	-2.009174043303160045e-02	9.718936657372216625e-02	3.684503184198265058e-01	2.014424198560210710e-01	6.905152594964514279e-02	1.561041996910429719e-01	1.513351926503307254e-03	-1.175982949314781784e-01	1.941933899381090567e-01	1.220041105064164494e-01	1.376169361493664589e-01	2.175286938470889497e-01	-4.308165241986348926e-02	4.430474798184343421e-01	2.092186793272804990e-01	2.451717620667326625e-01	4.366125305217913866e-01	4.925086500599346051e-01	4.988565877217799871e-01	4.133022356979336731e-01	5.066621429599833526e-01	4.577487265479500689e-01	4.666234791439853313e-01	-3.310650149576770812e-02	-2.055426614098880000e-01	-3.908906934367957220e-01	3.928467953222340991e-01	2.350659009036334679e-01	-1.385517909412108117e-01	-1.620673501403687988e-01	-1.417286096644602977e-01	-2.220661194545993089e-01	-2.999514809038418828e-01	-1.931823097041461545e-01	1.820147101657987668e-02	-1.451364419856552290e-01	-4.274081816290469654e-02	3.254840962478137284e-03	-1.655620824660150592e-01	-2.261147208008839893e-01	1.670449318713086370e-02	-7.427578802307832628e-02	1.063995055071907192e-03	1.553628234565050149e-02	1.655883757171790899e-03	-4.006891614231370552e-02	-9.257178239818511511e-02	-7.878422217059738442e-02	-2.861965133419251406e-01	-1.953449893155430328e-02	7.111284932289874128e-02	2.360873918169834398e-02	-9.509507567455609267e-02	8.329297687472506095e-02	4.100508109725680556e-02	1.122953965809397880e-01	-4.186797786379440472e-02	-8.131087673609872779e-02	-1.401198375130431328e-01	-2.977612427839054776e-01	-2.758774140544456577e-01	-1.947876643848739375e-01	-1.478067596907858827e-01	-1.810632604191541040e-01	-1.280856040997186140e-01	5.948479533585666196e-02	-2.070975992584129788e-01	-1.352149868378915432e-01	-6.781272710029639939e-02	1.728324164221136661e-01	-1.674727744551665620e-01	6.938641506192891328e-02	6.282919496905800538e-02	1.227823331586121169e-01	8.404730222667423922e-02	1.081691076549600172e-01	-1.519446476741604657e-01	4.196582249513531454e-02	1.378311863916278635e-01	-5.323139854233946422e-02	9.734393009586216061e-02	2.358399897762739061e-02	-5.549044414645980250e-03	7.236418054760160312e-02	3.613630671532651328e-02	5.998441212211812201e-02	-3.209792854242353721e-01	-5.684763011542883632e-02	5.770594417041237899e-03	4.734437391854581095e-02	-2.537332934238763563e-02	-2.817949157082554890e-01	-1.459901667697655336e-01	1.119792661527074518e-01	-1.017635377318826528e-01	-8.162581195111495713e-02	-2.500755332342056159e-01	-5.728097427251029744e-02	-1.794320873586879861e-01	-1.043754457782082035e-01	-3.163912534874071397e-02	1.049335497363988040e-01	2.280587127338125075e-01	-6.433940839612541096e-02	-3.757800020927810208e-02	-1.498546174647373275e-01	2.701717575023056539e-01	-2.287149079807943575e-01	-2.768302639313454105e-01	-2.475179967584806018e-01	5.513544270158462351e-02	-1.601956984511056226e-01	1.260078534638106595e-01	-3.307808105504336238e-01	-5.669497561579763673e-02	-1.486347906799062868e-01	-7.647483194475891699e-02	6.242194010284523448e-02	1.682060902368425620e-02	5.385932941666911333e-02	4.667842562205948981e-02	-3.258050978662480057e-01	-4.152067964418808543e-01	-2.170996706897460604e-01	-2.571198382296184873e-02	2.736420265689317177e-01	6.875527402908102048e-02	-9.623632902434058056e-02
-9.969108812453410240e-02	-2.183591462696579111e-01	-2.355654326934222831e-02	-1.433688570393134576e-01	-1.106478866775015696e-01	-1.238510206218337156e-01	-4.808338511924124120e-02	4.007545829122850789e-02	1.307936560702748496e-01	-3.562291506519026096e-02	2.523189494227527294e-02	-1.058045905139727572e-01	-1.231340754830464457e-01	-1.412101170721153653e-01	-1.428738078678015028e-02	-6.351499034690882839e-02	-4.143117690591228280e-02	-1.539191360104974135e-02	-2.931849217839979094e-01	-1.617173150934446413e-01	2.147265588075968762e-02	1.481877376540255975e-01	-3.135873975589899276e-02	-1.734977980782336504e-01	2.657844421082584674e-01	-9.415581066434119961e-02	-4.037628893713108430e-02	-7.110358515301662234e-03	1.696808030548014809e-02	3.829939544340772717e-02	-4.901179883485588112e-02	8.329341171557408385e-02	-1.120497350918310264e-01	2.250211806308588872e-02	-2.929493317413029568e-02	-8.326352326894113920e-02	-3.765574525889598539e-02	-5.868044631686643309e-02	1.056553879165629956e-01	4.369812146393711044e-02	1.329836215872186311e-01	-1.007560610495382980e-01	1.145541446418561898e-01	-8.928816810056368564e-04	8.693471999835526709e-02	-2.193367319181134967e-03	1.673225927320468320e-01	1.425501084164996490e-01	2.430002076575435987e-01	2.533876322165372619e-01	1.380768629667617209e-01	4.582031847031042826e-02	1.475612950579826277e-01	1.119641053947380976e-01	5.438785817570474662e-02	-2.730122533572588300e-02	3.613250234540848344e-02	1.218728980191571415e-01	1.680717440598120394e-01	1.497151877748990889e-01	1.715526570816748031e-01	2.006850051354733822e-01	3.054650536706697284e-01	1.767450950815276922e-01	1.617462840804760882e-01	1.000000000000000000e+00	2.566165841128906916e-02	3.581089522759299260e-01	1.202062738252436952e-01	5.948219549373064130e-02	3.691476325611039999e-02	-7.665350786012715880e-04	1.192891562888633884e-02	8.119396083785350438e-02	7.731299875811437072e-02	4.727361210411447356e-02	-1.318426572923964701e-01	5.273321742428938724e-02	-2.579064958839268670e-03	7.284611087655797068e-02	2.598817990736553354e-02	1.829317410754091322e-01	8.249413174949898897e-02	-1.130151092435792703e-01	-1.313283975337929121e-01	6.636105070924426530e-02	6.568159885821829580e-02	2.379091834658166385e-02	7.796794707725511475e-02	2.514171410962132147e-01	2.301384312989797343e-02	1.037840594218459034e-01	9.639152039041722075e-02	1.345415191083095263e-01	9.992472528106974283e-02	4.038837219570602655e-02	-5.391595211040529911e-02	8.455605371366629874e-02	1.856138886414254174e-01	1.017966763196584551e-01	-8.142937845097032723e-02	-1.370053941044601098e-01	-1.136547061614765486e-01	-2.142354183251891364e-01	-2.226855111385926955e-01	-1.744821656860638115e-01	7.349593410749140354e-02	5.703552232806201328e-02	-3.963445096988755384e-02	7.685298019947270354e-02	-1.142225397257154024e-01	-8.703033971647924916e-02	-1.771385378242012199e-01	-2.430423388242371543e-02	-2.933691712104651850e-01	-2.276772526780872774e-01	-2.435458168632749776e-01	-3.258814836720921315e-01	-3.556835637328141508e-02	-5.769176041172525971e-02	-6.340085659166704024e-02	-2.621522389019951271e-01	-2.831371345600063871e-01	-5.519739020741762370e-02	-3.688489898890162655e-02	9.542493952888367326e-02	-1.253731950159072683e-01	-2.044589595113428249e-01	-8.018066534356160791e-02	-5.753406959705326812e-02	1.215689936426812695e-01	-1.527911432936633340e-01	-2.650494782870505342e-02	-3.878569273927817695e-02	-1.722594085483349427e-02	2.458082716229136044e-02	-9.061668948364508258e-02	-1.691879550816958733e-01	3.302374777605342204e-02	-1.262292784988410244e-01	-6.902313266973746086e-02	7.322461294868513014e-03	9.153606139052470822e-03	3.329504541800179518e-01	-3.048167415026547047e-02	5.831149287080957845e-03	1.548651844554377044e-01	-5.753589355614290718e-02	1.459370659029915196e-01	-3.803582805843449405e-02	2.068771695125869448e-01	2.456809303859004978e-01	1.086943534899005304e-01	2.637484226230931150e-01	1.476974727810101140e-01	2.456829415902998248e-01	-1.962866597675636329e-02	1.467558713918814817e-01	-6.586277000978192631e-02	3.723482235741096269e-02	-6.534443258301468604e-02	1.407948061992861377e-02	2.613442772388416269e-02	-6.021994094807458890e-03	1.791115309315299275e-01	7.432174093529499148e-02	2.153227669672105882e-02	1.081367366698631205e-01	7.489048857464136733e-02	3.946160803242392823e-01	5.486460033851833784e-02	5.544397060388892018e-02	1.091030198433688703e-01	2.523630835602976297e-01	6.539946616389148704e-02	1.092866646585621965e-01	1.175754009304103287e-01	4.718878715105453286e-02	4.040743870218571621e-02	-6.476611555474638682e-02	-1.364704018596801516e-01	-1.556727905060023842e-01	1.061493750625328164e-01	-3.467504123011496114e-03	-4.185306568470779920e-02	-1.310938023391957363e-01	2.079784454244427150e-01	4.794831365324180722e-02	-1.042681962980917740e-02	-9.590175384471846809e-02	-4.027860603097913744e-02	1.504975940871993434e-01	4.724999094449644499e-02	-9.105231901594894317e-03	-1.664553405514197226e-01	1.475684427101618124e-01	-9.557475772716850226e-02	1.066094496298623517e-01	-4.256567549161847236e-02	-1.287385767999536454e-02
-4.485200308467259811e-01	3.111594761220483063e-01	-3.643642737954413402e-01	-2.447401922867913915e-01	-1.840664138992590959e-01	-2.924790081886078918e-01	-3.930902245676667350e-01	-3.502038658238704194e-01	-4.038320732263411816e-01	-3.561379479792468050e-01	-3.257348053825874779e-01	-4.229286063452299960e-01	4.256126670294906739e-02	1.388933499512211567e-01	9.120653958031958719e-02	9.283735474369006480e-02	1.507587233371252555e-01	-1.376715888012062239e-01	1.402632841272204445e-01	1.467146269479932263e-01	-3.898001898050260788e-02	1.009407597066167145e-01	-3.988152089065486600e-02	1.894483811821353475e-02	-2.057994410127541793e-02	1.559586835353652945e-01	3.406909415341893843e-02	-1.420954395545689919e-02	5.148048754823648931e-02	-1.097396519830041162e-01	4.331097529332301188e-01	9.357923798767986412e-03	-2.622434449649501675e-01	-9.894715660555188086e-02	1.414212142496245987e-02	1.694168542846629169e-02	-1.812555537412572360e-01	-7.167096235566217544e-04	-8.104466764889724228e-02	-1.261818351953669926e-01	-1.989446610031675444e-01	-3.689506015000574290e-01	8.987841031196461272e-02	-3.468550755730638313e-01	4.274756618012042625e-02	6.430460690069603712e-03	-2.746285548293906364e-01	7.830220390754998039e-02	-5.084997087616066613e-02	-1.791798828248567232e-01	2.511133573356688076e-01	2.624716080845125310e-01	7.306417936104256383e-02	2.038927571536383321e-01	1.012051374334245052e-01	-2.544086241510529756e-01	5.915610761767330361e-01	3.009962090065837481e-01	9.029787601262460883e-02	-9.726047260710957154e-02	2.319734208037078360e-01	1.741082543025806728e-01	1.306092484216035132e-01	7.892934224628092924e-03	3.162711902627603489e-01	2.566165841128906916e-02	1.000000000000000000e+00	2.518893322230711940e-01	4.744846008073858590e-01	6.102259250099335564e-01	3.801614418245987670e-01	-1.587308658306485210e-01	-1.230987493427620622e-01	3.008426840670695435e-01	6.103902741741144000e-01	3.255837621506905144e-01	2.894080809633733931e-01	1.273484100696462284e-01	7.592784273012127827e-02	1.733158987497426251e-01	2.840236324696495673e-01	2.093377950576708890e-01	2.894496882793989867e-01	5.494620627533528534e-01	2.042624837849504049e-01	4.900815237071811103e-01	-5.200702216839982878e-02	3.180356289401088943e-01	3.347555942881777491e-01	2.715985409470431655e-01	2.251059128481208149e-01	2.053822454357114302e-01	3.075041127673526220e-01	2.731644407736253388e-01	1.460483350529531155e-01	2.825595844567812542e-01	-1.192340857811620830e-01	-1.541289439955867147e-01	1.652540615768367249e-01	3.091967741190412289e-01	-3.614699852932127255e-01	-2.213453830216463858e-01	-2.520788272400253383e-01	-6.895905737792654144e-02	-2.491924609213948538e-01	-3.957475732821869041e-01	-1.478903724900458294e-01	-1.972688096684782899e-01	-4.071946939499689333e-01	-1.551618730156381631e-01	-3.458524101014255336e-01	-3.329665834948004055e-01	7.750081348483266186e-02	-1.238184325985757644e-01	-1.465445399764067624e-01	1.691434573091424700e-03	1.005473334672698921e-01	-7.148909090829184965e-02	-1.240053503540961000e-01	-3.617416671774871251e-01	7.212650795413530318e-03	3.409934986136774204e-02	2.006443951024782790e-01	1.286730446479296686e-01	9.210185056871787734e-02	1.338352745381441757e-02	3.533692078196324499e-02	1.093090730124212789e-01	1.708038701825159711e-02	-8.652987408293337512e-03	1.294269869070424628e-01	-2.883518697488941518e-01	-2.471311667387683653e-01	-1.202976449422858002e-01	-6.542141640993531793e-02	-9.261023913611449165e-02	-1.891080918242278239e-02	6.866607133439549260e-02	-2.586968514209141423e-01	-2.288703875008971655e-01	-3.136134444901663154e-01	-1.085033474786256530e-01	-2.097752019927480449e-01	6.795942500422975756e-03	-1.287438066822127469e-02	-1.439094468390828274e-01	-2.090291825838110906e-01	-9.616376114767729438e-03	-2.364150385196199244e-01	-2.380843044181649160e-01	-4.309682690939581340e-01	-2.222193858902849622e-02	1.391359337440652988e-01	-2.721074964221268933e-01	1.379321183495458777e-02	-1.072465269820173095e-01	2.442542629864243864e-01	-1.354497949420379321e-01	4.782331802920269936e-02	7.004468433872580724e-02	1.444074110615500839e-02	-3.286189954298308902e-02	1.258267483021189570e-01	-2.357315912810435399e-01	2.591410712992306964e-01	-2.856185916108704842e-02	-9.762884569668782431e-02	-2.078648110403668869e-01	-8.946143589288677034e-03	1.705769551974734566e-01	1.292914439992517150e-01	4.784929048161037368e-01	2.885009326745159863e-01	3.187632741974342349e-02	-6.567637025521344540e-02	2.553376067827019535e-01	1.957955089919984071e-01	2.294686198339991878e-01	4.553717586898473925e-03	1.691115663872528596e-01	-2.905766429971208820e-01	-4.575102254823190662e-02	4.842521729307527195e-02	4.460397251351018617e-03	4.723380456171535208e-02	4.640111410223113353e-02	-3.623680709927583343e-02	5.129408434103916586e-02	1.442622895618685119e-01	4.056976776563218229e-02	1.133006198237839213e-01	2.246203823197335803e-01	-1.099968571428782821e-01	-4.614367408055043002e-02	-2.344410811489452684e-01	-2.539174060508978537e-01	-4.793029779962706266e-02	1.512764224216548228e-02	1.340710264081181324e-01	-2.823183757959504825e-01
-3.843488232775764749e-03	-3.470281454503360008e-01	5.638078602035848097e-02	-2.911695293159892173e-01	-1.287093005283691527e-01	-3.023798938326053079e-02	9.863849246548334060e-02	1.649199134283609036e-01	7.720548734036666860e-02	1.397988566247797826e-01	1.704552897929812461e-01	4.894142289131796913e-02	-1.089676843449746552e-01	-8.649053781481083614e-02	-1.436894457828065130e-01	-1.538314659475051305e-01	-1.106110098525779628e-02	1.000082318574837953e-01	-2.622062065622157712e-01	-1.297516593408831465e-01	1.001747736657090382e-01	-1.244393903254634344e-02	-4.577895483159179907e-02	-1.336155021457277048e-01	2.313216736553312392e-01	2.133100598475460435e-02	-1.045957107892772076e-01	-8.838745641097343897e-02	1.600759773040523748e-01	5.763781370174424906e-02	2.360375502002006950e-02	3.070041431224028727e-01	-1.466284225175106502e-02	1.237078503687618625e-01	1.060772018264864169e-01	2.269367513713451551e-02	9.569301320253997475e-03	-5.471901581559669020e-02	4.045071167882721697e-01	1.359912924083380437e-01	9.742125409272668624e-02	-8.718724937488041282e-02	2.871335323620100577e-01	-1.371497141676738252e-01	1.417207268488648586e-01	1.433073673292491468e-01	5.460271543606312061e-01	2.463990008801918430e-01	2.409576948387721351e-01	1.565928293054322587e-02	3.065160552173786662e-02	9.322578126414422794e-02	7.067070187776731960e-02	1.326290982357326564e-01	-5.186862829771739930e-02	-6.651902836871226299e-02	3.384199428954821065e-01	4.578386409644251698e-01	4.576065503671309931e-01	3.748550989334621386e-01	4.419857997475771239e-01	4.996440650140728246e-01	7.046784187161043711e-01	3.544435320925217736e-01	5.561549991705797558e-01	3.581089522759299260e-01	2.518893322230711940e-01	1.000000000000000000e+00	2.595431679185121743e-01	4.819967558241537997e-01	3.090759953173779495e-01	1.149234853328840039e-01	2.349427309302828115e-01	1.229281366264021735e-01	4.000267914559955118e-01	3.239060850791337237e-02	-1.170029646487155683e-01	-2.253801591917792280e-02	-1.771331572085028255e-02	-1.203502053775526298e-01	-4.172082986200342791e-02	-2.334238568560852243e-03	1.228782676488144876e-01	9.231606527123967232e-02	-1.489521007145803155e-01	9.484221529118030958e-02	1.054406848330479984e-01	8.031699416208000486e-02	1.035190478978707945e-01	4.459644291136474203e-01	9.031910555548663955e-02	1.076908391143354543e-01	3.182635995404548002e-01	2.396997948164993619e-01	3.008145258308624892e-01	9.285162660500197174e-02	-2.179300852795982776e-02	-8.438795143858345005e-02	1.232730976001181478e-01	3.022018000324976084e-02	-3.328040660245613208e-02	-2.704324678797964121e-01	-2.067403061922799823e-01	-4.108361320889206691e-01	-2.397504440455484054e-01	-3.157042681593921762e-02	1.856216435332584680e-01	5.794974724284112332e-03	7.809158727736681405e-02	1.248174291640793826e-01	-3.865819702191101992e-02	4.927192329332160531e-02	-1.185033808384238913e-01	1.172986139079786570e-02	-2.129058759086338293e-01	-2.343996581369436338e-01	-5.776025960499502759e-02	-2.939369631774337854e-01	-1.753870308997191457e-02	-4.926381330932198127e-02	-9.532846598128016935e-02	-3.511017447078214615e-01	-1.188754051726518546e-01	-9.807672756356719534e-02	-1.927699633433389570e-01	-2.049627208724686192e-02	-1.992969702448695313e-01	-1.395701596966709424e-01	-1.231120089931495021e-01	-1.139845639623691120e-01	3.391066577981644709e-02	-1.483085895183293701e-01	6.335125776188162139e-02	5.346299283303804217e-02	1.293458837092981983e-01	1.873637171303284554e-01	-7.959209280262037611e-02	6.625634442956503112e-02	6.528192873389358775e-02	-1.566328580897832431e-02	1.327828964441999382e-01	7.037099523949605362e-02	-1.730325488689541391e-01	1.244543465687591721e-01	-2.034828710549897168e-01	-5.981820639784898169e-02	5.177967275785475693e-02	3.471418511937544166e-02	6.859096202704215162e-02	-1.083029230286228911e-01	3.938645234026779129e-01	1.167241654870782019e-01	1.191727308648490580e-01	5.927021533608588938e-02	1.082321351750535621e-01	6.765422752010039065e-02	-1.611553210414204684e-01	-1.214568014599355095e-01	-2.933723049778993452e-01	-2.668479927042518574e-01	-6.963582278815738658e-02	-2.841311215256177303e-02	-1.037383798851646277e-01	-1.001257330664351991e-01	2.255624195816615940e-01	3.782305058396972508e-01	2.272547122365333461e-01	1.186133546309879883e-01	4.520979059750834111e-02	1.570330204765853499e-01	-1.146817425188714351e-01	-1.091186947286808262e-01	1.468581058724216515e-01	4.104262678483989180e-01	1.653212257485602577e-01	-7.286231779064633596e-02	-2.904326579262528699e-02	-3.593125428604462823e-02	3.740733102510421931e-02	-2.776010580615154155e-01	-1.528803853977848959e-01	-1.755270203970532017e-01	-5.207727428551804649e-02	-7.389366835928912192e-02	-7.200987952653298274e-02	-3.563926466107173452e-01	-8.347282000657227363e-02	-1.013850875421640763e-01	-2.326183816008041139e-01	-1.781680209019254613e-01	-6.222555874843711116e-02	3.890941580854924420e-02	4.238905150357382551e-02	-1.257038574089703875e-01	-1.825572070661909130e-01	-1.004403248294012674e-02	-1.226436132386688610e-01	8.631207263639240068e-02	-1.414108327067559734e-01	-9.962791670235167374e-02
-2.152835723692611281e-01	-3.989029984628667674e-02	-1.133716643163371895e-01	-3.239410612490601915e-01	-4.402751455461903496e-01	-3.347468069716434957e-01	-2.967677057253381712e-01	-1.952367336737553805e-01	-1.944552484982884633e-01	-2.449856090468473246e-01	-1.283618702347813223e-01	-3.322094215862078093e-01	-3.943725433848994238e-02	1.064265077038652058e-01	2.666358787810265210e-02	1.604475157511039973e-01	-1.700331301575863097e-01	-9.393099403393014024e-02	1.396990223942352720e-02	9.303878521169203775e-02	5.981034944459841241e-02	-1.075276530475159920e-01	7.224825309735043166e-02	-1.176088691209438153e-01	1.870227205116813674e-01	1.453733534975553965e-01	-1.772605889401412949e-01	-2.165049073697442317e-01	-2.991818054229892221e-01	-3.961369083695560622e-01	3.269092353461047207e-01	-3.094901455700736492e-01	-4.485310103524261516e-01	-2.788854637692769201e-01	-8.198013307150724127e-02	4.221167237756173057e-02	-1.987262297195880045e-01	-2.864040428528510374e-01	-1.755342419854424296e-01	-2.473344978378110015e-01	-1.555870684412292981e-01	-1.898780221913906607e-01	-1.084621653889392828e-01	-2.018567895632172871e-01	3.476264996814877346e-03	2.116890976523646412e-02	-1.607781713067591156e-01	3.033913528415787542e-01	2.235915318379409766e-01	2.821195734170498515e-01	1.517295138622947459e-01	3.534244078619246943e-01	-8.137402163491848361e-02	1.068766810832892100e-01	4.162746665806636021e-02	-1.874081132167339930e-02	2.860028763090647352e-01	-8.665024276390692615e-02	-2.020197006708672194e-01	-2.738206406833000317e-01	2.831790623204487045e-01	1.342774275796789207e-01	3.187464128345408182e-02	-2.221561987103625735e-01	4.746454233907374531e-01	1.202062738252436813e-01	4.744846008073858590e-01	2.595431679185121743e-01	1.000000000000000000e+00	3.322799386328508242e-01	5.099600580939060990e-01	-1.439367896049570938e-01	-1.090844439062258753e-01	1.727100175764258450e-01	6.621477938172682931e-01	4.458912760205571146e-01	4.029222016300784692e-01	3.403850454179864204e-01	1.941201047156129178e-01	1.292619436833959690e-01	4.312309772212030712e-01	4.704478950477246624e-01	2.590193421903242421e-01	4.117298904412524663e-01	2.407303771539883175e-01	4.812223638807289205e-01	5.279811820251842924e-01	4.821720454559799141e-01	4.874993042194036841e-01	7.175887643957437056e-01	4.935106760855682562e-01	4.508416444733817086e-01	2.927948480805656617e-01	3.715468207247440979e-01	1.814200647263984612e-01	3.220648547357654046e-01	1.135041437529036301e-01	-1.365542024234051577e-01	3.132557375852633719e-01	5.942802361168434411e-01	-1.914118451689442446e-01	-4.218117107583981840e-01	-1.916947619035467842e-01	-1.737535875070658486e-01	-3.872916791781106927e-01	-3.143364123945555644e-01	-1.048094114414040434e-01	-1.522885879744926008e-01	-2.109978280455680477e-01	-1.497573694765166608e-01	-3.084132547330886709e-01	-4.468711881151758991e-01	7.306853824797766850e-02	-2.602018315093612144e-01	-1.445984627302551173e-01	-2.808289205376666292e-02	-8.103400086933240654e-02	-1.199822619348470260e-01	-1.418790359871636431e-01	-4.400478238312678925e-01	-2.577530938380955816e-01	-7.064898837571970125e-02	2.486017949415431083e-02	1.051224435289634662e-01	-1.504130449229021740e-02	-4.356007389369400545e-02	7.727528664829100627e-03	-5.919178392424206958e-02	-8.313546409569906592e-02	-1.405410904849872245e-01	-2.536704924084688950e-01	-2.924795074117820803e-01	-4.133522051283946008e-01	-3.576769092534072270e-01	-3.853681568039323269e-01	-4.523777717416882505e-01	-2.090248013323800780e-01	-1.364591856699516603e-01	-1.848271551437445648e-01	-2.864449949556620023e-01	-4.082249852585419503e-01	-1.949490715672752561e-01	-2.340572203396658890e-01	2.846971932914631187e-02	-1.084861860511438514e-01	-2.804566587985586890e-01	-2.132092997320568784e-01	2.404256658996646936e-02	-1.957190745635899176e-01	-2.130441697388084921e-01	-1.476517870949793365e-01	-2.408948854330126843e-01	3.198808327736806234e-01	1.680276152893755426e-01	1.668904132226978199e-01	2.112288763731973718e-01	2.841126445142094781e-01	2.441978849803193852e-01	1.660041828151113119e-01	2.515354498175627618e-01	-2.472348477981087603e-02	-5.949445993089120394e-02	2.610922007641052617e-02	-2.983366723413090615e-01	-7.332530177507057961e-03	-3.333204796772106793e-01	-4.114719633478756272e-02	-4.278307841301063896e-01	-1.451798767388383926e-01	1.238660820330903523e-01	2.845070374958781345e-01	2.153298035225218177e-01	4.283963491722016514e-01	5.981275057054240285e-02	-5.817971868642510258e-02	3.281465257719345385e-01	1.851050932638890201e-01	1.853306911512294097e-01	4.557381812023160728e-01	2.848783111232397469e-01	-9.628800684340640959e-02	3.607368020977729656e-02	2.837420948074863003e-01	3.333393798245837258e-01	3.347879842035155762e-01	1.292440518472768307e-01	3.785889710353597670e-01	1.726268543047921877e-01	3.522549084780610684e-01	4.023917036769858457e-01	1.802306611129720904e-01	3.025370237658760453e-01	1.515125103985940636e-01	1.053325774371170198e-01	-1.557516766469851099e-01	-1.185893158177227236e-01	8.823661819821736196e-02	2.186503014675708068e-01	3.572323171122795959e-01	6.662986896115281887e-02
-2.843479509266521599e-01	-2.847296361684501301e-02	-2.171426471473857367e-01	-2.513628037006461757e-01	-2.435832575338325590e-01	-1.526458021187531988e-01	-2.308167957821876948e-01	-1.665564273586982724e-01	-3.491147459085788274e-01	-1.810157720231755640e-01	-1.824023145105335975e-01	-2.960531900158626106e-01	3.947907357775384818e-02	6.618672404459688408e-02	2.892423307653535849e-02	1.667122781339206578e-02	8.010717065962652539e-02	-1.403256133287024143e-01	-1.267279908382976626e-02	2.431043319103928530e-03	3.355256209661313521e-02	2.788158824735819524e-02	-9.200809161728548680e-02	-6.029385960537277100e-02	3.923476734269013000e-02	-1.670220153746896155e-02	-1.541462944042281125e-01	-6.138596617647567449e-02	1.147109863990390943e-01	-1.972493155010797070e-02	2.181043896133969540e-01	8.253899852568656603e-02	-2.475422999265168011e-01	-3.797290122085266589e-02	-5.474350363800734032e-02	-3.336474996255196085e-02	-1.572250345498726054e-01	-2.034676708323176347e-02	8.567566005949441010e-02	-6.759946681170435345e-02	-5.782123050494756417e-02	-2.133026214486004046e-01	1.587308440738931237e-01	-2.823346871224740595e-01	7.410937798154371148e-02	4.495781526610018175e-02	3.795612454454434098e-02	2.232667622327868528e-01	7.090780118821683742e-02	-1.191025606994727537e-01	3.128131047300236056e-01	2.936934794902421042e-01	2.276314141411192593e-01	2.291794854622951350e-01	-5.392583379395009952e-02	-1.760739352058908747e-01	5.079454913356836743e-01	2.994703703465643185e-01	2.002757891266628010e-01	1.088369110076760765e-01	2.229548465115305245e-01	4.638029845464745615e-01	3.022487493217745902e-01	2.028297958548198887e-01	3.360768978486667335e-01	5.948219549373064824e-02	6.102259250099334453e-01	4.819967558241537997e-01	3.322799386328508242e-01	1.000000000000000000e+00	3.867963047694942258e-01	-1.785967400866996790e-01	-1.152062291987255849e-01	1.852864662343451374e-01	4.658849616505071900e-01	1.910884243217822742e-01	1.861565036149657459e-01	6.621582841688730681e-02	-9.785930894829680815e-02	1.296976382033750985e-01	3.362124733456388626e-01	7.630062544084836862e-02	2.865867242431978656e-01	3.673799649548586954e-01	1.259089483555818345e-01	2.346080215422430282e-01	-4.088179789037470202e-02	3.034113439690442893e-01	1.894362444615578511e-01	3.372749439654980086e-01	1.484306032342655179e-01	1.594495371717528087e-01	5.158244038684058896e-01	3.637497382480613384e-01	3.199410120579775363e-01	8.443858604674880919e-02	-9.533278594002613654e-03	-1.441609813195403045e-01	6.514716177081505966e-02	1.386454302122565596e-01	-2.439717612408820735e-01	-1.759162430685554113e-01	-2.339807569922244812e-01	-2.524894041255970056e-01	-2.134919947770428650e-01	-2.679052992170892766e-01	-9.176507969851188662e-02	-1.491968421552220536e-01	-2.035199178290442446e-01	8.674892732716378910e-03	-2.375532525090612856e-01	-2.889301253605779385e-01	-4.938119828835018515e-02	-8.787217924555701387e-02	-7.694754173921776463e-02	-2.379071376427427734e-02	9.509256968799653350e-04	-1.579917135975019149e-01	-6.836332386220322910e-02	-2.457626837604947601e-01	-2.060441943955379149e-02	-1.532011623189268867e-01	1.583946953530808444e-02	2.907535928912465817e-01	-4.794874051237893453e-02	-1.265410424821447610e-02	5.028044456590697459e-02	3.707565438665862828e-02	-7.545493157706785470e-02	-1.460416973984404454e-01	1.002634290142079970e-01	-1.002889569709681933e-01	-1.176055763203648213e-01	-1.392994551649752166e-01	7.159453068098602796e-03	-9.640425978385656555e-03	-1.615616580584482709e-01	6.058770503038503341e-02	-1.250760974955561211e-01	-2.123809433090144971e-01	-1.269807828128785565e-01	-7.094093610793356097e-02	-2.050186863430205342e-01	1.996986241785358163e-01	9.790216404748604273e-02	-6.985027383211425689e-03	-4.562104786647404320e-02	2.774930513787214614e-02	-6.730728670538746461e-02	-1.456749343183280365e-01	-1.677851872177985038e-01	2.003696721320834262e-01	2.106886865320400370e-01	-1.354933079477536328e-01	2.760203219113785758e-02	6.850038786920659151e-02	2.382159837984782202e-01	-1.373204996820113488e-01	-1.676784678063811609e-02	9.669438561240896457e-02	1.860407962191420184e-01	1.413337408276186813e-01	1.433312159850047562e-01	-5.668835289308511716e-02	2.114390231124829711e-01	1.361025243372942506e-01	-3.845618767712181280e-02	-1.598141030499789644e-02	2.773780131268031510e-02	1.031569149365450661e-01	6.224960779268164102e-02	2.032935248421188779e-01	2.152206444278380870e-01	1.559185351602341008e-01	7.659735806874824748e-03	1.466217685573340153e-02	2.213480197380002235e-01	2.880384391075497819e-01	-5.117041812951147323e-02	-8.333517340472566814e-02	-2.228306737479361366e-01	-2.226962727461121450e-01	6.240734233946459986e-02	-4.113355697151306611e-02	-2.894650455348109219e-02	-4.837317461012636405e-02	-1.200254572126194519e-01	8.101207054542182429e-02	9.435380473302348858e-02	-1.476277108699216578e-01	2.045149140938903876e-02	7.479960193481675901e-02	3.539385699723197887e-02	-1.593099503228790834e-02	-1.808237353817425119e-01	-1.029618947679325214e-01	-3.512230934211686695e-02	-3.809279507329088599e-02	1.009478315416486444e-01	-1.268381652258531722e-01
-2.332597437529027595e-01	-1.813206577957849897e-01	-1.616813677447007103e-01	-3.219872852698127952e-01	-4.308014200526580906e-01	-2.251285697683213516e-01	-1.859705001639134492e-01	2.870574010223624767e-02	-2.797638870751876783e-01	-8.345049197732512525e-02	-6.115433442267829978e-02	-2.299501810451529682e-01	-1.285395825884312337e-01	5.437403143374210449e-03	-1.477664688076277821e-01	-1.055173902103488139e-02	-3.865238501089667683e-02	-5.289036210267099303e-02	-9.550108199474824689e-06	1.578954397547997074e-02	1.114946253863043218e-01	-3.425371404383448781e-01	-9.762674064165127730e-02	-2.715933429506989238e-01	6.051679386810279032e-03	2.485434714944040617e-04	-3.888177568521940519e-01	-3.860642384349362022e-01	-1.669672473638882659e-01	-2.836244020325924264e-01	3.975922783311865161e-02	-1.918740054101170378e-01	-3.267617026037785144e-01	-1.426822252687708244e-02	8.534762546550790641e-02	2.703736093761904269e-01	7.295588699558887280e-02	-1.840272523059717225e-01	6.763170925621737883e-02	-6.005471013997852603e-02	-8.602459995965731909e-02	-2.140232183290266821e-01	-2.320344156389863438e-02	-2.019855792566069841e-01	3.143431005968250896e-02	1.332238562241199430e-02	-9.124809230199745769e-02	3.926051339925732964e-01	3.222824379990535948e-01	2.503169649306898337e-01	3.444415194106555389e-01	4.246389712512183556e-01	-1.419075587027690821e-01	-1.906999595803196834e-01	-3.585791000766926778e-02	-8.058003453284731665e-02	1.041028935422332324e-01	-3.263313876520826384e-02	1.666573137116326431e-01	-2.108975766389508191e-02	1.721244042299713006e-01	5.631865672814649892e-01	1.210772423597731295e-01	4.102338406203803051e-02	3.661610794650060341e-01	3.691476325611039999e-02	3.801614418245987115e-01	3.090759953173779495e-01	5.099600580939060990e-01	3.867963047694942258e-01	1.000000000000000000e+00	-9.683082163197558045e-02	-1.323791435629038671e-01	2.296160124718530093e-01	4.586187515328400965e-01	2.842339881044624872e-01	2.091687731663150474e-01	3.701423851551113309e-01	1.067406621557539931e-01	4.653209754055915304e-01	4.684032053145529839e-01	4.911037637623258401e-01	5.424109054083298131e-01	5.339388248193545072e-01	4.567710593862083779e-01	4.246431748854597732e-01	3.760280842020451431e-01	6.387117526340839735e-01	5.887578506281614388e-01	5.412080784425559177e-01	4.907430233806392983e-01	5.777145030793248148e-01	3.881585109267473022e-01	5.438091543973854192e-01	3.563788919689427903e-01	1.408317752712641979e-01	3.295637108714099400e-02	-1.141660934205246114e-01	2.209685763352821908e-01	3.817852635034114095e-01	-1.828782259960196610e-01	-4.095947117494603273e-01	-3.508214236485103776e-01	-2.684656299049958394e-01	-2.266902127002406453e-01	-2.935753520659671323e-01	-6.938601322186077613e-02	-2.045147039912801334e-01	-9.578506588287286072e-02	-1.432531490796287166e-01	-2.231558083696175698e-01	-2.909202228674841462e-01	2.476689482347219640e-01	-2.635855991926742137e-01	-6.169481621331169424e-02	1.607308922426489012e-02	1.358160393319753634e-01	9.232565479419782561e-02	-2.787052822198339552e-02	-1.671495095714908286e-01	-2.570142025165586888e-02	-5.889290816037242443e-02	1.503188852953557808e-01	7.362777433170573926e-02	-1.246568521293369841e-01	-1.945805106512448757e-01	-1.501517699953372198e-01	-1.907237641907398307e-01	-2.432837121300749916e-01	-3.082951455392926032e-01	-1.126010189576829301e-01	-2.912144739166737106e-01	-1.986165811320968477e-01	-3.271691088273194215e-01	-1.119440600332175795e-01	-1.431591786756969686e-01	-7.706434119639382629e-02	1.856723706784474126e-01	-2.631591515792737757e-01	-1.124697459526599747e-01	-8.510129579349104412e-02	-1.768519500657656507e-01	-2.897105915655335262e-01	7.842328106142618105e-02	-1.404005085753882442e-01	-2.035419415124819775e-01	-2.151803098823427407e-01	5.574134158309262954e-02	-6.949905467579030327e-02	-1.968005924590553180e-01	7.628351126397506189e-04	9.491306249692887942e-02	5.088688542717964003e-01	2.682878314199956260e-01	1.769712914222897060e-01	2.541815347135289449e-01	1.961412523568051014e-01	2.864137333138134789e-01	2.680740669300401002e-01	3.754384858821241955e-01	7.289236136152597856e-02	-3.316869036175413288e-01	-1.633255081654116925e-01	-2.863626290006612840e-01	5.827644735956431787e-02	-8.728885287446475072e-03	1.003836273454462302e-01	-1.209412990985822695e-01	-8.651913732320054562e-02	2.891216254340505110e-01	1.670319417316532273e-01	8.036153629453784975e-02	3.141212340196243846e-01	-4.321678427788540333e-02	-7.796203559350513290e-02	1.637127329134719089e-01	1.883191186440876241e-01	4.350772349507147085e-01	3.340708311300532585e-01	1.577082803887500384e-01	-1.412464641029047840e-01	-3.037618534939084611e-02	2.275327938655679061e-01	1.544609111805135826e-01	4.106487529064121733e-01	4.428445288673906605e-02	4.071065647729704695e-01	1.812772003670018173e-01	5.253404597148011446e-01	2.236678187169104104e-01	5.561414988027638673e-01	3.769367589725960976e-01	2.573958317147753694e-01	1.040651734551700097e-02	-1.605575159437318267e-01	-2.094725776127825401e-01	1.708220117041188146e-01	1.631003011801497316e-01	1.585825972205365253e-01	-5.871311679761184732e-02
2.794352442360784616e-01	-1.614804589625302711e-01	2.778050135863935344e-01	1.571064484482807555e-01	3.072714549944772777e-01	3.572624181795910903e-01	4.246675825865063314e-01	2.588108555424056267e-01	3.084642201153318664e-01	4.188091346663904146e-01	4.750028147484201546e-01	4.650315605928868057e-01	-5.156653821857861558e-02	-2.193857603322707517e-01	-1.858231488184464153e-01	-2.001699425944598321e-01	-1.119170954875543973e-02	6.227423749766181071e-02	-1.033292976591796836e-01	-1.050889237815996191e-01	-1.587330805032614867e-01	-1.810582119382290189e-01	-1.922977625759670350e-01	-7.617422525734418581e-02	1.153571100046456820e-02	-1.080120865258148710e-01	5.464750750224713766e-02	-8.075569871679295908e-02	2.378837979233778058e-02	-1.191282675554438120e-01	1.868952606651483606e-01	3.942854071645566227e-01	3.394127812858637183e-01	-6.379781297771394688e-02	-2.202199092189474627e-01	-2.047251805394515733e-01	8.554364291425657629e-02	1.011854281874939449e-01	1.807305016751697135e-01	-9.155185740783222670e-02	-7.716708664851185118e-02	-2.681866788274301847e-02	-2.554601188585178262e-01	3.019022227415618653e-01	-2.485069942234261753e-01	-9.153166593675908513e-02	1.804311741043791995e-01	-1.855778150609397603e-01	-2.098291607287200433e-02	-5.705426345727074994e-02	-1.804538305606142590e-01	-1.131341570277681341e-01	-1.621386103159044578e-01	-1.654610370512817619e-01	-2.400023951178632819e-02	1.628400656435345997e-02	-1.709211089991817256e-01	2.436846755764102979e-01	-3.728735999822847293e-03	3.172040976304807969e-01	1.953179120432566584e-01	-1.390143349173379450e-01	1.602957307395039277e-01	-7.236138019643691133e-02	-5.039394835700388570e-02	-7.665350786012715880e-04	-1.587308658306484932e-01	1.149234853328839900e-01	-1.439367896049570938e-01	-1.785967400866996513e-01	-9.683082163197558045e-02	1.000000000000000000e+00	6.258196463877270244e-01	1.717269962521913163e-01	1.139412562011263008e-01	-6.310424619249008216e-02	1.634824072529611205e-01	-4.209457807869967927e-02	5.777640334191244120e-01	-1.234774710215450488e-01	-1.772177116167772681e-01	-1.706360977919065824e-01	-1.458023624570050913e-01	-8.098080132343139781e-02	-2.513802324273985977e-01	-2.353140310630609522e-01	1.821461884482897253e-01	-2.238086661108810993e-01	-3.253627758912887580e-01	-2.210650754092219061e-01	-2.583996744690056357e-01	-2.382821791103138243e-01	-2.747154689059312926e-01	-3.522913361593717485e-01	-3.163492325017265294e-01	1.830678545624930820e-01	4.537286377780275770e-01	2.078577027905835206e-01	-1.774587819075724437e-01	-2.021983736105039189e-02	1.809540072226132335e-01	-2.234559318900561919e-01	3.204872427286747233e-02	-8.449163972687927238e-02	1.207262683958491151e-01	3.511943133441915443e-01	2.531907188673259701e-01	1.863246993015205133e-01	3.055049699965814436e-01	-1.841829785378849491e-02	4.799962589560664017e-01	2.783241878979362260e-01	-3.705693902802578710e-01	1.401970345233632675e-01	-2.672159049779039841e-01	-2.463087344122031064e-01	-1.779186071699100924e-01	-2.008575318926969500e-01	7.134550463273416077e-02	2.954899837733139783e-03	-7.266049274745201014e-02	-1.594277088270822651e-01	-1.176941822614534644e-01	-1.957699175923281187e-01	-1.765041930279198645e-01	-9.432419160743364672e-02	-2.355404222005178239e-01	-1.482404380609659011e-01	-4.983923983605607205e-02	4.533192291935556756e-02	-9.336338016235649906e-02	1.107413190691490107e-01	3.104505525814431066e-01	5.372456331372039706e-01	3.661725727613494852e-02	2.030764090950568646e-01	-1.536514309464847017e-01	-2.450481836272358493e-01	4.526162278113913806e-01	5.065282369251480205e-02	1.611341288528096993e-01	-8.119469316277573567e-02	-4.724779605653138537e-02	-1.768464708017687959e-01	-2.207232408845075100e-01	-1.842700142452517453e-01	-1.656621907927162407e-01	-5.835357318811800614e-02	1.517803778023075201e-01	-1.207658775248509897e-01	3.025706552891641032e-01	-8.896724887393558934e-02	-1.300784203962796759e-01	1.726050941866527633e-02	-2.028239653270176926e-02	-1.757050325181758743e-01	-1.594351126112386607e-01	-2.344440144119629976e-01	-8.033344515984254530e-02	-9.347586038297367450e-02	-2.363436871629575053e-01	-2.274235725050598178e-01	-2.009376343875079463e-01	2.035370610283535053e-01	9.258637010952691648e-02	7.215718410048323509e-04	2.562070804853704975e-01	-2.062085933360995604e-01	2.420827763299339755e-02	-1.942798254094981747e-01	-1.469589449326690611e-01	-1.865931222699676040e-01	-1.630633061664572836e-02	3.337733164268893039e-03	2.955775560270285096e-02	-1.133156910738796763e-01	-2.532953607406099872e-01	-1.643349078544393549e-01	-2.942779732120044955e-01	5.127327861464194697e-02	6.933482395824975830e-01	5.914508021020622452e-01	2.162731714984085230e-01	1.850623968173309153e-01	-7.523343053903203126e-02	1.962077827028709254e-01	-8.446924765955227121e-02	-1.337018327173243870e-01	-2.412205239701922799e-01	-2.105878738419892371e-01	-2.599698432254817226e-01	-1.674455371882104804e-01	-1.838696530288155828e-01	1.846726575232550960e-01	4.322307821075202505e-01	2.479413320299777568e-01	-2.744225242542195353e-01	-3.315235412485388333e-01	-8.519618159172231975e-02	-5.013949053087028013e-02
1.706499772020305672e-01	1.528609477729807493e-02	2.022620478664383381e-01	1.229763237359632333e-01	3.268106916425813080e-01	2.397500968750923001e-01	1.864885125023209578e-01	9.537028184232418382e-02	1.813043101397275869e-01	2.419914709688447407e-01	2.697850002226155897e-01	3.064850311696249441e-01	-6.878192945292305183e-02	-2.305174252273043400e-01	-1.767403736127487746e-01	-1.759135695361094265e-01	-1.688350031796978512e-02	2.374532803225670452e-01	-6.024885586647382718e-02	-8.577084892599493027e-02	-2.315754506513420796e-01	-1.928935764204690873e-01	-1.944425704458664639e-01	-7.474362383954391564e-02	-7.303304583693796467e-03	-1.295298851608571722e-01	6.846884102809362715e-02	-6.380731458365833386e-02	-3.415286964723916047e-02	-7.769563002847876265e-02	1.299917619790057766e-01	4.880829495070072022e-01	4.805534276828856699e-01	-1.468664023852619266e-02	-2.357076199470230227e-01	-2.974248112185617354e-01	-6.626003744260619555e-02	3.081734658505598801e-01	2.806419599019457367e-01	-1.070690318609647529e-01	-4.702445848164455572e-02	-1.601873443552619958e-01	-2.038943798431695764e-01	2.733957867559360100e-01	-1.521075466055094305e-01	-2.382673732851338377e-02	1.931368600631012400e-01	-2.266170895139132252e-02	-1.629192793986555809e-01	-1.610311051197922116e-01	-2.228893473570653927e-01	-2.274431598319054115e-01	-1.999290550427444690e-01	-5.393039177501516429e-02	-2.260003392269730460e-01	-2.188829493693132677e-01	-1.267119440941564534e-01	2.790795129535912911e-01	3.234845972226996214e-02	2.274472888026403683e-01	4.770658283920922726e-01	-4.756292928297849165e-02	3.179027964985232657e-01	-1.228940605876293474e-01	-2.009174043303160045e-02	1.192891562888633884e-02	-1.230987493427620760e-01	2.349427309302827838e-01	-1.090844439062258753e-01	-1.152062291987255849e-01	-1.323791435629038948e-01	6.258196463877270244e-01	1.000000000000000000e+00	2.826075055007921943e-02	3.671229394526440842e-02	-6.704169572112422815e-02	-8.765062447572161131e-02	-1.813663143850539616e-01	4.206012690623499584e-01	-3.347239847575679828e-01	-2.514300886646892441e-01	-4.185130969823603886e-01	-3.717285657573151103e-01	-1.801662873583667890e-01	-4.527298555236856648e-01	-3.817122465900698591e-01	3.149562964336481002e-02	-3.219140362769456476e-01	-3.955345058635617028e-01	-1.564119343484217384e-01	-2.804061651350692741e-01	-3.521780267914683682e-01	-2.268132478712865663e-01	-4.086004208067570698e-01	-3.002875415111658230e-01	1.034787782196583822e-01	2.595482683097099508e-01	-2.249672831938624197e-03	-2.644613174880627859e-01	-2.033395558210688570e-01	1.672898988605858728e-01	-3.589702636608144148e-02	1.023135201815402739e-01	1.144028135880236496e-01	8.908987851462465968e-02	2.692374217025719774e-01	1.919476539282564398e-01	1.445221441127216011e-01	1.731721818130165236e-01	-5.310389941360578459e-02	2.992270563560816554e-01	2.074304545372748221e-01	-3.247072220812427523e-01	1.695955564986551534e-01	-2.321790420438797908e-01	-1.517398731271831502e-01	-1.558306184575318221e-01	-1.902455406091243251e-01	5.392506202647009972e-02	1.192874355089502819e-01	1.119210060357692105e-01	-1.319503124458715204e-01	-1.155868268890876543e-01	-2.554057682399386575e-01	-1.746892648500909251e-01	-1.651838403650077725e-01	-2.250844181183090376e-01	-1.819578290895875194e-01	-1.101679384464459566e-01	8.616717228613580970e-02	3.818357140523467082e-03	1.608337680897787836e-01	3.502937479482894356e-01	6.239582672434071942e-01	9.311875704423558386e-02	3.745367738287767589e-01	-1.512212323168995454e-01	-2.148265506545357917e-01	7.089762618632933222e-01	2.876363322254402721e-01	2.027838625056087030e-01	-5.291307877284068262e-02	3.746368401958320021e-02	-3.406567783548544726e-01	-1.626843408555453396e-01	-1.526566898896642155e-01	-3.973134241142227407e-02	-8.197290443132922155e-02	1.854679693974926602e-01	-1.270067004720958070e-01	3.357904365390780299e-01	-1.566290922305666466e-01	-1.891717882145407259e-01	-2.354206275536295523e-01	-1.725944368495643810e-02	-2.405591846542601553e-01	-1.988498516901720525e-01	-2.795297239040200887e-01	-2.475173269660791431e-01	-2.317847626504003777e-01	-1.586185790001212736e-01	-1.584996593475079263e-01	-1.860524837646724550e-01	2.090097549450843917e-01	1.707929605746018042e-01	1.546606952139843449e-01	4.301827297204034450e-01	-6.807203869591735290e-02	1.322741378196741480e-01	-2.017464714753281763e-01	-1.936092471853153585e-01	-1.525897104944124449e-01	-9.531577309858128844e-02	1.517894358518619702e-01	1.582693156888362873e-01	-5.152160410558635946e-03	-2.731260420205085526e-01	-2.734170329467507932e-01	-2.321221892777795004e-01	5.404466637356501735e-02	4.792379213843110386e-01	4.694828497792967736e-01	3.935438195446656212e-02	1.188628846182367138e-01	-3.196233365384672925e-02	3.923924982405890133e-02	-3.432142319119512175e-01	-1.948531386941209087e-01	-3.984526295257667661e-01	-2.512182604125504648e-01	-3.152963879472147624e-01	-2.468559413463263796e-01	-2.188893651670540119e-01	9.586381342449799836e-02	3.731120222854699686e-01	5.591885490735411246e-02	-2.204292193944954736e-01	-2.514804976925884561e-01	-1.140476684326344747e-01	4.946797285786799087e-02
-2.342563804866752142e-01	1.215164254410662920e-01	-2.240476781223806058e-01	-2.426781493177421756e-01	-1.248697417525875125e-01	-2.421475446987086666e-01	-1.628761412978482759e-01	-1.292872388233260450e-01	-2.106717021891985897e-01	-1.518359257820417751e-01	-2.002705284921094675e-01	-1.565745375553929952e-01	2.778333388600591827e-02	2.371638010070372948e-01	-2.317534874720788771e-02	7.809615229291189120e-02	9.921655838260189098e-02	4.809350897100999472e-02	1.082323024639023495e-01	5.341964420641663255e-03	1.310399703620715173e-01	8.870475124957184765e-02	-2.036915629231702066e-02	2.470696427544561910e-02	1.030856754969092792e-01	3.146324557337857875e-01	-1.850922397122938684e-02	-6.475207672277941140e-02	-1.811180689372315078e-01	-5.659607205025184856e-02	2.096246516571063090e-01	-4.562823170382687699e-02	-1.704333791713795454e-01	-2.179511814609326123e-02	2.499577530510286860e-01	2.474051295724800925e-01	2.594222351031498161e-02	1.980527872396724842e-01	-7.099482684281732681e-02	2.544157420067613695e-01	2.675355921791279512e-03	-6.565500289458092720e-02	3.184970693582839935e-02	-1.553044332232381142e-01	-9.290807803221622085e-02	3.266966831943505373e-02	-2.367598946282830838e-02	1.222199151617830853e-01	3.793402903244305624e-02	9.772793103189877928e-02	-1.604181555397498488e-02	2.339170733084888210e-01	8.481633473996970721e-03	7.362304793327219266e-02	2.122834886584696601e-01	-2.635812606520538948e-01	3.418328819458886225e-01	-3.172737841154527755e-02	1.888037488784151743e-02	-9.283531332036207284e-02	-1.923306382657231361e-01	2.162055818563315412e-01	-6.792929389690333108e-02	1.007161360828920903e-02	9.718936657372216625e-02	8.119396083785350438e-02	3.008426840670695435e-01	1.229281366264021874e-01	1.727100175764258450e-01	1.852864662343451374e-01	2.296160124718530093e-01	1.717269962521913163e-01	2.826075055007921943e-02	1.000000000000000000e+00	2.733497716883460660e-01	2.286999331348616576e-02	3.217415439299482482e-01	2.786351369026038860e-01	1.772482469042232223e-01	3.326815911148888194e-01	2.792263004799529491e-01	1.991930842918328837e-01	2.041369917657754052e-01	3.370564323710571464e-01	4.623976797753946710e-02	2.278574080061265272e-01	9.563062518004261658e-02	4.269822895949952901e-01	2.768619306277307346e-01	9.657147030138570065e-02	9.900795059393424635e-02	2.672179741347317505e-01	6.621457094650437525e-02	2.005739600982122672e-01	9.849438244969002665e-02	2.604304422122372675e-01	-1.489372164774743941e-02	-1.403233171999481999e-01	1.571048289601093828e-01	2.556773820001630448e-01	-2.110481986358105355e-01	-1.482623599395602454e-01	-2.181733786936782549e-01	-2.329336592398995598e-01	-8.158642431651300098e-02	-2.034042798449917921e-01	-4.640394007725727465e-02	-2.764485418204605249e-01	-2.652481663052428384e-01	-2.774019242264122442e-01	-2.700754594919020368e-01	-2.886912551835718044e-01	1.884208735399582335e-01	-1.054029311470501828e-01	9.165041843616789780e-03	1.057612975439769926e-01	1.309378151020967052e-01	1.009919728796736665e-01	1.361039674904213626e-01	-1.208165945391677099e-01	4.620753614056125058e-02	-1.027841054448807093e-02	-3.412081932827360636e-02	3.997366206932160410e-02	-1.709556556216949574e-01	2.110316077329033035e-02	5.667164692301937534e-02	1.461746590792998568e-01	1.194351271151242871e-01	3.974782728579769747e-02	-1.814083218174582235e-01	-1.539849161831236268e-01	-1.923411704546504897e-01	-1.516380826633610124e-01	-6.158746166041838971e-02	-1.237498433132700609e-01	6.179018690524407803e-02	1.827060391708591192e-01	-2.230137486552089265e-01	-4.228006438112851678e-02	-1.280884996176636648e-01	2.907052737022750577e-01	-2.018698151742391311e-01	5.546100743768631741e-02	2.067210554914440321e-02	7.381335383465364650e-03	-1.627169292727698169e-02	-6.486822144945529611e-02	-2.281526046380730477e-01	-9.079392433082354719e-02	-6.753577643644345478e-03	-6.121169382784814178e-02	6.944022068712055185e-02	-2.848024971883060877e-02	-7.670129322248676884e-02	-9.911389485470645244e-02	1.291320427396071557e-01	9.663720617322157924e-02	1.441836781869711703e-01	1.909047052794406452e-01	1.019567213170270020e-01	-8.065178771837913652e-02	-6.303028091332815719e-02	-2.128303458476990540e-01	-4.150748964173294614e-02	4.956905501670822584e-02	-9.370561087225659502e-02	-6.877899477360796543e-02	-2.036675365622166722e-01	8.035668576464642665e-02	2.544877057318827851e-01	-4.065924554157272081e-02	9.664466531128816651e-02	-1.744862866662804657e-01	1.250357887459635498e-01	2.870538958543963903e-02	-2.285826465923741779e-02	-3.175667062225082798e-02	-2.990575832019995786e-02	5.106633987435139910e-02	-3.528173606144374697e-02	8.079370825047695048e-02	5.038082648709252265e-01	2.212064645410590641e-02	1.390861303489266398e-01	2.368263380734270396e-01	8.989574307043270152e-02	1.389422016896169065e-01	1.768766248125468732e-01	3.790901709413744408e-02	1.456094483086605440e-01	1.133645754347485241e-01	-4.589543622321357388e-03	-1.450638626057445535e-01	-1.900094908032647911e-01	-2.118095103903854803e-01	-4.031433754439383427e-02	1.446523816249316030e-01	8.990431520328837078e-02	-1.946216053821555117e-02
-1.274539668457701502e-01	-6.397752585262565794e-02	-1.324685541756531471e-01	-2.651948788128498657e-01	-2.326195738424046144e-01	-2.036963714528480796e-01	-1.644147128602791164e-01	-2.310192973769097657e-01	-1.816502616302834161e-01	-2.158787170861505011e-01	-1.353147093424733882e-01	-2.800550592087096002e-01	-1.142328843570952490e-01	4.764795221198579733e-02	-9.914365680054859631e-02	-5.660794624891742066e-02	-1.380178677623569161e-01	-1.577583230802790948e-01	-5.667522843542137367e-02	-1.150887236069032815e-02	-1.325348763151962261e-01	-1.861571031999822712e-01	-1.165171468454688358e-01	-2.590504374690734690e-01	-3.713331521966539012e-02	1.290036357581779147e-01	-1.911452040324132240e-01	-3.424110719255694102e-01	-1.380048222507895550e-01	-2.511600427406267544e-01	5.254209200779416111e-01	-4.952061448328488880e-02	-3.966821239554970124e-01	-2.603527919664748169e-01	-4.222081390653853808e-03	3.022025549129738961e-02	-1.788341638272749057e-01	-2.892330302309929491e-01	-4.163528657618938145e-02	-2.254131586294544631e-01	-2.359324854571213104e-01	-1.908112418332185700e-01	-1.997756411056946790e-01	-2.269608434620591086e-01	-1.388188619767970200e-01	-9.234247163090071597e-02	-1.481159643723402031e-01	7.954987596855059295e-02	1.489276620436648935e-01	1.286015505104497747e-01	1.351259627951010012e-01	3.188115317367572477e-01	5.446074213021332572e-02	1.254326295011842507e-01	1.325941538889677251e-01	-7.083831511691905669e-02	3.499273357759108416e-01	2.060198592266800355e-01	-9.847988519520189943e-02	-7.701842247539650299e-02	2.446707302004312301e-01	9.625402731184728999e-02	9.621302245158037947e-02	-1.211579008235856569e-01	3.684503184198264503e-01	7.731299875811437072e-02	6.103902741741144000e-01	4.000267914559955118e-01	6.621477938172682931e-01	4.658849616505071900e-01	4.586187515328400965e-01	1.139412562011263008e-01	3.671229394526440842e-02	2.733497716883461215e-01	1.000000000000000000e+00	2.860796599599673695e-01	4.863428876074852858e-01	3.399045990044147203e-01	4.661909913131784822e-01	1.813654186916380529e-01	3.286566616661562024e-01	2.748218517188427690e-01	2.752599306579117111e-01	4.838027435065997972e-01	1.741304879657213922e-01	4.468676561451342399e-01	4.580787885269255177e-01	3.525553814095172545e-01	3.224383621709293046e-01	5.184173507055690466e-01	1.833222581305530008e-01	2.386981798126070198e-01	1.636150224661810371e-01	2.607397532220803171e-01	-1.128270096073020166e-02	5.239902361452764001e-01	3.092071667833428683e-01	-5.828225658893085304e-03	1.796006919095041732e-01	5.837420856811155190e-01	-2.166539248612676105e-01	-4.171615238640844492e-01	-3.129595262776551645e-01	-3.179570426877349476e-01	-3.071245146558393979e-01	-2.290733887040171668e-01	-1.209486071469507845e-01	-1.902567439588015996e-01	-2.540729909172442791e-01	-1.614973937737897713e-01	-2.670764693225221587e-01	-4.033829350330975227e-01	-3.727864516914988682e-03	-3.207541655906877565e-01	-2.561143157444741858e-01	-1.099298952478590802e-01	-1.590469702652247685e-01	-2.911778540762646750e-01	-2.430729121932256320e-01	-5.179396839069700942e-01	-2.499228350584624392e-01	-1.989494291606749843e-01	-9.837810733727049561e-02	7.118876620963010722e-03	-8.978278747535596571e-02	-2.321373241550567929e-02	-7.645086945604298578e-02	-2.041434376279349650e-01	-2.546643167101203531e-01	-2.314419789388003912e-01	-4.191496039372269444e-02	-1.174776598251471849e-01	-1.821067279627041624e-01	-1.867994316966188895e-01	-2.660346444895279605e-01	-2.946666060835688161e-01	-2.551055715395989520e-01	-9.682288184996326597e-02	-5.228119892521804896e-02	-3.601002169293766042e-01	-3.860697265046116877e-01	-2.734378452622203137e-01	-3.528252100182024953e-01	-2.457175788075492348e-02	-2.297795928411569821e-01	-4.178808265348831763e-01	-3.192327216810854629e-01	5.356536660137601116e-03	-9.839139723616698030e-02	-4.252860457002644590e-01	-1.610639626942895752e-01	-1.848052148875787282e-01	3.934178083816745608e-01	1.329470683695860300e-01	2.235914336607149056e-01	8.920855391940539503e-02	2.844977078554966621e-01	6.612740648155822354e-02	1.632561132007220583e-01	2.022492701683925864e-01	-3.394481027649571409e-02	-9.644163959143645104e-02	7.030210550919951951e-02	-1.383943263191081685e-01	3.321597751325736647e-01	-2.189333861865697672e-01	5.349129650716176465e-02	-4.323662885919254961e-01	6.432710252028712994e-02	2.100304602352390804e-01	2.940655293819397498e-01	3.982772566945970150e-01	6.746430039322750538e-01	1.366146474158428104e-01	-9.343021128928594154e-02	3.588294976320596796e-01	2.351990638690734381e-01	3.363665006214732744e-01	1.919030208273388438e-01	3.230164186920094771e-01	5.550486528214055443e-02	3.119353952889975523e-01	2.569016847870016496e-01	4.357286664502121321e-01	1.936676578262061243e-01	2.785266157127450071e-01	2.618807835835323394e-01	1.110322890228910703e-01	2.448196512632740407e-01	3.218208630033433937e-01	1.712379884570655875e-01	2.529830974372973551e-01	7.026020104815138001e-02	3.471967909797559759e-01	-3.355404627314254040e-02	1.192354503980194019e-02	3.976487256017344901e-02	5.215400363139983952e-02	4.251684395003056394e-01	-4.632458685299301743e-02
-3.203612298557106941e-01	4.447658415265479115e-02	-8.096081984517206065e-02	-2.488464622680158778e-01	-2.525648434666248887e-01	-3.041893168997993335e-01	-2.694521612873603811e-01	-1.552371096218466695e-01	-9.388202653028801525e-02	-2.238962184289640667e-01	-1.645339927635425803e-01	-3.278166180700204380e-01	-4.162480981281659748e-03	1.675419527809544895e-01	1.534723093261990134e-01	2.342728121361819238e-01	1.287690561999590422e-01	-1.474228275052087700e-01	1.856360631701916841e-01	2.313666429881578446e-01	-1.542279925867769685e-01	-1.830653474075057130e-01	2.143525159444448908e-02	-7.293821655120881486e-02	2.697390235029098818e-02	2.166520893439321735e-02	-7.414742993316947306e-02	-1.616217834755919736e-01	-1.772617374106773280e-01	-3.267312114134728329e-01	4.362279534096762945e-01	-1.773410564492068631e-01	-3.981190990814402753e-01	-2.900091824217966852e-01	-7.206620608003203032e-02	7.808995519758590853e-02	-1.469329834277157687e-01	-1.221543928640859283e-01	-1.136738714514014814e-01	-2.601113215432505066e-01	-2.812887011320692188e-01	-1.541994191090118316e-01	-2.211659227649524218e-01	-1.206346069206765959e-01	1.348398036424023998e-02	-1.635734640999145784e-01	-3.140165068119075142e-01	2.970281466216388999e-01	-1.166497392522783949e-01	6.537715915976063941e-02	1.214381594827426275e-01	2.233746158166912410e-01	7.263688073929303046e-02	9.358952436377070139e-02	1.346081981540502015e-01	-1.396177461278899461e-02	2.674305336253775534e-01	-1.043874431591462343e-01	-1.532354223494467871e-01	-1.982182520439356443e-01	2.307387446262175179e-01	2.635499401453304455e-02	1.233373484218594496e-02	-1.873474733561933947e-01	2.014424198560210710e-01	4.727361210411447356e-02	3.255837621506904589e-01	3.239060850791337237e-02	4.458912760205571146e-01	1.910884243217823020e-01	2.842339881044624872e-01	-6.310424619249008216e-02	-6.704169572112424202e-02	2.286999331348616576e-02	2.860796599599673140e-01	1.000000000000000000e+00	4.524637426584242617e-01	3.918623444795104604e-01	3.327429554802794898e-01	2.226125302213916302e-01	4.568440833308943794e-01	3.264411702249093716e-01	2.536043061706693691e-01	3.742709477785536865e-01	3.087298983208124348e-01	3.506722722681552273e-01	3.645577572690344437e-01	3.204351135931800543e-01	3.745869665459141129e-01	2.200589713184680218e-01	3.370574156520130260e-01	1.521694027845234554e-01	2.589067640537393022e-01	2.171340450389558085e-01	5.292691984637679786e-02	4.361475333691847145e-01	2.372271790614139675e-01	-3.503192739095525865e-02	1.509013039239695819e-01	4.744072627391227037e-01	-2.816420391691883962e-01	-2.001574135379012853e-01	-1.818635000957999903e-01	-8.507587437636958405e-02	-2.930626904019068557e-01	-3.223201952181033447e-01	-1.468426359012671434e-01	2.347755597980503289e-02	-2.108874131568784505e-01	-1.124020520924960825e-01	-1.649327154833209741e-01	-3.506511035901357931e-01	8.014597305524245874e-02	-2.472794926672310378e-01	6.155753579920225649e-02	-1.722915432508847350e-02	-8.828567799208461575e-02	-3.484100541108602761e-02	2.216894765332312611e-02	-2.346600296035911137e-01	-1.810354168292699698e-02	1.771793358283532405e-01	8.619758844917833895e-02	1.313192586147807761e-01	2.800204804341170986e-02	-1.855638855565918122e-01	-3.979230281430222449e-02	-6.270810598470609454e-02	-7.696329206440924442e-02	-6.455531163972841324e-02	-6.777164308662833592e-02	-1.497340902257570661e-01	-2.909962799953926260e-01	-2.291072605065415102e-01	-4.074630247538592043e-01	-3.166997401989897765e-01	-4.142051232122378329e-02	-9.512044934917045225e-02	-5.710811592570901735e-02	-2.776066360783398523e-01	-4.196541281240060983e-01	-2.594110681070844748e-01	-2.984840870447767469e-01	-4.136582031403544801e-02	-1.451227892795324895e-02	-2.504618715853373923e-01	-1.538124643655084389e-01	1.445956081479771727e-01	-5.934119476426642087e-02	-3.428599334904436913e-01	-4.037594477457419617e-01	-1.633433948863724228e-01	5.501395282507749035e-02	-1.242441087481273576e-01	-1.992764216333468286e-01	-8.910538506451419830e-03	1.159067957079998185e-01	7.914131827700433830e-02	2.019911857073857508e-01	2.033651545640552394e-01	1.407071245322447373e-01	2.413086185601974812e-02	2.277112923356251761e-01	-1.100273383631399926e-01	-9.932205436712936153e-02	-3.433399887017173913e-01	-4.596671721697307561e-02	-4.852170455480114275e-01	-2.058819709457604119e-01	7.917422975014502817e-02	2.735841749360131692e-01	1.470944535365832362e-01	1.189738708692287816e-01	-2.050153694133294013e-01	-1.398072111523471217e-01	3.869697809491742801e-02	4.923117747419002849e-02	5.781364482260808318e-03	7.193265125231890211e-02	3.167565206604670558e-01	-1.999782399502947339e-02	1.437047121272159167e-01	4.592462486914457298e-02	2.783060298747114247e-01	3.433263671217527402e-01	3.295551181721760869e-01	8.992956092594056594e-02	8.946840419011176104e-02	2.581678026462410069e-01	2.636018251307277738e-01	2.393482253959288153e-01	2.319780377652224113e-01	-2.408539943835006844e-02	2.545619816844327254e-01	8.715211354279939204e-02	-7.240700292561097484e-02	1.908742265452467168e-01	-8.507859460359298853e-03	1.368051303019975906e-01	7.863024273581644893e-04
-2.249885923094163132e-01	3.155186038180108482e-02	-6.363999962235551699e-02	-2.566008721071767473e-01	-3.629526187591208264e-01	-3.901200296520503374e-01	-1.232155092660936618e-01	-2.207419096718853668e-01	-3.059240709045929485e-02	-1.889386931342753873e-01	-2.058053301659023004e-01	-3.220116818083312293e-01	8.289351066740370533e-02	2.064254093208915120e-01	6.438295408162932054e-02	2.328450958083808087e-01	1.127482460046227569e-01	-9.900155970155384566e-02	2.946808135904234738e-01	2.066292481532794600e-01	-5.441856934230607235e-02	-1.593493318468528763e-01	1.909921547246936913e-01	7.359717200863984121e-02	1.979639335608675277e-02	2.346085740880810844e-01	-4.150511062414699581e-02	-2.311056010857527598e-01	-2.198001090738799512e-01	-3.150893549310688213e-01	5.205971175658283823e-01	-3.944303407054164934e-01	-5.580199785787789413e-01	-3.748750126546699368e-01	3.151534956665407589e-02	1.327962616489442582e-01	-1.086882526915662200e-01	-1.034202138485902367e-01	-3.773820359532243929e-01	-6.909381354431415323e-02	-1.285571770433975303e-01	-3.469616001717209294e-03	-1.996244526715269252e-01	-1.185208025414811843e-02	-1.238196974817724894e-01	-2.142270244945793101e-01	-2.260671639168997105e-01	1.097233964687278907e-02	-6.951513652999082027e-02	2.360340580845354530e-01	2.178244860474707612e-01	5.119631828978224997e-01	1.182130331177912441e-01	1.672225887988586235e-01	2.747486761081225914e-01	1.459217758227099038e-01	3.103915051964316607e-01	-2.494969887686153964e-01	-3.564339676449929661e-01	-4.018103592643467170e-01	-1.746146601202951953e-01	-1.287018646656488963e-01	-2.549535414798758115e-01	-3.360624178491106728e-01	6.905152594964514279e-02	-1.318426572923964701e-01	2.894080809633733375e-01	-1.170029646487155683e-01	4.029222016300784692e-01	1.861565036149657459e-01	2.091687731663150474e-01	1.634824072529611483e-01	-8.765062447572161131e-02	3.217415439299481927e-01	4.863428876074852858e-01	4.524637426584242617e-01	1.000000000000000000e+00	5.732571223065154875e-01	5.319989105217618475e-01	3.602750065036529059e-01	6.381046104341331349e-01	3.817372226708410921e-01	3.575752263464254121e-01	4.370612997104583730e-01	3.923161151232418820e-01	4.706784336738673025e-01	5.261590278516492525e-01	4.276895488086726038e-01	3.922218130759799748e-01	1.730403551880918822e-01	1.421662377129454813e-01	2.554113439825691501e-01	8.944891705500110368e-02	2.863919108163593963e-01	3.901839134131509373e-02	5.905630725595980568e-01	4.561118293512226307e-01	8.675461684331123302e-02	2.989220436005433079e-01	7.106608876681179687e-01	-1.887819032709369682e-01	-3.424937994369102734e-01	-7.936909171719136458e-02	-1.525091679172996817e-01	-3.320878721045770199e-01	-2.400214173170319987e-01	-1.172171474436733418e-01	6.684160209424129528e-02	-2.029138123403781968e-01	-8.385909272197070163e-02	-1.474941610764385069e-01	-4.550019475867261298e-01	9.372853452616485004e-02	-3.457843898480557621e-01	1.100324939147501596e-01	1.112745743413107585e-01	-5.431698709053138507e-02	-8.104010212153701931e-02	4.192387657909652648e-02	-3.830572415259040353e-01	-5.826171630911470417e-02	1.984226710823160100e-01	3.016632393052512406e-02	1.819556669902994694e-01	-6.725026262013210354e-02	7.542852085823549546e-02	1.259917895743650484e-01	9.580557923925195341e-02	7.715384952249719486e-02	1.675921914304775995e-02	-2.696999094314793677e-01	3.267729242621791180e-02	-4.247396569483862239e-01	-3.636485018516056322e-01	-5.527349886986386851e-01	-5.640941080249211037e-01	-7.207858572369295336e-02	-1.586264794866746874e-01	-1.133049671595173918e-01	-3.937111130703246920e-01	-5.915139220955517585e-01	-8.052418525016148687e-02	-5.283476037140919512e-01	2.001870816349877319e-02	-4.718655292033561988e-02	-2.072558660156501587e-01	-3.502477312154058664e-01	1.700525137657776797e-01	-1.124111709162916098e-02	-3.717330837787916065e-01	-3.214030024000890662e-01	-3.668235486504217713e-01	-1.548161576319238494e-02	-5.786032039158068435e-02	-2.244385520169698001e-01	-1.037378660726837737e-01	4.001392315838312452e-01	2.233974289072488961e-01	3.951514030478839312e-01	3.996750317182052870e-01	3.013415287217826033e-01	1.643650621963973490e-01	2.441677872492511170e-01	-2.180990100058063236e-03	-1.788201495785192163e-01	-5.200491543552511198e-01	-2.828052037797200713e-01	-5.780877434099508383e-01	-3.778193445866255273e-01	7.524367549103073462e-03	5.298629564663980274e-01	2.439160751876787159e-02	2.369998347541688033e-01	-4.024017546073194174e-01	-3.097603881306394968e-01	-1.128637012965705011e-01	2.564883272108227710e-02	2.896847219097148721e-02	-5.545826521052827501e-02	2.189737279668924619e-01	2.344579411403998892e-01	3.481811253681582063e-01	4.069405005497109262e-01	4.508183604720121251e-01	2.685488417151804530e-01	6.193782323686483071e-01	1.964441241184952114e-01	2.530362493566528648e-01	3.466801223968706269e-01	3.706569402372969502e-01	3.518545267257421894e-01	-1.060386204860010347e-02	1.231509338262396364e-01	3.604775124790385310e-01	1.791575808225705779e-01	9.702774807077248209e-02	3.221415922090951067e-01	9.896221626890200351e-02	4.329204529004862523e-01	1.866697071498000238e-01
-2.289558491416968378e-01	-1.321889898663075880e-01	-1.867792680148842588e-01	-3.917081170177797445e-01	-4.219017996940928050e-01	-4.548281214464813260e-01	-2.510893315481093069e-01	-1.048065943501143571e-01	9.015739845634203331e-03	-1.917121244125363777e-01	-2.547535100479522696e-01	-3.611432517012718169e-01	7.546537914839170080e-02	1.963896384968779052e-01	1.153428608599854355e-01	3.076626927960062763e-01	-2.402024313964843880e-02	2.085410025430754766e-02	3.113430216767880676e-01	1.258049860834732914e-01	1.972827433673269779e-02	-2.820300012402246481e-01	1.525689061970197380e-01	-1.341985220144951418e-01	1.189804511035020135e-01	2.232791431169012519e-01	-1.352965037398894121e-01	-3.126698444603790983e-01	-3.151318956165722329e-01	-1.344314866288756349e-01	2.891432325664525238e-01	-4.504099015520406368e-01	-6.711359864252963714e-01	-3.883065159750430095e-01	1.664193163854825186e-01	2.741088317147286624e-01	-5.109074470103736748e-02	-8.225016494500836384e-02	-2.306709115800273657e-01	1.274790881480874494e-01	5.355177402569397810e-02	1.066122875710884405e-01	-1.013166247268855319e-01	-3.455790933752527633e-02	7.266214737084729369e-02	-9.807265769196281402e-02	-1.024354389977525370e-01	2.563433190630683423e-01	1.986398688293708747e-01	5.424536798991603792e-01	2.913719914748955642e-01	4.925642113114475085e-01	1.566678429481360713e-01	1.803422238432134117e-01	2.079106012509355783e-01	1.729403765088565748e-01	2.834428491367677050e-01	-3.711818034934701305e-01	-2.221496108635897526e-01	-3.780344278997482266e-01	-1.287342192302282640e-01	-5.765009601006749335e-03	-2.490164489552542937e-01	-2.648211600762521711e-01	1.561041996910429719e-01	5.273321742428938724e-02	1.273484100696462284e-01	-2.253801591917791933e-02	3.403850454179864760e-01	6.621582841688730681e-02	3.701423851551113309e-01	-4.209457807869967927e-02	-1.813663143850539616e-01	2.786351369026038860e-01	3.399045990044147758e-01	3.918623444795104604e-01	5.732571223065154875e-01	1.000000000000000000e+00	4.046977140984898136e-01	4.118588121673358859e-01	6.092611504039361359e-01	5.092093933069569145e-01	4.138782468735429099e-01	3.708946299787611034e-01	3.547802323220807241e-01	5.162166624780445412e-01	5.443614763997834949e-01	4.943196035301464786e-01	5.456591995913760984e-01	4.096869069535292729e-01	3.616391105083945900e-01	4.885143939042300709e-01	1.351943117292907781e-01	4.616841487830534163e-01	2.127712810099268992e-01	4.864497752064145808e-01	1.698276465866763729e-01	-2.995509611942867925e-02	3.157870137015680867e-01	5.352480359809137500e-01	-3.420761373658388615e-01	-2.423355535030764230e-01	-2.860086172934993565e-01	-3.446173485459069208e-01	-3.753417694487438117e-01	-3.889076343640540112e-01	-1.350867059525167058e-01	-1.060403622731627138e-01	-2.120459783091369899e-01	-9.664365898987639647e-02	-3.284624097698780609e-01	-5.154109676332617740e-01	3.121815842846900613e-01	-4.775301923871971832e-01	1.180472656634751066e-01	1.639199156016373227e-01	-7.696315943081488697e-02	5.914865155829287374e-02	-5.172410435741585377e-02	-2.078530026084769999e-01	-6.438557193614516394e-02	1.615080060473185752e-01	6.882095266866979089e-02	-1.668977438152316820e-02	-4.466422866471779496e-02	9.431388758062313193e-02	1.063679222676859083e-02	-4.852916392165857601e-02	-1.354636325594070489e-01	-1.328468713263934453e-01	-1.541899391390124663e-01	-5.667955354809472990e-02	-3.861435036802831622e-01	-5.242678060562671050e-01	-4.759373935858030591e-01	-5.064004579819320062e-01	4.719908098250304856e-02	5.345476340300434753e-02	-2.017048159160234055e-01	-2.186382445566449617e-01	-5.340515022765123243e-01	-2.821114806220993351e-02	-5.832605726356829834e-01	9.646253704115338723e-02	-6.981428017545111830e-02	-1.929372874108320202e-01	-1.459626970470746521e-01	3.152698338279114609e-01	-1.398942673316863894e-01	-3.041023943048645206e-01	-1.058656686545388081e-01	-2.297208682464049190e-01	1.123373527043027981e-01	2.470787194144229149e-01	-1.013830374200664491e-01	1.115172374211565731e-01	2.577872635704120396e-01	4.332340821744021242e-01	3.853511700372043158e-01	3.711497242512759587e-01	2.737361107103152835e-01	1.049181537225322980e-01	1.555724901703809393e-01	-1.750564772858124174e-01	-1.669145158921480077e-01	-3.051601982269704361e-01	-1.389419277480515025e-01	-3.593264192536958501e-01	-3.425114562406789687e-01	2.744578416589646408e-01	4.006809117840047785e-01	2.476751430007511842e-02	2.311655845516054630e-01	-2.794689617555807248e-01	-1.704312092500938347e-01	-5.354463892502795558e-02	3.551867800799259067e-02	-1.007278703235940827e-02	2.392597527079739772e-01	1.291971683707079654e-01	-5.560598342060298072e-02	9.662852302662730541e-02	2.770705420899130522e-01	3.786270821117683760e-01	3.864360335490520382e-01	3.974802811506957800e-01	3.883542529621403783e-01	3.386993339606385045e-01	4.377378410207145576e-01	4.977991242491955348e-01	5.182953046708316247e-01	2.495300822167931254e-01	2.736175773247164211e-01	1.648681314346849003e-01	-5.246146669902997800e-02	1.625637693054619859e-02	3.693738893820804892e-01	3.382185201738924230e-01	4.085388697828514215e-01	2.427408232691297962e-01
-2.085777444999139564e-03	-6.100115218572223219e-02	1.717638097679625650e-02	-7.253533192854694223e-02	5.831001517516223864e-02	-1.158151804150484541e-02	2.802602181905866630e-02	-1.366347741379592418e-01	9.628433505953290505e-02	-5.149513112891364319e-02	4.940557292529216410e-02	-6.051768538726789298e-02	-9.002497634290268502e-02	6.225613809992625730e-02	-2.617496804246172148e-02	2.344719423798116015e-02	-1.083498906708493387e-01	-5.726447925785652093e-02	2.103323631806562621e-02	-3.961172123816295021e-02	-2.957517365355161743e-01	-3.577434506391628521e-01	-1.938982134025203918e-01	-2.906253300639508041e-01	-8.940038726296353766e-02	2.394798131421688528e-02	-1.305514769828338140e-01	-3.740421001821664371e-01	-2.521027716694198562e-01	-2.931841329248643935e-01	5.178794195150482338e-01	3.844707249038111646e-02	-1.655116749121768316e-01	-3.503985869033750533e-01	-7.656077376840363102e-02	-1.164171064322023531e-02	-1.620441528891592708e-01	-5.253425022607759870e-02	-6.746144839761644696e-02	-2.080754982508383200e-01	-2.634219640237978055e-01	-9.292825092382135665e-02	-4.776247243153080579e-01	1.510508039269245206e-01	-3.088758463493879169e-01	-2.717640006492714200e-01	-1.980442874645257922e-01	-5.697995523815242399e-05	-3.271197654548132355e-02	1.050313954812291395e-01	8.138944305028697132e-03	1.667041764906957435e-01	-5.203711109570901411e-02	-7.050169316831729482e-02	-1.128289142122835403e-02	7.842734592045662312e-02	-5.229970829558412693e-02	-2.438916695453912861e-02	-2.518358822067268687e-01	-8.480372102646928367e-02	8.144127855008227723e-02	-2.487695129045579545e-01	-1.317463414015531964e-01	-3.248177702175015225e-01	1.513351926503307254e-03	-2.579064958839268670e-03	7.592784273012127827e-02	-1.771331572085028602e-02	1.941201047156129178e-01	-9.785930894829680815e-02	1.067406621557539931e-01	5.777640334191244120e-01	4.206012690623499584e-01	1.772482469042232223e-01	4.661909913131784267e-01	3.327429554802795453e-01	5.319989105217618475e-01	4.046977140984898136e-01	1.000000000000000000e+00	1.033146795729317641e-01	2.252251633677255505e-01	9.531872234083908768e-02	9.556265251990483933e-02	2.175948181705878448e-01	1.102168968170162827e-01	1.556809520773584365e-01	4.883808693342063800e-01	1.082972784229440377e-01	5.053303995134007798e-02	8.626683008400530539e-02	-5.466854532766771829e-02	-1.500757490794464577e-02	-2.316319715386582212e-01	-9.585940760490367640e-02	-2.980012208506990223e-01	5.941409409504683214e-01	5.955379801841212961e-01	1.809535373152340032e-01	3.378923450098603176e-02	4.725425039230173319e-01	-9.419966809490369630e-02	-2.510255033894532861e-01	-1.747849818090079776e-01	-1.572723193928367014e-01	-1.326432070829328680e-01	-5.537253036491206551e-03	-3.069575331431904225e-02	-3.572145678912206496e-02	-5.876003982174488743e-02	-2.606919220698297734e-01	5.236859851217762207e-02	-2.331307387161928313e-01	-1.338415201898972562e-01	-3.436182824962669136e-01	-1.830191904443367323e-01	-1.075073840142354159e-01	-3.529169679522111136e-01	-2.302979042980168867e-01	-1.842955121026045862e-01	-2.839649477133132094e-01	-1.355317010452026238e-01	-1.072078331327925294e-01	-1.633859925883305309e-01	-1.234735485496452345e-01	-1.322115536587009643e-01	-1.305968250018121890e-01	-1.540788812834376631e-01	-3.210566407391144406e-01	-2.120529484778240215e-01	-1.566004828087751155e-01	-2.204481484788643753e-02	2.310988270852232518e-01	4.110425344892771476e-02	9.886650532097915334e-02	-3.255166076692840305e-01	-1.854204034921223265e-01	-2.039274957045009717e-01	-2.229360286253574963e-01	3.799284396519019280e-01	-2.497904686097646154e-01	-3.048310849587079208e-01	-2.895400394296333557e-01	-3.338251741387166516e-01	-2.156867296172016724e-01	-2.159005561746109858e-01	-4.653807088930473901e-01	-3.462834477919422560e-01	1.399855971649733022e-01	6.894592736244162245e-02	-4.395000759572199045e-01	-5.923264229870885481e-03	-2.733356754030665248e-01	1.252048833164817465e-01	9.069520728438285051e-02	4.404150290342136870e-02	-6.083585479105631938e-02	1.884504892376320795e-01	4.684754523064180859e-02	2.469409508715069979e-01	2.423114457176726855e-01	-3.235869645358444013e-02	-1.279816413514589524e-01	3.801487410300895958e-02	1.840667032148872728e-01	1.397671762971643417e-01	-3.231100356595227874e-01	2.206689366648421080e-01	-4.604090191588894321e-01	3.588220808703512787e-02	3.257055622384403409e-02	2.748419117255117006e-01	1.734318397649754484e-01	3.192191804423847312e-01	-1.295087832689213181e-01	-1.803267546666805221e-01	1.058743719272494110e-01	-2.198507084099383599e-02	4.605360404995567647e-02	-3.498866112996778382e-02	3.934232534503858680e-01	5.866752295206854040e-01	7.674204480198214551e-01	2.547612301947339009e-01	5.878735719804306648e-01	2.327826377746170516e-01	5.558459601078515888e-01	1.356617469480385085e-01	1.243121912186188893e-01	1.713660090789604351e-01	2.784472949378437034e-01	1.543157478524276038e-01	6.334897690188383279e-02	5.736071811722927294e-02	5.184833646475788260e-01	4.150596823158922977e-01	1.220481510458264612e-01	1.720221622256630500e-01	-1.297953425418753581e-01	4.264950472767475853e-01	2.035187853139929504e-01
-1.674274037637927537e-01	2.694690295472466912e-02	-1.516317783746956027e-01	-1.216538172425043612e-01	-1.695528500052612686e-01	-2.027255806417359585e-01	-1.139091516220598344e-01	-8.274869057437146680e-02	-1.737218996148595096e-01	-1.873182710271872886e-01	-2.817516392672054226e-01	-2.705502118814967494e-01	3.733632420087869622e-03	3.558293241056982668e-03	-1.436225243770268833e-01	-5.390468149364623096e-02	8.563906341440416514e-02	-2.262129949969192422e-01	9.857017719983399151e-02	-3.406166059883678626e-02	8.793031971781392619e-02	-1.765415645664465683e-01	-1.445692558585546517e-01	-2.440440555212650409e-01	-1.186432178955297290e-01	1.489522174508036388e-02	-2.777071138425394881e-01	-2.883859878366412111e-01	-8.673805239781064071e-04	-4.596651308278208725e-02	6.930449755771923848e-02	-2.091309364338994337e-01	-3.398055330424206710e-01	-3.998026020235543460e-02	1.108143241513048771e-01	2.780675103772479728e-01	1.055257258034438539e-01	-8.906020744741975637e-02	-2.650244701861547703e-01	2.408579068780934002e-02	-7.746270570519085685e-02	-6.575002092931059305e-02	-1.600600985791239828e-01	-1.237927210050333848e-01	-1.367735869254468606e-01	-2.654097742036180541e-01	-2.510500120378132971e-01	2.051890553694202604e-02	9.858357850689747348e-02	1.919740947770333106e-01	4.575935009166016698e-01	4.819960766442041855e-01	2.126030820035741120e-01	-6.468649240925390675e-02	2.948870567990015124e-01	1.038724266283309466e-01	6.953113307092166628e-02	-2.298979339008359324e-01	5.283522091235293150e-02	-1.704927559385777946e-01	-2.066505388471254756e-01	1.932600162141815958e-01	-2.877102855302111628e-01	6.689996598919314974e-02	-1.175982949314781784e-01	7.284611087655797068e-02	1.733158987497425974e-01	-1.203502053775526298e-01	1.292619436833959690e-01	1.296976382033750985e-01	4.653209754055915304e-01	-1.234774710215450488e-01	-3.347239847575679828e-01	3.326815911148888194e-01	1.813654186916380529e-01	2.226125302213916024e-01	3.602750065036529059e-01	4.118588121673358859e-01	1.033146795729317641e-01	1.000000000000000000e+00	4.891687773795675431e-01	5.932138525669219398e-01	6.333438907838763177e-01	4.075139635838890828e-01	5.278480986061984126e-01	2.305111147076151501e-01	2.826035811436900524e-01	5.561782899731474439e-01	4.197559590265371177e-01	1.713084105914223776e-01	9.151619908808122927e-02	4.338507124809876103e-01	1.645448754581980422e-01	4.148771637615528696e-01	1.667680488756548285e-01	2.902870953291121214e-01	1.640797781461033333e-01	1.563393763979638862e-01	1.097301208680216827e-01	3.657833235758910506e-01	-1.964868952895062748e-01	-2.744054633142531952e-01	-2.709150823392379448e-01	-1.868788493240218784e-01	-7.769980716895280581e-02	-2.370550328607431145e-01	-1.781190376363364358e-01	-1.353642785408525895e-01	-1.973691466451230059e-01	-1.521016904867925623e-01	-2.893204902232601183e-01	-2.758500687149247899e-01	2.163853128846294771e-01	-3.005449382121843649e-01	2.041191538081084389e-02	-3.362259687918845580e-02	1.434884740467604058e-01	-5.890286400611617450e-03	1.012862550440873088e-01	-2.264036320145932368e-01	2.789815905341853919e-02	4.624462726284505470e-02	-2.580028504740971770e-02	1.225942988624069141e-01	-1.295364314672493855e-01	-4.752925006255263873e-02	-1.036119024892819679e-02	-1.882051275025557746e-01	-1.157766789446098565e-01	-2.762510250393231948e-01	5.124317883891282843e-02	-1.570865951946580005e-02	-9.443683480201359171e-02	-3.744527320789204916e-01	-1.407296283602355313e-01	-2.259205349782431871e-01	-2.811164780968199509e-02	1.536649733947725860e-01	-3.279622761801167519e-01	-1.863085234696615355e-01	-2.514678454607740532e-01	-1.562820272308181047e-01	-2.556962180325449419e-01	2.270774805720927880e-01	-4.920753499426160082e-02	-1.977899933391779608e-01	-2.441984872377841453e-01	8.618488397189635886e-02	-8.388253495559107320e-02	-2.429785060621157955e-01	-2.042178442477734224e-01	5.103628623772973882e-02	2.933692688349854860e-01	2.205612315911736621e-01	7.671368230872363525e-02	1.970461665082669234e-01	3.256322983507344837e-01	4.250386997433822089e-01	6.721315054043038861e-01	4.522346638839983557e-01	3.060427301392393828e-01	-1.161588068482145297e-01	1.654723108465204484e-01	-5.071435803189044793e-03	8.931021012699108530e-02	-1.756695760605450907e-01	-1.277148853432935049e-01	-9.063085685606485364e-02	-6.029394602440061451e-02	3.203934789185535759e-01	4.433401545249702203e-01	1.569221857848180357e-01	3.299222563579120027e-01	-2.437937307618528726e-01	-2.890941680876519815e-01	8.507229586201853211e-02	3.531461972601160904e-01	4.104549096171922207e-01	1.131508687758654291e-01	2.346451290830788572e-01	-6.867841877226059377e-02	9.524550005780059447e-02	2.088730216002466500e-01	2.111294799547112633e-01	2.654041559589123134e-01	3.276686840845105531e-01	4.671187342309545687e-01	3.334383205299893405e-01	6.324260822548644079e-01	2.808144092428632721e-01	5.984395857675931518e-01	3.757004615564129013e-01	3.994727538783632292e-01	2.003810208496284440e-01	4.301012016141958320e-03	3.323655424416951248e-02	3.155874232631460385e-01	9.611504679376144111e-02	2.501526816634602191e-01	3.931668319211552992e-02
-3.117815834033855760e-01	-2.691610900189379124e-02	-1.536213806674300575e-01	-3.988669797640012060e-01	-4.916664577614340281e-01	-5.008737914775676092e-01	-2.852742622670043082e-01	-1.720105007194651370e-01	-2.140631526066519297e-01	-2.826330262921566416e-01	-3.209332773840601893e-01	-4.815844496111268414e-01	4.349477839329238954e-02	2.797419586249708656e-01	1.238072785324890734e-01	3.290155400755303550e-01	1.080579952934264121e-01	-3.900282789161560459e-02	2.949996209665777802e-01	1.251000510462383641e-01	3.915203869353069827e-02	-1.934821929341372926e-01	9.192009099476727840e-02	-7.852893817974579416e-02	1.329765511872052774e-01	1.588346741708440979e-01	-2.716115099803125821e-01	-2.494472754387367097e-01	-2.609253844459498706e-01	-2.377457615887256237e-01	3.489913819145875618e-01	-5.016058447908920970e-01	-5.932978889388691446e-01	-2.612937571062987629e-01	9.918459522195036127e-02	2.497443935124524228e-01	-9.309681116921320054e-02	-9.258736152731242286e-02	-1.842141832001045476e-01	3.577512765524303029e-02	-1.076494753796320564e-01	-7.245539081954535665e-02	-7.723006453998372545e-02	-6.816677859092255820e-02	2.425292301225247943e-02	-1.897391981528472743e-02	-1.868302710711484405e-01	3.880325472995722058e-01	1.194198006651030208e-01	3.597802975807347647e-01	4.872805635505791377e-01	6.564009157319647958e-01	1.703514507731356542e-01	2.385707867027935247e-01	2.271807153108302002e-01	9.031329871280921809e-03	3.099516808690112035e-01	-3.807289976393816167e-01	-1.974551625915940967e-01	-3.581637136143284716e-01	-1.773480717607614776e-01	1.753216893314385738e-01	-1.675146916783972206e-01	-2.269690736242500062e-01	1.941933899381090567e-01	2.598817990736553007e-02	2.840236324696495673e-01	-4.172082986200342097e-02	4.312309772212030712e-01	3.362124733456389181e-01	4.684032053145529839e-01	-1.772177116167772681e-01	-2.514300886646892441e-01	2.792263004799529491e-01	3.286566616661562024e-01	4.568440833308943794e-01	6.381046104341331349e-01	6.092611504039361359e-01	2.252251633677255505e-01	4.891687773795675431e-01	1.000000000000000000e+00	5.463737925787753857e-01	5.508451579496348449e-01	5.706982204247367241e-01	5.248221406376255560e-01	5.883084033629709664e-01	4.868109626028148118e-01	6.894932862326751399e-01	6.102173675149528131e-01	4.137620284491945188e-01	3.671349952789447202e-01	5.336484653246925669e-01	3.456056695464397310e-01	5.921979758431725749e-01	3.090443948786852357e-01	3.406517054040833492e-01	1.480768000285786756e-01	-6.102807303400418354e-02	3.247390678836528655e-01	6.100769004111745719e-01	-2.753337593002402328e-01	-2.168255336572674496e-01	-3.199138246340105796e-01	-2.669998476889532957e-01	-3.451181630645554499e-01	-4.659498274426726039e-01	-2.488207040439244788e-01	-7.405770060865519977e-02	-3.255239467326279668e-01	-1.128968650615034541e-01	-3.661505368482945721e-01	-5.899883341767206968e-01	2.506536949653587754e-01	-4.246566296687943609e-01	1.912875034140849861e-01	1.158845990142806925e-01	3.114390412400027883e-02	2.348985627775976304e-02	6.805822465570526836e-02	-2.136047401694259606e-01	-1.474282353983603217e-02	1.553846644020575318e-01	1.040092443518717685e-02	3.003630457144913501e-01	-3.553532261586100222e-02	-4.244911749061481415e-02	1.269399515977360227e-01	4.604238727176026072e-03	7.778010413596454960e-03	-1.798156932855080603e-01	-1.870783654173495125e-01	-1.136977968046176679e-01	-4.589081277070764520e-01	-5.691483906118556257e-01	-4.701223262739979147e-01	-4.959613240634910269e-01	-6.721899513480160404e-02	7.969933105846668808e-02	-2.447026671705863909e-01	-3.584969434499398755e-01	-5.075158106030120964e-01	-6.257645236812509060e-02	-4.589641345710128717e-01	2.620515721996307112e-01	-1.110940431290875947e-02	-5.905058178898273807e-02	-1.648189802364928291e-01	1.628879798225118802e-01	-1.391600195011077068e-01	-3.028141260650485389e-01	-2.333628728670400776e-01	-1.174614136512664164e-01	1.847959061694993965e-01	3.466957631374298354e-02	-2.009489758858650221e-01	1.052591751371706325e-01	5.113847702174518783e-01	4.759270503193495094e-01	4.925200532648153495e-01	5.533450343265049476e-01	4.127865765535125853e-01	2.003585029523089756e-01	2.394743278436995693e-01	-1.210879779111063113e-02	-2.919560904992060668e-01	-3.463914131492954462e-01	-2.290115715749838077e-01	-2.902220030801690442e-01	-3.563392255528036179e-01	1.426030487580417783e-01	5.558718852416804079e-01	-6.789649714210670671e-03	1.439586106175726188e-01	-3.546636231456956057e-01	-1.627764935639520461e-01	-1.096205810161699629e-01	2.452071245864671234e-01	1.318317124311209065e-01	1.792737994999110129e-01	1.654170068617464850e-01	-1.374698138460386798e-01	-3.800759595735775376e-02	2.961844570088438822e-01	2.891621024639353110e-01	3.671449609473566023e-01	3.258648604260524495e-01	3.113071222172021368e-01	3.919300521058198816e-01	5.496769535420686914e-01	3.787934019029154942e-01	5.237900565598968550e-01	1.828044843414743104e-01	3.693741607019803141e-01	1.525594247644096735e-01	-4.594417549554178498e-02	5.811795961199862567e-03	4.055900841526138279e-01	3.015112160756714399e-01	4.157460608398630963e-01	1.742020457085672047e-01
-2.117175084633826088e-01	-1.017514911861269467e-01	-1.123460085868642211e-01	-2.971885456400639725e-01	-3.816399951999304152e-01	-3.577474783271522574e-01	-1.260909580507452998e-01	2.283436476749748506e-02	-2.954535081468220165e-02	-9.202492858929900432e-02	-7.526915358602150052e-02	-2.737483016865258079e-01	-2.861152830971051136e-02	9.501618494273025850e-02	6.211228101799460416e-02	6.491982826374816107e-02	1.092494089873616465e-02	-9.343474423436594345e-02	3.226855609038054712e-02	3.142984632143752850e-03	1.814289526720001544e-01	-6.133981298916742902e-02	1.215534782065523789e-01	-9.921330108783024682e-02	1.274826128712723272e-01	1.559126577119675505e-01	-1.230787593274503822e-01	-2.262734683030001026e-01	-1.682504425670608150e-01	-1.289908318046862901e-01	1.538822262359729465e-01	-3.923978936403776374e-01	-5.122486736174599598e-01	-8.964548108459884090e-02	1.240361525284619792e-01	2.632984017648519748e-01	5.791966069109149434e-02	-1.958063132358742742e-01	-3.105548308937027824e-01	-3.296675234491051876e-02	-7.704520758637392608e-02	-3.130704745843686937e-02	-4.654622679164152621e-02	-9.630264913378747127e-02	-4.477651207803835798e-03	-1.249288858388730716e-01	-1.916332528873042063e-01	2.149990071597706887e-01	2.823456559907942531e-01	4.780153189149357051e-01	3.436721540148552911e-01	4.508771950642775361e-01	8.737488841325759259e-02	-5.178688352218289298e-02	3.304571788785106712e-01	1.348223977903829918e-01	1.254345206202348018e-01	-2.173058685025932302e-01	-3.220638946656827900e-02	-2.840539503722979142e-01	-8.077285624398765351e-02	1.168079471010151082e-01	-2.242209295033902317e-01	-7.257104712968548421e-02	1.220041105064164494e-01	1.829317410754091322e-01	2.093377950576708890e-01	-2.334238568560852243e-03	4.704478950477246624e-01	7.630062544084838250e-02	4.911037637623258956e-01	-1.706360977919065824e-01	-4.185130969823603886e-01	1.991930842918328837e-01	2.748218517188427690e-01	3.264411702249093161e-01	3.817372226708410921e-01	5.092093933069568035e-01	9.531872234083907380e-02	5.932138525669218287e-01	5.463737925787753857e-01	1.000000000000000000e+00	5.980955036436168548e-01	4.165159761494290347e-01	5.374843128110325940e-01	5.281087632359130479e-01	4.357276060901238979e-01	6.673404292641716973e-01	5.606274486983445771e-01	4.767648328890463083e-01	4.461433279552844411e-01	6.347479704456415739e-01	1.795320768020197411e-01	5.854406113338036510e-01	3.251048331056844432e-01	2.748099193448009236e-01	9.554840673866511758e-02	4.077541131910342870e-02	3.153150103520292458e-01	4.940348669433731188e-01	-2.471527682147705574e-01	-3.666261083046349345e-01	-3.280729478356345097e-01	-2.830978550486203948e-01	-3.221018093765822821e-01	-3.120549759107018040e-01	-5.681731045028097504e-02	-6.854733790900517654e-02	-1.132610840417928866e-01	-7.272138803358862112e-03	-2.601571956540805752e-01	-2.515160105394201318e-01	2.182311589005744568e-01	-2.940534106147124627e-01	-5.559243536271574193e-02	-7.697915601099890315e-02	4.847651272423064012e-02	-7.064817367539136250e-02	1.610426565306153843e-02	-2.613815318408349575e-01	-8.781667015805345866e-02	4.200159707679428089e-02	4.417230054954306151e-02	1.760430182806567434e-01	8.142301437119057322e-03	7.551406067801363919e-02	-3.091507167166969092e-02	-1.117093451375857777e-01	-5.507261816833400325e-02	-1.250148706756680217e-01	-1.377608496600719323e-01	-2.152648003671620847e-01	-3.349389069091693316e-01	-5.094286040880906530e-01	-3.411274582511014120e-01	-4.600186623371402828e-01	6.908179289979386739e-02	2.652038883103490646e-02	-4.168180715335750852e-01	-2.803681457759785722e-01	-4.367658200926322620e-01	-1.483442563218289323e-01	-3.319889582711036957e-01	2.954350758528308529e-01	-7.847084105917255525e-02	-1.993970678276478226e-01	-2.345981768496736564e-01	1.589390161124581424e-01	-2.377183581652245470e-01	-2.504092417353167566e-01	-1.178516554790356996e-01	-1.194500333515545742e-01	2.396354702267551318e-01	3.500655988933900620e-01	6.987794508225533829e-02	3.631447150616479713e-01	2.113485002840992388e-01	5.047841288607801680e-01	4.928953351273240857e-01	3.975800389043075422e-01	1.785647709007326667e-01	-9.175040718789077843e-02	1.157303611976060465e-01	-2.185276915614191851e-01	-1.023849518766599548e-01	-3.165420537019913994e-01	-2.175622622348400703e-01	-2.712323477311576192e-01	-2.126062120792076293e-01	3.737678363557041528e-01	4.141616235652285094e-01	5.559370408939101615e-02	2.883023276440057625e-01	-2.234682251005869758e-01	-2.091711212702185019e-01	3.820670429552930347e-02	1.622133808894306584e-01	1.889546944138627838e-01	3.778605480413352868e-01	1.438956821827706012e-01	-1.423717543373110017e-01	-7.303080534442486782e-02	2.081761873132285390e-01	2.659420162786456654e-01	3.432393277895208206e-01	2.355489806271111042e-01	6.088737186776157495e-01	4.540573917535615234e-01	5.472666833975837752e-01	4.163667779260726842e-01	5.651855936987066897e-01	4.112508224661065026e-01	4.010723332548546960e-01	1.108759320275420762e-01	-1.100249569695207069e-01	-3.276104046160102645e-02	2.846545807662294592e-01	3.460656501546613417e-01	2.843032045919733908e-01	1.299754057291241383e-01
-2.324104500783862881e-01	-1.193732014632900851e-01	-1.325916872568708993e-01	-2.086056969238182235e-01	-2.929783294799658266e-01	-1.879235459233231653e-01	-1.188767686688049080e-01	-5.976207426738521650e-02	-1.494220602462038305e-01	-2.138248020601503929e-01	-2.037858166636716817e-01	-3.249495616550798771e-01	4.774727723662637070e-03	1.159090804850246986e-01	5.330897624184163103e-02	1.119704655865637333e-01	7.835289238556926439e-02	-2.164741519043891782e-01	4.411300220217637819e-02	4.389879428116022497e-02	5.209271749456393513e-02	-2.964645159014882014e-01	-1.234095437200349310e-01	-3.423643008993191295e-01	-5.489470794972167722e-02	-9.423549807025749861e-03	-3.959695425160230653e-01	-3.692437348974140776e-01	7.594174046442010717e-02	-1.509009622422755048e-01	1.349220698559231157e-01	-1.938237782748096494e-01	-3.797833136346558391e-01	-4.083342943102861305e-02	1.572186340605120913e-01	3.012422845888713119e-01	4.528402609771772780e-02	-2.119314727562456313e-01	-1.640449953384650467e-02	-3.076895932774129441e-02	-3.327598964264546350e-02	-1.328255132409243422e-01	-5.984055786038553620e-02	-9.706345508942140765e-02	5.493086014659891853e-02	-3.120859607225727819e-02	-5.673535580771111447e-02	1.825628769217114700e-01	1.954486280249177477e-01	1.758424834279503080e-01	5.174469996157800011e-01	6.129631056750000084e-01	1.071858234225106510e-01	-5.623827646628185017e-02	2.864572496407356006e-01	7.726446350101413840e-02	2.155197057414722506e-01	-8.951104712700883037e-02	1.494592647232181326e-01	-5.505289915419239732e-02	-1.349753088388806199e-01	3.086577738061511145e-01	-6.955387570151462528e-02	1.058620185260566032e-01	1.376169361493664589e-01	8.249413174949900285e-02	2.894496882793989867e-01	1.228782676488144876e-01	2.590193421903242421e-01	2.865867242431978656e-01	5.424109054083298131e-01	-1.458023624570050636e-01	-3.717285657573151103e-01	2.041369917657754052e-01	2.752599306579117111e-01	2.536043061706693136e-01	3.575752263464254121e-01	4.138782468735428544e-01	9.556265251990483933e-02	6.333438907838762066e-01	5.508451579496349559e-01	5.980955036436167438e-01	1.000000000000000000e+00	5.666505989253932674e-01	7.095588024060771604e-01	4.851538524530950580e-01	3.542511864246434827e-01	6.249162864684056906e-01	5.649325087574876836e-01	3.417144150063186059e-01	2.874270334865995369e-01	5.643027686919361852e-01	3.100029667820561330e-01	5.964656713401744748e-01	3.272271121285416640e-01	2.084870207044768053e-01	1.545341927162170725e-01	8.358607684145534511e-02	2.633883939952179620e-01	4.750126183502061950e-01	-1.729621546441197644e-01	-3.248921572363505650e-01	-3.246496361226357541e-01	-3.144321492095756843e-01	-1.099491488970842368e-01	-2.814509081534306012e-01	-1.186248231945973702e-01	-9.056867987372466122e-02	-1.221775742652118218e-01	-1.528835079703374893e-02	-1.665135388659706728e-01	-2.236326353800365541e-01	1.157251559273603930e-01	-4.013293093218917029e-01	-3.828021750930780953e-02	-1.339876633518809756e-01	6.615796035616428039e-02	-1.088220726581888703e-01	-3.182573162767502600e-02	-2.624583313083787561e-01	-2.317070312799372755e-02	-5.268872515185731714e-03	5.202487904090857818e-02	1.855939621766911768e-02	-3.086606418073789548e-01	-2.361660465530907027e-01	-1.878422022721903673e-01	-2.803491347794402899e-01	-2.455360547430899543e-01	-4.064362865081145304e-01	1.345600012011510527e-01	-6.836576018183102010e-02	-1.037157035162949714e-01	-3.812081390145690141e-01	-1.112840765873612803e-01	-1.868700357030037285e-01	-8.894848263093996232e-02	1.648199790668122833e-01	-3.802671820881786680e-01	-3.362014775475323236e-01	-3.047679037790820833e-01	-2.702691032106476210e-01	-3.582854785466770275e-01	3.230314568522397733e-01	-2.695713109528925511e-01	-1.602966443734511193e-01	-2.189983668161329389e-01	1.671879638819200042e-01	-7.948342862276167042e-02	-2.211304908092286969e-01	-5.202879480120031069e-03	9.763282726804370371e-02	2.781901029908480094e-01	1.984073802048156865e-01	-5.736818343070678589e-02	2.423622230203791583e-01	3.082059830905827247e-01	4.724867234427362894e-01	5.278713904671603618e-01	3.479878657812017773e-01	2.521816368276316167e-01	-1.256989891681834504e-01	1.326181736272344647e-01	3.217791082096875532e-02	1.054866973094925747e-01	-7.182989556336662196e-02	-7.524458828738105065e-02	-1.067523414428016709e-01	-1.408840087378652461e-01	3.783126246643713775e-01	3.779974332174987350e-01	1.200669427727250604e-01	2.955910198228875463e-01	-8.501694903311098062e-02	-2.633783006336939403e-01	-8.511211214400320191e-02	3.132987680872015290e-01	3.582956015799343974e-01	1.284099732658038340e-01	7.047606489041227662e-02	-1.032961368132874896e-01	-6.508790262386394965e-02	2.071317400490957916e-01	1.399874304755049648e-01	1.749168082838285232e-01	1.201807714923411874e-01	3.870067956119815911e-01	1.629879951181845699e-01	5.441626589487238430e-01	1.922671894625169742e-01	6.268551626764542473e-01	3.615672634032065513e-01	4.487140634921956694e-01	1.779016719850683159e-01	-2.176356383875331299e-02	4.552339120164897862e-02	3.399509502961509666e-01	1.490592095424217722e-01	2.292158519468099898e-01	9.145662568128304262e-05
-3.508015181127757121e-01	8.747728504345150813e-02	-1.835905124965922786e-01	-2.412707132869288951e-01	-2.845419779940422389e-01	-2.819164424340137032e-01	-2.839958268275333264e-01	-2.150828817777239443e-01	-3.682631138085569744e-01	-2.992815510982079208e-01	-2.375128773609592736e-01	-3.866785911359876815e-01	4.479719525015269516e-02	2.674652775300218055e-01	-5.125632351462372852e-03	1.675051159232646136e-01	2.129234141427426563e-01	-5.893913997316068548e-02	2.175358189881432258e-01	2.176364080201806106e-01	-2.712063639712073218e-02	-3.275189414037347757e-01	-1.395784500081863888e-01	-2.270317275115051325e-01	-1.923186176077293086e-01	1.203955675514596924e-01	-3.030921473879961137e-01	-3.200316590247918591e-01	-7.883103253452476700e-02	-2.000948293418198243e-01	3.894993502276832276e-01	-1.850731634193436836e-01	-3.320452739749233939e-01	-1.304237459769835017e-01	1.724313185557282135e-01	3.166595886043873653e-01	3.048629857905322746e-02	-5.859810908078648406e-02	5.742467981383530878e-04	-5.268626351296631927e-02	-2.882346486332327817e-01	-1.838952888113039308e-01	-1.572249714801428888e-01	-2.183859389383533134e-01	1.837800494281563056e-03	-5.900554325585972287e-02	-2.761306222449801395e-01	1.891065641060473979e-01	9.665703118280735348e-03	1.789734951677248581e-02	3.732243102921345423e-01	5.606222446233499745e-01	6.976379499973118896e-03	5.568777844002699429e-02	2.468283451741992152e-01	-1.153490092538596024e-01	2.820846449444120996e-01	-3.544559017636979281e-02	5.127022733250416464e-02	-9.259251244386387802e-02	-6.705485270981729855e-03	1.192059060246117019e-01	-1.101588796837423140e-01	-1.584332741311551829e-02	2.175286938470889775e-01	-1.130151092435792842e-01	5.494620627533528534e-01	9.231606527123967232e-02	4.117298904412524663e-01	3.673799649548586954e-01	5.339388248193545072e-01	-8.098080132343139781e-02	-1.801662873583667890e-01	3.370564323710572019e-01	4.838027435065998527e-01	3.742709477785536865e-01	4.370612997104583730e-01	3.708946299787611589e-01	2.175948181705878448e-01	4.075139635838890828e-01	5.706982204247368351e-01	4.165159761494290347e-01	5.666505989253931563e-01	1.000000000000000000e+00	5.482059350786891994e-01	4.841742072003488717e-01	3.250979175745963290e-01	5.569565943254142226e-01	5.048667979313480325e-01	2.877013762919395368e-01	3.132086124587271647e-01	3.572253137260751887e-01	1.984123223680866188e-01	3.940651847808904207e-01	6.649302036480390921e-02	2.722905932784164262e-01	6.846005178899602917e-02	-7.029893374535182982e-02	1.966540728467731924e-01	4.776855116821741576e-01	-2.477154050793890228e-01	-2.809169782151322292e-01	-2.534836026621986038e-01	-1.395441681598221517e-01	-1.929315186454204356e-01	-3.180129566753978065e-01	-1.335057362620301891e-01	-2.105067107096849355e-01	-2.922920398202594194e-01	-2.535034152976297639e-01	-2.423115490674227768e-01	-4.111863410301426769e-01	2.176847648054008044e-01	-2.387844250754800612e-01	-2.564369640402657663e-02	2.435219343532734823e-02	1.907076531215521065e-01	1.453360415007767248e-01	-2.658086350889449917e-02	-1.615833160685389847e-01	2.927493386237199277e-02	1.424682119085350085e-01	1.339402429281352225e-01	3.029427450526792770e-02	-2.016569616581184721e-01	-2.666181371210106787e-01	-1.288575038585155208e-01	-4.352030257333078245e-02	-2.311889988047821087e-01	-2.956012132049589680e-01	5.743656333469585734e-02	-2.544764998542297652e-01	-2.719879223735748308e-01	-3.012516425546746812e-01	-1.502658393444314955e-01	-2.077874913775209498e-01	-9.807253373614090164e-02	1.941399937353664729e-01	-2.677746508341307119e-01	-2.797067401382126173e-01	-2.381459244806997944e-01	-1.983396531764696769e-01	-3.257903850956589964e-01	-7.823093934076503358e-03	-2.572901347124387228e-01	-2.051038378243101035e-01	-2.422367720844424421e-01	6.156836675197953357e-02	-2.800212451021733551e-01	-2.533958009235932063e-01	-2.331989919586639759e-01	-1.064556044582600225e-01	2.207999975227039613e-01	-1.540446170769834040e-02	-1.137994479599384184e-01	-2.033334139882579314e-02	4.110331046556729984e-01	1.878512217197723655e-01	3.839367913301124924e-01	4.156572920919384129e-01	1.580138708706666228e-01	-1.354287544449951919e-01	6.336030620620811127e-02	-3.940319806798408403e-02	4.268312464790120081e-02	-8.240663810240035636e-02	-4.044036416071844497e-03	-2.170830008390828292e-01	-1.311339927680375272e-01	2.169198299510012862e-01	3.064103279959025650e-01	2.333772761762666070e-01	2.217452061877621672e-01	-1.588000396880729359e-01	-1.137263351160281155e-01	8.572226741278778095e-02	1.923652525070646269e-01	2.662254031358946560e-01	9.232205563742314214e-02	2.301807541483998076e-01	-1.648111520113761941e-01	8.491645329195959824e-02	1.675751351561230451e-01	1.760712122792721379e-01	2.379422330718847234e-01	2.214970399207665808e-01	1.475222874628289715e-01	1.047517591010762028e-01	4.374506326944009871e-01	1.889256393322755467e-01	4.675427573773399681e-01	2.862132873766589092e-01	1.653111163760890845e-01	6.365552851345065988e-02	-8.389276991713888465e-02	-1.165228687132568441e-01	1.317587457589200484e-01	3.511802884583598017e-02	2.441270448579114516e-01	-1.087161467397251696e-01
-2.264608580278837935e-01	-6.346292254962014601e-02	-1.027946483350595380e-01	-1.687019613133125817e-01	-3.017287352980417836e-01	-1.881434295880728413e-01	-1.716755287844323463e-01	-1.634751340574580047e-01	-2.382603001244538721e-01	-2.506706385583554186e-01	-2.320448323234588217e-01	-3.569670811634689800e-01	-1.297136968468270146e-01	2.130814414947254098e-01	8.470756886177942258e-02	1.729905478873169089e-01	4.019267364200974912e-02	-1.832910561275875039e-01	1.186608719628174519e-01	8.254531670759962525e-02	5.001873009088830813e-02	-2.722559403003493861e-01	-8.170620196813407898e-02	-2.051827872665770158e-01	-1.391581473780610922e-01	-6.194940841367908152e-02	-3.472984585712409200e-01	-3.785380100578199514e-01	-9.237514709595780193e-02	-2.002661798739415189e-01	1.090374647598448543e-01	-3.173180968528739321e-01	-3.833463503187659605e-01	-9.219191086758274454e-04	1.962420200568848472e-01	3.771562755394577415e-01	-3.220186821366127078e-02	-2.725479110416290651e-01	-1.814388763034419372e-01	-1.103512084061011034e-01	-2.678824877165135732e-01	-7.427235366041079478e-02	-1.761151757222825798e-01	-1.538840987185415802e-04	-3.877108776536730000e-02	-1.180902593743436146e-01	-2.768503017171368707e-01	3.965474704523417465e-02	1.747811392557279547e-02	1.370459928424517387e-02	3.878081666046261922e-01	5.035768211852020837e-01	-8.449059356044211211e-02	-2.908085572180994505e-01	1.507222550385428905e-01	1.228444163296534830e-01	-1.774631359192795424e-02	-2.180521600554583550e-01	5.045602173420805914e-02	-1.865943168585573742e-01	-2.730758620404682424e-01	8.280084154270113406e-02	-3.201124885035901979e-01	-9.869958238550688434e-02	-4.308165241986348232e-02	-1.313283975337929121e-01	2.042624837849504049e-01	-1.489521007145803155e-01	2.407303771539883175e-01	1.259089483555818345e-01	4.567710593862083224e-01	-2.513802324273985977e-01	-4.527298555236857203e-01	4.623976797753947404e-02	1.741304879657213645e-01	3.087298983208124348e-01	3.923161151232418820e-01	3.547802323220807241e-01	1.102168968170162688e-01	5.278480986061984126e-01	5.248221406376255560e-01	5.374843128110325940e-01	7.095588024060772714e-01	5.482059350786891994e-01	1.000000000000000000e+00	4.617836934967390894e-01	3.361380676815506341e-01	5.651338991782567378e-01	5.390518857703371358e-01	1.922500777817660877e-01	2.375232363994905782e-01	3.864542346755062696e-01	1.251207582393554785e-01	4.556495075224002989e-01	2.135837585295237429e-01	1.620883399133792591e-01	1.878176557750529663e-01	7.929015531822962426e-02	2.634377237536252303e-01	4.514080810703944846e-01	-1.018422852362563663e-01	-2.225034856744626255e-01	-2.085504363616677292e-01	-1.331395083402813762e-01	-1.275861687760971031e-01	-2.834773835870800229e-01	-2.462162898706519998e-01	-1.624169553593411697e-01	-1.790772504300040535e-01	-1.433477180942694384e-01	-2.038288376734698759e-01	-2.089296470822760154e-01	2.877600836152630071e-01	-3.438188245450234382e-01	4.612403905546369476e-02	8.592859631905792883e-02	1.497782650335896526e-01	6.302973528630179123e-02	-7.913870343582453393e-02	-1.512604777940034229e-01	5.141799787549692496e-02	1.834117216086311730e-01	1.537317781294521568e-01	2.999200067780534093e-02	-8.330531981140140707e-02	-2.854283669552495351e-01	-8.884935785687111953e-02	-1.830240160352180345e-01	-2.185099710536360096e-01	-3.477840199627251772e-01	8.542791069773135459e-02	-7.444434439832525729e-02	-2.001592981269751104e-01	-4.577971145544260101e-01	-1.457185493876971549e-01	-2.915214674487885960e-01	1.681969765212413398e-02	1.916295495764927526e-01	-3.590685235176001022e-01	-3.131397433901857985e-01	-2.778912878240477613e-01	-3.444987303464210338e-01	-2.487283023962032491e-01	8.536631833655515533e-02	-2.525660600775043729e-01	-1.922646181089042727e-01	-2.834508467630503237e-01	1.645545091673011329e-01	-5.477095714853138890e-03	-1.995691876167889067e-01	-2.159857280612805241e-01	-5.797215547412346709e-02	2.653070202404770317e-01	2.036370370631966076e-01	-6.236525164961836953e-02	1.692362357309576681e-01	2.672190213874237608e-01	4.031301984531159843e-01	6.383775913812888003e-01	4.714996957062926319e-01	6.690551782436301997e-02	-2.151022290261849768e-01	-5.330997812583286328e-04	2.828471173454354809e-02	-4.297006397555278717e-02	-2.109593110530749993e-01	-7.600250670984916301e-02	-1.470171801613371909e-01	-1.102081039956312319e-01	1.442644442758750922e-01	3.821155255644101967e-01	1.360180676091460594e-01	2.267269090620411820e-01	-2.512231323641820890e-01	-3.570783392916682675e-01	-5.283110501704509077e-02	1.921018749732312236e-01	3.899308432206582409e-01	1.414193062413985347e-01	2.352474456362620980e-01	-8.758770312696421978e-02	4.349890291731131620e-02	1.628293963860136251e-01	2.044107521194333810e-01	2.151836936777176412e-01	2.867309155104348917e-01	3.925555628676398734e-01	1.245125359779705038e-01	6.479484383952938131e-01	3.044935948689697081e-01	6.843724901369255820e-01	2.860485437131100039e-01	3.948124366108491379e-01	2.575929023535139528e-01	-7.601010592093085556e-03	-1.063135286620535830e-01	5.308288666528716560e-01	1.304049658322591343e-01	2.948649997610921503e-01	9.600222196668181662e-02
-4.007437971112551844e-01	-1.470835582640998840e-02	-3.208899886823756153e-01	-4.754188645035616889e-01	-5.608949504340463577e-01	-5.877958327330181643e-01	-4.017689714928339706e-01	-2.642198117621933906e-01	-2.527081041168698361e-01	-3.998410689252843708e-01	-3.455799984221064047e-01	-5.443090465114102106e-01	1.397169318027793872e-02	3.230088631596270132e-01	2.482049062453701160e-01	3.372614075303375092e-01	9.881736258547274207e-03	2.640334522474992521e-02	2.973718579589508804e-01	2.035221620108703389e-01	6.155324105872695545e-02	3.378127928548885911e-02	2.790563801145745648e-01	5.982024197783977065e-02	3.185509181578762838e-01	4.010449941181347122e-01	-8.130947226267656869e-02	-1.460389871911842163e-01	-2.607314154809667328e-01	-2.325024204276302520e-01	3.572019723556610904e-01	-5.394015514173388093e-01	-6.806323961172945358e-01	-2.720335590136799819e-01	2.224197217026303575e-01	2.970069867366085248e-01	-5.666482138479533165e-02	-1.912566566312639826e-01	-1.676451638299404079e-01	1.184852652385749300e-01	-4.652638968166128430e-02	2.538978536605662403e-02	9.675015039442849685e-02	-1.489309244299880375e-01	2.183242267469568398e-01	1.669279206962449857e-01	-2.768112976919858900e-02	3.390576226395411452e-01	1.995374411646841928e-01	2.987426719696936184e-01	2.473494147399926124e-01	4.475393005213919029e-01	-5.983948399413703718e-03	1.923085723718233053e-01	2.536844599948166468e-01	4.553410330979931059e-02	4.588406670267645149e-01	-1.909393061841703210e-01	-1.815075827983497203e-01	-3.059316457260803368e-01	-2.027185552978703620e-01	1.236476477474902358e-01	-1.023893432147479077e-01	-2.008961765096644869e-01	4.430474798184342866e-01	6.636105070924426530e-02	4.900815237071810548e-01	9.484221529118029570e-02	4.812223638807289205e-01	2.346080215422430282e-01	4.246431748854598287e-01	-2.353140310630609799e-01	-3.817122465900699146e-01	2.278574080061264995e-01	4.468676561451341844e-01	3.506722722681552828e-01	4.706784336738673580e-01	5.162166624780445412e-01	1.556809520773584365e-01	2.305111147076151501e-01	5.883084033629708554e-01	5.281087632359130479e-01	4.851538524530950580e-01	4.841742072003488717e-01	4.617836934967390894e-01	1.000000000000000000e+00	4.017404520539079038e-01	5.973636235323308563e-01	7.786587968808297289e-01	4.173629853662088607e-01	6.351056555592077268e-01	6.610021609546841148e-01	3.276396358361113315e-01	7.227659750807320371e-01	4.404406442593076787e-01	2.221650078223333658e-01	-9.031829684248518508e-02	-3.413859422790077036e-01	6.123104078543928352e-01	6.320010482056505063e-01	-3.634892646772643343e-01	-2.117513063648152893e-01	-2.676445109956455126e-01	-2.509294661295852769e-01	-4.534644081504401458e-01	-5.465309716148328834e-01	-3.133519958288052409e-01	-2.788276174191279266e-01	-4.057741763252321054e-01	-1.751892995659111441e-01	-4.754204598841531570e-01	-4.638204291716990779e-01	3.772819727705848947e-01	-4.482635022089527244e-01	6.037341344877789062e-02	2.072887940241264493e-01	7.318884702442583767e-02	4.097595845732457387e-02	-1.878183567149510347e-01	-2.750607245214055085e-01	-1.992970766387734682e-01	2.514013933124157330e-01	2.433133217739371079e-01	1.479000271822152324e-01	1.335021384981494863e-01	1.663639147202835566e-01	1.477343765696022826e-01	1.518936322754710355e-01	2.833617158652569634e-02	-3.399105987408878454e-02	-2.080360089987606798e-01	-2.717149306754237936e-01	-5.831294871392330714e-01	-5.931596272339374476e-01	-3.637971298154910604e-01	-5.768124197641979478e-01	1.219161479194525721e-01	1.444935961669163715e-01	-4.970020356411136708e-01	-3.299111666226437478e-01	-5.155480470752907829e-01	6.376343290623245896e-02	-4.574101636008336413e-01	1.720804149379584480e-01	-3.167216429793947435e-02	-1.564802910535409777e-02	-1.187630718956449033e-01	1.439598809095470333e-01	-2.267662319796674708e-01	-2.158130107672975861e-01	-2.130544750086325323e-01	-2.212122283937000278e-01	1.385061012014435766e-01	7.829331988089537064e-02	-1.509622130131381135e-01	7.196843808499758799e-02	2.396334555646354447e-01	3.233853473362259257e-01	1.326482446131758697e-01	2.361093313008765515e-01	7.106343671392723049e-02	4.330991516027766358e-02	5.717686411264548407e-02	-2.982478720457011900e-01	-2.824824671102884044e-01	-2.540674410371715486e-01	-3.824444047951128800e-01	-2.698849462371555874e-01	-3.475970489943583375e-01	9.947243112580837765e-02	3.367771840590507160e-01	4.639174493978256986e-02	1.280638440313790483e-01	-2.715834550391380553e-01	-1.315048879551996841e-01	-7.435432403234797094e-02	2.269020374524357078e-02	-1.475800046365871067e-02	3.068645730909241864e-01	2.244193840342824722e-02	-3.218704148480053262e-01	-1.632034451615512749e-01	3.142147543604171811e-01	1.354877828446188759e-01	2.137824180255857021e-01	7.618993428459036599e-02	3.295182917970040926e-01	2.146835717896046491e-01	3.465401696093877715e-01	4.393586845341058700e-01	4.661717485285076235e-01	2.680208381935281214e-01	2.371873883429946872e-01	-7.665212379068908621e-02	-4.003837546887465959e-01	-3.276548867996337266e-01	3.816380844498115654e-01	4.747448140606109201e-01	4.106258290545623524e-01	8.362004444068896203e-02
2.957857576807473160e-02	-3.734796811576687192e-01	9.912171634331365389e-02	-2.833963466650766816e-01	-3.371643984460671040e-01	-2.003894546743213156e-01	-2.212702554526411666e-02	-4.090304138644392309e-03	1.698788542444799043e-01	-5.510261026305519894e-02	4.930369633897316133e-03	-1.753432623090055431e-01	-6.102869982241677926e-02	3.991039123843740516e-02	-1.577091905359135349e-01	6.870272242788276473e-02	-1.631564633521390972e-01	1.073410554824562498e-02	1.145630802012621990e-01	6.123822729563679207e-02	-7.047803848697041518e-02	-3.243284819410604536e-01	1.132486288354832005e-01	-2.293611686057107080e-01	1.706578049454305634e-01	1.079404513665090520e-01	-2.351173890273909051e-01	-4.112978220655682526e-01	-3.160949250490900364e-01	-3.512434393859238391e-01	3.338600197877821807e-01	-3.182341601755193095e-01	-4.643204527194575992e-01	-2.945510337128177669e-01	4.989281000663545185e-02	2.109821297226623649e-01	-1.548737723960396696e-02	-2.953564457595324599e-01	-1.495582558184794797e-01	-1.121015319876349642e-01	-1.021371241482818271e-01	1.088311532513706326e-01	-3.285038561646660971e-01	1.069917832786255324e-01	-9.909637583203002864e-02	-9.864508814048236762e-02	1.408936151204997524e-02	2.081655404803996467e-01	1.788058907814794318e-01	4.685466687413563647e-01	1.412578017641201999e-01	4.199014450904662854e-01	-2.608726758374958071e-02	2.668172333154923692e-03	1.782885989520145986e-01	2.239787444320874010e-01	-3.556530081006229610e-02	-3.809860270928336901e-01	-2.043153087772255905e-01	-1.797278190859618041e-01	-1.275878096159478378e-02	-1.690394286887241665e-02	-1.767516508138076425e-01	-2.989912409069826471e-01	2.092186793272804990e-01	6.568159885821828192e-02	-5.200702216839982878e-02	1.054406848330479984e-01	5.279811820251841814e-01	-4.088179789037469508e-02	3.760280842020451431e-01	1.821461884482897253e-01	3.149562964336480309e-02	9.563062518004261658e-02	4.580787885269255733e-01	3.645577572690344992e-01	5.261590278516492525e-01	5.443614763997834949e-01	4.883808693342064355e-01	2.826035811436900524e-01	4.868109626028148118e-01	4.357276060901238979e-01	3.542511864246434272e-01	3.250979175745963845e-01	3.361380676815506341e-01	4.017404520539078483e-01	1.000000000000000000e+00	4.203645172160427324e-01	4.288993861329061796e-01	4.605851648055294678e-01	3.226435628246549503e-01	4.353701970598480298e-01	6.294737701741215385e-02	3.047223750862515512e-01	-4.349153687904475270e-03	3.774516319567414735e-01	4.663658905471033123e-01	7.435004161067492075e-03	3.346255914918794816e-01	7.214541532357059417e-01	-5.275468849256211012e-02	-3.789566694324344454e-01	-1.512188887376428592e-01	-3.373357077907365720e-01	-2.849120721254913557e-01	-1.637540886840652410e-01	-7.998667001767287288e-02	-3.897004968557321613e-04	-2.140022725423659095e-02	-9.766541872402363655e-02	-1.018629750375993070e-01	-3.761563665253311317e-01	1.051291350559429710e-01	-4.081515961698091166e-01	-8.915526842917451122e-02	-2.950615184728294302e-02	-1.127887019789323431e-01	-1.904062096827125183e-01	-5.939040526229444339e-02	-2.390157989998098476e-01	-2.010351871136776269e-01	5.444821022441617003e-02	-9.291500943897060272e-02	-2.594116212871671809e-02	-1.429628723722711492e-01	-4.335569595200384346e-02	-3.869640616220983848e-02	-2.547768578681280927e-01	-2.070878775296161600e-01	-2.127070185231297317e-01	-2.372934655009878158e-01	4.340918956999333111e-02	-2.393525247053717164e-01	-3.664834298316404504e-01	-4.266720723222910960e-01	-4.907492827633186949e-01	-1.706292086193402779e-01	-8.684011136583033585e-02	7.269082430004961126e-02	-2.788733684190241591e-01	-3.338200683140480907e-01	-2.034544506468029257e-01	-3.593013481113939145e-01	6.724500834997157450e-02	-2.116721171710085059e-01	-3.451379952017417096e-01	-3.014795418780616965e-01	2.293064327321484297e-01	2.401475553604424593e-02	-3.276694318691655838e-01	1.141749542263423567e-01	-3.021524363302391381e-01	3.089061027652026392e-01	3.957441528361371197e-01	-1.859717735768289318e-02	1.645727318227631908e-01	2.905565178987908337e-01	4.491538634239577443e-01	3.651381615165293915e-01	3.732970189368637892e-01	7.947679967671519852e-02	-4.085714074582229988e-02	-1.843566940874039745e-02	2.682038129680581334e-02	-1.627118929847094775e-01	-3.899310442932225063e-01	1.324731007346509684e-03	-4.238999024428077300e-01	-1.852380440912661241e-01	1.102425929974767821e-01	4.415371273577861078e-01	-6.082857469312650395e-02	3.908256429833670831e-01	-9.743404474816601268e-02	-1.768977650756702324e-01	4.669472044643669523e-02	4.974433306193070531e-02	8.314999318203031287e-02	3.427217881305910652e-01	2.429733802287781796e-01	2.539065031287696117e-01	3.125375876440576461e-01	3.950585480848632924e-01	6.032185155844765889e-01	4.139051407512040481e-01	3.425911742286140704e-01	4.688914416118147299e-01	2.411624563960197420e-01	4.117331744852959496e-01	5.285565493679997839e-01	3.872748677617295909e-01	2.566464314664683721e-01	3.933328351053574368e-01	3.817327254603433140e-01	1.171908220420910668e-01	1.017819650922734825e-01	3.514046449295341046e-01	2.493366365860124612e-01	4.992495978595225536e-01	3.493443276899404482e-01
-2.692281955197461940e-01	-2.451220853830311797e-02	-2.250893178690509255e-01	-3.465351691266578271e-01	-4.560742169383528721e-01	-4.464899397255040481e-01	-3.015770341973720847e-01	-1.561282789549565675e-01	-2.727786497316121994e-01	-2.755060032274842530e-01	-2.896988314595543290e-01	-3.957697818163071757e-01	3.183241726875318811e-02	1.936227490042035926e-01	1.773667099974000905e-02	1.884582751762401143e-01	5.979966751312410650e-02	1.117892562299173734e-02	2.253393338960182068e-01	1.205914247346247525e-01	2.148546079637516093e-01	-1.116522703875497263e-01	9.765541241251897431e-02	-1.163790512923360693e-01	1.558535749603051634e-01	2.431919161344575919e-01	-3.247667214486200105e-01	-2.543611863028711895e-01	-2.737105097383092378e-01	-2.557701779027411471e-01	2.154472087668115876e-01	-4.588504517099404323e-01	-5.412745852027990301e-01	-1.289285717770771167e-01	1.722335698558380424e-01	3.348633412408223431e-01	-5.879002544909835842e-02	-1.510763629979487987e-01	-2.089698636055117020e-01	5.224086635874448242e-02	-8.024122266666337822e-02	1.715191307557094313e-02	-5.227701064888212040e-02	-1.491336759219423769e-01	1.314145853547435405e-01	1.066558384521199138e-01	-1.266239842056313125e-01	4.545420803432141388e-01	2.209317587783922177e-01	3.245504739379890813e-01	3.680000987724872941e-01	5.181629685401198948e-01	-9.613969438221864339e-02	-7.540285348708097857e-02	1.992475890957463303e-01	-1.296309749278191370e-01	2.110597311232835505e-01	-2.872419711843635093e-01	-8.387590527785857009e-02	-2.583658270273859192e-01	-1.605377652163570978e-01	3.900628851057469926e-01	-1.492442373192969518e-01	-1.063665299214014426e-01	2.451717620667326625e-01	2.379091834658166385e-02	3.180356289401088943e-01	8.031699416208000486e-02	4.821720454559799141e-01	3.034113439690442893e-01	6.387117526340840845e-01	-2.238086661108810993e-01	-3.219140362769456476e-01	4.269822895949952901e-01	3.525553814095172545e-01	3.204351135931799988e-01	4.276895488086726038e-01	4.943196035301464786e-01	1.082972784229440377e-01	5.561782899731473329e-01	6.894932862326750289e-01	6.673404292641716973e-01	6.249162864684056906e-01	5.569565943254142226e-01	5.651338991782567378e-01	5.973636235323308563e-01	4.203645172160427324e-01	1.000000000000000000e+00	6.926168840208468680e-01	4.613454593246322788e-01	5.306643751581440194e-01	6.649740623725760580e-01	3.046231133559950122e-01	6.802463809445833398e-01	4.436394526183132236e-01	2.065046990197705323e-01	6.587680188870911890e-02	-2.054521410797894854e-01	3.297838569568131151e-01	5.129528959939483324e-01	-2.480806588430015391e-01	-3.180637646360779947e-01	-3.526782680306360107e-01	-2.738940208369346485e-01	-2.462966322335715941e-01	-3.705811521049188206e-01	-1.519680114576242580e-01	-3.112972304331694251e-01	-2.749950380130669059e-01	-2.869306616355989381e-01	-4.032490592033620702e-01	-4.857115959348777268e-01	3.006470083661263448e-01	-4.508008726921861054e-01	1.359830120089311201e-01	6.132937504975841114e-02	9.215621846547679408e-02	2.471462192944467919e-03	-6.952697326305768734e-03	-2.584312677376418566e-01	-4.031507303945202486e-02	1.236230623064870637e-01	9.381290399718916762e-02	2.278509987106835666e-01	-1.295845317439469069e-01	-8.702408956523430272e-02	4.597015186547148691e-02	-1.252056493132081005e-02	-1.091068970845100461e-01	-2.429869621956125547e-01	-2.428152383834233652e-01	-1.973740292745046476e-01	-3.863890899764653719e-01	-5.585026312931178349e-01	-3.523680804044413417e-01	-4.511686904005983711e-01	-5.960777191034724587e-02	1.496753301847972839e-01	-3.836368615731255982e-01	-3.319292397171736964e-01	-3.481415184188833001e-01	-4.958478713313357183e-02	-3.574478404547972721e-01	1.902719610821725083e-01	-2.442521236456743697e-02	-7.190864746038598543e-02	-1.025615040250348192e-01	2.150206583208753575e-01	-2.179668114885748020e-01	-2.008687631764884407e-01	-1.455703275435233923e-01	-5.745476016976567429e-02	3.638230695580883522e-01	2.339875348413666678e-01	-6.250357147316652762e-02	2.869317383293543133e-01	2.953486598294809973e-01	4.910029012981752539e-01	4.308215003813685162e-01	4.785000470632198577e-01	2.442999886495066109e-01	-1.421770688911276892e-01	-5.099822214087839506e-02	-2.203948941477305856e-01	-1.956461314882980973e-01	-2.393751470221736344e-01	-1.934234163877738555e-01	-1.708863384750922698e-01	-2.587253416869864098e-01	2.915324249893776476e-01	4.578705474826044175e-01	-5.541598864505251770e-02	2.494698162274834596e-01	-2.515839803292916343e-01	-6.426116135050286005e-02	6.510254808588804287e-02	1.196988397044107533e-01	2.491560072692008965e-01	4.203940413093599782e-01	2.144238376491290066e-01	-1.784959759340422891e-01	-6.223962503768378646e-02	3.858537772841125202e-01	2.105989846209105343e-01	4.753285217657562400e-01	2.396842511060070513e-01	4.922496835631067769e-01	3.734486538762871732e-01	6.653151559923266012e-01	3.625178947859130640e-01	6.706503163601065243e-01	4.413701657571987291e-01	3.963692507170765711e-01	4.535060765506432334e-02	-1.866759097809109202e-01	-2.586481971515524059e-01	4.205514013377508187e-01	3.609027506892066861e-01	3.642807343070194048e-01	1.741343076870583428e-01
-3.882726611338924161e-01	-6.887409383176747169e-02	-2.871413483127337463e-01	-4.068412447082621619e-01	-6.016092441139858638e-01	-5.091570303185786184e-01	-3.766338104949012999e-01	-1.725442383592036555e-01	-2.525971021368319525e-01	-3.568919134276566374e-01	-3.183469231738504934e-01	-4.789420012425980033e-01	-1.878380317166546826e-02	2.548771330443478367e-01	1.314858454991582604e-01	2.639135651472241384e-01	-5.866520352462323978e-02	-2.451207436266986464e-02	2.303767260564262565e-01	9.877089594358628988e-02	1.867297420261772034e-01	-1.415717956630279661e-01	2.275213363236146535e-01	-3.495259634337911925e-02	2.158757647268136071e-01	3.228088613196443690e-01	-2.491724969129461009e-01	-2.410174476767005247e-01	-2.673802108660718879e-01	-2.524415546515081932e-01	1.700964534578854326e-01	-5.646467302779086816e-01	-6.478185918024537138e-01	-2.818465037005628560e-01	1.864822760173296678e-01	3.349808158920045686e-01	-9.159358925436891785e-02	-2.652509493626990511e-01	-1.128334159599258396e-01	1.191146326771053282e-01	3.956965889258470814e-02	4.104106267076634840e-02	8.114192405605960556e-02	-1.806300056763577300e-01	2.430641170355198055e-01	1.599176344814900452e-01	-3.831131277103534682e-02	4.325775597122528127e-01	2.890545244737697805e-01	3.378700292957599327e-01	3.922034503686621654e-01	5.118946720902463055e-01	-2.563333949205960985e-02	4.779182257848052506e-02	1.792919163189394260e-01	-1.850709984364361238e-02	3.632658415250970552e-01	-2.868669373208582174e-01	-1.353425369731864614e-01	-2.613813527089929312e-01	-1.666915615159925423e-01	2.726048320263144698e-01	-9.635891797362018674e-02	-8.627422787878556709e-02	4.366125305217913866e-01	7.796794707725512863e-02	3.347555942881776936e-01	1.035190478978707945e-01	4.874993042194036841e-01	1.894362444615578511e-01	5.887578506281614388e-01	-3.253627758912888135e-01	-3.955345058635617028e-01	2.768619306277307346e-01	3.224383621709293046e-01	3.745869665459141129e-01	3.922218130759799748e-01	5.456591995913760984e-01	5.053303995134007798e-02	4.197559590265371177e-01	6.102173675149528131e-01	5.606274486983445771e-01	5.649325087574877946e-01	5.048667979313480325e-01	5.390518857703371358e-01	7.786587968808297289e-01	4.288993861329062351e-01	6.926168840208468680e-01	1.000000000000000000e+00	4.852514603184323594e-01	6.367066858616239333e-01	7.449406958955980818e-01	3.549341361701167097e-01	7.491982605728616518e-01	4.815048285799707339e-01	1.976984652012543087e-01	-7.375466874533188888e-02	-2.508266856670725020e-01	5.931707806063016841e-01	5.920614618998789602e-01	-2.839509456296604450e-01	-1.941777610937532317e-01	-2.556879127821725106e-01	-2.060339592387236407e-01	-3.409305181858548472e-01	-4.545957115822237826e-01	-2.600993235949257687e-01	-2.538677837170625340e-01	-3.144204720145049037e-01	-1.585447626396783438e-01	-4.471959460024839128e-01	-4.617726935981867897e-01	4.189575341910480311e-01	-4.262313506422660825e-01	1.586039871494641929e-01	2.463030621956861510e-01	1.042290517485585655e-01	1.292092080403321463e-01	-8.017509128171904087e-02	-2.213127642616919133e-01	-1.428583246812198115e-01	2.771910646723408922e-01	2.516639904991357368e-01	8.895209588291556890e-02	-7.174405810861249344e-02	1.098685720874058823e-02	5.421792025112790597e-02	1.040659216432560930e-01	-2.888366568133726026e-02	-1.550104650157919373e-01	-2.344619082110420971e-01	-2.416002652607531498e-01	-4.803038640777810842e-01	-6.557686368357171780e-01	-3.414801199219288375e-01	-5.297548925920355645e-01	2.450839307813360360e-02	1.506295967965316507e-01	-5.226314706850768710e-01	-2.975990980123539020e-01	-4.151163289933081368e-01	3.159189223675668706e-02	-4.056276817985740024e-01	1.876787624000076371e-01	-9.034846058625554954e-02	2.028645805116857659e-02	-5.761748463947883453e-02	9.191190431998384758e-02	-2.705026428400664207e-01	-8.893479158019032549e-02	-1.600330651196855691e-01	-1.442398883577534208e-01	1.973541353468935833e-01	1.135861464972730411e-01	-7.544148803343765641e-02	1.285114572154270884e-01	2.403170074119326538e-01	4.264616145137642977e-01	2.252464555310838557e-01	2.760817782380184382e-01	1.597416252058033725e-01	-7.891215022425250580e-02	1.547174158916662587e-02	-2.779759633492119297e-01	-2.760920442938087360e-01	-2.018167247034478862e-01	-3.024721062027967977e-01	-1.763301535661522257e-01	-3.277652750330410925e-01	1.191673652982437326e-01	2.968130720564849390e-01	-6.830920409003336802e-02	1.061168871581174983e-01	-3.317992930960906306e-01	-1.469325656589569595e-01	-7.584526179249360955e-02	1.221629951427282701e-01	7.967976752030186960e-02	3.589146639966493413e-01	2.672697093408789998e-02	-3.958407892634634995e-01	-2.250176280664272221e-01	2.983859225009554694e-01	9.059155407558681927e-02	2.927968083593200377e-01	3.205088236995248113e-02	3.593714017508908842e-01	1.506063487270621615e-01	4.790011330409183476e-01	3.571728924050169840e-01	5.643294744457861833e-01	3.620754169589840421e-01	2.993330378698838001e-01	-4.336282081648144826e-02	-3.737426970773616852e-01	-2.417796562050515685e-01	3.484842503766044652e-01	4.179597219419002863e-01	3.227403199740936368e-01	8.818300333153650250e-02
-9.782754299498237771e-02	-2.812550768393803913e-01	-7.305302997056024872e-02	-3.920545473690627003e-01	-4.320347938926365483e-01	-2.764473917663401448e-01	-1.442628639739967911e-01	2.945230295378362811e-02	-8.422473387270873468e-02	-8.136596647463449627e-02	-4.815557813679041677e-02	-2.577251056763846804e-01	-1.315033782971687104e-01	5.246052117286596761e-02	-3.471440122999480682e-02	1.465633015031849729e-01	-2.285121926307142337e-01	-5.029162810097390773e-02	-8.356415120564576748e-02	-6.389330483144561867e-02	1.544912245056874467e-01	-1.673411699617904924e-01	1.038848096329901272e-01	-1.698092613232495829e-01	2.239642882455303852e-01	1.290068116212731986e-01	-2.062632753726199586e-01	-1.571211853943817183e-01	-1.984020602546965883e-01	-1.832706735168157242e-01	1.394222323467021463e-01	-2.781179877057278760e-01	-4.307542199540725369e-01	-1.655298299259420347e-01	5.256286724298586373e-04	1.179590530142296673e-01	-2.189077539548473228e-01	-2.615173322465376704e-01	-4.906767816083329632e-03	-6.562261179396679245e-02	3.415738827570558023e-02	-6.882397835653566998e-02	6.353299624637388787e-02	-1.768118723808641546e-01	1.075323933324211362e-01	1.209298072922667805e-01	7.816606470731973788e-02	4.100767145095679522e-01	4.714334972106909993e-01	5.022433995935093876e-01	2.645969716371152081e-01	3.988461748752445413e-01	6.579610426687521052e-02	2.281836930882466807e-01	6.060177857351714548e-02	1.194088348302057567e-01	2.525041408008857347e-01	-8.289695815262411449e-02	3.372708768590549147e-03	-9.035598736339504888e-02	2.152818539704969281e-01	2.948543855226220534e-01	1.654110570942236291e-01	-2.187934707793644587e-02	4.925086500599346606e-01	2.514171410962132147e-01	2.715985409470431655e-01	4.459644291136474203e-01	7.175887643957437056e-01	3.372749439654980086e-01	5.412080784425559177e-01	-2.210650754092219339e-01	-1.564119343484217384e-01	9.657147030138570065e-02	5.184173507055690466e-01	2.200589713184680218e-01	1.730403551880918822e-01	4.096869069535292729e-01	8.626683008400530539e-02	1.713084105914223776e-01	4.137620284491945188e-01	4.767648328890462528e-01	3.417144150063186059e-01	2.877013762919395923e-01	1.922500777817660877e-01	4.173629853662088607e-01	4.605851648055294678e-01	4.613454593246322788e-01	4.852514603184324149e-01	1.000000000000000000e+00	4.902128864664663799e-01	5.986995235313837815e-01	3.129456782558704409e-01	5.003321711362247459e-01	3.477676852697440535e-01	2.404208627300304379e-01	4.622061062881111654e-02	-2.152429394313032721e-03	2.982236115856812808e-01	4.194384717489503811e-01	-1.782943999417334335e-01	-3.608671651650208756e-01	-3.497299214102664311e-01	-4.066636096594496985e-01	-3.206149858700232391e-01	-3.047698851850108581e-01	-4.145815435914514298e-03	-1.053064726443873472e-01	-8.005812494415649738e-02	5.709380854629376306e-02	-2.648050685519152125e-01	-3.531914122604658535e-01	9.820562601135622571e-02	-2.236494512426684678e-01	-1.827151460890243106e-01	-1.159434272254336734e-01	-1.580370189175461515e-01	-1.626303421256999893e-01	-1.520679301304824482e-01	-3.087833861365861243e-01	-2.611403774633102581e-01	-2.205734687949140460e-01	-8.459013261834306963e-02	6.575907563911632947e-02	-3.357277329360471019e-02	8.947522580671908587e-02	-7.363384408815341897e-02	-1.765316217647325547e-01	-1.005252097508342185e-01	-1.895494594062479832e-01	-1.644130741564951703e-01	-1.657512465229902254e-01	-2.660301838997671253e-01	-4.513742231761978529e-01	-2.754945769338386086e-01	-3.017033487363743882e-01	-1.511288690065822060e-01	-3.299577132014274577e-02	-1.946979958072276029e-01	-2.419637831249722704e-01	-2.727011682431168538e-01	-8.511661105556382612e-02	-2.424365367557780315e-01	2.621850336569969686e-01	-9.351123377306856665e-02	-1.862634825541148453e-01	-7.112247508120977946e-02	2.138466889783684211e-02	-1.966834154676581070e-01	-1.554530857694843282e-01	9.539070098014022780e-02	-1.009723468796980966e-01	3.101128233826261904e-01	3.465788226511298808e-01	3.397961205221753933e-01	3.792924865775030296e-01	2.290267202501768962e-01	3.337267479362845402e-01	1.585600389505791019e-01	1.281392953974251070e-01	7.879792022969413223e-02	5.764744666973353748e-02	7.183060249582157164e-02	-1.942893149728413538e-01	-8.915787273408319960e-03	-1.383771633529709832e-01	4.700691664841405437e-02	-1.256294550560901058e-01	-8.672079366996969518e-02	3.532897089309599004e-01	2.415259096685590523e-01	6.803900158508593976e-02	3.544996378614551080e-01	6.950226701515875571e-02	-5.950401026061376969e-02	1.200065220794620802e-01	2.523011704141083777e-01	1.349460271229361852e-01	5.087939488319435100e-01	4.406171598528003247e-02	-2.116286649369210349e-01	-1.716589059546228535e-01	1.172831989685260839e-01	2.274084364281038217e-01	2.273300456796388536e-01	-8.339707091411127649e-02	4.545632243396307004e-01	3.005868892974213336e-01	3.018508002809044966e-01	3.744543405975371830e-01	2.661636507367894366e-01	2.852763416814912967e-01	3.854868687345177070e-01	5.101424496830580385e-02	-2.014424615208342817e-01	6.665449017977467805e-02	1.794151711026274465e-01	3.077175992919621295e-01	3.017626197066924920e-01	1.410443589482426041e-01
-3.552243848666229997e-01	-1.330025665326298456e-01	-3.473610131043825544e-01	-4.845887942742971854e-01	-5.632676485613278272e-01	-4.584360929871190149e-01	-3.975299749161926299e-01	-8.891534579516723047e-02	-2.436864524865099968e-01	-2.540506234325959345e-01	-1.188645341515770087e-01	-4.017257508342558792e-01	1.034988614988775757e-02	1.165661230722750824e-01	1.601291788174662167e-01	2.558166150179720932e-01	-7.975442165369703296e-02	1.480545823750585022e-01	2.155546242823937197e-01	2.138732083450753108e-01	1.793534849015881172e-01	-2.057478281440696874e-02	2.877957257702724037e-01	4.755111626366882727e-02	3.519547045238083927e-01	2.597584548007623728e-01	-6.974921030432626456e-02	1.716958253145162844e-02	-3.195739312639644392e-01	-2.988546926156818162e-01	7.064267510290835050e-02	-4.496037943614092369e-01	-4.357807132903867564e-01	-1.423688102997066329e-01	2.347944119496897519e-02	1.741682404423150476e-01	-4.405084161575354568e-02	-1.191714287013465878e-01	2.460216860913870887e-02	4.873544274189126058e-02	8.127255252756683535e-02	7.941476022282180358e-02	1.171542074974287334e-01	-7.071350365031921215e-02	3.765472636395545969e-01	4.126552166457316817e-01	3.053861202113237680e-02	5.600524938067256153e-01	2.850472872353845277e-01	3.891603285768711618e-01	1.385312735337748680e-01	2.614099947376413158e-01	-1.883566375095366563e-01	6.364012708660474194e-02	1.640968866983858951e-02	3.764400678855904514e-02	2.365800985916271526e-01	-1.961879407177083978e-01	-1.365862574482338554e-01	-1.126546580466989411e-01	2.213840704020358582e-02	2.879505168692901296e-01	1.466918998193854004e-02	-6.058034382928750156e-02	4.988565877217799871e-01	2.301384312989797343e-02	2.251059128481208149e-01	9.031910555548663955e-02	4.935106760855682562e-01	1.484306032342655457e-01	4.907430233806392983e-01	-2.583996744690056357e-01	-2.804061651350692741e-01	9.900795059393424635e-02	1.833222581305530008e-01	3.370574156520130260e-01	1.421662377129454813e-01	3.616391105083946456e-01	-5.466854532766771829e-02	9.151619908808122927e-02	3.671349952789446647e-01	4.461433279552844411e-01	2.874270334865994814e-01	3.132086124587271647e-01	2.375232363994905782e-01	6.351056555592077268e-01	3.226435628246550058e-01	5.306643751581439084e-01	6.367066858616238223e-01	4.902128864664663799e-01	1.000000000000000000e+00	6.729511367296250324e-01	3.631516410396919969e-01	5.866593304572798040e-01	4.450799033906098212e-01	-5.517423991724056120e-02	-2.150205940643223623e-01	-4.600452952190794420e-01	4.829151076512789298e-01	3.737546185690880929e-01	-3.463453444714847396e-01	-1.835264904672798125e-01	-2.968338445772130685e-01	-1.990421157821114784e-01	-3.528822450688994805e-01	-4.721586163438463157e-01	-2.311743047029058973e-01	-2.810787449929802451e-01	-2.280268236932915527e-01	-1.183645031026426958e-01	-3.440773513936411510e-01	-3.329908354731114795e-01	2.789600760957041681e-01	-1.493528440235507293e-01	1.430521980276145966e-01	2.052482702876138876e-01	1.015588743520308285e-01	2.099960320962106775e-01	-1.818866063253056775e-01	-4.234748974705896535e-02	-2.123191700643077273e-01	1.393315395276055468e-01	2.898050817217259767e-01	1.695613365381963278e-01	1.140453794311123148e-01	5.561445047458530438e-02	7.234018428845485904e-02	1.500479406942842320e-01	-6.193594565553847686e-02	-8.827992861450128029e-03	-2.687015309053504275e-01	-3.397745674433455543e-01	-4.895648867245799285e-01	-4.332455582398394567e-01	-1.992878399932670741e-01	-3.556303193880721580e-01	9.097951891814555492e-02	1.497607564872403818e-01	-4.043978313650862799e-01	-6.968048751787016271e-02	-1.787342155339809446e-01	1.022349920394122758e-01	-1.604001058983538230e-01	1.097082801403959917e-01	1.419092213887794829e-01	1.098577855045535651e-01	4.421218281621193402e-02	1.280983424875460075e-01	-2.908768795547728159e-01	6.456196518073473167e-02	-4.589124879901414905e-02	-9.603223172600772184e-02	1.837186917051136237e-01	2.004052735612266989e-01	-3.114008551515118350e-02	2.413528961385643656e-01	4.890475338734982108e-02	2.354778460333951939e-01	-6.759907424123663688e-02	8.773208847394003973e-02	3.604461983367266732e-03	-5.607244664011929586e-02	-1.247649529818471020e-01	-3.986756226419361782e-01	-3.286618768278810609e-01	-9.787321846363257472e-02	-2.112465242963725287e-01	-1.268049902235909299e-01	-2.835888978444054409e-01	6.894834402174840338e-02	8.518220340942938770e-03	-8.577813616114512985e-02	-3.524899465373147051e-02	-1.344524205430784602e-01	1.173784665541792588e-01	-6.806165270804195346e-03	-1.454004096371188659e-01	-7.183368109358394260e-02	4.758219420851846904e-01	-4.960984796180364226e-02	-3.630640580564578612e-01	-2.979334214310216389e-01	1.998591285698367304e-01	-3.094772574781576996e-02	3.178789399612212407e-01	-1.549763557912645362e-01	3.397529075353079575e-01	1.600313868734841716e-01	2.571112804391091355e-01	2.978817683126357974e-01	3.328404638986897646e-01	3.007797515697012147e-01	8.553912540916611129e-02	-2.774701366541161840e-01	-4.384455893404956561e-01	-3.510259928701486287e-01	1.855918959811447833e-01	4.229030925065836444e-01	2.021305213149868218e-01	3.144988788273832270e-02
-2.502772014420637792e-01	-9.879256450165962988e-02	-2.785295605912363470e-01	-4.502911184687227730e-01	-5.374303485050700990e-01	-4.814432586492237709e-01	-2.549545603199585564e-01	-3.991073831207068295e-02	-1.218914310149106645e-01	-2.226956149217507452e-01	-1.709463269141966169e-01	-3.936623160893996110e-01	-2.881189627706704642e-02	1.354454466373854471e-01	1.068045828784809220e-01	2.007863185664666983e-01	-1.285594058630784020e-01	1.933148919128603246e-02	2.503186456907677826e-01	1.463763814978440939e-03	3.065931120226587092e-01	-9.248628433263769710e-02	2.545287008288443786e-01	-4.544660853439409266e-03	3.324032823941750481e-01	3.420692566480933450e-01	-1.425669670568817660e-01	-1.235297100099646134e-01	-1.902986608566297200e-01	-2.095799350101599234e-01	3.572467575120653882e-02	-5.172168634238106799e-01	-5.439008405140460800e-01	-2.171759775928640279e-01	1.046546934033710241e-01	2.457250740146041945e-01	-1.141153603000505216e-02	-1.715568234374202916e-01	-1.166900335383946885e-01	1.440112967330926808e-01	2.211928695078946017e-01	1.041404954703890606e-01	1.578516016375930697e-01	-5.774491281004413140e-02	2.725050450642002020e-01	2.316756615048793655e-01	7.753109890688762718e-02	4.696582196286899769e-01	4.638450984747370942e-01	5.519362513830370354e-01	3.407101764099682573e-01	5.102822011064872543e-01	4.217479638102855817e-03	1.101096671558802337e-01	1.881405940971507817e-01	8.696364309321437391e-02	2.572706649617079733e-01	-3.336149823209976772e-01	-6.732356747451467838e-02	-2.094714704009011941e-01	-1.390643898058462058e-01	3.506811480022634653e-01	-9.248463009836931092e-02	-3.950944518771784542e-02	4.133022356979336731e-01	1.037840594218459034e-01	2.053822454357114302e-01	1.076908391143354543e-01	4.508416444733816530e-01	1.594495371717527810e-01	5.777145030793249258e-01	-2.382821791103138243e-01	-3.521780267914683127e-01	2.672179741347318060e-01	2.386981798126070198e-01	1.521694027845234554e-01	2.554113439825690945e-01	4.885143939042300709e-01	-1.500757490794464577e-02	4.338507124809876103e-01	5.336484653246924559e-01	6.347479704456416849e-01	5.643027686919361852e-01	3.572253137260751887e-01	3.864542346755062696e-01	6.610021609546842258e-01	4.353701970598480298e-01	6.649740623725761690e-01	7.449406958955980818e-01	5.986995235313837815e-01	6.729511367296251434e-01	1.000000000000000000e+00	4.099313052469937824e-01	7.527217608975043106e-01	5.173517109505019196e-01	1.222038606387117060e-01	-6.893575492132197891e-02	-1.889468245297943050e-01	4.597609551124035021e-01	4.836894815383767643e-01	-2.530008983563726832e-01	-2.869339150973384545e-01	-3.490320434544169070e-01	-3.193639834835711455e-01	-2.994104665218944583e-01	-4.601039320418226497e-01	-1.767946953670992416e-01	-2.253520211036049992e-01	-1.929172060469509509e-01	-1.269370133376228338e-01	-3.671454285245621674e-01	-3.806778088038421659e-01	3.001650289009101802e-01	-2.893759445567331001e-01	5.670929263716611296e-02	1.107802156132738219e-01	5.062752226774569486e-02	5.065306535339565014e-02	-1.018758884609233528e-01	-2.285918628464941038e-01	-2.222759000439169241e-01	1.208844312380012720e-01	1.298155504165199314e-01	9.617344332338710611e-02	-6.410481138736907891e-02	1.531731030773227087e-01	2.250841123590727536e-02	6.080591440937169190e-02	-6.966405177863056047e-03	-6.960255682788710208e-02	-2.840113637425237259e-01	-2.465042620215465441e-01	-4.071956848002096785e-01	-6.243245706510549553e-01	-2.736920385883539475e-01	-4.802336992347761013e-01	7.531987941387655039e-02	1.257347014748871339e-01	-4.659935068953351966e-01	-2.475448439985633853e-01	-2.905736368134940739e-01	1.144160633987834630e-01	-2.722028123941716005e-01	2.989732515995430218e-01	7.342925065442572341e-02	1.173701732152910154e-01	-2.312952462006742302e-02	1.383163200561514927e-01	-3.125631548865637210e-01	-3.975741177049199604e-02	5.556489152284561223e-03	-3.895631254656961584e-02	2.471623187882467654e-01	3.092617298533449910e-01	1.257971351592381826e-01	2.930784732778574653e-01	2.242219067391568177e-01	5.211198522353454043e-01	2.691870368112871392e-01	2.728292765687818644e-01	1.897364271575389394e-01	-4.635431457548260664e-02	1.767283611292357406e-02	-2.530009833707279054e-01	-3.139267972396839745e-01	-2.011529993310827991e-01	-2.667317297609312354e-01	-9.863404978549628055e-02	-2.705027370086935390e-01	2.354856281411575047e-01	2.760308322322237995e-01	-1.345718526732519460e-01	9.128691839233188388e-02	-2.878676283694212579e-01	-1.993273753726895053e-02	-5.946745068621816371e-02	1.540248377676499414e-01	4.309101010048153879e-02	4.625222915740797025e-01	-6.490960458178827996e-02	-2.754612643213384393e-01	-2.694885749859846080e-01	2.794141828335097166e-01	2.859410749351437575e-02	3.345874994862826912e-01	-7.425605237207912046e-02	5.069132484718683607e-01	3.299160898618619941e-01	4.655433386043631994e-01	3.947490595892700349e-01	5.100053443513783424e-01	3.413098957160771718e-01	4.206809618867916045e-01	-1.457381837481862008e-01	-3.485672524997372457e-01	-1.504417852688669510e-01	3.269111703465150676e-01	4.824457861562827521e-01	3.163897609429113245e-01	1.527070579045536336e-01
-2.805424828187663144e-01	-1.057519538334667358e-01	-1.096310465636127496e-01	-3.297818739521793940e-01	-4.305742404919178368e-01	-3.178268875089731438e-01	-2.612157785585583758e-01	2.277725787124032595e-03	-1.925391420788114816e-01	-1.730420389684075022e-01	-2.372174222159845469e-01	-2.673172325469303501e-01	-2.923107592774082299e-03	1.878041816555976740e-01	1.157537466784761826e-01	1.057523414888935642e-01	1.462650750865833460e-01	-1.315780761952627664e-01	1.471632377136623537e-01	1.416485296097086954e-01	1.129695752768342942e-01	7.276704865820270152e-02	1.159125770307421616e-01	6.107908861213658114e-02	2.215941645360108847e-01	1.294779010527567775e-01	-3.819329295120558326e-02	1.310389492038884808e-03	3.164929404148768277e-02	-1.218017635855749570e-01	-5.739801096542457293e-02	-1.700771872054662737e-01	-3.380089799247523730e-01	-1.574486267579046916e-01	-2.236001411585721022e-02	6.006609083327954512e-02	-3.687322339643818447e-02	-5.419563062047558916e-02	3.208847514354259967e-02	5.406287541182881046e-02	1.671194732390744175e-01	-5.386578015238396161e-02	2.789189992433475651e-01	-1.922504465030240861e-01	2.762583976230005844e-01	1.522746935676743407e-01	1.440494114197285735e-01	4.826725428200504542e-01	1.794783220292932857e-01	1.164978133878742522e-01	3.133825203285268146e-01	3.828984210047612913e-01	1.581053384348734547e-01	2.302002736583317055e-01	1.488965836201963384e-04	-1.034956154006932555e-01	4.066185729915294811e-01	-3.731773375093411227e-02	6.836493840066329430e-02	-5.727526705897450360e-02	1.097160744436494195e-01	5.697312343822139580e-01	2.960541509216725320e-01	5.679561575878250279e-02	5.066621429599833526e-01	9.639152039041722075e-02	3.075041127673526220e-01	3.182635995404548002e-01	2.927948480805656617e-01	5.158244038684058896e-01	3.881585109267473022e-01	-2.747154689059312926e-01	-2.268132478712865663e-01	6.621457094650438913e-02	1.636150224661810648e-01	2.589067640537393022e-01	8.944891705500110368e-02	1.351943117292907781e-01	-2.316319715386581934e-01	1.645448754581980422e-01	3.456056695464396755e-01	1.795320768020197688e-01	3.100029667820561330e-01	1.984123223680866743e-01	1.251207582393554785e-01	3.276396358361113315e-01	6.294737701741215385e-02	3.046231133559950122e-01	3.549341361701167097e-01	3.129456782558704409e-01	3.631516410396919969e-01	4.099313052469937824e-01	1.000000000000000000e+00	4.823586312904243334e-01	3.846664157703833520e-01	-6.415274357453999710e-02	-1.105186828294696250e-01	-2.349546168055288431e-01	1.969255201107626141e-01	1.141764710162820051e-01	-2.065941428893605658e-01	-1.724027747175540526e-01	-9.591556164647345450e-02	-1.570354084070174905e-01	-2.964298662600518552e-01	-2.711374704696567495e-01	-1.779438363250346322e-02	8.790958017111311085e-02	-1.321905454625981469e-01	1.197805088363416426e-01	-2.332302227320371402e-01	-2.414856385537538508e-01	1.378911688919479128e-01	-4.616144222254560392e-02	8.342264603706578407e-02	2.840624726761847157e-02	9.864641808409757573e-02	8.654766759899698569e-02	3.731510665197072113e-02	-3.140456148842366707e-02	1.123978321464775970e-01	9.889894105033766869e-02	-9.146771237685173347e-03	2.270119320888313030e-01	-5.666043402610144997e-02	2.502090193509123872e-02	7.425610709793811770e-02	1.632376818138795982e-01	3.017779017476656528e-02	1.755610547527175144e-02	-6.684804408418870691e-02	-2.315247216702507604e-01	-2.707632624507332886e-01	-2.612181730244685918e-01	-1.201223130223583180e-01	-1.387930226956088919e-01	6.703993219725233599e-02	1.111446156678632252e-01	-2.429496629285393117e-01	-2.199527313239502957e-01	-1.057099784948189319e-01	8.838687041970356983e-02	-1.926650044969331899e-01	2.049340155134600772e-01	1.726778357476509984e-01	2.213779095350495163e-01	4.135875544607105214e-02	-4.017552547112027139e-02	-9.021326821918478067e-02	1.720235622294325958e-02	-8.705784495109405996e-02	2.268015922073358670e-01	1.131528589008316682e-01	-8.035425196006024118e-02	-1.634828456278661080e-01	1.471588472776990952e-01	2.416469190753436636e-01	2.400234460051371699e-01	-2.999414723646862124e-02	1.611498852548789440e-01	2.435295870495180204e-01	2.346996680932382784e-01	2.205619806654278703e-01	-1.585757123621132358e-01	-2.088389333084580413e-01	8.984482764486607931e-02	-1.733672574588891457e-01	-3.023524283043268340e-02	-3.435197882918184509e-01	3.667712350922300302e-02	4.034552144711076038e-02	-7.656511121649496598e-02	-7.296604748229075510e-02	2.923550423177984081e-02	2.309586325715631827e-01	-4.586939525806648515e-02	2.501994201592520062e-01	1.143972719774293267e-01	6.233640515046167535e-02	-5.523427251911211533e-02	-3.466982638744783851e-01	-3.852576852798731966e-01	7.890073666423712273e-02	-2.264886846473885829e-01	1.659634981806795140e-01	-1.821461571388524603e-01	-3.797424303365385528e-02	4.218669519057121481e-02	1.430740500185833375e-01	-5.332895562160472336e-02	1.018879302128755243e-01	1.927102869842139687e-01	1.098203126227468018e-01	-2.609557384061687024e-01	-2.753200690447943355e-01	-1.607151055317683208e-01	3.762517590044927359e-03	1.609684147093037032e-01	-5.526626980905795933e-02	-1.082164687255786906e-01
-2.676385643557459004e-01	-1.175909177740884354e-01	-2.336156544722514661e-01	-4.197386378128308837e-01	-5.397685618472096714e-01	-4.833213501381640742e-01	-2.775922961114120624e-01	-7.056369644060964119e-02	-2.984005721425484481e-01	-2.791097457934063608e-01	-2.686787875310122087e-01	-4.299030811163805921e-01	6.649255771945118687e-02	2.262769303854165470e-01	1.728318796624969400e-01	1.974009311476218331e-01	1.065900285847440516e-02	6.761190318193627258e-02	1.842123077417620325e-01	4.799471232067175491e-02	2.763673728009946595e-01	-2.397200729828779381e-02	2.175791401181938201e-01	-4.409241197428225706e-02	3.443799623561399903e-01	2.759453146598652151e-01	-2.462671863938531158e-01	-1.938953105231688290e-01	-1.103487261448453244e-01	-4.775276773281042497e-02	1.046324833721041375e-01	-4.758914577536358936e-01	-6.299403014374294063e-01	-1.484002281447001359e-01	1.974890980270967156e-01	2.863102334087896939e-01	2.816918106489599630e-02	-1.731841099566107101e-01	-3.134644310674571110e-02	2.002075917335126021e-01	1.574162876678848466e-01	5.176847342224878690e-02	1.867389451482854013e-01	-1.424274229897555533e-01	2.738312043246495242e-01	1.778710455245538224e-01	1.461730441574665695e-01	4.473049824406978847e-01	3.318192459372305003e-01	3.375369931895358389e-01	3.661930678086938173e-01	5.179919322215758015e-01	6.800867787153121180e-02	1.725818437285812357e-01	1.590496076514213708e-01	5.885203866758367125e-02	4.123899432302604029e-01	-1.725236108903574206e-01	7.416741810490570623e-03	-1.074981366244060488e-01	-1.706055899128929576e-01	3.796480450818424113e-01	1.436425534468573940e-02	7.002445796739624299e-03	4.577487265479501244e-01	1.345415191083095263e-01	2.731644407736252833e-01	2.396997948164993619e-01	3.715468207247441534e-01	3.637497382480613939e-01	5.438091543973854192e-01	-3.522913361593717485e-01	-4.086004208067570698e-01	2.005739600982122672e-01	2.607397532220803171e-01	2.171340450389558085e-01	2.863919108163593963e-01	4.616841487830534163e-01	-9.585940760490367640e-02	4.148771637615528696e-01	5.921979758431725749e-01	5.854406113338036510e-01	5.964656713401744748e-01	3.940651847808904207e-01	4.556495075224002433e-01	7.227659750807319261e-01	3.047223750862515512e-01	6.802463809445833398e-01	7.491982605728616518e-01	5.003321711362247459e-01	5.866593304572798040e-01	7.527217608975043106e-01	4.823586312904243334e-01	1.000000000000000000e+00	6.927341974298980576e-01	5.834114919332603066e-02	-1.463302720655375866e-01	-3.527638089046906678e-01	5.670403397289739411e-01	4.428444624485116110e-01	-2.387421556825136404e-01	-1.739306240764539602e-01	-2.911050382976641537e-01	-2.923804446583643801e-01	-3.051973265962594772e-01	-4.181124337588183471e-01	-2.481791952191133577e-01	-2.535623587981285509e-01	-2.646074599984459264e-01	-1.011949405141273628e-01	-4.601138868611771571e-01	-3.529387815953964891e-01	3.208783051163544564e-01	-3.879186040827630744e-01	1.053393268036474650e-01	1.290752682116733940e-01	8.445396922664363815e-02	-1.451170841092363530e-02	-3.511092076635149301e-02	-1.857523067044687393e-01	-1.509861960623715138e-01	1.088745281115050256e-01	9.842935001904920544e-02	2.474215685113899110e-01	-3.225754482491557940e-02	1.406172609594276979e-01	7.691039331473444041e-02	1.933335706644289526e-02	-3.162177634256069236e-02	-1.765987644424647507e-01	-1.549552872841298556e-01	-1.446111435263189859e-01	-4.100617297736281475e-01	-6.152082140642597397e-01	-2.376753550257376391e-01	-4.623333965359124886e-01	7.052083328557397224e-02	2.021962341949679054e-01	-5.240073755832437286e-01	-2.748117805534686098e-01	-3.634185092130974293e-01	5.904123992188158726e-02	-4.020635419202807648e-01	3.378574966575719207e-01	-6.500752767038929167e-03	7.268048043994419782e-02	-2.329606178045593237e-02	1.628703241509702471e-01	-1.888575760516973401e-01	-9.508383365528645659e-02	-4.073448534096991286e-02	-5.792715811786312147e-02	2.042633007200784223e-01	2.007214568616595141e-01	-4.667239871866619982e-02	2.693614805462399286e-01	2.335717372887966825e-01	4.575606148661724992e-01	1.651146849405060735e-01	2.672486487089664187e-01	2.088839509237063741e-01	4.805715457512648586e-02	8.815689519313121836e-02	-1.868837716226061929e-01	-2.539321406725449370e-01	-1.113135334001361526e-01	-3.606836838743370799e-01	-5.363556510665331428e-03	-2.899145407655042139e-01	1.599282747777631686e-01	2.675871103572360354e-01	-1.390610853551937642e-01	6.139939435840893051e-02	-2.341298749307806071e-01	-1.492480066315781395e-01	-2.222066594561451502e-01	1.395643395614247495e-01	7.604875722509797653e-02	3.754410622327397085e-01	-1.412715861836808806e-01	-3.771007517069554504e-01	-3.417694415263720087e-01	2.002826192859968879e-01	3.810655202402091907e-02	2.176947916191893928e-01	-8.242519276178993104e-02	3.506487554635224213e-01	2.282562456448735955e-01	4.021217929898787125e-01	2.971767793680608616e-01	5.277178516172628120e-01	2.593749263376570746e-01	4.490100250400312909e-01	-1.296112391739055181e-01	-4.323935765311083257e-01	-2.589560243875806411e-01	3.487242436080757457e-01	5.094220148590131725e-01	3.481760206232686339e-01	1.912245418508155825e-01
-1.761867332839137656e-01	-2.611490742001419327e-02	-2.002988065300576881e-01	-3.408810154417925564e-01	-3.833403184486853243e-01	-3.521049465477800733e-01	-1.843752536504580930e-01	-3.995145162413725123e-03	-2.343338704380182880e-01	-1.068489339228649720e-01	-1.744664790437403801e-01	-2.604068460014820063e-01	3.213523148363436194e-02	5.808359960539240946e-02	1.209694164552759105e-01	1.372391150377214597e-01	-5.060899075831815086e-02	1.780219339802283918e-01	7.655822169984330405e-02	-4.451272450185778801e-02	4.309344453787605778e-01	1.918351273615438446e-01	2.941984458583504769e-01	1.397110031079913939e-01	4.128297400120122251e-01	2.040366479560916935e-01	-7.206236737560522965e-02	1.089813887945285109e-01	4.714895933814174794e-02	8.892678255513810845e-03	-1.522013933822394249e-01	-3.308239532175502040e-01	-3.664904415553489336e-01	-9.043729495549608643e-02	1.199416253685628292e-01	8.205632121897939169e-02	4.005022911313042833e-02	-4.032708266947227643e-02	1.052731470369350220e-01	3.104366323469904820e-01	2.921698794179550807e-01	1.364286251101980985e-01	4.523367307097612144e-01	-1.536556465569766938e-01	3.215117726440889223e-01	3.429868963982862229e-01	3.204268009862361599e-01	4.549440149848554271e-01	3.070732188538036200e-01	1.683214366789566874e-01	2.764396603332029967e-01	3.184337819949913384e-01	-6.862347775848309794e-02	1.109952432309800341e-01	3.060833330228095173e-02	2.971263753600108387e-02	3.701313561018410025e-01	-3.770984211122358626e-02	1.296422748979160489e-02	-1.703400756172922595e-02	-6.178249642910858819e-02	5.011153288249148297e-01	2.380336182624262775e-01	1.253005644434891375e-01	4.666234791439853868e-01	9.992472528106974283e-02	1.460483350529531155e-01	3.008145258308624892e-01	1.814200647263984334e-01	3.199410120579774808e-01	3.563788919689427903e-01	-3.163492325017265294e-01	-3.002875415111658230e-01	9.849438244969002665e-02	-1.128270096073020166e-02	5.292691984637679786e-02	3.901839134131509373e-02	2.127712810099268992e-01	-2.980012208506989668e-01	1.667680488756548285e-01	3.090443948786852357e-01	3.251048331056844432e-01	3.272271121285417195e-01	6.649302036480390921e-02	2.135837585295237706e-01	4.404406442593076787e-01	-4.349153687904474402e-03	4.436394526183132236e-01	4.815048285799707894e-01	3.477676852697440535e-01	4.450799033906097657e-01	5.173517109505019196e-01	3.846664157703833520e-01	6.927341974298980576e-01	1.000000000000000000e+00	-1.476918986178462623e-01	-3.222415204815929357e-01	-3.146671468439040109e-01	4.373049873041802704e-01	1.110699184616159019e-01	-1.294606866688237934e-01	-7.809717529080574538e-02	-1.780261950120733960e-01	-1.805642639153727802e-01	-2.095332394077190075e-01	-2.836714592299950377e-01	-1.227907624807372117e-01	-2.724601976792776492e-01	-9.561764088705558551e-02	-2.173589936078015178e-02	-3.381209266724012896e-01	-2.287388881294580290e-01	2.003003241741841411e-01	-1.918853158330752484e-01	1.401399398080536152e-01	1.849111982202790161e-01	8.810375362333755511e-02	2.653698462923319290e-02	-6.885521561249599576e-02	-1.209998201824066984e-02	-2.022358492681472775e-01	7.088097805388734671e-03	1.703552967543494057e-01	2.945124880484794039e-01	7.020793995059021464e-02	2.469099286099564750e-01	7.768044844629541645e-02	2.028544642208356952e-01	1.576433007812177156e-01	-1.739984349995129728e-02	-2.467633113589842719e-01	-2.120915947435142168e-01	-3.427831387967866794e-01	-4.239849454103390425e-01	-9.049707088592949533e-02	-2.807162359681975028e-01	1.214015835574593638e-01	1.467073966652214512e-01	-4.984953501734094017e-01	-1.616261707539641546e-02	-1.161243755954180501e-01	2.633146728952379667e-01	-2.230508825621845270e-01	3.067105690596688139e-01	1.845447886888230693e-01	2.767159200197280566e-01	1.176868765269864781e-01	1.168697732140467627e-01	-1.290821652488199356e-01	9.866144782104072086e-02	6.872350130940012292e-02	1.486395949133454963e-01	7.836070318736330920e-02	1.017512794494829509e-01	4.942500361367026945e-02	2.140898834914326254e-01	3.855853948178344925e-02	2.490614417768700628e-01	-6.430789122229590982e-02	2.194164578004027116e-02	1.685682345933197934e-01	4.292317172136395770e-02	-6.058149442413900826e-02	-3.126086377795618265e-01	-2.849826962470826119e-01	6.850282570808889637e-02	-2.300457520605598827e-01	2.190063169887251360e-01	-2.284371145948148329e-01	5.134546920634660422e-02	-2.402691597785128023e-03	-3.377378747972228923e-01	-1.909041845709055218e-01	-8.348905839318832012e-02	2.827285438292730449e-02	-2.476072191086611252e-01	6.409409127132703263e-03	-8.754869140838694719e-02	3.120063306309566187e-01	-3.213728916613694531e-01	-4.163323740887828750e-01	-4.726801612500730054e-01	7.846323578107307350e-02	-1.979182353975396935e-01	1.556978455398869976e-01	-2.224522203623596206e-01	1.242118219552381386e-01	1.727986038852988848e-01	1.649777274587950482e-01	4.981226256668919855e-02	3.352762636572674260e-01	7.825483337240383974e-02	2.930314783308470283e-01	-3.797647002064398758e-01	-4.935045328013049626e-01	-2.815973584217761894e-01	3.037902084270366898e-01	3.702268707920361446e-01	2.862851020325185916e-02	5.782884234646405719e-02
-7.961148073322280028e-02	2.148075664656156347e-01	7.174175557594921274e-03	-1.578022071080759092e-01	5.109478734611737349e-02	-1.725750936568256622e-01	-5.667250106943842042e-02	-1.256939591608061402e-01	1.540210153533045911e-01	-1.067361458084974263e-01	-1.167595753006546860e-01	-2.036273343797235513e-01	-1.226127460582594891e-01	4.772446381229864670e-02	3.229455517153378974e-02	3.942790902954266402e-02	-7.064351291746824579e-02	-2.555934650758865945e-01	9.002532606337725063e-02	-3.801498661114061789e-02	-1.989581408544705277e-01	-2.439578882967552986e-01	-1.156250481571869659e-01	-1.639764695733562927e-01	-2.016440654137237887e-01	8.064780939870025422e-02	2.042738715086853465e-02	-3.149741980311713263e-01	3.856900131204019089e-02	-1.479334659816727016e-01	6.778569418961510884e-01	-3.537157942612483268e-03	-3.564467249108783098e-01	-2.970073207798715753e-01	3.427568054483019072e-02	5.254370292033457707e-03	-3.433645706426713407e-01	-1.215255235802071010e-01	-1.346222612287884812e-01	-1.726341439621980056e-01	-1.342154187026441126e-01	-1.629919208602104430e-01	-2.100379000056700751e-01	-1.764884721102925325e-01	-2.073909099995289440e-01	-3.339033614525330207e-01	-3.317432027409925044e-01	-9.700224298613664697e-02	-3.811770244885876596e-02	1.576649821329733636e-01	1.211320022028588156e-01	3.173517673866105282e-01	2.669962661838856111e-01	2.060926160493312675e-01	2.194836918024977990e-01	2.848134617124522920e-03	3.247952647968404549e-01	-2.924186766785768186e-03	-1.195985394299530630e-01	-2.314177643587576050e-01	1.504896071405240066e-01	-1.846549616467337285e-01	-3.172711908281455884e-02	-1.041828489737102459e-01	-3.310650149576770118e-02	4.038837219570602655e-02	2.825595844567812542e-01	9.285162660500198561e-02	3.220648547357654601e-01	8.443858604674880919e-02	1.408317752712642257e-01	1.830678545624931097e-01	1.034787782196583822e-01	2.604304422122372675e-01	5.239902361452764001e-01	4.361475333691846590e-01	5.905630725595980568e-01	4.864497752064145808e-01	5.941409409504683214e-01	2.902870953291120659e-01	3.406517054040832937e-01	2.748099193448009236e-01	2.084870207044767776e-01	2.722905932784164262e-01	1.620883399133792868e-01	2.221650078223333658e-01	3.774516319567414735e-01	2.065046990197705323e-01	1.976984652012543087e-01	2.404208627300304379e-01	-5.517423991724056120e-02	1.222038606387117199e-01	-6.415274357453999710e-02	5.834114919332603066e-02	-1.476918986178462900e-01	1.000000000000000000e+00	5.512664914312552789e-01	3.847221667379404630e-01	7.232247571047013823e-02	5.614990778246519154e-01	-1.482408050230443752e-01	-2.547553253027005637e-01	-2.301794081440941830e-01	-1.714638051044467815e-01	-2.448803273526489466e-01	-1.329764139422319469e-01	1.788810504448532651e-02	1.412622812608683998e-01	-1.918230253651138917e-01	-1.316230305031893533e-01	-1.378799671127334259e-01	-3.873618800309554522e-01	-2.828791058297509473e-02	-3.714110783371594726e-01	-6.914080025084629044e-02	-1.340162847786510736e-01	-3.047049489155092550e-01	-2.442905238183740724e-01	-8.032291315471777604e-02	-4.408813530341847420e-01	-4.703153802388079438e-03	-3.060213921137914031e-02	-1.632855425238307623e-01	-1.001464548536026289e-01	-1.895471531582223479e-01	-2.589640673348461014e-02	-1.922520398439252209e-01	-2.195231549668250071e-01	-8.407831278901357897e-02	-3.359523645476638481e-02	-4.803578883931735460e-02	1.707653647446306100e-01	-3.085733374685559194e-02	-1.927385739564720368e-01	-3.172750386620702412e-01	-2.416029564471346980e-01	-3.459744357981295315e-02	-1.714204438474971892e-01	1.571260095384926225e-01	-3.429194017450543641e-01	-4.834383947553755889e-01	-2.888666818633257027e-01	-4.361390011712176773e-01	-3.353012058828679781e-02	-1.555751936963243043e-01	-4.497928343414594465e-01	-3.423978073910345921e-01	6.786351394391709757e-02	-1.764604331342150001e-01	-5.466741857690949891e-01	-3.058347891253763717e-01	-3.200620154227028502e-01	-5.993948223736137067e-03	-6.768907613004129797e-02	1.136361172405793568e-01	-9.091634857783628676e-02	2.281690318642751181e-01	5.944272401989966065e-02	3.732080752981735139e-01	1.100705661650093758e-01	2.144238771016152290e-01	6.614842255786830549e-02	2.895954804563669605e-01	1.050994684945612545e-01	1.639653936364751374e-01	-3.338811219528219909e-01	1.093766484761876101e-01	-4.855719151351331475e-01	2.620010690434327119e-02	1.550372734274068076e-01	4.651160165849134165e-01	2.322420960583431726e-01	3.479891568661800938e-01	-2.201902703673583039e-01	-2.987712207378060980e-01	9.729864921487692275e-02	1.440215052017634612e-01	-1.226763542022631624e-02	2.160978146910277756e-04	3.263953130308725470e-01	2.633000636161380581e-01	4.543494451266540946e-01	2.572541938644005641e-02	5.178335237157360993e-01	1.970808919411762006e-01	5.444343412212406808e-01	1.718636712253852894e-01	2.291921833445607071e-01	2.016065181151061592e-01	3.473171463606029019e-01	1.943609503215506518e-01	-2.349139902250254458e-02	4.427823580026913480e-02	5.272947301788650787e-01	4.084486381276892786e-01	2.770278117672452800e-01	1.861407444146343793e-01	-4.207257776656501969e-02	3.135145128719625807e-01	7.790232816275684258e-02
2.456507287233301029e-01	-1.370966331429263052e-01	3.138335801385724877e-01	1.581604963088143745e-01	2.122272187980294988e-01	2.695645612045550199e-01	2.832693346455772421e-01	9.484839971778045997e-02	2.920961607569594887e-01	2.118708446835039505e-01	2.632264570566543171e-01	1.439854284073312229e-01	-2.864372949437216653e-01	-1.379760282477847100e-01	-1.566873993900845530e-01	-1.630842673829104028e-01	-1.715818678903891781e-01	-2.382330984489927916e-01	-1.268644820295032338e-01	-1.475347376811819433e-01	-3.024001173053336711e-01	-3.648363603452975945e-01	-2.235246725415603319e-01	-2.265028273509770707e-01	-2.389000008465250180e-01	-1.819302240760596046e-01	-1.228954074672297808e-01	-3.517151773887152166e-01	-3.357947056967104660e-02	-3.279047514740957014e-01	4.364233053260099804e-01	1.289603578666734252e-01	-5.563095085681746266e-02	-1.812615332427116865e-01	-1.783148603811648136e-01	-1.181790219982908341e-01	-2.419430950313407325e-01	-2.464078134306353640e-01	-7.152020783983469021e-02	-3.658029812877032216e-01	-2.369385370387365186e-01	-1.219528915324145646e-01	-4.398554201158337840e-01	8.047078494169530860e-02	-2.853566800659343983e-01	-3.167148819346622957e-01	-2.062685988422030825e-01	-1.585060083110473028e-01	-2.833414541587405550e-02	8.687040228240985873e-02	1.464592739360170426e-01	1.883854589778736210e-01	7.449181637913078469e-02	-1.195504632658185712e-01	3.250759325570935082e-02	1.430889686225296498e-01	-1.241961929480573518e-01	-1.942900096296647922e-02	-1.539810679844971775e-01	4.274647790638337608e-02	9.783481215325696978e-02	-2.067326426314594623e-01	-5.815422230212848043e-02	-1.205100047615967201e-01	-2.055426614098880000e-01	-5.391595211040530605e-02	-1.192340857811620830e-01	-2.179300852795982776e-02	1.135041437529036440e-01	-9.533278594002613654e-03	3.295637108714099400e-02	4.537286377780276325e-01	2.595482683097098953e-01	-1.489372164774743768e-02	3.092071667833428683e-01	2.372271790614139675e-01	4.561118293512226307e-01	1.698276465866763729e-01	5.955379801841212961e-01	1.640797781461033056e-01	1.480768000285786756e-01	9.554840673866511758e-02	1.545341927162170725e-01	6.846005178899602917e-02	1.878176557750529663e-01	-9.031829684248519896e-02	4.663658905471033123e-01	6.587680188870911890e-02	-7.375466874533188888e-02	4.622061062881111654e-02	-2.150205940643223623e-01	-6.893575492132197891e-02	-1.105186828294696388e-01	-1.463302720655375866e-01	-3.222415204815929357e-01	5.512664914312552789e-01	1.000000000000000000e+00	4.644441180581705408e-01	-1.669755649045104873e-01	3.774399467616781356e-01	2.005610111669153539e-01	-2.271599874956975185e-01	-5.035508861862158375e-02	-1.259284775530500333e-01	5.521292483131969714e-02	2.671292046270454246e-01	1.290591265307207691e-01	2.566497847389261344e-01	2.191362388626878488e-01	3.028661332292508987e-02	3.224054028942451855e-01	-9.799722828020938914e-02	-2.812312414495019008e-01	-1.725945046010669282e-01	-1.761853519118279643e-01	-2.261196930514429992e-01	-3.161766515084167839e-01	-3.840639122507812919e-01	-2.251042830489001154e-02	-3.131482884803757916e-01	-8.436236429073633303e-02	-9.656020962481291769e-02	-2.960424819391006546e-01	-8.446879046506439170e-02	-2.443167008822816899e-01	-1.986193291121008397e-01	-2.359828086310755690e-01	-3.527224925114685328e-01	-2.323787823649017537e-01	-1.766785664262586208e-01	3.153644202453342871e-02	3.633330618995853634e-01	2.621347022860411879e-01	7.427470214044797070e-02	-1.986764134590718323e-01	-8.413952213831552007e-02	-2.579802904702366839e-01	-3.236298083034159778e-01	3.610675791264016943e-01	-4.084552637924606100e-01	-1.871127440637506689e-01	-4.636762986655795782e-01	-2.090338839498814272e-01	-5.493612513300127898e-02	-2.330103165812501820e-01	-4.092483002453650709e-01	-4.236475673944851694e-01	-2.251479412473255531e-02	1.522266092739416044e-01	-3.958348120189278951e-01	-4.374385724485402999e-02	-1.568719869770481279e-01	6.047880915038063299e-02	1.480273562667928366e-01	8.297139139665443697e-02	5.324867111903727052e-02	1.706756333707713236e-01	7.727166866549096957e-02	3.513699503540517743e-01	1.342414772535194256e-01	4.160794098024972465e-02	-5.466235477306653767e-02	1.396011995870561351e-01	4.272526708698660136e-01	1.011158989440382877e-01	-3.377691621968115232e-01	2.160382477245672006e-01	-3.796535536857748028e-01	1.478926245207043133e-01	4.631869705831199308e-02	3.111680801942399710e-01	1.227737714065946749e-02	2.937574611114929235e-01	-1.375142361172312644e-01	-3.278993021002710728e-01	-2.029828153647091071e-02	1.167236835826783309e-01	1.432530097198619623e-01	-1.282477336647508404e-01	3.148917052616239665e-01	6.567922571169595436e-01	5.830324894245244582e-01	1.547031178474994884e-01	5.381280391679463815e-01	6.907174987898209717e-02	5.029874353398005038e-01	1.939213450613670453e-01	6.384208854246294085e-02	1.791361329894789745e-01	1.485819555998470209e-01	5.905581644093259308e-02	-1.049531332083005336e-01	1.437379441848393447e-01	7.028828787152280322e-01	6.512879752037056269e-01	4.267019208500193450e-01	1.340213923019140663e-01	-3.502043230857277423e-01	2.349984403092633678e-01	1.840652419586369659e-01
2.757836640385940008e-01	-4.626348635704302659e-02	3.450479236157779628e-01	2.675573662574287637e-01	2.798746485178310039e-01	3.133819863195839717e-01	3.719846080322305459e-01	2.387916049565899090e-01	4.242259390777441408e-01	3.094260291376770278e-01	2.751825978596219024e-01	2.549414217955932038e-01	-2.037188320702442434e-01	-1.332554241464370681e-01	-6.928516385003269384e-02	-1.389542735074858204e-01	-5.493944326233736464e-02	-3.659948375769686013e-01	-2.217473121672871306e-01	-2.794426045004633763e-01	-1.213762529926546568e-01	-1.858109739185574705e-01	-2.029029477403940240e-01	-1.675303390139812054e-01	-3.348141446842168301e-01	-3.260925767274140408e-01	-3.875640212402904627e-02	-1.211957307118223803e-01	2.685403740647976933e-01	-1.449976248367647672e-02	9.623741187305112632e-02	1.849140060421145537e-01	1.643984629345594251e-01	3.676101939425904103e-02	-1.202772111791724080e-01	-1.143449165735174744e-01	-1.492093395733453121e-01	-1.359256166491867590e-01	-3.196669342691259991e-02	-2.338210439985602129e-01	-5.962951981826248443e-02	-2.048660463945586596e-01	-1.160964261576384604e-01	-5.813035804844568499e-02	-2.535098154994955832e-01	-3.756824634923484063e-01	-2.811010735641182312e-01	-3.641078271970469848e-01	8.172234727503142893e-02	3.710395239134902517e-02	8.439903883093552439e-02	4.386482232847634111e-02	2.349525128943162899e-01	-1.431821334752327859e-03	1.775088715567876563e-01	1.886987875852213503e-01	-2.051878858102634540e-01	6.934754404229682978e-02	1.156616383252847130e-01	3.402330495558229806e-02	1.156967628602044162e-01	-2.044646795400217876e-01	-1.117572167097803312e-02	1.232514189651063574e-01	-3.908906934367957220e-01	8.455605371366628487e-02	-1.541289439955867147e-01	-8.438795143858343617e-02	-1.365542024234051577e-01	-1.441609813195403045e-01	-1.141660934205245975e-01	2.078577027905835206e-01	-2.249672831938624197e-03	-1.403233171999481999e-01	-5.828225658893085304e-03	-3.503192739095525865e-02	8.675461684331123302e-02	-2.995509611942867578e-02	1.809535373152340032e-01	1.563393763979638862e-01	-6.102807303400417660e-02	4.077541131910342176e-02	8.358607684145534511e-02	-7.029893374535182982e-02	7.929015531822962426e-02	-3.413859422790077591e-01	7.435004161067491207e-03	-2.054521410797894854e-01	-2.508266856670725020e-01	-2.152429394313033154e-03	-4.600452952190794420e-01	-1.889468245297943050e-01	-2.349546168055288431e-01	-3.527638089046906678e-01	-3.146671468439040109e-01	3.847221667379404630e-01	4.644441180581705408e-01	1.000000000000000000e+00	-3.423504090439046799e-01	1.858094254995899114e-02	2.380110191033028566e-01	-1.621410868599659771e-01	-1.819444769069894843e-02	-1.369164521373068266e-01	1.373317958114139425e-01	2.905318570610671558e-01	3.314422933449058806e-01	4.543158106223895709e-01	2.688922091697094618e-01	2.865842308918820636e-01	4.003218880037306970e-01	1.155727184991720141e-01	-3.341458198708073257e-01	4.401313710310589440e-03	-2.136406858176143342e-01	-4.073182017065112293e-01	-2.271951057517803685e-01	-2.784241765266279867e-01	-1.928740996639404306e-02	-1.762226113803050942e-01	8.212555463234991193e-02	-2.148442301199735560e-01	-2.818372766810219310e-01	-1.559795677385429347e-01	-7.252114439919572775e-02	-1.086806580667112609e-01	-3.309609619072291786e-01	-2.850132670041874428e-01	-8.277183360248233090e-02	-1.047124832283560375e-01	1.031198515736438809e-01	2.400202373107011011e-01	3.207448479396504126e-01	1.239428228106734808e-01	-2.020637172358698969e-02	1.705573951598169657e-01	-2.030472936317913868e-01	-3.101721444740516143e-01	2.356095232420581387e-01	-1.914048837320843355e-01	1.467619405943948289e-02	-3.755788038761156411e-01	1.065721589928131548e-02	5.248641097980330517e-02	-1.885337582152669111e-01	-2.580926961489629079e-01	-2.352575119425955319e-01	-1.554592328955739233e-01	2.331317553691986816e-02	-2.383441435196186897e-01	-5.083309581304958080e-02	1.021658297472095023e-01	-4.812379135936942914e-02	1.184592006645538570e-01	2.968036492410023874e-01	-2.476168251749209098e-02	2.559620186879820944e-02	-5.376461514293384703e-03	3.592635321252414249e-01	-1.716464703321595592e-02	8.822412175486415986e-02	4.859354450624671362e-02	2.162038239775554149e-01	3.267744213551442289e-01	2.227906348894738431e-01	-1.694153354699080849e-01	3.233014906315330728e-01	-1.058834827082413416e-01	2.268539427053364033e-01	2.326570818526536577e-01	2.287471080473382212e-01	5.857260649428024102e-02	1.662186569296001670e-01	-6.263307319396483296e-03	-2.789974464620256223e-01	3.122376049087122185e-02	2.461671987198649769e-01	1.263914378181148213e-01	-1.775866686361597391e-01	1.314296059335686995e-01	3.313084742661633886e-01	2.507104917562245627e-01	-1.758378486945168795e-01	1.972688378160713241e-01	-6.206271574239898003e-02	2.668650181893607587e-01	1.451470208151190988e-01	1.130831502369456232e-01	8.222898098976108572e-02	-1.964166742620759507e-02	-2.279413692736330377e-02	-8.769376778094531422e-02	6.558628100611074707e-02	4.407064940463695235e-01	5.462172631777307830e-01	6.842263646374193709e-01	2.638176390988867734e-02	-3.757097912472166512e-01	-1.573114069278342686e-01	-4.073624893003220671e-02
-2.607776132933018465e-01	-5.351826801670411110e-02	-1.447970352590429721e-01	-3.171723853630649681e-01	-4.664840943613262070e-01	-3.922393391640209837e-01	-2.671069443682175804e-01	-1.082290318995405703e-01	-1.863484761686758917e-01	-3.080901667626512186e-01	-2.665665033143080342e-01	-3.647252230817015217e-01	8.727699631510404954e-02	2.075852681564489266e-01	1.403481440053628293e-01	2.217770782853339118e-01	-9.569260344994040546e-02	1.675769526728275727e-01	1.418152574230831242e-01	2.369610265888740241e-01	3.542195869202095504e-01	2.331618962662729000e-01	3.347185189887329493e-01	1.109756244997116698e-01	4.541058711716269847e-01	3.727168587148116941e-01	-2.357552684617986172e-02	6.616104966505869517e-03	-1.353866047727614041e-01	-1.487673587935318953e-02	1.445102023924888235e-01	-3.893184352242530788e-01	-4.729978808314762584e-01	-9.782519862828649437e-02	1.767507067526876696e-01	2.427050966316087743e-01	-5.013635498847376915e-02	-1.337255973797600306e-01	-2.329503817556287382e-02	2.190216363536836019e-01	2.208465687641759101e-01	1.446445650798927340e-01	1.172562110751640407e-01	2.563492656478694176e-02	2.092947748150658926e-01	2.795551718273213138e-01	2.035828914782498722e-01	3.494583862261704255e-01	1.472312983158645949e-01	2.664873262355537120e-01	5.588390610889472365e-02	3.321011189226482085e-01	1.367894332068007868e-02	1.827293081240157491e-01	1.041003282837638100e-01	9.942195922690581777e-02	3.309504459606876225e-01	-1.874583383139283854e-01	-1.520051266060844786e-01	-1.357359164677840457e-01	-2.719189760611414042e-01	1.479523827806273895e-01	-7.050102315404546682e-02	-9.028676803059752787e-02	3.928467953222340991e-01	1.856138886414254174e-01	1.652540615768367249e-01	1.232730976001181478e-01	3.132557375852633719e-01	6.514716177081505966e-02	2.209685763352821908e-01	-1.774587819075724160e-01	-2.644613174880627859e-01	1.571048289601093551e-01	1.796006919095041732e-01	1.509013039239695819e-01	2.989220436005433079e-01	3.157870137015680867e-01	3.378923450098603176e-02	1.097301208680216966e-01	3.247390678836528100e-01	3.153150103520292458e-01	2.633883939952179620e-01	1.966540728467731924e-01	2.634377237536251748e-01	6.123104078543928352e-01	3.346255914918794816e-01	3.297838569568131151e-01	5.931707806063017951e-01	2.982236115856812808e-01	4.829151076512789298e-01	4.597609551124035021e-01	1.969255201107626418e-01	5.670403397289739411e-01	4.373049873041802704e-01	7.232247571047013823e-02	-1.669755649045104873e-01	-3.423504090439047354e-01	1.000000000000000000e+00	4.876233136324977790e-01	-2.303667826041826128e-01	-5.041171346459217412e-02	-4.920602524272287698e-02	-1.177981199045566307e-01	-3.013378585273168153e-01	-3.822215444903234172e-01	-2.218082497436399403e-01	-1.850943262016240820e-01	-2.600901402419682484e-01	-3.711985520705117503e-02	-4.082220281781070992e-01	-2.840548249967977390e-01	2.595511674526421730e-01	-3.182777078763340817e-01	1.245200285793749279e-01	2.383053584424606186e-01	4.518347546942688003e-02	8.914967898864522081e-03	-8.593850855918137854e-02	-4.703456367661077581e-02	-7.430005687589263941e-02	2.437988112756806491e-01	1.848427978198337318e-01	2.668089967072339586e-01	3.419951012065080426e-02	2.047302521744651660e-01	1.786577715964746682e-01	1.785546029580702410e-01	1.602243180774498288e-01	3.039818274678213889e-02	-2.695524296781282025e-01	-1.944617833079766156e-01	-4.870477958879626534e-01	-4.867235215571861784e-01	-2.763957742918619620e-01	-4.714044256100067276e-01	1.135230423516578879e-01	3.445263416555603003e-02	-3.725083526291431135e-01	-1.354704945251955228e-01	-3.107655741095780022e-01	1.815652661603256446e-01	-2.552445408651101144e-01	1.585003016166130485e-01	9.537213627371447788e-02	8.424361970088105334e-02	3.111954684354190093e-02	2.552953436609580948e-02	-1.998002554508086503e-01	4.979774736715422701e-02	-7.437004486833384900e-03	-1.564622395516346576e-01	8.396774004607235331e-02	1.999346400915731625e-01	-9.561915237665137568e-02	1.224313264079844171e-01	1.488249415653933594e-01	2.903347810127770434e-01	-2.615950430807180774e-02	1.388813605204542445e-01	4.979164114117487494e-02	4.856844063931640976e-02	7.031321644008776094e-03	-2.212655165221135145e-01	-2.724215221292745626e-01	-2.136726762692038595e-01	-3.873916916863636151e-01	-3.835988840245722203e-02	-2.977844146935094138e-01	-6.180289220033648168e-02	5.418374064988769334e-02	-1.202043560375214842e-01	-8.923745309930679326e-02	-2.605191796886227040e-01	-1.275940394098586395e-01	-2.057007281304575053e-01	-7.667488734173921738e-02	-1.324783133353071851e-01	2.435147411678245666e-01	-2.033233847387035387e-01	-3.442164625682156975e-01	-2.578035440109954224e-01	3.048673729689858614e-01	-1.747017755778489502e-03	9.401451612819262948e-02	-2.659862166859697230e-02	1.258597193909641587e-01	9.943570014802173562e-02	1.087547577186687847e-01	1.987129183120379394e-01	2.156506187483932246e-01	1.431466293455940786e-01	1.763522606140321414e-01	-1.769403758530977699e-01	-4.162975820377773917e-01	-2.390120270361200394e-01	2.011922667487180960e-01	5.436385615425082252e-01	3.211966556755889712e-01	2.338830964433158965e-01
-2.017578409520668914e-01	-7.861650605673838055e-02	-9.223548637136529116e-02	-3.280973098095246732e-01	-3.841868404451372343e-01	-3.924513201641978144e-01	-2.158389637946382944e-01	-2.192116099781964422e-01	-3.497364311311330909e-02	-3.125791273942880588e-01	-2.154981862576566820e-01	-4.663655911965472467e-01	-1.805351872848517253e-02	1.791915822709201911e-01	5.174317232431635896e-03	1.914568661647436942e-01	-1.405593820876885613e-01	-4.323166053133998404e-02	1.344495585010739569e-01	8.027981410075960000e-02	-2.777552621603848748e-02	-1.566146124780919691e-01	1.375293074703533569e-01	-1.649253770833342125e-01	9.784033370900493964e-02	2.611973134570612642e-01	-1.814015691176361356e-01	-3.496177832165919819e-01	-2.418413206660357528e-01	-3.656978130233849433e-01	5.898911389616815493e-01	-4.076520881087618009e-01	-6.150138780992404630e-01	-3.237887194594343265e-01	1.509626122441129203e-01	2.190038009823460086e-01	-1.309770762158675717e-01	-2.967536657678651046e-01	-1.650745909351928609e-01	-5.791375923485513749e-02	-6.897552394072829773e-02	-5.328254322685323924e-02	-1.849454097511271378e-01	-1.012942638012292035e-01	-2.927586176578384110e-03	-5.891638028985831527e-02	-1.739905624875551782e-01	1.509111393204206064e-01	1.211765586256189214e-01	3.368022326508842701e-01	2.561384789813495044e-01	4.752576386619540849e-01	6.312712542920741188e-02	1.322134075365987982e-01	2.820105151693566570e-01	1.736690085133010542e-01	2.841197934951989468e-01	-2.696209636552645006e-01	-2.258190661961999857e-01	-2.993643428626900915e-01	-8.460417759977180430e-02	-4.120526877357360424e-02	-1.753700758151185701e-01	-1.878780413991356923e-01	2.350659009036334679e-01	1.017966763196584551e-01	3.091967741190412289e-01	3.022018000324976084e-02	5.942802361168434411e-01	1.386454302122565596e-01	3.817852635034114095e-01	-2.021983736105038842e-02	-2.033395558210688570e-01	2.556773820001630448e-01	5.837420856811156300e-01	4.744072627391227037e-01	7.106608876681179687e-01	5.352480359809137500e-01	4.725425039230173319e-01	3.657833235758910506e-01	6.100769004111745719e-01	4.940348669433731743e-01	4.750126183502061394e-01	4.776855116821742131e-01	4.514080810703944846e-01	6.320010482056505063e-01	7.214541532357060527e-01	5.129528959939482213e-01	5.920614618998789602e-01	4.194384717489503811e-01	3.737546185690880929e-01	4.836894815383767088e-01	1.141764710162820051e-01	4.428444624485115555e-01	1.110699184616158880e-01	5.614990778246519154e-01	3.774399467616781356e-01	1.858094254995899114e-02	4.876233136324977790e-01	1.000000000000000000e+00	-2.024536558440871992e-01	-3.520190072633878065e-01	-2.289237918341256173e-01	-2.651965270196366964e-01	-3.646768777156869645e-01	-3.689529921875960294e-01	-2.378953663024179210e-01	-8.464103958353214052e-02	-2.808997392885094202e-01	-1.568728443676301876e-01	-3.105438575156608261e-01	-5.955416797424805120e-01	1.018739978514773409e-01	-5.214328594305395193e-01	-1.089991336601023320e-02	4.062242515127264392e-02	-1.651900035469238970e-01	-1.956312013423812946e-01	-1.598474198947969216e-01	-3.943010263597617748e-01	-2.856192500006509150e-01	4.273058420193880103e-02	-3.857707360208200570e-02	1.525166372192974518e-01	-4.344730036268848461e-02	3.024061827138827679e-02	5.858225025809222358e-02	-1.157133119558548390e-01	-7.554581166219825894e-02	-1.789143136146729429e-01	-1.872080838638787992e-01	4.026716303482100190e-03	-3.965382865871476814e-01	-4.979052302347011794e-01	-4.761840331101122592e-01	-5.809281755914305068e-01	-1.624695386044417988e-01	-1.030989396511153428e-01	-1.497856519704777178e-01	-4.395668111596219840e-01	-5.105592046360678538e-01	-1.634325620656211786e-01	-4.521679940667013287e-01	1.168272992302350211e-01	-1.046940772611764797e-01	-3.082308352625168224e-01	-3.106806244494519365e-01	1.432711095305416737e-01	-1.174898489266703039e-01	-3.611285486186306959e-01	-2.055089559640390362e-01	-2.632138200226094571e-01	2.770616920595371235e-01	2.183111334690290006e-01	-3.505421575335235500e-03	6.590069113638591380e-02	4.151100194106769892e-01	3.951263339712196565e-01	3.769454753112193579e-01	3.718510106071819532e-01	2.073811362697629557e-01	4.555389622940698297e-02	1.723031500154432183e-01	-4.016571566400079646e-02	-9.478152486939274424e-02	-4.657552099673607504e-01	-1.684685996057236346e-01	-4.577937965219203154e-01	-1.428620694670854063e-01	1.660849356620612283e-01	5.294687382232119433e-01	1.465247867414278260e-01	3.863420769444834146e-01	-2.211842563758605884e-01	-2.977051082998786180e-01	8.388396217241178565e-02	1.800926766169378967e-01	1.386791774921429243e-01	2.446913193430497180e-01	2.550313297276672886e-01	9.622552423397470744e-02	2.379334006298397253e-01	3.662401068925603687e-01	5.633716226959886164e-01	3.618677761237806823e-01	4.089486609157121921e-01	4.308443015260247644e-01	2.317171961322360696e-01	4.255392351354712055e-01	5.456091876861046686e-01	4.280744386415482605e-01	1.670215807190661428e-01	2.844064281537470595e-01	3.726715357821817065e-01	2.052924575763110174e-02	2.596728664952515156e-02	4.031780998788873638e-01	2.528764337268578077e-01	5.850368449649657743e-01	2.258245368846995005e-01
7.561164616513527115e-01	-4.292751662773793692e-02	7.142833986807292090e-01	6.624883005241699596e-01	3.754639957246136972e-01	5.601571497090240825e-01	5.602268172242371724e-01	4.714506945842969476e-01	2.495890204388644951e-01	5.645387413522510167e-01	4.185015315707729666e-01	6.478364155585581985e-01	-1.637121942536607366e-01	-1.794860042772896125e-01	-2.133695678731916401e-01	-3.257842971139975341e-01	-2.550005112874227375e-01	3.816523428957295516e-02	-2.361785739687478625e-01	-2.496748694099294175e-01	5.922397690054451158e-02	-1.652474531236302890e-01	4.300971378084479657e-02	5.726932318569760705e-02	-1.764750967689540651e-01	-1.264276862856059946e-01	5.768875136652682617e-02	-1.213699511656947533e-01	1.642376294033101591e-01	7.548567025750801962e-02	-2.041099400839590794e-01	1.736457679553476130e-01	3.116973063237967190e-01	6.766164315243904104e-02	3.700910879106810748e-03	-1.246755874211540605e-01	-3.866711720713170847e-02	-1.532260535271866009e-01	6.602777515992179491e-02	-7.082259163343540553e-02	2.465302271693337391e-02	7.645632140988407877e-02	4.026183705222185355e-02	9.527713398803740186e-02	-2.274006985601723096e-01	-1.308553963019467026e-01	1.714890189045736590e-01	-2.747787080907942436e-01	-7.835259592856200217e-02	-2.639959786299805877e-01	-1.188080797591769128e-01	-2.678016954880612643e-01	-2.144107434821888869e-01	-2.748983375861238088e-01	-1.178901834847454477e-01	-1.831776826701041541e-02	-4.479380171266497124e-01	2.413141005676418260e-02	7.671842288584719560e-02	2.324421196621476449e-01	-4.063289118756966550e-02	-1.266305809775730429e-01	-1.584722381416864279e-02	1.012834837198460930e-01	-1.385517909412108395e-01	-8.142937845097032723e-02	-3.614699852932127255e-01	-3.328040660245613208e-02	-1.914118451689442446e-01	-2.439717612408820735e-01	-1.828782259960196610e-01	1.809540072226132335e-01	1.672898988605858728e-01	-2.110481986358105355e-01	-2.166539248612676105e-01	-2.816420391691883962e-01	-1.887819032709369960e-01	-3.420761373658388615e-01	-9.419966809490369630e-02	-1.964868952895062748e-01	-2.753337593002402328e-01	-2.471527682147705574e-01	-1.729621546441197644e-01	-2.477154050793890228e-01	-1.018422852362563663e-01	-3.634892646772643343e-01	-5.275468849256211012e-02	-2.480806588430015391e-01	-2.839509456296604450e-01	-1.782943999417334335e-01	-3.463453444714848506e-01	-2.530008983563726277e-01	-2.065941428893605658e-01	-2.387421556825136126e-01	-1.294606866688237934e-01	-1.482408050230443752e-01	2.005610111669153539e-01	2.380110191033028566e-01	-2.303667826041826128e-01	-2.024536558440871992e-01	1.000000000000000000e+00	2.072133615723067146e-01	5.198936247969448976e-01	2.242589651147375851e-01	5.695436331509462491e-01	7.584927530924997496e-01	5.192357086919208164e-01	3.225295810652520356e-01	6.789441701797651607e-01	3.695663790365373291e-01	5.930194903996406364e-01	2.675814916578092006e-01	-1.326890827123386463e-01	1.744979077384497257e-01	-1.565900583175843797e-01	-3.414806214738882323e-02	-1.084238395404074490e-01	-9.542077420688770129e-02	-2.173287795640792275e-02	-3.426246643779746331e-02	-1.167859793911107426e-02	-1.111488456621057969e-01	-2.339671697496112646e-01	-2.173589262799910105e-01	-2.430892311106702119e-01	2.873021983507530533e-03	-1.088114192050433915e-01	-9.228015692747409959e-02	2.443536985505617275e-03	6.452830455686883737e-02	-5.561068487307196939e-02	1.830295237980683332e-01	4.105834018584276768e-01	1.322410744050659392e-01	1.845278855588017575e-01	1.628169612734157168e-01	4.058496908802445430e-02	-9.957449521927319580e-02	1.540502611495233043e-01	-8.238621491823783227e-02	1.285965376919770697e-01	-6.788514838455306233e-02	5.370502047913893601e-02	-4.194362282431289557e-02	-2.758955255810422447e-01	-7.489650250757849854e-03	-1.500760416937164943e-01	-6.852357804263446706e-02	1.665962483620846979e-01	-3.587694482563109216e-02	1.723798008341421995e-01	-1.147012231871211499e-02	-1.885455538304015854e-01	-5.037113036857777254e-02	3.408141326935378718e-02	-2.464216557689449527e-01	-1.656486547344308002e-01	-1.165958168919765531e-01	-7.369090392385832522e-02	-2.230381059824889378e-01	-1.308385774599419293e-01	-1.596763169389893711e-01	-1.923234892273059105e-01	3.688085104519830404e-01	-8.771934138343503995e-02	3.325549741380062763e-02	3.818829594480471767e-02	3.449031207345231581e-02	3.967434552206516862e-02	-2.286608468582421450e-01	-1.548329344322079970e-01	-2.777997666658126863e-01	-1.120974770016759520e-01	3.031838124729634848e-02	-1.947257349552748429e-01	-1.702585418679357088e-01	-4.258561099987989013e-02	-7.127547875451573089e-02	-1.863806902789021114e-01	-1.110585588993567852e-01	3.421092844635678087e-01	6.520469554240776455e-02	-1.630865544089173391e-01	-9.747414478077741709e-03	-1.867938744537167572e-01	-1.602535980630824530e-01	-1.197936689018756912e-01	-2.945904682020484278e-01	-2.576882034174953207e-01	-1.620472808392468267e-01	-2.334032218699555183e-01	-3.412459182066707730e-01	-3.408092726069121559e-02	3.184925898532468130e-02	2.824058086593147499e-01	3.691854419240100937e-01	-1.808823817669991951e-01	-2.977103369822540757e-01	-2.594614919512463480e-01	-1.128281944954597771e-01
1.206729837235067104e-01	1.811667705604619316e-01	-3.836267941776051044e-02	3.977407571059271008e-01	3.963979522861199589e-01	2.838053567008186340e-01	-3.074244593730824770e-03	-5.348604784326639605e-02	-1.339050638481093514e-01	-5.450619070307941710e-02	-5.637127707401905913e-02	5.257926633743026379e-02	2.691262369425232587e-02	1.577365652131063889e-01	8.719665142861156293e-02	-3.398479317444711573e-02	-1.661783214979246359e-01	6.011234143647094241e-02	-1.016531250026370993e-02	-7.944635657091804470e-02	-3.330477549586367825e-02	7.050481973917881173e-02	-1.221631912230502631e-01	9.384751307803734094e-03	-2.109073869913429544e-01	-8.597970244079715385e-02	1.025591567346919308e-01	1.500366177927910938e-01	2.285373946026020009e-01	4.558665257465849829e-01	-1.478431339609050654e-01	1.996695393242786665e-01	2.428530882539525759e-01	1.816597047257095809e-01	1.212410208006780565e-01	-1.479786887569093171e-03	-1.501065098099588213e-01	7.565678798595655563e-02	1.518577134306393073e-01	1.128858813773906677e-01	3.409504976372725732e-02	1.189687077735717413e-01	1.433397393317014379e-01	-6.096140670322356542e-03	-5.658006759886674564e-02	1.075001219226186105e-01	-7.167345249887524528e-02	-1.970720477986446367e-02	-2.952714965675415359e-01	-2.659039151959340375e-01	-1.791397803846997705e-01	-2.776624578284154210e-01	1.041927263916130747e-01	7.143631291790439319e-02	-1.279260482486615502e-01	-1.230926130933125140e-01	-1.167106338436185164e-01	6.759910493185292135e-02	5.916294519504879806e-02	1.831474811943145653e-01	-1.803167808791160120e-01	-1.685112130033414868e-01	-1.596815937431209087e-01	2.443328610471271201e-01	-1.620673501403687988e-01	-1.370053941044601098e-01	-2.213453830216463858e-01	-2.704324678797963566e-01	-4.218117107583981840e-01	-1.759162430685554113e-01	-4.095947117494603273e-01	-2.234559318900561642e-01	-3.589702636608144148e-02	-1.482623599395602176e-01	-4.171615238640844492e-01	-2.001574135379012853e-01	-3.424937994369102734e-01	-2.423355535030763952e-01	-2.510255033894532861e-01	-2.744054633142531952e-01	-2.168255336572674496e-01	-3.666261083046349345e-01	-3.248921572363506205e-01	-2.809169782151322292e-01	-2.225034856744625977e-01	-2.117513063648152893e-01	-3.789566694324345009e-01	-3.180637646360779947e-01	-1.941777610937532317e-01	-3.608671651650209311e-01	-1.835264904672797848e-01	-2.869339150973385100e-01	-1.724027747175540526e-01	-1.739306240764539879e-01	-7.809717529080574538e-02	-2.547553253027005637e-01	-2.271599874956975185e-01	-1.621410868599659771e-01	-5.041171346459218106e-02	-3.520190072633878065e-01	2.072133615723067146e-01	1.000000000000000000e+00	1.757656384960183116e-01	3.178678797645415055e-01	5.138491297739342656e-01	1.950652528120624951e-01	-9.822623688970670564e-02	-2.688906013415527305e-02	2.931791714312653729e-02	6.060933851512348425e-02	2.532334750271497334e-02	8.047387462567492933e-02	1.184352829083678144e-01	4.658880987523672523e-02	9.741964389808811797e-02	1.650886697994419228e-01	1.316066983584021910e-01	1.220730705807329119e-01	-7.972929200311242026e-02	2.293121811487871253e-01	1.200301148791601269e-01	1.156528190584213966e-01	-1.145681892504051835e-01	-9.207658111216997232e-02	-1.301956246594171591e-02	4.020340923766887488e-03	4.252824933316007999e-02	5.123330886466855721e-02	9.417734790155081470e-02	5.534952198389632427e-02	2.878210837726997706e-01	3.488872268425954881e-01	3.659154712531463849e-01	5.174892207914542214e-02	4.280098095730287544e-01	3.402063457261548796e-01	2.544976608455508105e-01	3.500887420096555069e-01	1.746048185136630376e-02	1.653941940270726996e-01	7.691857583418956756e-02	1.291525900216347056e-01	2.538037767748626550e-01	-1.406670041288911044e-01	1.768588225597843011e-01	1.203681089515547115e-01	1.109228349956698917e-01	-1.021268829861302213e-01	-8.442631657879372253e-02	1.211358413110509569e-01	-7.846927087952675073e-02	-1.634157493061268174e-02	-2.441278668026627685e-01	-2.544594730567829033e-01	-1.234619484761561858e-01	-2.600992068411163705e-01	-1.472538840769509194e-01	-2.973958849483839262e-01	-2.366492538436143489e-01	-2.751984018268292531e-01	5.136396237040670443e-02	1.583291676939356241e-01	1.157338382015171835e-01	3.294274453280967019e-01	-8.446636465165802132e-02	2.929185806777291901e-01	-4.093371222230459024e-03	3.430573081173322048e-01	8.910914144323425767e-02	-2.184457139027126127e-01	-2.813201669833955698e-01	-1.173862701391677754e-01	-4.015742783150073048e-01	-1.652017275447653366e-01	-4.086158257908336505e-02	-2.401302039838340563e-01	-1.683880382285470600e-01	-2.658928613962747156e-01	-2.827782796186212311e-01	-2.203946863500313436e-01	-1.677504183974237728e-01	-2.602204122895457883e-01	-4.247226677477701218e-01	-2.869362573671358496e-01	-2.121909058242996415e-01	-2.448845507884008232e-01	-4.649407959058989848e-01	-2.059536030525877803e-01	-3.557879080622468604e-01	-1.918757870300707435e-01	-2.947861747473999872e-01	-3.323602500039293250e-01	-2.235298814813818091e-01	-1.265899667244681226e-01	-9.558313296502139733e-02	-3.316580114560563342e-02	-1.106077420913954001e-01	-1.298533246192072055e-01	-2.061549719279018311e-01	-5.481416358325722632e-02
4.159727412441877048e-01	1.419670080299991199e-01	5.522726430701521139e-01	4.973406411587512066e-01	1.566586726660052775e-01	2.709275712538327108e-01	2.464747075129222753e-01	2.467700017600369111e-01	1.803092881018190097e-01	3.704561466312194518e-01	1.497363964078689269e-01	4.629622713538996126e-01	1.646984171423480636e-01	-1.943781998273918024e-02	-4.843061447256062635e-02	-5.368038080660582356e-02	8.237240782641791492e-02	2.458963231786717718e-02	5.031310660629426806e-02	1.524878627174147128e-01	1.484515569727101747e-01	1.040354934479287841e-01	1.403307857712001727e-01	2.096492025955673522e-01	-1.324382593784911855e-01	-3.301344809983360745e-02	1.266880292083649995e-01	-9.285690260899386039e-02	1.021548433136857531e-01	1.024799547550486051e-01	-1.653116044390108008e-01	3.193961566918709222e-02	1.710366346244250879e-01	1.017046432691463571e-03	1.021557591288036193e-01	-4.777344510807138983e-02	-7.899944979995176045e-03	1.091171720344161489e-01	-1.436952941844538423e-01	1.021508805062671804e-01	9.922530986160818522e-02	9.577619412318667813e-02	1.488292375798866765e-02	3.796395676960580279e-02	-1.907048346508900538e-01	-2.325789424583014631e-01	1.100563914315954434e-01	-3.455706821876197710e-01	-2.846363693816710283e-01	-2.987828839446752260e-01	-1.479747972365444975e-01	-2.778569017106917727e-01	-1.679596420249262756e-01	-7.582558999175061099e-02	-5.349722078302686368e-02	-1.357051961550930774e-01	-2.559010817771492086e-01	-7.348384796927888429e-02	-4.931252959068142122e-02	-1.117452195780879870e-01	-1.348276111156494206e-01	-1.821268649384516491e-01	-1.167797711332923677e-01	-9.624240984410735444e-02	-1.417286096644602977e-01	-1.136547061614765486e-01	-2.520788272400253938e-01	-2.067403061922799823e-01	-1.916947619035467842e-01	-2.339807569922244534e-01	-3.508214236485103776e-01	3.204872427286747233e-02	1.023135201815402739e-01	-2.181733786936782549e-01	-3.129595262776552200e-01	-1.818635000957999626e-01	-7.936909171719136458e-02	-2.860086172934993565e-01	-1.747849818090079776e-01	-2.709150823392379448e-01	-3.199138246340105796e-01	-3.280729478356345652e-01	-3.246496361226358096e-01	-2.534836026621986038e-01	-2.085504363616677292e-01	-2.676445109956455126e-01	-1.512188887376428315e-01	-3.526782680306360107e-01	-2.556879127821725106e-01	-3.497299214102664311e-01	-2.968338445772130685e-01	-3.490320434544169070e-01	-9.591556164647345450e-02	-2.911050382976641537e-01	-1.780261950120733683e-01	-2.301794081440941553e-01	-5.035508861862158375e-02	-1.819444769069894843e-02	-4.920602524272287698e-02	-2.289237918341256173e-01	5.198936247969448976e-01	1.757656384960183116e-01	1.000000000000000000e+00	4.850806322111441693e-01	2.230546179310524402e-01	5.785545078860540036e-01	4.105326973728040674e-01	3.036363860206223730e-01	4.876809359637179209e-01	2.737859180896384248e-01	3.857297552311332312e-01	1.805466199874573019e-01	2.722381561295299582e-02	1.093766325977613696e-01	3.299034011766465574e-02	1.655989200850191134e-01	1.690537729630056107e-01	1.783551811798398945e-01	7.325747106302965550e-02	3.362980628647556369e-02	1.460636258958730171e-01	2.507088931635267359e-01	7.976037550104400631e-02	-4.354738167695125506e-02	-9.333163901134956808e-02	-1.169330938475348497e-02	9.628402608312901234e-02	2.035516142983645749e-01	1.504163828528999880e-01	1.549834014572250285e-01	-2.090487449847436840e-01	-6.191454479427539043e-02	5.519475302683136964e-02	1.661574961081219992e-01	4.697469348846875642e-02	3.896738792628223064e-02	6.691688082224281353e-02	-4.668234898760391383e-02	5.946114673969799674e-02	2.069422630019646103e-01	-7.745133310451477425e-03	6.236617736723017169e-02	-1.069402183805615997e-01	-1.235192072415346870e-01	7.263091031084274729e-02	1.581382380779585567e-02	-8.698070148578380956e-02	-2.043409779987915009e-01	1.594664982646422369e-01	4.799756502294290871e-03	-7.436481450068424537e-02	-1.678071111988278241e-01	-4.018803808075382955e-01	-2.737802074726239931e-01	-2.429487965413549000e-01	-3.187125286814789238e-01	-1.272846827076943577e-01	-2.556154405818949482e-01	-2.667249815313327277e-01	-1.841013472631107539e-01	-6.777922898104454807e-02	-3.606016830511381971e-02	-1.864929363595518585e-01	4.429914030565837435e-02	-1.999486801490802101e-01	2.453804411034690366e-02	-2.075727838130668468e-01	-1.276852600600297816e-01	-2.757732373338989129e-01	-3.005552685602944640e-01	-2.110781515004857001e-01	-2.425285296908920030e-01	-3.004109117616764468e-01	-1.061458562167456356e-02	-1.271568700108627048e-01	-1.362743662103590159e-01	-2.711113321322032865e-01	-1.559374211915815767e-01	-2.955402221413971908e-01	-1.542457995316338371e-01	1.102446201258300840e-01	-2.912484692963494826e-02	-3.955752916337253872e-02	-1.913879421382411183e-01	-1.996191430705964998e-01	-8.559407247014802489e-02	-3.067660806785080796e-01	-3.430322286979748392e-01	-3.240865962825732471e-01	-1.636296792535915368e-01	-2.666424318017648898e-01	-3.406358290646048226e-01	-3.029120929631975434e-01	-1.939559359853983422e-01	1.134344189635963784e-01	3.732343707961633533e-02	-1.618012723032693501e-01	-2.540553531002582299e-01	-2.664408793770461914e-01	-9.537863584713361653e-02
4.374177515896821716e-03	5.500044869734063147e-01	7.044734828581807051e-02	4.676514243891336520e-01	2.618112428328114860e-01	2.308953830601812585e-01	-1.055766592300485807e-01	-1.724327492143125640e-01	-1.785009931019923002e-01	-8.236527308187885366e-02	-1.604514855909393301e-01	1.244756674568358590e-01	1.544736368022048556e-01	-1.124835908696193154e-01	5.129095375902127663e-02	-4.413151467332560030e-02	-1.461571932747002082e-02	-1.160085805822417410e-01	4.155193234518529330e-03	1.734332206026587275e-01	-1.216351817819081027e-01	2.391238594050138985e-02	-1.038321023806822174e-01	9.819521467116509861e-02	-3.056855832036518006e-01	-1.382713291041133830e-01	8.698033928781999380e-02	3.624918485144925512e-02	6.769042303519451353e-02	6.061924126900687659e-02	-1.498452802677762707e-01	1.094560547338209178e-01	3.113229362836383296e-01	-8.961092105234128025e-02	-2.055736417551246031e-01	-2.751287649426524262e-01	-1.985657630515411387e-01	5.310421995488533858e-02	-1.350108054404958735e-01	-1.388218024736302403e-01	-3.636129919822046058e-02	-7.318746959166512467e-02	-4.001486427182589928e-02	-1.081577439948784407e-02	-1.119176765337343837e-01	-1.950839524182746976e-01	-2.337074241322498469e-01	-1.951474598971213725e-01	-3.246832577300733935e-01	-3.438916001513767640e-01	-3.712093349156770500e-02	-2.791745384677683517e-01	-2.735436995171030561e-01	-2.100134810162755938e-01	-1.700608620522269798e-01	-2.303431995309889457e-01	-1.860436580035567666e-01	1.064397226628045583e-02	-2.406017493584678979e-01	-1.637245420698939802e-01	-5.228722424049897510e-02	-2.085437906648703876e-01	-1.748056944488060593e-01	-1.187288980975750724e-01	-2.220661194545993089e-01	-2.142354183251891364e-01	-6.895905737792654144e-02	-4.108361320889206691e-01	-1.737535875070658486e-01	-2.524894041255970611e-01	-2.684656299049958950e-01	-8.449163972687925850e-02	1.144028135880236496e-01	-2.329336592398995598e-01	-3.179570426877349476e-01	-8.507587437636957017e-02	-1.525091679172996817e-01	-3.446173485459069208e-01	-1.572723193928367014e-01	-1.868788493240218784e-01	-2.669998476889532957e-01	-2.830978550486203948e-01	-3.144321492095757398e-01	-1.395441681598221517e-01	-1.331395083402813762e-01	-2.509294661295852769e-01	-3.373357077907365165e-01	-2.738940208369346485e-01	-2.060339592387236407e-01	-4.066636096594496985e-01	-1.990421157821114784e-01	-3.193639834835711455e-01	-1.570354084070174905e-01	-2.923804446583644356e-01	-1.805642639153727524e-01	-1.714638051044468092e-01	-1.259284775530500611e-01	-1.369164521373068266e-01	-1.177981199045566307e-01	-2.651965270196366964e-01	2.242589651147375851e-01	3.178678797645415055e-01	4.850806322111441693e-01	1.000000000000000000e+00	3.272484296939309201e-01	2.769392607993199640e-01	-6.089020274393578541e-02	3.162960752613189208e-02	-4.652192557237612262e-03	-8.182603134168170422e-02	5.472603695904617455e-02	1.556262057394725284e-01	-1.077128426063162225e-01	7.280007638996748021e-02	-6.476533937835336763e-02	-2.749210072933052501e-02	-1.951660655348281398e-02	9.317935939188212724e-02	5.583462094096545980e-02	4.517965694761005846e-02	1.246353854005062267e-01	2.308661099766360358e-01	6.716716460986534021e-02	-5.006397277299960702e-02	-1.468928097743111560e-01	-1.672418441969487357e-01	-9.235942915098217798e-02	1.104882708445572015e-01	1.049436616458797045e-01	1.107471171191622139e-01	4.409914190662937022e-02	3.470981942519303642e-02	1.796815216994026854e-01	2.683655122391349068e-01	1.541518873510847876e-01	1.456314805941884283e-01	-1.025115527878042374e-02	-1.136678202949610861e-01	8.166470958331101260e-02	1.418934737039866389e-01	7.510768755363092519e-02	-1.002803693163056842e-01	2.154977105157969974e-01	-1.747096372766280825e-01	9.938825870411845120e-02	7.994011627955754928e-02	-1.892799404735376681e-02	-2.787184416420633859e-01	-7.360434466527010500e-02	9.557937588393755624e-02	-2.161076924757664719e-01	2.181005816986461565e-02	-1.951848859718664786e-01	-3.333496568418701234e-01	-2.139080902313521965e-02	-1.783491199952087214e-01	-2.265872490864218047e-02	-1.646439066039193100e-01	-1.561210648594610617e-01	-5.609410782948761470e-02	7.099696550180946333e-04	-1.742990248946728882e-01	-2.169171253537137758e-02	8.950139108266717825e-03	6.477789354576043990e-02	7.180645126551010379e-03	-5.055604014547752934e-02	6.633769286701775292e-02	7.559864910276740957e-02	-2.382686874644456554e-01	-2.802284870346243295e-01	6.699029437062474501e-02	-2.392371770830312161e-01	-1.832813717419037132e-03	-3.936957230193858376e-03	1.514133725925253804e-01	-1.807695584682771778e-02	-2.136965264489244440e-02	-1.600724756249488345e-01	1.534541407357609966e-01	6.070935397272728129e-02	1.075265626088077048e-01	-1.461904135280861772e-01	-1.403474923528177931e-01	-1.804505554837061154e-01	4.312941071301609752e-02	-3.143567568079386754e-01	-1.774489220726773175e-01	-1.439095816857905441e-01	-1.142656560657522163e-01	-1.933273818404262767e-01	-1.068941622491742516e-01	-2.401873048351718387e-01	-7.886633531198425362e-02	4.989541623039250168e-02	-1.146401487238799255e-01	-1.305857817561558165e-01	-2.718880571657389944e-01	-1.920323710021161479e-01	-1.050345986886119382e-01
4.733123004504948828e-01	1.720728959177547923e-01	2.728920912659688613e-01	7.713023328427707215e-01	6.620891375131021661e-01	7.025807082012973659e-01	3.839479140335241847e-01	2.003212406142599322e-01	9.992744954639446939e-04	2.653672175370411224e-01	1.680349797958871350e-01	4.532369588478368794e-01	-6.460244543236161319e-02	-1.926075154998555528e-01	-2.278695078383838890e-01	-3.212037130895777914e-01	-2.559145165126959220e-01	-1.564560270998603120e-01	-2.561019506129916801e-01	-1.256246960510901123e-01	2.889664467395336098e-02	-1.750693391067332794e-01	-2.769298338889117916e-01	-6.940924515326883648e-02	-3.943993995674392461e-01	-3.006744924734632285e-01	-2.659309786617145704e-02	1.779539263676170255e-02	3.303900606554616703e-01	2.189154223879259398e-01	-1.917162181683366162e-01	3.945512593698444204e-01	5.010607499456387615e-01	1.706131167034229956e-01	-1.482607881713386422e-01	-2.250228834878897632e-01	-1.670275179743495875e-01	-1.420883921774498682e-01	1.454330036822107930e-01	-1.839186175357658548e-01	3.302127056925669574e-02	-1.310032912720675291e-02	-6.473674216609601184e-02	-1.100728109646346015e-01	-2.674071324277445538e-01	-1.072144844215980851e-02	-1.103277218707835183e-01	-2.071968959711908143e-01	-1.560325954611421484e-01	-3.547586435998169030e-01	-5.472855135142935118e-02	-2.982034160220347618e-01	-1.854411504314358861e-01	-2.905152632970772753e-01	-1.375910836002490478e-01	-1.309241872841049315e-01	-3.971125575222816950e-01	1.443210156289954915e-01	2.586637746061494839e-02	4.219498752945159969e-01	-5.984966852962290279e-02	-1.413410299100424650e-01	-1.445033011039692228e-01	2.409013866448056762e-01	-2.999514809038418828e-01	-2.226855111385926678e-01	-2.491924609213948538e-01	-2.397504440455484054e-01	-3.872916791781106371e-01	-2.134919947770428927e-01	-2.266902127002406175e-01	1.207262683958491151e-01	8.908987851462465968e-02	-8.158642431651298710e-02	-3.071245146558393424e-01	-2.930626904019068557e-01	-3.320878721045770199e-01	-3.753417694487438672e-01	-1.326432070829328680e-01	-7.769980716895280581e-02	-3.451181630645555054e-01	-3.221018093765822266e-01	-1.099491488970842368e-01	-1.929315186454204356e-01	-1.275861687760971031e-01	-4.534644081504402013e-01	-2.849120721254913557e-01	-2.462966322335715941e-01	-3.409305181858548472e-01	-3.206149858700232946e-01	-3.528822450688995360e-01	-2.994104665218944583e-01	-2.964298662600518552e-01	-3.051973265962594772e-01	-2.095332394077190075e-01	-2.448803273526489466e-01	5.521292483131970408e-02	1.373317958114139703e-01	-3.013378585273167598e-01	-3.646768777156870200e-01	5.695436331509462491e-01	5.138491297739342656e-01	2.230546179310524402e-01	3.272484296939308646e-01	1.000000000000000000e+00	5.842704817628485703e-01	1.116046431991430388e-01	4.593139034413411953e-02	3.181562886715825211e-01	1.277443521573069785e-01	3.608447243554945283e-01	3.116064558858784861e-01	-2.071665658789583753e-01	1.311355681853111077e-01	-1.707054458256966334e-01	-1.374812105607787494e-01	-1.049420531587839239e-01	-5.648132557899061129e-02	-6.815180432080365953e-03	3.407855438372391077e-02	-1.841270819966988465e-02	-1.234845045316549789e-01	-1.735263959652285082e-01	-1.799976028530020922e-01	-2.805642912758579688e-01	-1.339480496329237547e-01	-2.639211654865848966e-01	-2.049413411228434845e-01	4.248422703497661997e-03	-5.911314161960392471e-02	3.141910210723926067e-01	2.835924126364081643e-01	6.905894442318623039e-01	2.800298497997775193e-01	4.709709293237843708e-01	4.494050888080140527e-01	-2.558253776117759906e-02	5.744276858861559198e-02	2.651946747919922687e-02	-2.789202753562153303e-02	2.391654317949195308e-01	-1.569529477363615644e-01	3.717131357305150652e-01	-6.277126204940421117e-02	-1.885347834647889131e-01	-4.183264310410581693e-02	-1.363743176825110703e-01	-2.187125917662759156e-01	-2.138970363666543514e-02	1.031980156546658950e-01	3.728833755576321102e-02	1.559578876366898570e-01	-1.132211836244579328e-01	-8.362111453430808028e-02	8.978820240594714841e-02	-1.525224172818897828e-01	-1.185337700380308806e-01	-1.517960664625570555e-01	-5.693022891594757412e-02	-2.065200407610231215e-01	-1.179592662259296015e-01	-2.557630252825049966e-01	-8.201273065921861616e-02	4.136582138165741385e-01	1.901881764163702027e-01	1.760111901835518244e-01	1.558484868392090161e-01	2.821639818625854557e-01	3.095281301957742426e-01	-3.136152078188461645e-02	-2.777412099995374417e-01	-3.402364010803278493e-02	-1.485663370028047769e-01	-2.854592489510222528e-02	-1.610122086060730984e-01	-7.658408361757808314e-02	9.463242088790665973e-02	6.212878626350662459e-02	-2.390911891126423772e-01	1.912635331395230731e-02	2.003622879500307763e-01	4.792660929338388165e-02	-2.724032903509844283e-01	-9.912224662458146707e-02	-2.699659712866324668e-01	-1.860297748815418484e-01	-2.485728228997641787e-01	-2.502136440122720851e-01	-1.947941867262230342e-01	-2.755107187842755212e-01	-2.608966290591065440e-01	-1.454012126988390441e-01	-8.880114558773107014e-02	7.347156261073345407e-02	1.884667654965657413e-01	2.348797030240613037e-01	-2.748290119138742105e-01	-4.587273623258373845e-01	-2.455192681130034527e-01	-1.688977209572163352e-01
7.229410523064638827e-01	-4.932308677203888631e-02	6.945886996613538367e-01	7.238964534700257358e-01	5.385260263910232048e-01	7.250527541451547986e-01	5.971165183020613609e-01	4.776850107254301814e-01	2.623701714745170221e-01	6.480079577318735851e-01	5.060001046128856927e-01	8.102747696557751622e-01	-5.388441048590602439e-02	-2.216031742286959649e-01	-2.237176711300480070e-01	-3.741427762660931022e-01	-9.882115445008413102e-02	-8.631798119737731090e-02	-3.043314863143172233e-01	-1.425987532062358010e-01	-2.484277944913215047e-02	-1.190205740104447601e-01	-1.505903571918468520e-01	-4.335130005717229701e-02	-3.414756280749906558e-01	-2.584787542984811060e-01	4.898577785643828085e-03	-1.262341456887491609e-01	2.866215619808052395e-01	1.100564229587048110e-01	-1.590499889219880725e-01	3.678530531642281720e-01	4.552419194047043205e-01	1.017049542118100558e-01	-5.784682465622795200e-02	-2.201608501647556726e-01	-5.436723032047079823e-02	-8.577081048534297703e-02	1.074270694392687603e-01	-8.776718756813961519e-02	-2.840018479049739170e-02	2.255055872396853622e-02	-7.122364813287113128e-02	3.923958074319955532e-03	-2.962835163678816941e-01	-2.133032023704198310e-01	9.946780906746011119e-02	-4.083367069469808208e-01	-1.406100858730058578e-01	-3.117540953595557829e-01	-1.277676265647871845e-01	-3.648544959823065148e-01	-1.718116089587492235e-01	-2.892448219738000814e-01	-1.667807095831057296e-01	-8.774585629139428078e-02	-4.423483675739415810e-01	2.077725295112567150e-01	9.893598412089767147e-02	3.021136649747132030e-01	5.459857268321217233e-02	-1.990431211538167822e-01	5.137082524106043740e-02	1.351189714961396338e-01	-1.931823097041461545e-01	-1.744821656860637837e-01	-3.957475732821869596e-01	-3.157042681593921762e-02	-3.143364123945555644e-01	-2.679052992170892766e-01	-2.935753520659671323e-01	3.511943133441914888e-01	2.692374217025719774e-01	-2.034042798449917921e-01	-2.290733887040171668e-01	-3.223201952181032892e-01	-2.400214173170319987e-01	-3.889076343640540112e-01	-5.537253036491206551e-03	-2.370550328607431145e-01	-4.659498274426726039e-01	-3.120549759107018595e-01	-2.814509081534306012e-01	-3.180129566753978065e-01	-2.834773835870799674e-01	-5.465309716148329944e-01	-1.637540886840652410e-01	-3.705811521049188761e-01	-4.545957115822237826e-01	-3.047698851850109136e-01	-4.721586163438462602e-01	-4.601039320418226497e-01	-2.711374704696567495e-01	-4.181124337588184026e-01	-2.836714592299950377e-01	-1.329764139422319469e-01	2.671292046270454801e-01	2.905318570610671558e-01	-3.822215444903234172e-01	-3.689529921875960294e-01	7.584927530924997496e-01	1.950652528120624951e-01	5.785545078860540036e-01	2.769392607993199640e-01	5.842704817628485703e-01	1.000000000000000000e+00	5.735089025898335580e-01	3.311475462329798725e-01	7.194824138831545923e-01	3.416453730021132285e-01	6.979285127319813098e-01	4.590914828655067170e-01	-2.558258272412208822e-01	2.189434875020036253e-01	-1.641197617833403677e-01	-1.844346575457800896e-01	-7.686133148871747423e-02	-9.437437975402709900e-02	8.928144412171075406e-02	1.776009659735877308e-03	7.672494557703121720e-02	-1.044743838974844657e-01	-1.737867446014745576e-01	-2.016589134797596716e-01	-2.515590734118552385e-01	-1.271505608717127533e-01	-1.998354532357471403e-01	-1.297394222896056104e-01	-3.687165295189341607e-02	-1.935109236882986972e-02	1.844337187919305523e-02	2.419225366457264381e-01	5.700456182656803428e-01	4.288077063152606061e-01	2.295124055044807654e-01	3.393829344812336335e-01	-9.242090313814124714e-02	-1.162356394424024220e-01	2.733476611954093194e-01	6.022775623054679728e-02	2.331916993206769873e-01	-1.668436807604846417e-01	8.022284683412565787e-02	-1.142199884272941529e-01	-2.115107053944334792e-01	-1.352711738510285755e-01	-1.788610662867597956e-01	-1.912925892111719262e-01	1.162644119927347675e-01	-1.297635672166548744e-02	1.484586336288872543e-01	-4.728125895741956686e-02	-2.762400666712304664e-01	-8.641411597354704821e-02	6.900741343087229366e-04	-1.975695037795004161e-01	-2.548391960522459199e-01	-2.809451607207705259e-01	-1.933705591617796982e-01	-3.231599464091514662e-01	-2.024324494778363681e-01	-2.157717503880781096e-01	-2.190981080476725185e-01	3.328402100975901834e-01	8.687369366857053410e-02	1.366193257373065628e-01	1.530140333273273812e-01	2.146202937372625966e-03	9.416143962338892337e-02	-1.587239149634326885e-01	-3.084586953362125072e-01	-2.440089197688727063e-01	-1.087988455137719745e-01	8.445860456338674660e-02	-1.919301282612149440e-01	-1.539005982990739041e-01	-1.364587026742592191e-01	-5.928484197569358627e-02	-2.694300044815817197e-01	-8.570054217018233111e-02	4.441019951458246573e-01	2.091811608700052394e-01	-2.237038486931405556e-01	-5.230720080277059120e-02	-2.632409212861192560e-01	-1.024131756626048967e-01	-2.248523656699907003e-01	-3.351223641895432759e-01	-3.553260501003955296e-01	-3.123809341042986798e-01	-3.258968454181420116e-01	-3.024245332218921112e-01	-2.026266907400333661e-01	1.057093738129320365e-01	4.143872341766347001e-01	3.683658558219737866e-01	-3.529689885480185030e-01	-4.754837284215138737e-01	-3.641341772930228315e-01	-1.386105094921158687e-01
4.612905306580654674e-01	-1.013686299952059749e-01	6.402744337600743130e-01	2.846144626218895524e-01	1.247561664976979262e-01	2.643720265635111644e-01	4.559312081762699198e-01	6.248683756560758917e-01	4.387647326277599458e-01	6.414636442404367811e-01	4.945996419263460897e-01	6.023629431939260259e-01	-7.360491624142460193e-03	-8.283567574973357828e-02	-1.203318131325219337e-01	-1.572502485863360167e-01	1.573930080677418686e-01	4.436972720590773300e-02	-8.195487388500237447e-02	-6.461544897460490267e-02	4.973924219004769581e-02	-4.286802524635961557e-03	1.461292614242981625e-01	1.231679527414300118e-01	-8.805395341444610668e-02	2.115607464023434858e-02	2.463415422899015161e-01	4.024344553018407988e-02	1.594144100280898146e-01	4.272796253984493392e-02	-7.033757468571176508e-02	1.818208891947347139e-01	2.124960917468357302e-01	1.616829492919727995e-01	1.279727799384128839e-01	1.373549648443251822e-02	5.429263378201101831e-02	1.540929530455419916e-01	2.696215782968300681e-02	7.350212450706108958e-02	4.282500058842658025e-02	-2.352336698330194723e-02	1.644919464224908479e-01	-8.807322215434607027e-03	-4.015885363624396159e-02	-1.155325351966757369e-01	1.957752341691053888e-01	-1.107192489817326181e-01	-3.641074704202824919e-02	7.731551124701035657e-03	-1.298127225608176338e-01	-1.983060526509519139e-01	4.521665450718725249e-02	-1.117693873811993407e-02	1.921105437189500262e-02	-1.664149072912617378e-01	-1.660513422139699991e-01	1.168373164639141260e-01	3.273638389331471332e-01	1.109213405033145361e-01	1.554048510733956889e-01	5.193440631506884148e-02	1.949075588628649824e-01	1.041598293118639051e-01	1.820147101657988015e-02	7.349593410749140354e-02	-1.478903724900458294e-01	1.856216435332584680e-01	-1.048094114414040434e-01	-9.176507969851188662e-02	-6.938601322186079001e-02	2.531907188673259701e-01	1.919476539282564398e-01	-4.640394007725727465e-02	-1.209486071469507845e-01	-1.468426359012671434e-01	-1.172171474436733418e-01	-1.350867059525166780e-01	-3.069575331431903878e-02	-1.781190376363364636e-01	-2.488207040439244788e-01	-5.681731045028097504e-02	-1.186248231945973702e-01	-1.335057362620301891e-01	-2.462162898706519998e-01	-3.133519958288052409e-01	-7.998667001767287288e-02	-1.519680114576242580e-01	-2.600993235949257687e-01	-4.145815435914514298e-03	-2.311743047029058973e-01	-1.767946953670992416e-01	-1.779438363250346322e-02	-2.481791952191133299e-01	-1.227907624807372117e-01	1.788810504448532651e-02	1.290591265307207691e-01	3.314422933449058806e-01	-2.218082497436399680e-01	-2.378953663024178933e-01	5.192357086919208164e-01	-9.822623688970670564e-02	4.105326973728040674e-01	-6.089020274393579235e-02	1.116046431991430388e-01	5.735089025898335580e-01	1.000000000000000000e+00	5.760333688719441181e-01	7.444508310402255802e-01	5.220636409227967789e-01	6.559688441951833093e-01	2.574950710482269978e-01	-5.121479654407872645e-02	2.851957688897460708e-01	-1.508222328273371993e-01	-1.012843628579315619e-01	6.621047872334374917e-02	3.021257425548173545e-02	1.259681152968164797e-01	5.834569950790160359e-02	2.741380843693805303e-01	-4.106639612292692365e-02	-2.741451614882494531e-02	-2.548318752641792750e-01	-1.920618855568042294e-01	9.003692280611432300e-03	-1.050495842329068202e-01	5.902971887838020376e-02	1.493550879971263477e-02	2.074726896442956325e-01	-1.934426186993115082e-01	-2.895099445524846465e-02	1.704762386638290772e-01	1.686767761907234653e-01	-8.119807989105906273e-03	2.032746502584260595e-01	1.573418842400091111e-01	-6.491749860103894487e-02	2.168108220959933385e-01	5.046098656556912559e-02	8.637189080209865810e-02	8.005053728568149729e-02	-1.315242835578878944e-01	-2.307550212689728208e-02	-7.936639191392221016e-02	-1.615427876130086371e-02	2.491342051517410339e-02	3.522105994123447131e-02	2.443715040966680865e-02	-5.088016066249442110e-02	1.584628858843366295e-01	-3.986115465105229128e-02	-2.882615545709720783e-01	-9.478758460438278799e-02	-1.218797542118963406e-01	-2.005652196056470771e-01	-2.530632748369288088e-01	-2.185045884779928949e-01	-1.647243926781869761e-01	-2.502032816697010165e-01	-2.475739779453519154e-02	2.107462487079100541e-02	-1.574921183227070420e-01	5.813067941245553261e-02	-1.186466928401692100e-01	1.561310384655691386e-01	9.902874737551164985e-02	-1.274216028524657318e-01	-2.639997675801880606e-01	-9.319625308706452546e-03	-1.102291001406498633e-01	-2.750114174942848710e-01	-1.014207110270057971e-01	6.183972199306097400e-02	-3.467571494734913648e-03	-1.922669842965845921e-01	-2.724870568868381082e-01	-2.000832203942913001e-01	-1.888042063742106924e-01	-2.370616172379087505e-01	1.982671160818297029e-01	-1.819828160982821241e-02	-1.816125933620431898e-01	-1.492454255720517819e-01	-1.015675589484009295e-01	-1.027504464463428607e-01	-1.326574011931387631e-01	-1.013096382580650212e-01	-3.004050662332047872e-01	-2.433491019593337079e-01	-2.139463169212998117e-01	-2.380817056448935598e-01	-1.920802467047816597e-01	-1.152956157569418189e-01	3.444560663220737617e-01	2.962301527118690880e-01	-3.278392857547282602e-01	-1.711101759059546479e-01	-4.407174074511143180e-01	-1.997458986207534815e-01
2.491874709928824372e-01	-1.317343628948903222e-01	4.932804292799828350e-01	1.964591358482451755e-01	7.860098585251418246e-02	1.877062052001543524e-01	4.130107825331987836e-01	5.378624525682323965e-01	6.266785239077399261e-01	4.897265946175690665e-01	3.908001206228911006e-01	3.591234364544864666e-01	-3.253060338076585283e-03	-5.504914407881968119e-02	-2.606289118574085448e-02	-7.636737192119420758e-02	1.402102791560043693e-01	-7.751759758106993581e-02	-4.139126217101121719e-02	-5.854020928735387264e-02	-5.484972951747222464e-02	-5.216165417845045060e-02	1.327896247427720333e-01	1.241148243194084427e-01	-1.308997954586115231e-01	-1.169355206541177333e-01	2.296299754856546416e-01	4.489028750592691935e-02	1.836642567973152118e-01	7.796687867866734789e-02	3.468322009228424346e-02	1.351796073784450047e-01	1.383080815876560621e-01	1.380808373955441370e-01	-2.093525522863106184e-02	-7.887765044107707124e-02	-1.758246601541881698e-02	6.315717845416268794e-02	-2.731891000861172772e-02	-2.135614762235667902e-02	1.652988010026668897e-01	-9.066945807669940516e-02	1.288207271021984957e-01	5.941575729987494392e-02	-2.640601221005721422e-02	-1.697172643807006442e-01	6.674012652979861848e-02	-1.958705669473104483e-01	-8.637018543934610326e-02	7.639839379510300621e-02	-8.501974700730998216e-03	-6.036063021860330752e-02	2.427495364155400348e-01	1.202209682229376658e-01	8.445097154123178129e-02	3.761311794716468149e-02	-1.056317237500500744e-01	2.898990160735627139e-02	1.734856049612744089e-01	2.397913385396096067e-02	1.371173564361787278e-01	-1.226166039711374112e-01	1.771343964007104088e-01	3.821468284429506423e-02	-1.451364419856552290e-01	5.703552232806201328e-02	-1.972688096684782899e-01	5.794974724284111464e-03	-1.522885879744926008e-01	-1.491968421552220536e-01	-2.045147039912801334e-01	1.863246993015205411e-01	1.445221441127216011e-01	-2.764485418204605249e-01	-1.902567439588015996e-01	2.347755597980503289e-02	6.684160209424130916e-02	-1.060403622731627138e-01	-3.572145678912206496e-02	-1.353642785408525895e-01	-7.405770060865519977e-02	-6.854733790900517654e-02	-9.056867987372466122e-02	-2.105067107096849355e-01	-1.624169553593411697e-01	-2.788276174191279266e-01	-3.897004968557321613e-04	-3.112972304331694251e-01	-2.538677837170625340e-01	-1.053064726443873472e-01	-2.810787449929802451e-01	-2.253520211036049992e-01	8.790958017111311085e-02	-2.535623587981284954e-01	-2.724601976792777047e-01	1.412622812608683720e-01	2.566497847389261344e-01	4.543158106223895709e-01	-1.850943262016241098e-01	-8.464103958353216828e-02	3.225295810652520356e-01	-2.688906013415527305e-02	3.036363860206223730e-01	3.162960752613189208e-02	4.593139034413411953e-02	3.311475462329799280e-01	5.760333688719441181e-01	1.000000000000000000e+00	4.556614898237261735e-01	6.450042108120292994e-01	5.243402388463183073e-01	2.128850813166217049e-01	-1.623667259572452171e-01	1.937744379854175469e-01	-1.015395648241806253e-01	-1.915434889306040778e-01	-4.374692686278876252e-02	-6.336734270500905819e-02	1.638551438678614025e-01	6.460775639406798887e-02	2.768748092439466402e-01	4.562186334821168379e-03	-1.835980714607115816e-01	-1.435202701310346052e-01	-7.498496876062843430e-02	-2.119440806813146887e-03	-8.527602240960559243e-02	-5.823637948653211799e-02	5.441246109085006583e-02	2.055387931966646820e-01	-2.989361691155629358e-02	1.649215024932962348e-01	1.641851204544903242e-01	1.380317532968184380e-01	-6.136070619956462968e-02	1.720793675320142491e-01	7.111063114145887987e-02	-1.803323192208380332e-01	2.786927674635437668e-01	-6.436430394651737608e-02	-5.380114528362600623e-02	-5.848718785854514768e-02	-1.047632771184709016e-01	8.978920080034116791e-02	-9.470989995030962283e-02	-6.194110692153362990e-02	-1.241590433694356038e-01	-1.014819003420432825e-01	2.082938437743614146e-01	-1.038063194819911078e-01	3.208345067061174616e-02	-9.415138728184582750e-02	-3.783216253749911995e-01	-2.431054482686323404e-01	-1.955767652002571577e-01	-2.080394343910963728e-01	-2.220223788515840804e-02	-1.130484431196764200e-01	-1.925834373947762565e-02	-1.178039796253281396e-01	2.150056867974254604e-01	2.542402539673779271e-01	2.300715074677312511e-01	2.126387265496703372e-01	-9.880638736990803028e-02	8.266183876969594030e-03	2.999486879104470635e-02	-2.025696767914874907e-01	-2.254015640098094020e-01	-9.628900936049075709e-02	3.934398605229049578e-02	-1.702468592810499060e-01	-1.317510979216921785e-01	-1.798511502582593805e-02	-1.252281083364201464e-01	-2.267815207633623875e-01	-6.499534880495470845e-02	-2.053517852561319856e-01	-3.090875873304589350e-01	-7.656497952090678127e-02	2.123263598706782440e-01	3.018230222731827991e-02	-2.339287632200206801e-01	1.638267517153747799e-02	-1.526596198594145082e-01	3.810172696387346958e-02	-1.162152763524822302e-01	-9.169223781604835324e-03	-2.587744561586594605e-01	-1.795977309317638437e-01	-2.183085207267819461e-01	-3.291838259014908119e-01	-1.221377940271402562e-01	1.557846384169499498e-01	4.830554477589649176e-01	4.735255643822519067e-01	-1.920565884400086132e-01	-2.279179541197349501e-01	-3.374876450173303621e-01	-1.048153954895537782e-01
6.631432689508075518e-01	-2.835676194598387156e-01	7.140089806025013974e-01	4.260841682917346773e-01	2.181831206372501775e-01	4.999743122979415921e-01	6.071681888559875562e-01	6.588624325302158136e-01	4.183151316069431691e-01	8.140423434476434794e-01	6.844709667924567809e-01	7.515066384859739879e-01	-1.211679288371463464e-01	-1.863260656152486705e-01	-1.729376047270655137e-01	-2.387924317354274961e-01	-4.475536685712054596e-02	6.328877951188899287e-02	-2.004955676230509853e-01	-1.675808251745337651e-01	1.209193179594563461e-01	-1.501116368301000370e-01	8.914424160916022133e-02	3.128534880446660893e-02	-1.339389026900962565e-01	-1.289359671157132570e-01	1.069431339531139447e-01	-1.110342212848833554e-01	1.553641087728362957e-01	6.990887571817325230e-02	-2.589268564533804828e-01	1.993439330895009354e-01	2.965169182733276565e-01	2.130925675023127019e-01	8.382918056709931509e-02	1.676580194502272575e-03	1.659458777377394445e-01	2.946379038786413676e-02	8.871034739555280768e-02	5.902015982695642954e-02	8.386022833762625528e-02	8.644039666239859698e-02	1.062694795512807711e-01	1.390009607172701389e-01	-1.415599991580245576e-01	-1.178655372989161204e-01	2.810125432031553294e-01	-1.844545944893778155e-01	4.145800448035596303e-02	-7.420821646365513384e-03	-1.174342163237760001e-01	-2.977249518613471202e-01	-1.082658877514598994e-01	-2.175760662476058371e-01	-8.402770771974467368e-02	7.076673387642863633e-02	-3.916702309111637637e-01	8.552438836663087129e-02	2.697882152734769612e-01	2.751870585805917813e-01	7.721776806148358818e-02	2.560885765485248350e-02	9.560840653380379972e-02	1.698519953082654466e-01	-4.274081816290469654e-02	-3.963445096988755384e-02	-4.071946939499689333e-01	7.809158727736681405e-02	-2.109978280455680477e-01	-2.035199178290442446e-01	-9.578506588287287460e-02	3.055049699965814436e-01	1.731721818130165513e-01	-2.652481663052428384e-01	-2.540729909172442791e-01	-2.108874131568784505e-01	-2.029138123403781968e-01	-2.120459783091369621e-01	-5.876003982174488743e-02	-1.973691466451230059e-01	-3.255239467326280223e-01	-1.132610840417928866e-01	-1.221775742652118218e-01	-2.922920398202594194e-01	-1.790772504300040535e-01	-4.057741763252321054e-01	-2.140022725423659788e-02	-2.749950380130668504e-01	-3.144204720145049037e-01	-8.005812494415649738e-02	-2.280268236932915527e-01	-1.929172060469509509e-01	-1.321905454625981469e-01	-2.646074599984459264e-01	-9.561764088705559939e-02	-1.918230253651138917e-01	2.191362388626878765e-01	2.688922091697094618e-01	-2.600901402419682484e-01	-2.808997392885094202e-01	6.789441701797651607e-01	2.931791714312653382e-02	4.876809359637178654e-01	-4.652192557237611395e-03	3.181562886715825211e-01	7.194824138831544813e-01	7.444508310402255802e-01	4.556614898237261735e-01	1.000000000000000000e+00	5.669863978564336771e-01	7.768451800253625139e-01	3.608624423776913837e-01	-9.105715388607756033e-02	3.042992283340404946e-01	-1.386915460799473254e-01	-3.173601936280234098e-02	8.051823472992410136e-02	3.897778932636983273e-02	8.491377077687640995e-02	5.599837091780880682e-02	2.144061323344730041e-02	-8.219952112071002293e-02	-4.329784686407336936e-02	-1.605208913756817068e-01	-1.330262883556261322e-01	-5.587904734316608696e-03	-1.060391750814024536e-01	-5.312991080204448879e-02	-2.472782952882491073e-02	5.881876195834252752e-02	-1.360688072952609406e-01	7.985134516337558108e-02	3.205252223827654845e-01	1.986444548707627655e-01	1.171440294865037368e-01	2.304361734632751901e-01	8.124722702407498331e-02	-2.811048970581175865e-02	1.797130336051601940e-01	1.380505505974226332e-01	1.658853048441159828e-01	8.075381668432652293e-04	-6.628836492589224028e-02	-3.360512457565641847e-02	-1.081946700438771725e-01	-4.928765651747352150e-02	-9.482179029673316883e-02	-2.526179675127655441e-02	1.614939648667502725e-01	3.955907961583935567e-03	3.032793273960103231e-01	1.806269724870371643e-02	-2.836014866938412204e-01	7.695928485563302557e-02	-4.034501214118337703e-02	-1.658149840368665362e-01	-3.696026225997934844e-01	-2.323338987014860191e-01	-1.969686616484093988e-01	-2.839983123212272420e-01	-1.095890327902398348e-01	-1.452441099458965934e-01	-2.530295958652152288e-01	1.758763054630007316e-01	-1.286711463638016417e-01	1.467349905036152979e-01	6.791120117307371251e-02	-6.126691043899538947e-02	-1.587067272033043930e-01	-8.222922366473803257e-02	-3.046128609981300639e-01	-3.888927557452109274e-01	-1.420508615330797753e-01	2.306668696525190562e-02	-1.259684064057692565e-01	-3.025467088418334338e-01	-2.701673887764683979e-01	-1.355831676322973578e-01	-2.391995639245517169e-01	-3.364429242598749870e-01	3.139097255009595244e-01	-2.893434655179377701e-02	-2.024383619932699496e-01	-1.298840715468594642e-01	-1.834368556718940224e-01	-2.112010260450254140e-01	-6.777860366211198306e-02	-1.863912165825641343e-01	-3.413483454799531303e-01	-2.293440745560646199e-01	-2.052691862593002403e-01	-3.348971729984755452e-01	-1.639480107724912705e-01	-5.671570357640925292e-02	3.100307023749631630e-01	3.713538791858578270e-01	-3.001762485974578953e-01	-2.831126438076558283e-01	-4.114468700252164601e-01	-8.585319691268986086e-02
3.411886905950900495e-01	-3.147156056574386129e-01	5.067988850644432608e-01	2.024306761186588921e-01	-3.490238658379017644e-02	2.192203980865700119e-01	4.754509307109955896e-01	6.182985015725587230e-01	4.188015744245487393e-01	5.666620636923170862e-01	4.381012973127710319e-01	3.951523255943427682e-01	-2.304090894686828053e-02	-9.689350398737014980e-02	-2.488465844660274137e-02	-1.221683094708754663e-01	2.662348927921472791e-02	-4.474779600851644390e-02	-1.982521141867228387e-01	-6.342584895420490254e-02	1.359217240011414973e-01	5.741333110567425901e-02	2.363506453544403085e-01	1.486965497534492864e-01	-1.734592856463666732e-02	-5.597913725651255251e-02	1.702168625688500192e-01	8.413575635079818815e-02	1.843431134612129318e-01	1.677521506515843586e-01	-1.853425946432712690e-01	7.808051960723774720e-02	1.077828828272945072e-01	2.012463517839130633e-01	2.825888666855786921e-02	-3.993036188414536558e-02	5.333580159407926707e-02	6.005191793751284840e-02	2.353645787006465248e-02	1.080589626983480406e-01	2.470967477823898251e-01	-1.757103658745352501e-02	2.835458599683577940e-01	4.721624422874140525e-02	2.251832336179143690e-02	-3.471162798180603415e-02	2.792748412336065744e-01	-1.037708941180111727e-01	3.304874631008579422e-02	1.391652206310376172e-01	1.517875710135949824e-02	-1.448652445339018990e-01	2.087539155115371581e-01	9.887847540093989973e-02	9.204065818254214548e-02	9.370096913555431284e-02	-2.986335029362768845e-02	1.043371971579865609e-01	2.168396706442368704e-01	1.142934881382706575e-01	2.446917040805463711e-02	3.821394437237416591e-02	1.318125037487012097e-01	1.925646016313595499e-01	3.254840962478137284e-03	7.685298019947270354e-02	-1.551618730156381631e-01	1.248174291640793687e-01	-1.497573694765166330e-01	8.674892732716380644e-03	-1.432531490796287166e-01	-1.841829785378849491e-02	-5.310389941360578459e-02	-2.774019242264122442e-01	-1.614973937737897436e-01	-1.124020520924960964e-01	-8.385909272197070163e-02	-9.664365898987639647e-02	-2.606919220698297734e-01	-1.521016904867925623e-01	-1.128968650615034541e-01	-7.272138803358862112e-03	-1.528835079703374893e-02	-2.535034152976297084e-01	-1.433477180942694384e-01	-1.751892995659111441e-01	-9.766541872402363655e-02	-2.869306616355989381e-01	-1.585447626396783438e-01	5.709380854629376306e-02	-1.183645031026426819e-01	-1.269370133376228615e-01	1.197805088363416426e-01	-1.011949405141273628e-01	-2.173589936078015525e-02	-1.316230305031893533e-01	3.028661332292508640e-02	2.865842308918820636e-01	-3.711985520705116809e-02	-1.568728443676301876e-01	3.695663790365373291e-01	6.060933851512348425e-02	2.737859180896384248e-01	-8.182603134168170422e-02	1.277443521573070062e-01	3.416453730021132285e-01	5.220636409227967789e-01	6.450042108120294104e-01	5.669863978564336771e-01	1.000000000000000000e+00	4.946997674329189909e-01	2.584591198447022120e-01	-9.727779517437602774e-02	2.349138858236508864e-01	-1.036295006595890217e-01	-1.018756008540519925e-01	2.693898789439090266e-02	-6.327830422813573996e-02	1.607095576405493942e-01	7.536265963568988813e-02	1.311032230292550893e-01	-6.822792763201766808e-02	-5.838542471257402583e-02	1.221780004729812116e-02	6.883463595648149982e-03	1.903481218121617635e-01	3.042985325441454128e-02	5.351244363950394961e-02	1.209814854978112364e-01	1.366046691716747974e-01	2.476403725469493444e-02	3.066852907595006908e-02	1.123357365180383122e-01	2.372001259559266412e-02	1.528449057935949394e-02	1.677845675433255745e-01	8.378591920254994940e-02	-6.936450479559523596e-02	-6.602955288514088250e-03	4.616948299755822827e-02	-2.854651880171113487e-02	1.137769579411119780e-01	-8.475389381763630270e-02	1.943299215909622124e-01	-6.311072072625718843e-02	9.967015208990985531e-02	-6.345710966199520631e-02	-1.365561420332515041e-01	2.087360149435210366e-01	6.785645462548749174e-03	1.917573027692451304e-01	1.243970704536533356e-01	-3.074005762407356901e-01	-1.023667457550829080e-01	-1.314212942675366258e-01	-1.048072580068243609e-01	-1.634670002806122846e-01	-9.774830653778257550e-02	-1.864490136092656347e-01	-2.812852916186602825e-01	1.352492796366021044e-01	2.312958091834229624e-01	1.593339666968917601e-01	6.741603066011145340e-02	-4.385913291458114205e-02	1.294575451076592776e-01	-1.305923030133998020e-01	5.433006708941203882e-05	-2.349839243196824856e-01	7.603666202611164548e-02	-1.829346934374731504e-01	-1.845539619663575104e-01	-1.111360019484712025e-01	9.194608171763853088e-02	-8.336535912553991179e-02	-3.207554465165095570e-01	-4.768512332005925974e-02	-1.296057904241715297e-01	-2.712067283271015206e-01	-3.778586532424949573e-01	-6.253354384980805425e-02	-3.036407661935913160e-01	-2.048655965146405078e-01	-1.935526525184754765e-01	-2.771101310007733076e-01	-2.248033367328111376e-01	-1.101747887005156690e-01	-2.662295323668171371e-02	-3.762600888769581653e-01	-1.966559739742549939e-01	-2.124621623291522710e-01	-2.489774415219605519e-01	-1.269924738394312969e-01	-7.760131084889834718e-02	1.020944979546916931e-01	4.193283190160250196e-01	-2.257470091952774871e-01	-1.005658571106855109e-01	-3.529381008416678234e-01	-1.983023707433763105e-01
5.586248699429232634e-01	-1.790243024611664069e-01	6.654343177282566746e-01	4.666458656782780934e-01	3.550799154550973724e-01	5.700027811150586432e-01	6.491111245975370592e-01	5.616475088517619563e-01	4.051492632898427426e-01	7.052144543608823701e-01	7.160276137003656061e-01	7.494030127408460862e-01	-9.680685489379510511e-02	-2.584182770297251408e-01	-1.960009980719839007e-01	-2.478492352838262691e-01	4.485674737271150986e-02	-1.887126580474943324e-03	-1.783705133010554111e-01	-8.972408610932272599e-02	-9.468296455307187443e-02	-1.618974332850337261e-01	-8.418534357417978287e-02	1.579998142770130346e-03	-2.019594424444326186e-01	-2.758884042957168714e-01	5.563752471158978780e-02	2.843844694768971407e-02	2.165044323209268651e-01	-6.061663648829033330e-02	-1.445083513851789792e-01	2.943202472377531298e-01	4.618373004489382816e-01	1.424520774492365194e-01	-1.573081549699655579e-01	-1.937047303178906776e-01	9.820657601386062474e-02	3.260490529295099332e-02	1.028932800374196266e-01	-1.268325980863356239e-01	-4.074545249768402738e-02	-1.101010764052997720e-01	-7.639507937257693226e-02	2.362683866487106654e-01	-1.639692674079923917e-01	-1.176453962084617749e-01	1.301563060137010397e-01	-3.235428101898260023e-01	-9.324615566335195393e-02	-1.116703782497315417e-01	-1.582869755313028592e-01	-3.237319489867319655e-01	-5.696113721030337390e-02	-1.674008699900746411e-01	-1.120984399616596766e-01	3.165740499778153805e-02	-3.818464597182237852e-01	1.832209132718050359e-01	1.844251670095644058e-01	2.808566359862924022e-01	1.459828150081936005e-01	-1.899373291811816133e-01	1.192220095931279811e-01	4.596426620584056350e-02	-1.655620824660150592e-01	-1.142225397257154162e-01	-3.458524101014255336e-01	-3.865819702191101992e-02	-3.084132547330886709e-01	-2.375532525090612856e-01	-2.231558083696175698e-01	4.799962589560663462e-01	2.992270563560816554e-01	-2.700754594919020368e-01	-2.670764693225221587e-01	-1.649327154833209741e-01	-1.474941610764385347e-01	-3.284624097698781164e-01	5.236859851217762207e-02	-2.893204902232601183e-01	-3.661505368482946277e-01	-2.601571956540806307e-01	-1.665135388659706728e-01	-2.423115490674227768e-01	-2.038288376734698759e-01	-4.754204598841531570e-01	-1.018629750375993070e-01	-4.032490592033620702e-01	-4.471959460024839128e-01	-2.648050685519152125e-01	-3.440773513936411510e-01	-3.671454285245622229e-01	-2.332302227320371402e-01	-4.601138868611771571e-01	-3.381209266724012341e-01	-1.378799671127334259e-01	3.224054028942451300e-01	4.003218880037306970e-01	-4.082220281781070992e-01	-3.105438575156607706e-01	5.930194903996406364e-01	2.532334750271497334e-02	3.857297552311332312e-01	5.472603695904617455e-02	3.608447243554944728e-01	6.979285127319814208e-01	6.559688441951834204e-01	5.243402388463184183e-01	7.768451800253625139e-01	4.946997674329190464e-01	1.000000000000000000e+00	5.313146479414795342e-01	-3.295862019880044791e-01	3.731165924154556390e-01	-1.744629687001986729e-01	-2.444121688228479417e-01	-2.174933995464679859e-02	-8.517097454703891068e-02	1.337555640588052874e-01	1.085832912494455738e-01	8.797052295253750265e-02	-3.226334244687217856e-02	-6.962485364134923804e-02	-2.359231997913225354e-01	-8.664758948519096782e-02	-1.483038393430463897e-01	-1.641229325873010403e-01	-8.786016647531860735e-02	-3.131058800278518905e-02	4.571209527319428784e-02	3.443099563636575072e-02	1.590614686142505785e-01	4.198855617688116992e-01	4.400607611686768728e-01	1.624769336133347342e-01	3.837223309968215701e-01	-9.286521085912470552e-02	-1.559411790242155871e-01	3.419322439481060072e-01	8.018245825695766160e-02	2.687940173962510282e-01	-1.123678545984777566e-01	8.392182084602992087e-02	-7.007790258450226351e-02	-1.629642803050793676e-01	-4.831815214600124891e-02	-8.818250994143861377e-02	-4.925101048677248822e-02	1.815588750094782045e-01	7.873298387548542665e-03	2.378648800288039877e-01	3.456586557404995198e-03	-3.335460405191604250e-01	-9.642379317183571996e-02	-7.072934653516935177e-02	-2.256626649832441101e-01	-3.228818571644868629e-01	-3.253888786513315368e-01	-1.808498851242924810e-01	-3.397196097172450191e-01	-1.949146265047278503e-01	-9.430725862614275368e-02	-9.197214031295300463e-02	3.058115312673186370e-01	-3.421198910544381161e-02	1.027731239967076271e-01	1.945964424820754157e-01	-5.290049772363344949e-02	-4.044347862351273248e-02	-1.621211993784946181e-01	-2.838751199150064686e-01	-2.291256115557699646e-01	-1.850575440044620878e-01	3.929510215926375338e-02	-1.181405141509899864e-01	-2.965606068681574392e-01	-2.522340037816059310e-01	-1.672595169362705025e-01	-3.780351536984503658e-01	-1.875060879804555380e-01	4.989312467192322798e-01	1.823084568286229001e-01	-2.182518856485917147e-01	-1.215460228126417214e-01	-2.748634351157004940e-01	-9.833196378208086674e-02	-1.704617883118751676e-01	-2.908824652238951036e-01	-3.944959113841399745e-01	-3.367612744366907385e-01	-3.175464247553656527e-01	-3.722712621458719728e-01	-2.220237576470341645e-01	9.087182726643906749e-02	5.279639902086928904e-01	4.769674556908543583e-01	-3.550117068160150158e-01	-4.316531100718886682e-01	-4.290960259145518707e-01	-2.112202704635604000e-01
2.397841814273888594e-01	-1.345491940742915560e-01	2.725053529305089817e-01	3.152851279245214022e-01	3.883731468307556334e-01	5.008248261309277138e-01	4.125983909555483442e-01	3.407282970452996662e-01	1.991734621645318559e-01	3.819659295457771275e-01	3.997984188369440028e-01	6.011704444977236106e-01	-1.037256052812131901e-01	-3.197553093744091579e-01	-1.625308027804551469e-01	-3.342140846536854060e-01	9.685753445440779819e-02	-6.724249753336219992e-02	-2.580333994011920762e-01	-6.684800668630833283e-03	-8.129750005112160172e-02	4.686954073910245405e-02	-1.958266346154781123e-01	7.896054465736264405e-02	-8.879418593375311419e-02	-3.527282762305635755e-01	1.119458762709424071e-01	2.214408295355008160e-01	3.038596039807121563e-01	1.809493075492422942e-01	-4.168693610876438305e-01	4.489703963332138947e-01	6.134467663724617603e-01	3.797195893492291696e-01	-2.055278168238678094e-01	-2.282621451772670618e-01	1.925741928340465314e-01	3.295273605160368990e-02	1.257846856916255973e-01	-9.419452219619062205e-02	-1.291947088960338497e-01	-8.948370352561600682e-02	-1.944967430995154373e-02	1.879008268353334621e-01	-1.041785329872988441e-01	-4.956453406669469181e-02	2.296165897215471374e-01	-3.571534488828509435e-01	-1.730591658259212351e-01	-2.398744318432536327e-01	-2.634723926562704821e-01	-4.086194812697720447e-01	-1.209744374387591442e-01	-2.592961764463597718e-01	-1.958685551622971754e-01	-3.919169392080824876e-02	-3.233292766011954256e-01	3.745432023467293869e-01	2.777093550050396820e-01	3.625047197644498120e-01	1.297717997708253967e-01	-1.503832691975705016e-01	1.883231826457963110e-01	7.185913601070074985e-02	-2.261147208008839893e-01	-8.703033971647924916e-02	-3.329665834948004055e-01	4.927192329332160531e-02	-4.468711881151759546e-01	-2.889301253605779940e-01	-2.909202228674841462e-01	2.783241878979362260e-01	2.074304545372748221e-01	-2.886912551835718044e-01	-4.033829350330975227e-01	-3.506511035901358486e-01	-4.550019475867261298e-01	-5.154109676332617740e-01	-2.331307387161928313e-01	-2.758500687149247899e-01	-5.899883341767206968e-01	-2.515160105394201318e-01	-2.236326353800365541e-01	-4.111863410301426769e-01	-2.089296470822760710e-01	-4.638204291716990779e-01	-3.761563665253310762e-01	-4.857115959348777268e-01	-4.617726935981867897e-01	-3.531914122604658535e-01	-3.329908354731114239e-01	-3.806778088038421659e-01	-2.414856385537538508e-01	-3.529387815953964891e-01	-2.287388881294580290e-01	-3.873618800309554522e-01	-9.799722828020938914e-02	1.155727184991720141e-01	-2.840548249967977390e-01	-5.955416797424805120e-01	2.675814916578092006e-01	8.047387462567492933e-02	1.805466199874573019e-01	1.556262057394725284e-01	3.116064558858784861e-01	4.590914828655067170e-01	2.574950710482269978e-01	2.128850813166217049e-01	3.608624423776913281e-01	2.584591198447022120e-01	5.313146479414796453e-01	1.000000000000000000e+00	-2.596051434995626517e-01	4.796502647888397641e-01	-1.586277093058976184e-01	-2.476222507073335688e-01	6.911284671338784047e-02	-4.197533443563584293e-02	2.214078744665047560e-01	3.035343035661852151e-01	2.148998651213415434e-01	-5.030841099386944293e-02	5.207900587130298575e-02	-2.688863905788759223e-01	-4.119664101761166819e-02	-1.218880722997148364e-01	-1.923149206042153447e-01	-9.495127626798070819e-02	7.111254533158978264e-02	1.382526539877788896e-01	2.273049920045283889e-01	8.892945377710578803e-02	4.542902041038626715e-01	5.667542777301430856e-01	3.801472846366561464e-01	4.890653173564707412e-01	9.804005389373980639e-02	-3.469083668573890583e-02	1.643446227632746892e-01	3.059146268141977876e-01	4.658669508711131280e-01	-3.339262306886003201e-02	4.114861711618165718e-01	-6.218520077339799446e-02	-2.025497240650507014e-01	6.923116038715866616e-02	8.946886550451974007e-02	-1.041923469394680918e-01	1.575046967277639320e-01	2.539076735169208399e-01	3.229519656440592024e-01	4.702883938736617669e-02	-2.735097792200810729e-01	-8.576606119266218242e-02	-3.272322318130242019e-02	-6.389323995083147356e-02	-4.601499637073509508e-01	-2.941127944511885972e-01	-2.600730359886188614e-01	-4.220749642767721022e-01	-4.014187852186143490e-01	-2.190029193892262804e-01	-1.848580017131901676e-01	1.449715217922393773e-01	1.758281893096949045e-01	3.300158851008240246e-01	1.947473063503419310e-01	2.521757688491826910e-01	1.500073012041421849e-01	-1.500873536990807167e-01	-4.308245304178670021e-01	-1.246819673690888752e-01	-2.109389374390340244e-01	2.063370325598679056e-01	2.954147247920156996e-02	-2.293069890159352975e-01	-2.383031369979809744e-01	-1.427606574714954113e-01	-2.717704938617480637e-01	-2.224138195258403838e-01	2.100280453509441037e-01	1.114760323070079946e-02	-3.068114442454361601e-01	-3.489828466890080305e-01	-4.358024441518105752e-01	-2.498354911248091281e-01	-2.621134966526543764e-01	-3.158931773839257495e-01	-3.911306597277334762e-01	-4.566239438409480655e-01	-3.167174585330578829e-01	-1.560690076640867952e-01	-1.604776337295450717e-01	-6.910253540769625835e-02	2.120826832473826917e-01	1.201378313169031570e-01	-3.803176835050510740e-01	-1.896009507100165081e-01	-4.966472731588272294e-01	-2.075607783355523928e-01
-1.640804811672335328e-01	-6.659848094743948260e-03	-2.071381297141450528e-01	-2.601588415313153546e-01	-3.736897704250906616e-01	-4.431905139553141693e-01	-1.645657217511128090e-01	-5.247132729228801140e-02	-1.537811864084381863e-01	-1.390321628754773164e-01	-2.338546278603208517e-01	-2.137875069723894073e-01	6.940025164360121013e-02	4.174727198784808357e-01	3.791336261599784208e-02	2.904380357070280305e-01	1.679769826497023721e-01	1.826631823993875026e-01	3.321560913031721407e-01	2.028896028290295694e-01	1.560646143050853363e-01	3.537228280771399780e-02	2.745344185584386865e-01	7.007092160159970884e-02	1.088822970839386887e-02	4.466212691191305262e-01	3.336316151157797671e-02	-1.811267229653014121e-01	-3.061627926658240240e-01	6.535334890825567067e-02	-5.514944208694338990e-02	-4.554970379289521309e-01	-4.361928511383900142e-01	8.507915899807745597e-02	6.509832776080458627e-01	7.070838791951434832e-01	1.936045165284638325e-01	1.840179086001871578e-01	-2.609012987247757986e-01	4.434807294891255358e-01	-4.049334683819929420e-02	2.467959366597246573e-01	1.383411766977679369e-01	-1.770032149674807820e-01	5.261273943533115172e-02	2.561361859000168759e-02	-3.436086865326118400e-02	8.106779916106217343e-02	-1.469741759031638617e-01	9.874748209617689731e-02	1.303750246360453439e-02	1.108682844809685403e-01	-9.084941229955460773e-02	-4.061875162154809926e-02	4.573750632954117629e-02	-3.168419553511223410e-03	5.025052716407564513e-02	-3.987214190824694970e-01	8.359613813448013575e-02	-3.584793819967981854e-01	-4.136134574569514388e-01	1.174607613734998113e-01	-3.484286640760355658e-01	-1.345396379161841183e-01	1.670449318713086370e-02	-1.771385378242012199e-01	7.750081348483266186e-02	-1.185033808384238913e-01	7.306853824797766850e-02	-4.938119828835018515e-02	2.476689482347219640e-01	-3.705693902802578710e-01	-3.247072220812428078e-01	1.884208735399582613e-01	-3.727864516914988248e-03	8.014597305524247262e-02	9.372853452616485004e-02	3.121815842846900613e-01	-1.338415201898972562e-01	2.163853128846294771e-01	2.506536949653587754e-01	2.182311589005744845e-01	1.157251559273604069e-01	2.176847648054008322e-01	2.877600836152630071e-01	3.772819727705848947e-01	1.051291350559429849e-01	3.006470083661263448e-01	4.189575341910480311e-01	9.820562601135622571e-02	2.789600760957041681e-01	3.001650289009101802e-01	1.378911688919479128e-01	3.208783051163544009e-01	2.003003241741841411e-01	-2.828791058297509473e-02	-2.812312414495019008e-01	-3.341458198708073257e-01	2.595511674526421730e-01	1.018739978514773409e-01	-1.326890827123386185e-01	1.184352829083678144e-01	2.722381561295299582e-02	-1.077128426063162364e-01	-2.071665658789583753e-01	-2.558258272412208822e-01	-5.121479654407872645e-02	-1.623667259572452448e-01	-9.105715388607756033e-02	-9.727779517437602774e-02	-3.295862019880044791e-01	-2.596051434995626517e-01	1.000000000000000000e+00	-1.876953482220309888e-01	3.606341264158325899e-01	5.811708258588798026e-01	4.941609571394216527e-01	6.349460956596635341e-01	7.858957618850131999e-02	2.006365934648899063e-01	8.923175226556376294e-02	3.460907036620616273e-01	3.467864979491376842e-01	5.282609209714607401e-03	1.531844440164919496e-01	1.531908732418545971e-01	4.049631582297514298e-01	2.341523175820548197e-01	7.926574235262844395e-03	5.526855879008860106e-02	-3.098015631626381272e-01	-2.264476353129458719e-01	-4.288552614854103107e-01	-5.869950474481183678e-01	-9.302262640318594011e-02	-2.970180836142239378e-01	5.527640235602483409e-01	6.427187572902163248e-01	-3.465108582411913218e-01	1.578117532853130223e-01	-2.523576732891659735e-01	3.533749647822643780e-01	-3.540942327103399068e-01	-9.238874926472653848e-02	3.083098642739930464e-02	4.735183144024290337e-03	6.505542985334693273e-02	1.585561738933593257e-01	-9.913005635318006270e-02	-3.642183022216313737e-02	-1.907126089411722292e-01	-1.969895730630287778e-01	7.340713849194052329e-03	-2.895909077004912152e-02	-2.462006588964966158e-01	-2.019906011127674261e-01	-1.550932458669261257e-02	9.349665314236596525e-02	1.564165276956064332e-01	2.013896630904110918e-01	4.276165666410085275e-02	-3.907068408462132519e-02	-2.682407543483538714e-01	-3.127904437425445550e-01	-4.175158413207582520e-01	7.936846088183575898e-02	-2.859224778512826082e-01	-5.448445262193181773e-03	-4.331251036323923165e-01	-3.160809988525883907e-02	2.082941467518720502e-01	-1.299176985826507313e-01	-3.721383169168947930e-02	-3.539750906228842919e-01	-2.601532063507916784e-02	-1.080477169456880576e-01	-1.260556389876285044e-01	-4.393207205193729037e-02	1.276801672918387864e-01	-3.838961529730891553e-02	-4.842505247336686414e-01	-2.511213863514789590e-01	8.121619602571361618e-02	-4.678961764335146101e-02	1.838309817955397218e-01	-8.194004132412923899e-03	1.673780137178897398e-01	1.844297334321210180e-01	1.790250249969035645e-01	2.817036200698510018e-01	3.864897429118331340e-01	1.374118489767838236e-01	2.540602667633867773e-02	-2.345501495451286778e-01	-3.480093722595929973e-01	-4.074100549773414515e-01	2.357379046466717976e-01	3.265821352044488424e-01	9.639366155835889238e-02	7.704029396045840306e-02
1.127705892048197350e-01	-6.924614250961895479e-02	1.077688393619213036e-01	8.655358796176837455e-02	1.732881519491309974e-01	2.646727080365221529e-01	1.982434725021859911e-01	2.404416118549163595e-01	-3.600443773029883207e-03	3.287919267950484836e-01	3.592167333278562524e-01	3.497161197579752856e-01	-2.375413248099030317e-01	-2.806351006251957547e-01	-1.682432938491283947e-01	-1.978889421557191164e-01	1.181257091653361846e-01	6.239298262210185575e-02	-7.941695006071616825e-02	-1.887502091687338901e-02	4.480779026961409506e-02	1.656166329489128508e-01	1.443595969549951175e-01	4.944134304655110612e-01	-1.811657799096196009e-02	-4.588190992911397870e-02	4.955370203520756411e-01	5.508707354838559000e-01	2.174791825106424936e-01	6.953721104984179890e-02	-3.310780182760643675e-01	3.439370124650832361e-01	5.307464755284152513e-01	2.573876329376371674e-01	-2.538396963833050579e-01	-2.859525411950832319e-01	1.684978303590010940e-01	1.448485497034642244e-01	1.257015740249897151e-01	-5.169117052686789116e-02	8.619411835615940765e-02	5.625435118988644095e-02	2.733590188347382877e-01	1.316191774438088546e-01	7.917671216229613118e-02	1.969935395875078987e-01	1.624063481434272760e-01	-2.178897716570294407e-01	7.765739073191190757e-03	-1.609311187913457786e-01	-1.958080418319169680e-01	-2.860059018038896284e-01	-1.049664136414943903e-02	-4.507728558298608468e-02	-8.797260036715211229e-02	-6.921298277252284359e-02	-1.680300045621446470e-01	3.087615766124836014e-01	2.296867463946672960e-01	3.799213704020795168e-01	1.772855072442186819e-01	-4.468814960694943161e-02	2.410217434906818668e-01	2.158677488199817196e-01	-7.427578802307834016e-02	-2.430423388242371543e-02	-1.238184325985757783e-01	1.172986139079786397e-02	-2.602018315093612144e-01	-8.787217924555699999e-02	-2.635855991926742137e-01	1.401970345233632675e-01	1.695955564986551534e-01	-1.054029311470501828e-01	-3.207541655906877565e-01	-2.472794926672310378e-01	-3.457843898480557066e-01	-4.775301923871971832e-01	-3.436182824962668581e-01	-3.005449382121843649e-01	-4.246566296687943609e-01	-2.940534106147124627e-01	-4.013293093218917029e-01	-2.387844250754800890e-01	-3.438188245450234382e-01	-4.482635022089527799e-01	-4.081515961698091166e-01	-4.508008726921861054e-01	-4.262313506422660825e-01	-2.236494512426684678e-01	-1.493528440235507293e-01	-2.893759445567331001e-01	-4.616144222254560392e-02	-3.879186040827630744e-01	-1.918853158330752484e-01	-3.714110783371594171e-01	-1.725945046010669004e-01	4.401313710310590308e-03	-3.182777078763340262e-01	-5.214328594305395193e-01	1.744979077384496979e-01	4.658880987523672523e-02	1.093766325977613835e-01	7.280007638996748021e-02	1.311355681853110799e-01	2.189434875020036531e-01	2.851957688897460708e-01	1.937744379854175469e-01	3.042992283340405502e-01	2.349138858236508587e-01	3.731165924154556390e-01	4.796502647888397086e-01	-1.876953482220309888e-01	1.000000000000000000e+00	-7.578637046439658242e-02	8.654861033256905367e-02	1.539354672116395040e-01	1.998461163011682473e-01	2.241696994630828776e-01	2.278361944400127126e-01	2.108095740134981466e-01	-4.444147515363754131e-02	6.289806763988799176e-02	-7.774351971818177498e-02	7.156612379403486102e-02	1.933951721731808349e-01	-1.855729800090664960e-02	3.799699672300326792e-01	3.169760206160409099e-01	5.185787154920525888e-01	5.104748602238964872e-02	-1.587939229995991297e-01	1.666240645718926605e-01	4.097001406501296072e-01	2.725742602713342455e-01	3.224405129532613712e-01	2.399695802912475973e-01	-1.396745634408497472e-01	8.555587586060249550e-02	2.335636740608539597e-01	4.674086391798085716e-01	2.491955047422909353e-01	5.468534095979830090e-01	1.848436098047154599e-02	1.941024749593039389e-01	4.519048554388923611e-01	2.196686210421451568e-01	-1.318199973412366166e-01	4.029887014577342857e-02	5.272843351617592100e-01	1.251916530552360796e-01	1.015006596351710061e-01	-3.500560035180360630e-01	-1.778155834462425144e-01	-2.269914446738168293e-02	-1.205005452250998144e-01	-2.863448540603180104e-01	-3.300423377822288007e-01	-3.302261120949538387e-01	-3.878170154778233236e-01	-2.578710586045842579e-01	3.975476534320061123e-02	-9.680528968243447274e-02	3.665384638200214901e-02	-6.706718662318263136e-03	2.337611062858296063e-01	-7.827835507996422706e-03	1.938471475896209051e-01	8.634357156028914237e-02	-2.088695747240198464e-01	-4.436573278441274248e-01	-1.370241635990157303e-01	-3.381321913634855458e-01	6.130229181418839213e-02	1.720540385539570949e-01	-1.771755578126205100e-01	-1.863186992798918917e-01	-2.359730457771475609e-01	-3.144119452567261663e-01	-3.401066957331590479e-01	8.267815898431955107e-03	-2.207396115048994023e-01	-2.389972696380310013e-01	-4.790826943609843847e-01	-3.587347015833780017e-01	-3.422436537767232223e-01	-2.807391232881543131e-01	-2.855370749741261149e-01	-4.208901720113085165e-01	-4.507335116163448951e-01	-4.251573580673347341e-01	-3.427076714234607024e-01	-3.429880967519204349e-01	-3.118234327633294667e-01	5.210712805363619700e-03	8.900222424924186804e-02	-5.304189786308047827e-01	-1.739353137573826369e-01	-4.933575455636661777e-01	-2.834149288221157192e-01
-1.000194870402986158e-01	1.899055266702583122e-02	-1.750189764740104070e-01	-2.039505833074569396e-01	-2.139074820088659457e-01	-3.040513877964673983e-01	-6.604216703661135168e-02	-9.299557536620663145e-02	4.191555911496822051e-03	-6.838299511962417365e-02	-1.296457955017624175e-01	-1.399944166821876224e-01	3.443792793824279608e-01	1.360658731610153160e-01	1.004443796488974222e-01	3.232106755066073145e-01	2.567449999054857712e-01	2.668043993224311627e-01	4.604400965720359395e-01	2.933176116688315793e-01	2.102103183832433886e-01	1.606867882095580902e-01	2.700076044244311690e-01	1.423201803720149095e-01	1.049845030963676568e-01	2.732038738023003788e-01	-5.490183802199602447e-02	1.064260904157951909e-01	-1.130225536773118572e-01	1.042226761870851948e-01	-2.778321145833371336e-02	-3.893532990930840820e-01	-2.952431495968530495e-01	-3.956552412625272130e-02	2.017489991858147924e-01	2.333555307387083777e-01	2.279449291068022798e-01	2.018428181262869048e-01	-9.878755757458097808e-02	2.653961057914730470e-01	1.276949807834756312e-01	2.325883925421230458e-01	1.672178800185429581e-02	8.671303276873736088e-02	1.847493186267094023e-01	2.000551430812787801e-01	6.429455386962501517e-02	8.842357748212063828e-02	-1.105360080850550097e-01	2.277700901505825409e-02	1.045973747411740699e-02	9.577274540541554082e-02	5.837324082485691873e-02	1.173998039969236518e-01	-1.084583384789820221e-01	5.388605710441029401e-02	1.479822599093900959e-01	-3.889483652552754300e-01	-7.340443290136711152e-02	-2.759369908564089369e-01	-3.455206234951054278e-01	3.629679495422527546e-02	-1.458097419867127043e-01	-1.244251811860435236e-01	1.063995055071907192e-03	-2.933691712104651850e-01	-1.465445399764067624e-01	-2.129058759086338293e-01	-1.445984627302551173e-01	-7.694754173921777851e-02	-6.169481621331168730e-02	-2.672159049779039286e-01	-2.321790420438797908e-01	9.165041843616789780e-03	-2.561143157444741858e-01	6.155753579920226343e-02	1.100324939147501596e-01	1.180472656634750928e-01	-1.830191904443367323e-01	2.041191538081084389e-02	1.912875034140849861e-01	-5.559243536271574887e-02	-3.828021750930780259e-02	-2.564369640402657663e-02	4.612403905546369476e-02	6.037341344877789756e-02	-8.915526842917452510e-02	1.359830120089311201e-01	1.586039871494641929e-01	-1.827151460890243106e-01	1.430521980276145966e-01	5.670929263716611296e-02	8.342264603706578407e-02	1.053393268036474650e-01	1.401399398080536152e-01	-6.914080025084629044e-02	-1.761853519118279365e-01	-2.136406858176143342e-01	1.245200285793749279e-01	-1.089991336601023320e-02	-1.565900583175843519e-01	9.741964389808811797e-02	3.299034011766465574e-02	-6.476533937835336763e-02	-1.707054458256966334e-01	-1.641197617833403677e-01	-1.508222328273371993e-01	-1.015395648241806253e-01	-1.386915460799473254e-01	-1.036295006595890217e-01	-1.744629687001986729e-01	-1.586277093058976184e-01	3.606341264158325899e-01	-7.578637046439658242e-02	1.000000000000000000e+00	4.400812507423825792e-01	3.007181604809473496e-01	4.379040101938271867e-01	3.550923898435034975e-01	3.172367050177835046e-01	1.319169239128389903e-01	4.386507718882654006e-01	2.923224953470575649e-01	2.712745985747588295e-01	6.805674910248174503e-02	8.927554042890607777e-02	5.109079727259291381e-01	3.316909368280682169e-01	1.405754202703146383e-01	1.909907142246468001e-02	-2.421445316058817299e-01	-4.494589100747742316e-02	-3.548914660983055192e-01	-3.053500450346097739e-01	-1.405300624914116447e-01	-2.443731415989522648e-01	1.507154330081271199e-01	2.610075771665068545e-01	-1.917153194171578312e-01	1.457303321820274944e-01	-7.213165301509827376e-02	3.322489334429024055e-01	-1.630397973893531194e-01	-1.020233346054292972e-01	1.767448439413369377e-01	2.313686490536762952e-01	2.271706363462550338e-01	3.005400373895391608e-01	8.435052325641682891e-02	1.903508239104490796e-01	-1.878960345625842188e-01	-2.944242060985776191e-02	-1.060429423088949941e-01	-1.721794026774170483e-01	-3.154714821446479855e-01	-1.184628140574800620e-01	5.549880468598798744e-02	5.423622498940645908e-02	3.157479821676848018e-03	9.673860194708672200e-02	1.724094231959019952e-01	2.449765397910923237e-01	-6.355292113734917203e-02	-9.286608959163383803e-02	-4.323316734431492114e-01	-7.409519098285119454e-02	-3.379120755510555130e-01	8.766411266429995075e-02	-2.778357543056303447e-01	-1.756133574058927616e-01	1.023017504516395282e-01	-2.391911058407397705e-01	-2.965689274654912944e-01	-3.272840803487196415e-01	1.456743045460600627e-01	-1.791595598744084028e-01	-1.042142558550644277e-01	-1.881931606354867725e-01	3.935684462745268203e-02	-1.214086263407804928e-01	-2.417568977304305478e-01	-2.279355407144997570e-01	2.924374435801398164e-02	-1.815133233823481296e-01	1.824262616382812396e-01	-2.297427887395692842e-03	-9.526445161262912797e-02	6.363040339829607872e-02	4.636969188725223456e-02	6.442433067863426177e-02	9.169908000725734976e-02	-7.002787098397963983e-02	-3.449153758757179944e-02	-1.766300518021036992e-01	-1.252048165220749631e-01	-1.542345916200699441e-01	1.692845396118785595e-01	1.803871513503915169e-01	1.144830129222740717e-01	-1.283208939751697558e-02
-1.538561363908026725e-01	3.418921071018451996e-02	-1.967028942593326557e-01	-1.524360659084588177e-01	-2.291621548650149831e-01	-2.898293238071297240e-01	-2.047025702177831807e-01	-1.039933784494976865e-01	-1.933302991210267552e-01	-1.022238181970134968e-01	-1.853384092820093976e-01	-1.676774664971427964e-01	-2.075722875526826716e-02	2.499196228005209353e-01	8.025113857287301256e-02	2.636506342599987396e-01	-3.259096983823775440e-02	2.632564459697196435e-01	3.860227390133905701e-01	7.520025345486276713e-02	1.793598741156978427e-01	2.068734999690237039e-02	3.331454165019648861e-01	3.117686436400176619e-01	5.806230773289686176e-02	4.184822759166865747e-01	1.863395181029563474e-01	3.575289513122953400e-02	-3.363126703041480758e-01	-3.498791571395021283e-02	-5.272663360157810175e-03	-3.319241736987981750e-01	-2.780768939742602752e-01	-2.966528026265713436e-02	3.532208126876134613e-01	3.088820230173238146e-01	1.648229206192324270e-01	2.067503170066914420e-01	-1.319456986687798650e-01	3.337022832418296003e-01	3.394983914735911351e-02	3.054268990550987328e-01	1.374239707757884676e-01	-5.974836488871674428e-02	6.209218673980523157e-02	1.968662955498967915e-01	3.266673312863879741e-02	4.922943542342048812e-02	-1.871349078283311984e-01	-5.727111600453567430e-02	-7.377095740149279546e-02	5.962302544191754039e-02	-1.300414791170146356e-01	-4.244184007848701007e-02	-1.384996570658333370e-01	-1.151008006727110705e-01	8.901794965111001212e-02	-3.052028703251088992e-01	-1.078655745388039378e-01	-1.872943922706433173e-01	-3.121840779925222353e-01	-2.704878326365187449e-02	-2.663838727100954484e-01	-1.843594653369174385e-01	1.553628234565050149e-02	-2.276772526780872496e-01	1.691434573091424700e-03	-2.343996581369436616e-01	-2.808289205376666292e-02	-2.379071376427427734e-02	1.607308922426488665e-02	-2.463087344122030786e-01	-1.517398731271831502e-01	1.057612975439769926e-01	-1.099298952478590802e-01	-1.722915432508847350e-02	1.112745743413107585e-01	1.639199156016372949e-01	-1.075073840142354159e-01	-3.362259687918845580e-02	1.158845990142806925e-01	-7.697915601099890315e-02	-1.339876633518809756e-01	2.435219343532734823e-02	8.592859631905791495e-02	2.072887940241264493e-01	-2.950615184728294302e-02	6.132937504975841114e-02	2.463030621956861510e-01	-1.159434272254336873e-01	2.052482702876138876e-01	1.107802156132738081e-01	2.840624726761847157e-02	1.290752682116733940e-01	1.849111982202790161e-01	-1.340162847786510736e-01	-2.261196930514429992e-01	-4.073182017065112293e-01	2.383053584424605909e-01	4.062242515127264392e-02	-3.414806214738882323e-02	1.650886697994419228e-01	1.655989200850191134e-01	-2.749210072933052501e-02	-1.374812105607787494e-01	-1.844346575457800896e-01	-1.012843628579315619e-01	-1.915434889306040778e-01	-3.173601936280234098e-02	-1.018756008540519925e-01	-2.444121688228478861e-01	-2.476222507073335688e-01	5.811708258588798026e-01	8.654861033256903979e-02	4.400812507423825792e-01	1.000000000000000000e+00	2.973799838545964636e-01	6.690817251497155338e-01	3.052633978886327634e-02	1.669767527211843405e-01	-2.212717534607533745e-02	3.707777616302329604e-01	3.990194120976122139e-01	1.066260267486987268e-01	1.349790832459518142e-01	2.762408750028325088e-01	4.676929062263115999e-01	4.297486336556390896e-01	1.711280181630921160e-01	2.347870068830277823e-01	-3.482571983523986003e-01	-1.069631324199498412e-01	-4.182102168422593969e-01	-3.833502379123371884e-01	-1.308296796321835875e-01	-3.374135061925622181e-01	3.854712363969004518e-01	2.372096799863367411e-01	-2.674522577257656963e-01	1.958575106274933475e-01	-1.508741711448179090e-01	4.315331323146709419e-01	-1.836236263233023691e-01	-1.949748501262848488e-01	1.143468115973233640e-01	2.059930668003902010e-01	8.559148256379817132e-02	1.560913824867626309e-01	1.238925526423223684e-02	2.193158890010957762e-01	-1.452112781593849766e-01	-2.252327640983100565e-01	-1.722048236544063415e-01	-2.152093173612438515e-01	-3.553332158160136256e-01	-2.940106287720054001e-01	5.480128064230976176e-02	-5.850482191608242372e-02	-4.565821219496845468e-02	7.837754708796795811e-02	-1.248357439881127122e-02	5.920269957088566959e-02	-2.901973701745012013e-01	-1.478435529846862939e-01	-4.697619252084015984e-01	-3.214264618223282560e-03	-3.519286936934338250e-01	-9.225879313136443882e-02	-3.512511962500305396e-01	-2.669622316211784363e-01	2.467418516787182534e-02	-1.874736445920305306e-01	-2.442429461188788120e-01	-3.580968192063578304e-01	-4.847756878139420494e-02	-2.055297048926837677e-01	-2.328796492801675500e-01	-1.815508321785997969e-01	-4.681256072429825638e-02	-1.536255905410413569e-01	-2.789783799289908828e-01	-2.325131312687045149e-01	1.234245789008815986e-01	-1.313911321924270403e-01	1.819101482187593724e-02	-3.554054045671119905e-02	-7.486640665200097744e-02	-5.495367881334843607e-02	2.796369952799922232e-02	1.357099483562809461e-01	1.190394657570681552e-01	-2.047163387455225025e-01	-1.521730931827418309e-01	-2.456373835468726452e-01	-2.870122774777777996e-01	-3.859475476186214893e-01	5.679179259258299722e-02	1.666878596586789663e-01	9.644965705770479347e-02	2.031971253631468383e-02
-1.682565835210370342e-01	-4.536408838225013812e-02	-1.099570704239374030e-01	-1.692277081872194111e-01	-1.707656385791258002e-01	-1.679556375819103720e-01	-6.103092956121997786e-02	5.916356810623110696e-02	-1.681021383433506933e-01	8.953137294675665714e-02	-3.729977819035049103e-02	-2.180459642744195931e-02	1.541010800921700508e-01	2.305664494890488359e-01	-1.017838410119205859e-02	1.517104543235309189e-01	4.162836369594211661e-01	1.440943439671525383e-01	3.041942923421122602e-01	2.897078089142339774e-01	9.679884360274275401e-02	1.544538813289733359e-01	8.304213798222044585e-02	5.584956401177492563e-02	-8.532561314029281363e-02	5.809812937577810837e-02	-4.052268505240121804e-02	1.567054109745398896e-02	1.469177001595749210e-02	1.158970259449738360e-01	-2.119185840049822023e-01	-5.270313096511033274e-02	4.981992669378122567e-03	4.034165203819348733e-01	4.010182436476408263e-01	4.871971975226239149e-01	4.243392109576162863e-01	2.703686417372514472e-01	-2.043280024516359525e-02	2.586216423027513645e-01	-1.293619409121475883e-01	-1.476648077763515442e-02	9.359937321177155822e-02	2.360975718436185455e-04	1.339960199978084375e-02	7.103388260008883237e-02	1.197598455087127596e-02	2.018689659588222308e-03	-1.812409088146670899e-01	-8.388478132304659496e-02	-5.896387816597457171e-02	6.276685697169792633e-02	-1.459343049050339410e-02	2.813177104844826956e-02	1.402702946491633240e-01	-7.507429150105751625e-02	6.195757251665248017e-02	-3.401288200918523713e-02	3.800549586849172323e-01	1.036662420742172998e-04	-1.617675654891361225e-01	2.126699627181503627e-01	-6.574809093476795263e-02	1.118450895420178559e-01	1.655883757171790899e-03	-2.435458168632749776e-01	1.005473334672698921e-01	-5.776025960499502759e-02	-8.103400086933242041e-02	9.509256968799654434e-04	1.358160393319753911e-01	-1.779186071699100924e-01	-1.558306184575318498e-01	1.309378151020967052e-01	-1.590469702652247685e-01	-8.828567799208460187e-02	-5.431698709053139201e-02	-7.696315943081488697e-02	-3.529169679522111136e-01	1.434884740467604058e-01	3.114390412400027536e-02	4.847651272423064706e-02	6.615796035616426651e-02	1.907076531215521065e-01	1.497782650335896526e-01	7.318884702442583767e-02	-1.127887019789323431e-01	9.215621846547680796e-02	1.042290517485585655e-01	-1.580370189175461515e-01	1.015588743520308285e-01	5.062752226774569486e-02	9.864641808409757573e-02	8.445396922664365202e-02	8.810375362333755511e-02	-3.047049489155092550e-01	-3.161766515084167839e-01	-2.271951057517803685e-01	4.518347546942687309e-02	-1.651900035469239247e-01	-1.084238395404074490e-01	1.316066983584021910e-01	1.690537729630056107e-01	-1.951660655348281051e-02	-1.049420531587839239e-01	-7.686133148871747423e-02	6.621047872334374917e-02	-4.374692686278875559e-02	8.051823472992410136e-02	2.693898789439090613e-02	-2.174933995464679859e-02	6.911284671338784047e-02	4.941609571394216527e-01	1.539354672116395040e-01	3.007181604809473496e-01	2.973799838545964080e-01	1.000000000000000000e+00	5.187544755678453745e-01	3.460714317148306796e-01	2.928270686518332222e-01	2.311476805246091559e-01	4.094275348588779506e-01	3.827209934825094306e-01	5.986323014806810283e-02	9.634344511297764091e-02	-1.286583842130930577e-01	2.497473821737178634e-01	2.820496153347560875e-01	4.494270901398988299e-02	-5.633024622427604267e-02	-7.798264477364547087e-02	-2.480793368096890494e-01	-1.863204442538202166e-01	-9.520796234475310815e-02	3.057548911166243499e-01	1.444671417657904522e-01	3.007532562987693669e-01	6.606268557443957246e-01	-2.708643407182546037e-01	4.149018189987425664e-01	9.092546717605436146e-02	2.248473950508438624e-01	-8.881632103655932864e-02	-2.090711494202517617e-01	8.096212004398273265e-02	7.011791318615256952e-02	-7.314546069537168453e-03	4.673258066960089135e-02	4.731059925860762322e-02	4.739556490920797394e-02	-8.130557353971211432e-02	-1.191362132260482959e-01	-1.351801784236930370e-01	-8.969982694775063825e-02	-3.668682476191771902e-01	-2.217481290383535586e-01	-1.153621858242012688e-01	-1.577019502511768645e-01	-2.140899689524500271e-02	-4.235937913399989707e-03	2.036013150049596418e-02	1.208423408687212507e-02	-2.382862478447183852e-01	-1.917270753050024090e-01	-2.492337342006081813e-01	3.411388344169644093e-01	-1.363182054611984384e-01	1.191482900211336543e-01	-3.904098446140616963e-01	-1.783991802030956420e-01	8.125021529947566148e-04	-2.208396571711530865e-01	-2.190880951561896828e-01	-1.659713888065360021e-01	4.201295491543806382e-02	-2.027046190671037973e-01	-3.369279649513772235e-01	-6.077423635147943121e-02	-1.585100221085030958e-01	-2.513401121626150370e-01	-3.543840158133925722e-01	-3.280482098973251381e-01	-1.925684811763061274e-03	-3.755053821082341425e-01	5.850030890307406778e-02	-1.702806958534109905e-01	-8.946293822333391266e-02	-1.906629846434977280e-02	-1.599236344670297225e-02	-1.102478594467210388e-01	1.215837497061677125e-01	-8.186508041372261846e-02	-1.727453184661194019e-01	-3.800175962136688179e-01	-2.669596963870938255e-01	-3.550172689229527112e-01	-1.305107965339676913e-02	7.064509296517815229e-02	-2.899525620254371217e-01	-1.451255628234873196e-01
-1.867806958716272392e-01	6.810009056116202164e-02	-1.727964863559931785e-01	-1.112790429284204324e-01	-1.847845080134353779e-01	-1.886780488964798219e-01	-1.065206532198786221e-01	4.159068261581504861e-02	-1.916575294812250807e-01	2.910629823559092444e-02	-8.015336036936120123e-02	3.688036129131714008e-03	9.566523214475464165e-02	3.338016696705342068e-01	9.487997034260903240e-02	3.643909539045457335e-01	2.419114579087755790e-01	1.447428761766297312e-01	3.730719493075200788e-01	2.779094715682525196e-01	9.075391903955978834e-02	-4.140240685706580298e-02	1.169896711538461614e-01	1.620628094180631140e-01	-2.027591796342973207e-01	2.516131871253605157e-01	4.959354759438647925e-02	3.550488794133837417e-02	-2.250608735627526724e-01	-2.677676927294848908e-02	-1.755922342251403090e-01	-2.371679749029212414e-01	-6.312253624306916888e-02	1.206942864315876524e-01	3.938719912311946514e-01	4.592629085176087589e-01	3.013143631203549222e-01	3.502146240369394814e-01	-6.362886959613900384e-02	3.353036765135227748e-01	-2.142826596314006959e-02	1.758550202746919644e-01	1.661929282496549254e-01	-1.215526561375206704e-01	6.632074381273876662e-02	1.311920321359471842e-01	-8.460322974055578538e-02	2.045576113434576654e-02	-1.721392664444713061e-01	-3.663045336764852306e-02	-7.575577227058431784e-02	3.502254553309137874e-02	-1.729205203821423120e-01	-1.018829894026217625e-01	-1.356902652141267207e-01	-1.094816486954841434e-01	-4.579637825679534757e-02	-2.919424995902549225e-01	7.229921718772247541e-02	-1.438147421360949918e-01	-2.755764228803789240e-01	4.429660228672504391e-02	-2.318656321123924169e-01	-6.050877925835063814e-02	-4.006891614231370552e-02	-3.258814836720920760e-01	-7.148909090829184965e-02	-2.939369631774337854e-01	-1.199822619348470260e-01	-1.579917135975019149e-01	9.232565479419782561e-02	-2.008575318926969500e-01	-1.902455406091243251e-01	1.009919728796736665e-01	-2.911778540762646750e-01	-3.484100541108602761e-02	-8.104010212153701931e-02	5.914865155829287374e-02	-2.302979042980169144e-01	-5.890286400611617450e-03	2.348985627775976304e-02	-7.064817367539136250e-02	-1.088220726581888703e-01	1.453360415007767248e-01	6.302973528630179123e-02	4.097595845732457387e-02	-1.904062096827125183e-01	2.471462192944468353e-03	1.292092080403321463e-01	-1.626303421256999893e-01	2.099960320962106775e-01	5.065306535339565014e-02	8.654766759899698569e-02	-1.451170841092363703e-02	2.653698462923319290e-02	-2.442905238183740724e-01	-3.840639122507812364e-01	-2.784241765266279867e-01	8.914967898864522081e-03	-1.956312013423812946e-01	-9.542077420688770129e-02	1.220730705807329119e-01	1.783551811798398945e-01	9.317935939188212724e-02	-5.648132557899060435e-02	-9.437437975402709900e-02	3.021257425548173198e-02	-6.336734270500905819e-02	3.897778932636983273e-02	-6.327830422813573996e-02	-8.517097454703892456e-02	-4.197533443563584293e-02	6.349460956596635341e-01	1.998461163011682473e-01	4.379040101938271867e-01	6.690817251497155338e-01	5.187544755678453745e-01	1.000000000000000000e+00	2.373483776956426816e-01	4.086331781443031108e-01	1.281541739726020090e-01	3.741789678907064265e-01	4.257732427962795940e-01	1.654398604751917620e-02	6.839783417104439156e-02	2.221608802384431036e-02	3.073992175088344769e-01	3.699908097491695913e-01	1.178529279514493600e-01	1.178413911513180451e-01	-2.861867497667516802e-01	-2.653295669688721103e-01	-2.960800698373691198e-01	-1.908490914597013588e-01	6.943527883279974888e-02	-3.775612085876225987e-02	3.778404378419145115e-01	4.689816058941411181e-01	-2.617654807580958032e-01	3.827702740953138894e-01	9.574300495115639631e-02	3.823981074594370311e-01	-5.895331897588225456e-02	-2.634771337152892468e-01	8.741450506321317426e-02	1.821414215110240264e-01	1.596821452848818657e-01	3.237808116972376582e-02	-6.075707870342265254e-02	3.003625938136307849e-01	-1.004918507666781036e-01	-1.197643187197661996e-01	-2.284328441565967316e-01	-1.817288186991352916e-01	-3.712938944722254386e-01	-2.810166646737015106e-01	-6.866724055497181768e-03	-1.255583028794330092e-01	-4.551394921910904140e-02	1.003378004677183410e-01	-4.879439075341729382e-02	-3.105789015113080351e-02	-3.426139468378666675e-01	-2.753772383684922609e-01	-4.147061704619762756e-01	2.607364401213401739e-01	-1.402148956788771827e-01	3.704773551089866196e-02	-4.097066961437720312e-01	-2.110453368677840391e-01	-8.974907177250436574e-02	-1.986290390415683393e-01	-3.683969574940307301e-01	-2.844368935191082248e-01	9.993107741592271998e-02	-1.433615623458320276e-01	-2.191306269860620604e-01	-1.456467421823029740e-01	-6.917622398380551818e-02	-8.481331785475608454e-02	-3.322277957452375863e-01	-2.299282022303530126e-01	-6.865000521980114956e-03	-2.810416316494055988e-01	3.093314160821318201e-02	-9.323719611877030744e-02	-9.460697713564787670e-02	-9.814363285503679285e-03	2.166839340850611195e-02	2.244040428008408153e-02	1.253031131921703012e-01	-1.137285076515265198e-01	-2.407895423609342778e-01	-3.923077376281527973e-01	-2.112218125592967011e-01	-3.411845782292556306e-01	-1.114614988906912213e-01	3.167795072710922338e-02	-1.964601281661668419e-01	-1.474418159487189406e-01
-3.255666620812169149e-02	-7.438094956175830830e-02	9.458897426620135884e-02	-3.869892391252373332e-02	1.044417234322142334e-02	-1.817619977227655920e-03	2.807564718175789009e-01	2.832855656692296886e-01	9.576728352912795839e-02	2.473342481723380115e-01	1.140343261829117605e-01	1.998334314397852973e-01	2.712318773969172869e-01	-8.539224010865818434e-03	-9.556801693311890722e-02	1.230275480171616337e-01	5.352644758390109336e-01	3.377748345967884064e-02	1.778174935360556930e-01	3.453643599548346099e-01	-2.800044568323551645e-03	1.240478405125762795e-01	1.109401799252451720e-01	1.454768478369140861e-01	2.152879533501329476e-02	5.039726430083069086e-02	-6.169715355896029235e-02	1.085603112535689224e-01	1.809741373505974887e-02	8.943076707056445140e-02	-6.799225029644957730e-02	3.237694374009186110e-02	6.188793131903230771e-02	1.129130441275176810e-01	5.311609354235770353e-02	1.502687190780434834e-01	3.613566322565213151e-01	3.818634807011808130e-01	-7.811958799096462014e-02	1.385570526139056624e-01	1.517721869189496940e-02	1.719143823778205779e-02	-5.780233190826808420e-02	9.039173980696950383e-02	-7.194803425006256192e-02	-1.718322465731785542e-01	6.591001021226654266e-02	-9.078459832417391795e-02	-1.717068846739131516e-01	6.158796917621703337e-02	-4.109338456085289554e-02	8.120507549978218942e-02	1.428435957437974024e-01	4.991908726778579442e-02	-1.481318748401849912e-02	-6.037574526932716623e-02	8.306329004115080294e-02	-1.499023454617926521e-01	1.839214969095583074e-01	2.079086463601870910e-02	-1.404793202891927439e-01	9.973853527513310349e-03	-3.876457249083187055e-03	-2.781970422165613507e-02	-9.257178239818511511e-02	-3.556835637328141508e-02	-1.240053503540961000e-01	-1.753870308997191457e-02	-1.418790359871636431e-01	-6.836332386220322910e-02	-2.787052822198339552e-02	7.134550463273416077e-02	5.392506202647010666e-02	1.361039674904213626e-01	-2.430729121932256320e-01	2.216894765332312958e-02	4.192387657909652648e-02	-5.172410435741585377e-02	-1.842955121026045862e-01	1.012862550440873088e-01	6.805822465570525448e-02	1.610426565306153843e-02	-3.182573162767502600e-02	-2.658086350889449917e-02	-7.913870343582454780e-02	-1.878183567149510069e-01	-5.939040526229444339e-02	-6.952697326305768734e-03	-8.017509128171904087e-02	-1.520679301304824482e-01	-1.818866063253056775e-01	-1.018758884609233528e-01	3.731510665197072113e-02	-3.511092076635148607e-02	-6.885521561249599576e-02	-8.032291315471777604e-02	-2.251042830489000807e-02	-1.928740996639404306e-02	-8.593850855918137854e-02	-1.598474198947969216e-01	-2.173287795640792275e-02	-7.972929200311242026e-02	7.325747106302965550e-02	5.583462094096545980e-02	-6.815180432080365953e-03	8.928144412171075406e-02	1.259681152968165074e-01	1.638551438678614025e-01	8.491377077687640995e-02	1.607095576405493942e-01	1.337555640588052874e-01	2.214078744665047283e-01	7.858957618850131999e-02	2.241696994630828776e-01	3.550923898435035531e-01	3.052633978886327981e-02	3.460714317148306796e-01	2.373483776956426539e-01	1.000000000000000000e+00	2.951253481131902445e-01	3.007930743601238133e-01	2.801359609107403892e-01	1.432523948532029578e-01	2.254519539899340896e-01	-1.387169474075406750e-01	4.869387657197588037e-02	2.751833336380257178e-01	1.900114603490643539e-01	2.840893795090612128e-01	4.445424910924487133e-02	-4.333954094792497047e-02	-8.459623495073369248e-02	-3.522187184013174377e-02	6.633746169688621575e-02	-1.838204430796910871e-02	4.742789965311961647e-02	2.100135150750697538e-02	1.098515090816970935e-01	-6.259707346559560334e-03	1.933202329928986329e-01	1.107412841265405928e-01	2.640262748594973119e-01	5.836077059451024243e-03	-2.146999243555958864e-02	5.960245660240005763e-04	1.691251638210205521e-01	1.434504255348057478e-01	9.369674515361889333e-02	2.428840895139616207e-01	1.483614494517379867e-01	4.586344313233087916e-02	5.063901845602053475e-02	-2.392839867764323669e-01	-1.336161005601513296e-01	-3.431689009849296368e-01	-1.551649780613553915e-02	6.430350741798991632e-02	7.331312830248290502e-02	-1.321622013976012262e-02	6.139474959230251105e-02	8.407802683026531498e-02	1.089492414902232670e-01	-3.470138202224921919e-02	-2.113509575930001480e-02	-1.646964700555804129e-01	9.314843378308942934e-02	-2.326246942142036478e-01	1.295102907355706878e-01	-2.785814194244242703e-01	-5.151618689168604298e-03	6.839693159403699430e-02	-2.132468274746711079e-01	-2.347712783611329290e-01	-1.697454955567732349e-01	1.685913288418535577e-02	-2.907203079380604183e-01	4.479749489830103099e-02	-1.133760395471327398e-01	-2.183330806105568123e-01	-1.779997460040241564e-01	2.938095963952251297e-02	-1.026728562835503844e-01	7.322194065625038661e-02	-1.771389633852840928e-01	-8.193370983930306495e-02	1.627880174954662515e-02	-1.246872034890726538e-01	1.141289697834306782e-01	-5.360118734120290773e-02	-1.229067840545645107e-01	-7.734867748408906507e-02	-1.233113781863232894e-01	2.681331626468587848e-03	-1.030751718102126263e-01	4.397532271639301160e-02	-7.216226634124033729e-03	-2.208357508963699201e-01	-5.091783132626997999e-02	-2.030481516542678166e-01	-5.641045374919310268e-02
-6.336592297773904758e-02	-1.030848742974189158e-01	2.453454148412997915e-03	-6.848963367144177139e-02	5.428270952899780233e-02	1.105674131255726623e-03	1.256301205364074303e-01	1.712957265582333855e-01	1.081319670493269963e-01	1.335370640612559279e-01	8.492656355652795919e-02	1.471488428636438250e-01	1.627548329421951989e-01	5.456095757078342767e-02	-1.180688197988515875e-01	1.063287633045525704e-01	2.039953274014736917e-01	4.724492242136825726e-01	3.796390830927514476e-02	8.790411766604162846e-02	4.767681169576918482e-02	1.798187092856199654e-01	-4.893747449119098189e-03	9.125879024783392613e-05	-6.338308569477351523e-03	2.388854791039463250e-03	2.533684466267500587e-02	2.196632328182777927e-01	-8.283768145736589150e-02	2.271939386406668093e-01	-2.793675151192622219e-01	5.914790290579399756e-02	2.625682204789498431e-01	3.628169541627433436e-01	2.378893013732311934e-01	2.423610192086300408e-01	2.893501717456168909e-01	3.904913904555811222e-01	3.110914588789900903e-01	3.839744872011985333e-01	1.605925573552451774e-02	1.249667014136342652e-01	1.524852090921052228e-01	1.329185309205851984e-01	2.775179087175800863e-01	2.414827325005733383e-01	2.338208739500382272e-01	9.298904909657376705e-02	-1.789123861918303082e-01	-6.809575371905583763e-02	-1.594400997337330761e-01	-1.148013124998518708e-01	-1.909725573405058052e-01	-7.497933152861394057e-02	-3.399067169895917395e-01	-9.853576466696081781e-02	-1.747894712551887053e-01	-1.216623221107085567e-01	2.819115528773013524e-01	1.229842845802490980e-01	-8.198662252300829845e-02	6.493243649792232453e-02	6.222006900511267702e-02	4.556310198240567239e-02	-7.878422217059738442e-02	-5.769176041172525277e-02	-3.617416671774871251e-01	-4.926381330932198127e-02	-4.400478238312678925e-01	-2.457626837604947601e-01	-1.671495095714908563e-01	2.954899837733140217e-03	1.192874355089502819e-01	-1.208165945391677099e-01	-5.179396839069700942e-01	-2.346600296035911137e-01	-3.830572415259040353e-01	-2.078530026084769999e-01	-2.839649477133132094e-01	-2.264036320145932368e-01	-2.136047401694259606e-01	-2.613815318408349575e-01	-2.624583313083787561e-01	-1.615833160685390124e-01	-1.512604777940034229e-01	-2.750607245214055085e-01	-2.390157989998098753e-01	-2.584312677376418566e-01	-2.213127642616919133e-01	-3.087833861365860688e-01	-4.234748974705896535e-02	-2.285918628464941038e-01	-3.140456148842366707e-02	-1.857523067044687393e-01	-1.209998201824066984e-02	-4.408813530341846865e-01	-3.131482884803757916e-01	-1.762226113803050942e-01	-4.703456367661077581e-02	-3.943010263597617748e-01	-3.426246643779746331e-02	2.293121811487871253e-01	3.362980628647556369e-02	4.517965694761005846e-02	3.407855438372391077e-02	1.776009659735877308e-03	5.834569950790160359e-02	6.460775639406798887e-02	5.599837091780881376e-02	7.536265963568988813e-02	1.085832912494455738e-01	3.035343035661852151e-01	2.006365934648898786e-01	2.278361944400127403e-01	3.172367050177835046e-01	1.669767527211843405e-01	2.928270686518332777e-01	4.086331781443031108e-01	2.951253481131903000e-01	1.000000000000000000e+00	2.377963983567211725e-01	1.039534431549264809e-01	3.149461393636927842e-02	-3.371016525364937261e-02	1.059361542044326560e-01	-5.575013054346701635e-02	2.079015083688773580e-01	1.079373123567139992e-01	-4.420807263604481681e-03	3.321808968439415866e-02	-6.272530927810221566e-04	-3.413514913618540675e-02	1.027935044613331739e-02	1.444591956906207952e-01	2.796668451275720058e-01	3.192551864159222097e-01	1.948876276781519312e-01	3.708297520290216309e-01	1.490232585223391915e-01	4.364007073571848361e-01	5.431005294784572168e-01	3.590703227784597940e-01	2.029873156606669671e-01	-1.884015033905974412e-01	4.038975318957254562e-02	2.495468453378890950e-01	4.339623332180007620e-01	1.724828617662874930e-01	4.692333611328381587e-02	3.962538683091225700e-01	3.020284142946852990e-01	1.654016718078369641e-01	-6.928504476850654015e-02	7.238586340649237963e-03	-1.910662064755860035e-01	-3.984625603254455389e-02	-1.221202820247640347e-01	-4.963575456376956296e-02	-2.015047413189575420e-01	8.816559849187466727e-03	-1.386942783242886279e-01	8.990016152028880436e-02	-2.592575726765282140e-01	2.314598982389818108e-02	-2.591886927229526960e-01	4.226160075045665154e-01	2.475000678382886787e-01	4.723879507580189263e-01	-4.810490702765545662e-02	-9.765986492542141906e-02	-2.769618376228549783e-01	-2.848413691230388123e-01	-4.467020100243924152e-01	2.387095281374148129e-02	4.389256440354777355e-01	-1.752344370342688584e-01	-2.140410662015316823e-01	-2.342153046492001789e-01	-8.616043347471341596e-02	-1.924347148072783897e-01	-1.778828219640604669e-01	-1.754956945908040800e-01	-1.792231895625794047e-01	-2.560394528288326699e-01	-4.079864781244033067e-02	-2.355707256209703671e-01	-2.656110537110462633e-01	-1.066737730808670209e-01	-2.341712349459453835e-01	-2.726922897662012457e-01	-1.229761235562482347e-01	-1.054915181710966293e-01	-2.144925568226504348e-02	-3.547168599166378167e-01	-1.246827870151043932e-01	-1.963275707558559957e-01	-1.009781374694223993e-01	3.120140354652406814e-02	-2.716188620865059300e-01	-7.469370547080422806e-02
-1.128057117398866827e-01	5.999553387013824290e-02	9.390215252492316311e-02	1.694458276486279086e-02	5.180913992254654321e-02	3.399262592470912725e-02	-7.468609920551920467e-02	9.978939141500284271e-02	-7.515440621057139711e-03	4.740950582062530838e-02	-8.467636083916912915e-02	9.513701913574856839e-02	4.224816562153992788e-02	3.000043321909635907e-02	3.987411389887592084e-02	-2.558747224827681230e-02	4.180021915451345715e-01	-7.528815672435111572e-02	2.558622041594623697e-01	3.335207264832684704e-01	-6.590825848790433927e-02	6.867621399035678253e-02	-1.504790387438079309e-02	1.467076153774717895e-01	-1.427781449101310496e-01	-1.235681493195876501e-01	1.914852406561075027e-01	8.304042707606731910e-02	2.451760219872610447e-01	2.279743671324178100e-01	-7.715214435972961304e-02	1.764035943474888679e-01	1.734031207821149501e-01	2.181089014442372520e-01	1.679175706941413377e-03	1.702536045652153912e-02	-3.668623135815825970e-02	3.143760101614060942e-01	-7.890959182878334865e-02	-1.032108822009582781e-02	-1.229106762265303188e-01	-1.433226540951442196e-01	1.535789273374508004e-02	4.223698825029312959e-02	-3.221334793746235409e-02	-1.468843523007358487e-01	-1.581392322839903497e-01	-1.054233364693496072e-01	-3.246611503906481899e-01	-1.378484200290233663e-01	-7.316157267820881660e-02	8.963604332072942077e-03	1.250229922427660567e-01	-3.304802067479879757e-02	-3.944560273797954875e-02	-2.997224122746707242e-01	-1.912545810470840310e-02	3.086170883913624818e-02	2.753751680604022423e-01	-8.121598023889399498e-02	9.398114945436325529e-03	7.075911182311382663e-02	-2.475432574210280519e-03	-7.496491232933003013e-02	-2.861965133419251406e-01	-6.340085659166704024e-02	7.212650795413531185e-03	-9.532846598128015547e-02	-2.577530938380955816e-01	-2.060441943955378802e-02	-2.570142025165586888e-02	-7.266049274745201014e-02	1.119210060357692105e-01	4.620753614056125058e-02	-2.499228350584624669e-01	-1.810354168292699698e-02	-5.826171630911470417e-02	-6.438557193614517782e-02	-1.355317010452025961e-01	2.789815905341853919e-02	-1.474282353983603390e-02	-8.781667015805347254e-02	-2.317070312799372755e-02	2.927493386237199277e-02	5.141799787549692496e-02	-1.992970766387734682e-01	-2.010351871136776269e-01	-4.031507303945202486e-02	-1.428583246812198115e-01	-2.611403774633102581e-01	-2.123191700643077273e-01	-2.222759000439169241e-01	1.123978321464775970e-01	-1.509861960623715138e-01	-2.022358492681472497e-01	-4.703153802388079438e-03	-8.436236429073631915e-02	8.212555463234991193e-02	-7.430005687589262553e-02	-2.856192500006509150e-01	-1.167859793911107426e-02	1.200301148791601269e-01	1.460636258958730171e-01	1.246353854005062267e-01	-1.841270819966988465e-02	7.672494557703121720e-02	2.741380843693805303e-01	2.768748092439466402e-01	2.144061323344730041e-02	1.311032230292550893e-01	8.797052295253750265e-02	2.148998651213415434e-01	8.923175226556376294e-02	2.108095740134981466e-01	1.319169239128389903e-01	-2.212717534607533745e-02	2.311476805246091837e-01	1.281541739726020090e-01	3.007930743601238133e-01	2.377963983567211725e-01	1.000000000000000000e+00	3.252917828144195611e-01	9.935807126757260910e-02	-1.282921973751044997e-01	-1.089390762234514892e-01	-1.772251118376626522e-01	-1.424454006606893919e-01	7.587461732478223420e-02	4.415897485631832542e-02	2.079251497602457588e-01	1.407569294473334787e-01	5.167371149584722850e-02	6.323635971918051268e-02	1.859173605074463387e-01	4.360960518526554863e-02	2.562114829878885947e-01	3.089009862545581964e-01	8.400435858655885824e-02	1.819847648891582403e-01	2.325570945977853410e-01	8.222960600518297580e-02	-4.992179019748780103e-03	7.418616134390751404e-02	-1.775101996142364191e-01	9.782973752983578630e-03	4.280295623866892107e-02	8.732295967295242156e-02	-9.199556139737966043e-02	1.019579308221971181e-01	1.762454136625971057e-02	-9.494635122594902166e-02	1.601549216854698116e-02	-1.591074065159276407e-01	-2.933614916779920256e-01	-2.791650613498820044e-01	-1.017441396872326986e-01	-6.292728505224982893e-02	-7.130394710688064963e-02	1.004154167555865590e-01	8.243031816706343495e-02	6.467741494805852309e-02	7.175141144082787525e-02	-1.636438850069661666e-02	1.045561421759387544e-01	3.034468069127356851e-02	1.271487533887095678e-01	4.896082769543559643e-02	6.941625369912797494e-02	-1.492369933961617545e-01	1.160175521671950004e-02	6.913912459944316496e-03	-3.895497260631122088e-02	-1.613081176148555007e-01	-1.121523209519355024e-01	6.348241475897088704e-02	-9.410637134929482339e-02	-1.661421637656837202e-01	-3.126183025379769553e-02	-2.524162214960041228e-01	-2.309631902068795539e-02	-4.162466860862235052e-02	-6.969569067952005592e-02	-1.312472484305383935e-01	-2.719563031198534708e-01	3.980473708381910419e-02	1.157802203620698772e-01	-3.117183490356365549e-01	-3.920409079661037015e-03	-4.446380807191551224e-03	-2.723598781727293305e-01	1.613881957798671621e-02	5.975301813479878647e-03	-1.436552209642210642e-01	-1.102257584635959742e-01	1.757602092739541377e-01	-6.201412183729630018e-02	-9.626357297465634733e-02	3.472805895925203112e-02	-2.998392753345108241e-01	-9.315124808354519059e-02
-1.714324412844872025e-01	1.635751184223747379e-01	-5.366794383587412259e-02	-4.383508094741005862e-02	-1.778677849756059304e-01	-2.319951356042342094e-01	-2.038516778739535018e-01	-1.244598732797564528e-01	-1.490019162844490597e-01	-1.234028267693231540e-01	-2.038355382742582378e-01	-1.245974182144924253e-01	2.580283087150133658e-01	1.484411010538373987e-01	1.539705168042800054e-01	2.976286203061438984e-01	3.484913945133876201e-01	-2.990450641354181534e-03	6.802705273531856056e-01	5.381830374505943704e-01	-4.102429695122434433e-04	4.867959809582489417e-02	2.486126756347991906e-01	1.858376525374959842e-01	5.439424718612310972e-02	1.594500860477674753e-01	3.426732260930515778e-02	5.833645086866850321e-02	-3.131845952701006156e-04	-3.017143761957160469e-02	7.799247438660152076e-02	-3.058496317577634738e-01	-2.488495686727726641e-01	-1.410692241093812194e-01	2.518029144438608743e-02	1.469848037618570191e-01	4.983312633731380031e-02	1.163464068292538039e-01	-3.261331347497072319e-01	3.774111355772580474e-04	-8.995575407881378771e-02	9.225715725456890004e-02	-1.687744572267831922e-01	1.382802593840097016e-01	1.458090525828604350e-02	5.515370177726182377e-02	-1.334895387221623764e-01	1.955268217409474735e-02	-2.632756582943971413e-01	4.088035689546846985e-02	-4.648776212317751871e-02	1.103002078885741005e-01	1.527723578307572244e-02	7.025903085181590957e-02	1.183128580517424089e-01	-1.111475565047330138e-01	1.719423430058738267e-01	-3.203445061499985980e-01	-1.499550736813882179e-01	-2.956641182875850982e-01	-2.060956319279454718e-01	-1.213595276031238374e-01	-2.883597284814864992e-01	-3.196447602742515381e-01	-1.953449893155430328e-02	-2.621522389019951826e-01	3.409934986136774204e-02	-3.511017447078214060e-01	-7.064898837571970125e-02	-1.532011623189268590e-01	-5.889290816037241749e-02	-1.594277088270822651e-01	-1.319503124458715204e-01	-1.027841054448807266e-02	-1.989494291606749843e-01	1.771793358283532405e-01	1.984226710823160378e-01	1.615080060473185475e-01	-1.072078331327925294e-01	4.624462726284504777e-02	1.553846644020575041e-01	4.200159707679428089e-02	-5.268872515185731714e-03	1.424682119085350085e-01	1.834117216086311453e-01	2.514013933124157330e-01	5.444821022441617003e-02	1.236230623064870637e-01	2.771910646723408922e-01	-2.205734687949140460e-01	1.393315395276055468e-01	1.208844312380012720e-01	9.889894105033766869e-02	1.088745281115050256e-01	7.088097805388734671e-03	-3.060213921137914031e-02	-9.656020962481290382e-02	-2.148442301199735560e-01	2.437988112756806491e-01	4.273058420193880103e-02	-1.111488456621057969e-01	1.156528190584214105e-01	2.507088931635267359e-01	2.308661099766360636e-01	-1.234845045316549789e-01	-1.044743838974844657e-01	-4.106639612292693059e-02	4.562186334821168379e-03	-8.219952112071002293e-02	-6.822792763201766808e-02	-3.226334244687217856e-02	-5.030841099386944293e-02	3.460907036620616273e-01	-4.444147515363754131e-02	4.386507718882654006e-01	3.707777616302329049e-01	4.094275348588779506e-01	3.741789678907064820e-01	2.801359609107403892e-01	1.039534431549264809e-01	3.252917828144195611e-01	1.000000000000000000e+00	5.355619520176589932e-01	2.364127658605878410e-02	7.566626065455121786e-02	-1.157628383727212634e-02	1.816764953973855068e-01	3.165127974426997781e-01	7.665630884117259625e-02	9.519284045410313089e-02	-1.941095271668736022e-01	-7.502315086181654546e-02	-2.934750133164210073e-01	-2.060186525975910565e-01	-1.892098783374612236e-01	-2.331846223473994784e-01	1.505591757567538713e-01	1.247456624261895630e-01	-1.585286794315370895e-01	1.393256397202697061e-01	-2.336536502232787749e-01	8.114914343483765891e-02	-1.596927309436379505e-01	-2.054530328153334473e-01	7.698889070938777501e-02	6.825963118839506460e-02	-2.028234895576805363e-02	5.415837125446249650e-02	-4.930424262631139670e-02	1.955689956780814337e-02	-3.486266847024532267e-01	-3.277936920528913833e-01	-3.459453539771906727e-01	-2.882175238410500939e-01	-4.643752772255886341e-01	-2.891765899624329506e-01	-7.819705850036998140e-02	-4.725575033126924729e-02	6.208774307737544018e-02	7.374852879057923472e-02	4.326331416449165357e-02	6.273757782288620632e-02	-4.895144380877303886e-02	-4.330032980511736712e-02	-4.413708930827835442e-01	-1.836295566788122002e-01	-3.607365393233535888e-01	-1.846102584973713656e-01	-4.549803881326883181e-01	-2.305014539305447474e-01	9.759333710226493486e-02	-2.460296345862457157e-01	-3.192558611270986946e-01	-5.313656216545462607e-01	-6.597968127888688417e-02	-2.591871155417700967e-01	-2.996072296461071982e-01	-2.848394383037608502e-01	-1.293294707167040314e-01	-2.533809149683466377e-02	-1.490940737259747184e-01	-1.412963391970746829e-01	1.151236010744531996e-01	-2.348577378550206485e-01	1.184221218626544808e-01	1.400376763818559633e-01	-1.482333938156722153e-01	3.169352732385421687e-03	3.324305960095098184e-02	6.384553259338335285e-02	9.277696234006234388e-02	1.382802743404976976e-02	-1.360621804384909428e-01	-1.156156911688590860e-01	-2.696746574530611493e-02	-1.879321529359419263e-01	1.503647919788265730e-01	1.544635495374012124e-01	-1.812936168819187814e-03	4.945904008394631096e-02
-2.479932620877658422e-01	1.236708307925872691e-01	-2.253590716708970265e-01	-1.315258234903963763e-01	-2.284498087879896222e-01	-2.395563343732512729e-01	-1.797310527844240557e-01	-7.823072256762532428e-02	-1.868340533480881693e-01	-1.059404625173149539e-01	-6.825605965372623374e-02	-1.198227981316630775e-01	2.617945347496456465e-01	3.209461257950073365e-02	1.725634449786074276e-01	2.846014773112955365e-01	3.776475966635170489e-01	9.866276183081871057e-04	4.159105222559796311e-01	4.548952457882918243e-01	8.133874510337314734e-02	2.144269143552656257e-02	1.972542479806665972e-01	2.238576544185439110e-01	1.228877407224993334e-01	7.777601672538395072e-02	8.521282162255244819e-02	6.390141752536364350e-02	-1.264127375066984027e-02	-1.404582450509241076e-01	-5.184655443688053478e-02	-1.670771186552292564e-01	-6.340088218869738279e-02	7.848067541997694185e-02	7.142213838366016920e-02	1.144857895639973117e-01	1.315390702572249160e-01	1.988832077376678775e-01	-1.647108965528857882e-01	6.102602240317001742e-02	-3.357452376871935401e-02	-6.184197732327070818e-02	1.940203226541007547e-02	3.329505168121066339e-02	4.466772299267364466e-02	1.624489767367838788e-01	-1.534512912139580389e-02	-4.691475497165564085e-02	-2.321343314851312400e-01	-8.502723404583531486e-02	2.461212475078089143e-02	-1.015887878688093715e-01	-1.779524184028933587e-01	-1.284207202769305223e-01	6.638722090268708853e-02	-1.894697782828250448e-03	1.681428297220880774e-01	-3.309940653761953705e-02	-2.409304472145453509e-03	-1.676177142026777089e-01	-1.039297389586417431e-02	3.392947738025317572e-02	-5.049665821882898253e-02	-1.244524498749392943e-01	7.111284932289872740e-02	-2.831371345600063871e-01	2.006443951024782790e-01	-1.188754051726518546e-01	2.486017949415431083e-02	1.583946953530808097e-02	1.503188852953557808e-01	-1.176941822614534505e-01	-1.155868268890876405e-01	-3.412081932827360636e-02	-9.837810733727049561e-02	8.619758844917832508e-02	3.016632393052512753e-02	6.882095266866979089e-02	-1.633859925883305586e-01	-2.580028504740971770e-02	1.040092443518717685e-02	4.417230054954306151e-02	5.202487904090857818e-02	1.339402429281352225e-01	1.537317781294521568e-01	2.433133217739371079e-01	-9.291500943897061660e-02	9.381290399718916762e-02	2.516639904991357368e-01	-8.459013261834308350e-02	2.898050817217259767e-01	1.298155504165199314e-01	-9.146771237685173347e-03	9.842935001904920544e-02	1.703552967543494057e-01	-1.632855425238307345e-01	-2.960424819391006546e-01	-2.818372766810219310e-01	1.848427978198337596e-01	-3.857707360208200570e-02	-2.339671697496112646e-01	-1.145681892504051974e-01	7.976037550104400631e-02	6.716716460986534021e-02	-1.735263959652285359e-01	-1.737867446014745298e-01	-2.741451614882494531e-02	-1.835980714607115538e-01	-4.329784686407336936e-02	-5.838542471257402583e-02	-6.962485364134923804e-02	5.207900587130298575e-02	3.467864979491376842e-01	6.289806763988799176e-02	2.923224953470575649e-01	3.990194120976122139e-01	3.827209934825094306e-01	4.257732427962795385e-01	1.432523948532029301e-01	3.149461393636928536e-02	9.935807126757260910e-02	5.355619520176591042e-01	1.000000000000000000e+00	-1.378823260847325234e-03	1.916912746364069220e-01	-6.809103967279298009e-02	1.237734523448850849e-01	2.612928075191157662e-01	4.087449173324567836e-02	1.312741021095737148e-01	-2.456533219104777011e-01	-3.798794419436173908e-01	-3.057730580021458811e-01	-7.116160731394584327e-02	-9.367224179976446630e-02	-7.532499041087369063e-02	2.211382099906802901e-01	1.523962904736459456e-01	-2.805796511238679014e-01	3.629315141623611907e-01	-1.465855955648499853e-01	8.220688099027713414e-02	-1.469847171048167256e-01	-2.094661053178470123e-01	-5.866407233870125221e-03	5.950026116690945027e-02	-2.574913569617410386e-02	2.893292425585615793e-02	1.567707230458455919e-02	8.982518493865679354e-02	-2.551623859607885514e-01	-1.456142814214333170e-01	-2.102614376763455029e-01	-2.466435296906124564e-01	-3.410848789799342251e-01	-2.674414172501889397e-01	-3.148983031706992231e-01	-1.989357678227063053e-01	-9.080090421930804567e-02	-1.039509814987210484e-01	-1.883250902727615639e-01	-2.024516072338371775e-01	-3.483450651055980396e-01	-3.483003915453062871e-01	-2.283691340095343469e-01	-1.129213541719157644e-02	-3.021968094664915783e-01	-1.858753610528844913e-01	-3.645569341627730164e-01	-1.512808657425669945e-01	-7.744805111196452485e-02	-8.576320304179600729e-02	-1.744518793019597669e-01	-2.334086630327695255e-01	-1.071811656185182454e-01	-1.620998958317048932e-01	-3.565018515479080330e-01	-8.838389863514350964e-02	1.564752346776729927e-03	-1.581722326485687780e-01	-2.767819669893190060e-01	-2.419508320895452647e-01	7.822762024006775505e-02	-2.775758363576924515e-01	2.517152273809082630e-02	-1.569182811511667108e-01	-6.299247895128631813e-02	-1.303139840394303972e-01	1.067239518801499538e-02	2.616772750868689296e-02	1.455762884608474417e-01	1.069726961953270522e-01	-2.486861689343824733e-01	-2.522973270578338645e-01	-1.658498808003576741e-01	-3.685863165822418352e-01	7.168497783976936211e-02	1.465785256360412070e-01	-1.063497387719107429e-01	-1.162541935886542560e-01
-1.004387377747957694e-01	-1.536783700188158568e-02	-9.209883087455091044e-02	-2.001318356323409930e-01	-2.231631324902639824e-01	-1.971039632596165714e-01	-6.199913766324969405e-02	-3.915912593323001012e-02	-2.016925308364739544e-01	-4.497397773205241006e-02	-9.459421939489526254e-02	-1.824741728241116578e-01	1.310258448504798556e-01	2.727150572586199348e-02	-4.377422132713262859e-02	3.368082891626709985e-02	1.237523389371611299e-01	2.109605728487086440e-02	7.581539697310279166e-04	7.558119539265964471e-02	3.372569836635094243e-01	3.698342713519339742e-01	2.454230871904382327e-01	2.149458916550988363e-01	2.491040752834432770e-01	1.378460093317740720e-01	-3.784296459427406029e-02	1.163976073332251282e-01	-1.230598718708392630e-01	1.011157362852011313e-02	8.517683038080367530e-02	-2.850465546022007413e-01	-2.595660579646124066e-01	-5.310503564068175947e-02	-5.434595241853532738e-02	4.647499055486637581e-02	8.630028315494774060e-02	9.731488925485984320e-02	-1.550944869251355551e-01	7.977067397007871208e-02	1.570327804355576840e-01	3.038233134313805123e-02	1.882243057005753440e-03	-8.493908452511216012e-02	-4.063703247940050889e-02	-2.550986928103896739e-02	-8.264312202517273831e-02	1.703833757203301047e-01	1.731417738721459099e-01	6.526317356982495876e-02	1.564831546900849746e-01	1.588093137972143021e-01	1.047268957301500242e-01	2.058882850339507076e-01	5.244490382786909377e-02	1.193761503425199572e-01	2.322535324952884894e-01	-2.008499852904407634e-01	-2.072923529371009654e-01	-1.573248332777051062e-01	-2.006333575767746680e-01	1.376821142612297266e-01	-1.187005448459485940e-01	-1.067611997854421568e-01	2.360873918169834398e-02	-5.519739020741762370e-02	1.286730446479296686e-01	-9.807672756356719534e-02	1.051224435289634662e-01	2.907535928912465817e-01	7.362777433170573926e-02	-1.957699175923281187e-01	-2.554057682399387130e-01	3.997366206932160410e-02	7.118876620963010722e-03	1.313192586147807761e-01	1.819556669902994972e-01	-1.668977438152316820e-02	-1.234735485496452345e-01	1.225942988624069002e-01	3.003630457144913501e-01	1.760430182806567712e-01	1.855939621766911768e-02	3.029427450526792770e-02	2.999200067780534093e-02	1.479000271822152046e-01	-2.594116212871671809e-02	2.278509987106835388e-01	8.895209588291555503e-02	6.575907563911634335e-02	1.695613365381963278e-01	9.617344332338710611e-02	2.270119320888313030e-01	2.474215685113899110e-01	2.945124880484794039e-01	-1.001464548536026289e-01	-8.446879046506439170e-02	-1.559795677385429624e-01	2.668089967072339586e-01	1.525166372192974518e-01	-2.173589262799910105e-01	-9.207658111216998620e-02	-4.354738167695125506e-02	-5.006397277299960702e-02	-1.799976028530020922e-01	-2.016589134797596716e-01	-2.548318752641793306e-01	-1.435202701310346052e-01	-1.605208913756817068e-01	1.221780004729812463e-02	-2.359231997913225354e-01	-2.688863905788759223e-01	5.282609209714606534e-03	-7.774351971818177498e-02	2.712745985747588295e-01	1.066260267486987406e-01	5.986323014806810283e-02	1.654398604751917620e-02	2.254519539899341174e-01	-3.371016525364937261e-02	-1.282921973751044997e-01	2.364127658605878410e-02	-1.378823260847325451e-03	1.000000000000000000e+00	3.496891237506573602e-01	2.923882051931748771e-01	4.625850287598027855e-01	2.571474485928272324e-01	4.406142694244016278e-01	5.891659769694697346e-02	-1.685911914910431797e-01	-1.078970077526018451e-01	-3.258383343087047912e-01	-2.205275942513328369e-01	-2.104081141122524090e-01	-3.105007393084928680e-01	-9.599324769740412433e-02	-7.252989450077858280e-02	-2.323622425491030929e-01	-1.090740400406550875e-01	-1.135989189007804989e-01	1.353440875608832306e-01	-1.037329589302724842e-01	3.184656704330771082e-01	4.765888848297515912e-01	1.906108736469396547e-01	-3.732817221292610010e-02	-2.562300254782413911e-02	-7.554795922758188176e-02	5.116348944275128652e-02	-2.010636736018915072e-01	1.846730138554408818e-01	9.000320014097913657e-02	7.889862147985088336e-02	1.586118040672526708e-02	2.308005286074756857e-01	3.264290194458968064e-01	1.516269259139719494e-01	4.014481815558124805e-03	1.877657889694404059e-01	2.616991926464190543e-01	2.454588197226668933e-01	2.331336457416219310e-01	-1.144189697535474559e-01	-1.821718348158840872e-01	-2.588838309004742322e-01	-3.842908482770968082e-01	9.473438089416223729e-02	-4.523033766578867659e-02	1.692109604006995782e-02	9.824371895534285415e-02	-2.477696545244187018e-02	-9.555533802096005669e-02	-1.627734419305748303e-01	-2.368302668151958668e-02	-5.471807508869655501e-02	2.461439564785776746e-01	1.148076030434364708e-01	6.617601168155194669e-02	-7.721654418016965504e-02	-1.380271134069383787e-01	-2.045972788029026268e-01	1.812174203805829997e-01	2.095358196757508840e-02	1.034395255022932808e-01	7.568147519592845207e-02	6.199193887893719029e-02	3.102048399374860432e-01	1.179363328247809983e-01	3.798605816463069412e-02	4.626189321255395892e-02	1.867613752438914212e-02	1.499883663214851282e-01	-9.498293875641883321e-02	-2.125869101921664672e-01	-9.276467688026841796e-02	3.601737588113016614e-02	1.351313424684627285e-01	2.081167464671755674e-01	1.851915406668643294e-01
-4.999548429387089266e-02	-2.285937034792196593e-02	-1.543792346581549235e-01	-2.396360132084078831e-01	-1.463433070608299025e-01	-2.684239123297321727e-01	-5.165478306638149331e-02	-8.811430964388249076e-02	-1.910858052137578283e-02	-4.393755572182114766e-02	3.229563931389254489e-02	-1.225024629134304210e-01	-1.189632518046580606e-03	4.041223808846381577e-02	2.240857441260438176e-02	1.017088019596742304e-01	5.201778126565825139e-02	1.690691266425138894e-01	5.246484128310020117e-02	-2.038261941086722331e-02	6.713390407364111523e-02	4.302947825093509371e-01	2.347415258638889668e-01	2.495933219469863573e-01	3.060049126272195164e-01	7.321964463644517473e-02	2.441305521680816326e-01	3.099517348191762056e-01	-1.734191598628524456e-01	2.900301060302976682e-03	-1.968648222292960701e-02	-2.923713351399014337e-01	-1.250900552059545090e-01	1.018475760644924205e-01	2.497686962694498428e-02	5.563528248544777344e-02	8.806651152512887104e-02	7.211151808267883545e-02	-2.081640778470376096e-01	1.123837412182107642e-01	-2.963183546550061248e-02	-6.838288168848641324e-02	8.819357698206993501e-02	-1.068391028464960382e-02	6.279411878342416875e-02	9.242189367454199667e-02	-1.456403106449483398e-01	-7.103830038988090401e-02	1.343609714787585493e-02	9.226314676272688586e-02	-1.577916921685882656e-01	-2.388296560319011497e-01	9.237374957683144872e-02	1.919972807839128437e-01	2.311214111091234799e-02	3.382983714747188619e-01	8.453420559407179291e-02	-9.279217046424445559e-02	-1.298641944104035606e-01	-2.253516353706305764e-01	-2.997604496326992940e-02	-2.084806591237981510e-01	-1.080695693877732483e-01	-2.557250790183716038e-01	-9.509507567455607879e-02	-3.688489898890162655e-02	9.210185056871787734e-02	-1.927699633433389570e-01	-1.504130449229021740e-02	-4.794874051237893453e-02	-1.246568521293369980e-01	-1.765041930279198368e-01	-1.746892648500909251e-01	-1.709556556216949574e-01	-8.978278747535597959e-02	2.800204804341170639e-02	-6.725026262013210354e-02	-4.466422866471778802e-02	-1.322115536587009643e-01	-1.295364314672493855e-01	-3.553532261586100222e-02	8.142301437119057322e-03	-3.086606418073789548e-01	-2.016569616581184721e-01	-8.330531981140140707e-02	1.335021384981495141e-01	-1.429628723722711492e-01	-1.295845317439469069e-01	-7.174405810861250732e-02	-3.357277329360471019e-02	1.140453794311123148e-01	-6.410481138736906503e-02	-5.666043402610144997e-02	-3.225754482491557940e-02	7.020793995059021464e-02	-1.895471531582223479e-01	-2.443167008822817177e-01	-7.252114439919574163e-02	3.419951012065081120e-02	-4.344730036268848461e-02	-2.430892311106702119e-01	-1.301956246594171591e-02	-9.333163901134956808e-02	-1.468928097743111560e-01	-2.805642912758579688e-01	-2.515590734118552385e-01	-1.920618855568042294e-01	-7.498496876062843430e-02	-1.330262883556261599e-01	6.883463595648151717e-03	-8.664758948519096782e-02	-4.119664101761166819e-02	1.531844440164919496e-01	7.156612379403486102e-02	6.805674910248175891e-02	1.349790832459517864e-01	9.634344511297765479e-02	6.839783417104439156e-02	-1.387169474075406750e-01	1.059361542044326560e-01	-1.089390762234514753e-01	7.566626065455120398e-02	1.916912746364069220e-01	3.496891237506574157e-01	1.000000000000000000e+00	3.238832798491522169e-01	3.868959759090750405e-01	1.856760981302766067e-01	2.297430257295069445e-01	2.323334168705123992e-01	-1.048352436140297800e-01	-7.538034698363782482e-02	-3.442051564759873172e-01	-1.138212179209491803e-01	-1.521077011165577475e-01	-1.396144755375910429e-01	1.159293662535384739e-01	-4.411581890527754759e-04	-7.526821501084113297e-02	1.276351700011049140e-01	-1.455714065228934720e-02	1.514738655272571954e-01	5.953793627672330363e-02	-1.878125853868980663e-02	2.645897405331659735e-01	1.934927709895548076e-02	4.774569944697495266e-02	2.519844983977398076e-02	7.873235685671763420e-03	6.803681589897817017e-02	-1.849783692555474479e-01	-5.983986091187683959e-02	-3.646716895312925033e-02	6.032982555607950548e-02	7.837716826675272808e-02	-2.811409834497227700e-02	-1.873690778959169467e-01	-1.026969204754050596e-01	-1.631363952300799725e-01	-7.690930820837980908e-02	-2.027375267787282220e-01	2.451497636914048983e-01	6.525397657141349117e-02	-2.000524024989403238e-01	-2.256158319051922434e-01	-2.132923843209943715e-01	-1.741657011877021377e-01	5.696441991272215705e-02	1.035397639287511176e-02	-8.885324226622025312e-02	3.261195100129464660e-04	9.229773742150511329e-02	-4.512746511718435105e-02	-1.023782835649007239e-01	-1.268530157353860328e-03	6.149256923200775021e-02	-7.468934593203271910e-02	-9.555127969516703790e-02	1.159968640727728484e-01	-3.125925170938982645e-02	-2.179901584183852326e-01	-1.395097740541838827e-01	-3.030373818503657654e-02	7.189111234251661237e-03	-5.928725535897502730e-03	-9.955652660489497374e-02	1.212278411163189157e-01	2.121928124298601004e-01	-9.155125773584535387e-02	1.695503190002950189e-01	-2.754917701155739501e-02	4.160766185722662713e-02	-5.294286964026022248e-04	-1.451501493982475521e-01	-2.287088472229465153e-01	-1.291226569769778065e-01	1.445666159796057948e-01	2.662978596710156021e-01	1.253213505176670461e-01	1.493363241276660647e-01
9.406467393597747750e-02	-5.196302770967597962e-02	-7.450798667667911379e-02	-1.382164445216505777e-01	-1.243682707602794812e-01	-2.228809713883748711e-01	7.966019620054799744e-02	6.254203182619422208e-02	9.234185616287023113e-02	8.018692248565718883e-02	-6.098876148346613242e-03	-5.046796662008491696e-02	-4.322688248380210374e-03	-5.795495220693572952e-02	-9.071661437406652873e-02	-1.748346300722614793e-02	-1.032366029082254083e-01	2.112183905183986909e-01	1.028672384210264773e-01	-1.137186065874451479e-01	2.586966091989063021e-01	3.836963353655893916e-01	6.311837918155001059e-01	5.569407777378273527e-01	3.586216228657088112e-01	5.248850389646001480e-01	5.193387266147820869e-01	4.012454468345648118e-01	-7.648970134459434200e-04	1.960639691422964292e-01	1.807489413964552538e-02	-2.624396385730519143e-01	-2.549660270723776989e-01	-1.974341356424025862e-01	3.187085734833861733e-02	-1.505531581053440489e-02	1.702614229860968942e-01	1.182225072737421862e-01	-2.581260734155306769e-01	2.923581106282854281e-01	4.046706394765929860e-01	4.123542308102537968e-01	3.878536887963376367e-01	-7.047016361530621109e-02	1.671166191367089160e-01	1.070084863576337281e-01	2.493112657332419435e-01	-4.834525495664404593e-02	2.133365202309236708e-01	2.422702574460732505e-01	-7.762493748327302379e-02	-3.604828875607574146e-02	1.995676154248101353e-01	3.294512009210258108e-01	1.416356594760409260e-01	2.702975788586013950e-01	1.930349511840988297e-01	-1.625328698459269361e-01	-1.637305550821792632e-01	-7.412674872734081877e-02	-2.093176388802954757e-01	-7.586611717887652151e-02	-1.085704067863625111e-01	-1.013530365543127178e-02	8.329297687472506095e-02	9.542493952888367326e-02	1.338352745381441757e-02	-2.049627208724686192e-02	-4.356007389369400545e-02	-1.265410424821447610e-02	-1.945805106512448757e-01	-9.432419160743366060e-02	-1.651838403650077725e-01	2.110316077329033035e-02	-2.321373241550567929e-02	-1.855638855565918122e-01	7.542852085823549546e-02	9.431388758062313193e-02	-1.305968250018121890e-01	-4.752925006255263873e-02	-4.244911749061481415e-02	7.551406067801362532e-02	-2.361660465530907027e-01	-2.666181371210107343e-01	-2.854283669552495351e-01	1.663639147202835566e-01	-4.335569595200383652e-02	-8.702408956523428885e-02	1.098685720874058823e-02	8.947522580671907200e-02	5.561445047458530438e-02	1.531731030773227087e-01	2.502090193509123872e-02	1.406172609594276979e-01	2.469099286099564750e-01	-2.589640673348461014e-02	-1.986193291121008397e-01	-1.086806580667112609e-01	2.047302521744651660e-01	3.024061827138827679e-02	2.873021983507530533e-03	4.020340923766887488e-03	-1.169330938475348497e-02	-1.672418441969487357e-01	-1.339480496329237547e-01	-1.271505608717127533e-01	9.003692280611430565e-03	-2.119440806813146453e-03	-5.587904734316608696e-03	1.903481218121617635e-01	-1.483038393430463897e-01	-1.218880722997148364e-01	1.531908732418545971e-01	1.933951721731808349e-01	8.927554042890607777e-02	2.762408750028325088e-01	-1.286583842130930577e-01	2.221608802384431036e-02	4.869387657197588037e-02	-5.575013054346701635e-02	-1.772251118376626522e-01	-1.157628383727212634e-02	-6.809103967279298009e-02	2.923882051931749326e-01	3.238832798491522169e-01	1.000000000000000000e+00	4.288047187223818502e-01	4.864661477346037821e-01	5.589772419264094072e-01	5.525163843548055453e-01	-1.857226196492371972e-01	6.553666871320866505e-02	-2.692649004603689944e-01	-2.870415005854373147e-01	-1.880864716685574090e-01	-3.751981882996386353e-01	3.169849511896142280e-01	-1.463482965122134272e-01	-1.393701686031114939e-01	-6.387244503942471341e-02	-1.119028607330555120e-01	5.705246051895508375e-01	8.656420416334154391e-03	2.386699493012990336e-01	3.434815272000960040e-01	3.706263574034802111e-01	1.186530534905270162e-01	1.479721248952254598e-01	-7.040804878028478209e-02	2.369625802174436524e-01	2.010107333720648204e-02	-8.397433111322790550e-03	-2.213636195346356805e-01	6.231413657906484382e-03	4.883341981999547027e-02	-8.729693509265341878e-02	3.667517648008400410e-02	6.498377635074815972e-02	-2.118893907508730134e-01	-1.650664931404408897e-01	1.101990078054143479e-01	3.620538197120199975e-01	1.623581273176243622e-01	-1.078185230504030145e-01	-2.637329947006949449e-01	-1.707678265966748599e-01	-4.701547255289185712e-01	1.410816510126161327e-01	-6.602270288218234362e-02	5.166098114386488173e-03	-1.844937983374088375e-02	-1.533132216295856887e-01	-1.807573205263378058e-01	-2.061735318483490509e-01	-4.939037413985437885e-02	-2.032120680750476027e-01	3.678928827493792297e-02	-3.458324166169561842e-01	4.651065110164778749e-02	-3.470659468633338629e-01	-1.341433653079248944e-01	-2.561921172108400646e-01	1.159504516775835235e-02	-6.768618960604782034e-03	-1.031518000120597717e-01	-8.676131052427760171e-02	4.324819845348229497e-02	2.711358160968480036e-01	-2.260886264190181405e-01	1.456190549690265790e-01	-1.066554149891904280e-01	-2.095658911200856400e-01	9.072487919066568596e-02	-2.493295720061455834e-01	-2.989966133217626387e-01	3.258457231202534915e-02	-2.439113282957874884e-02	2.756710588151070063e-01	1.927986336103869325e-01	1.730098059935336330e-01
-8.212114746631080098e-02	-3.343087728234839240e-02	-1.215048407305023420e-01	-2.210121178043673862e-01	-2.849569967694507988e-01	-3.774873201527074729e-01	-2.125745905431907293e-02	-6.174663698956803920e-02	-2.669637203441352358e-02	-5.796063084056195941e-02	-1.274367188759091829e-01	-1.394449449061791746e-01	3.027198808833043153e-01	1.920795057209052359e-01	2.488330942563211912e-03	2.563519122099067737e-01	1.754718372146169825e-01	3.768623334309015860e-01	2.167236077046462983e-01	8.585068282823110630e-02	1.636713156320296070e-01	4.771669160819366762e-01	3.816991027630719513e-01	2.520244704851457018e-01	3.074482781382097962e-01	4.931302062495069860e-01	9.761402233750843260e-02	2.028450350163516214e-01	-3.915639796780877591e-01	1.212452520311905341e-01	-9.572662300061551138e-03	-4.289750168761148341e-01	-3.322542085759681574e-01	-2.993030266875529657e-02	2.961323241347934565e-01	3.099191935143471022e-01	3.088146081136414201e-01	2.818048072769898105e-01	-3.358628915794465430e-01	3.827112370455904578e-01	1.078028665909442491e-01	3.163887843552835588e-01	7.968996872020711608e-02	1.638690483025367350e-01	1.145420469611230924e-01	7.137144834984396335e-02	1.214356593884476365e-01	-1.394290765264973898e-02	-1.225979792331075430e-01	4.212050298184533831e-02	-1.303939727345683197e-01	-6.732134041220302900e-02	9.848766801868928666e-02	1.852970990407348528e-01	-5.348626762992450545e-02	1.519447680742667117e-01	9.690587193585081804e-02	-3.449181391319317003e-01	-1.415166611457985280e-01	-3.465031450732029006e-01	-4.362628362930908166e-01	-6.393181063648147033e-02	-2.754249955094008051e-01	-2.527678203911662980e-01	4.100508109725680556e-02	-1.253731950159072683e-01	3.533692078196324499e-02	-1.992969702448695313e-01	7.727528664829101494e-03	5.028044456590697459e-02	-1.501517699953372476e-01	-2.355404222005178239e-01	-2.250844181183090376e-01	5.667164692301936840e-02	-7.645086945604299966e-02	-3.979230281430221755e-02	1.259917895743650484e-01	1.063679222676859083e-02	-1.540788812834376631e-01	-1.036119024892819679e-02	1.269399515977360227e-01	-3.091507167166969439e-02	-1.878422022721903673e-01	-1.288575038585155208e-01	-8.884935785687110565e-02	1.477343765696022826e-01	-3.869640616220983848e-02	4.597015186547148691e-02	5.421792025112790597e-02	-7.363384408815341897e-02	7.234018428845485904e-02	2.250841123590727882e-02	7.425610709793811770e-02	7.691039331473444041e-02	7.768044844629541645e-02	-1.922520398439252209e-01	-2.359828086310755413e-01	-3.309609619072291786e-01	1.786577715964746405e-01	5.858225025809222358e-02	-1.088114192050433637e-01	4.252824933316007999e-02	9.628402608312901234e-02	-9.235942915098217798e-02	-2.639211654865848966e-01	-1.998354532357471403e-01	-1.050495842329068064e-01	-8.527602240960559243e-02	-1.060391750814024536e-01	3.042985325441454128e-02	-1.641229325873010403e-01	-1.923149206042153447e-01	4.049631582297514298e-01	-1.855729800090664960e-02	5.109079727259291381e-01	4.676929062263115999e-01	2.497473821737178912e-01	3.073992175088344769e-01	2.751833336380257178e-01	2.079015083688773580e-01	-1.424454006606893919e-01	1.816764953973854790e-01	1.237734523448850987e-01	4.625850287598028410e-01	3.868959759090750405e-01	4.288047187223818502e-01	1.000000000000000000e+00	4.125521995732306380e-01	2.926106250374305162e-01	1.632387409499286568e-01	-2.856980109577016980e-01	-9.887106559572392261e-02	-4.778531013542313688e-01	-3.423290997917710632e-01	-2.169781448135710555e-01	-3.892650773209965220e-01	1.429944098338234160e-01	2.042955255148388993e-01	-1.485282887917963868e-01	5.539608141635277150e-02	-1.656470844577676849e-01	5.219281881087347585e-01	-1.986363323368331713e-01	3.647267787641921000e-02	3.306046367756984017e-01	2.547015299784570197e-01	2.572860293141429056e-01	3.722674245722347175e-01	8.611536877522410482e-02	1.088845998088837225e-01	-1.468832727548800565e-01	-5.299534856864890342e-02	-4.937159411552696775e-02	-5.873170418267241455e-02	-2.219218870454865711e-01	-5.903021164427042777e-02	1.705279261931877954e-01	3.061362507015621265e-02	-7.803348656320992227e-02	9.852202078165864241e-02	8.243959252043892016e-02	3.018041956478271781e-01	5.430215811224718865e-03	-2.330208825397250272e-01	-4.001433171237668840e-01	-1.103375127105079428e-01	-5.253814748058065476e-01	4.353307913489411901e-02	-3.157329366356713130e-01	-2.173682909848762557e-01	1.302591107279037208e-01	-9.063876600328811192e-03	-8.496131918871328847e-02	-1.825065604990737389e-01	1.047873769791790310e-01	-9.451649715813205399e-02	-2.270457811960206740e-02	-1.187542018364274865e-01	3.057829732659175792e-02	-1.271999158133776398e-01	-2.164335991838037820e-01	-1.775753053391197767e-01	2.337316573430842370e-01	-4.104656038703581589e-02	-4.505052456903695275e-03	-5.161077271696529016e-03	4.678129823323646380e-02	2.044781386017137936e-01	-5.571357461491594637e-02	1.387477721627536076e-01	-1.670261763136404731e-02	-1.215681997965603750e-01	1.487575532242592542e-02	-2.020711083590945867e-01	-2.869690758470238023e-01	-2.654567093811167622e-01	7.977250103229421851e-02	2.548680067450080355e-01	2.290445676025164579e-01	3.681912659998577697e-02
-1.706802317153365833e-01	1.265960897204063129e-01	-1.212723756424989030e-01	-2.078315081132611208e-01	-3.122915357624381216e-01	-3.509770058740824816e-01	-1.317357359633216374e-01	-4.067578524641108501e-02	-1.533965961577140324e-01	-1.654508649420143723e-02	-1.064182315599487005e-01	-6.816152284983176268e-02	8.118041843120119005e-02	1.418786478058758904e-01	8.345169930521713353e-02	1.952103755341870195e-01	9.813675298258821289e-02	1.982276802006173178e-01	3.140652074868889865e-01	2.363313398735544801e-01	2.898364497023537267e-01	4.442202379401392620e-01	6.140166521416102752e-01	7.718015986751255442e-01	2.902769267270147724e-01	5.708711146850693474e-01	4.809600229290670881e-01	4.971250535105984358e-01	-1.069297631742952281e-01	-6.370610326536732537e-02	-1.272872020394677506e-01	-3.082896781178492973e-01	-1.186016588496480173e-01	-1.854647949190727785e-01	8.207087359878005584e-02	1.747469976345359527e-02	1.123791062631078891e-01	1.543367015925556363e-01	-1.970011413454299531e-01	3.470827836255973020e-01	2.959310026844180208e-01	3.784886299063037751e-01	4.465768082774280168e-01	-4.997212552412114150e-02	3.570658996077872849e-01	2.912950559184473986e-01	2.119783993414632028e-01	7.311019022290836389e-02	3.747082219017261462e-02	2.070209847192797450e-02	-9.755234086340457134e-02	-2.682395406913712366e-02	-4.560860543735083955e-02	1.867005978009166622e-01	5.735515175168965502e-02	-6.468772110379721052e-02	2.515812553434733090e-01	-1.443866168935142857e-01	-1.356974490676157441e-01	-1.864193022260582921e-01	-2.668230505204672309e-01	6.299406037761103028e-02	-4.064608705418410600e-02	-2.215528455179856596e-02	1.122953965809398019e-01	-2.044589595113428249e-01	1.093090730124212789e-01	-1.395701596966709424e-01	-5.919178392424206958e-02	3.707565438665862828e-02	-1.907237641907398029e-01	-1.482404380609658734e-01	-1.819578290895875194e-01	1.461746590792998568e-01	-2.041434376279349650e-01	-6.270810598470609454e-02	9.580557923925195341e-02	-4.852916392165857601e-02	-3.210566407391144406e-01	-1.882051275025557746e-01	4.604238727176026072e-03	-1.117093451375857777e-01	-2.803491347794402899e-01	-4.352030257333078245e-02	-1.830240160352180345e-01	1.518936322754710355e-01	-2.547768578681280927e-01	-1.252056493132081005e-02	1.040659216432560930e-01	-1.765316217647325825e-01	1.500479406942842320e-01	6.080591440937169190e-02	1.632376818138795704e-01	1.933335706644289526e-02	2.028544642208356952e-01	-2.195231549668250071e-01	-3.527224925114685328e-01	-2.850132670041874428e-01	1.785546029580702687e-01	-1.157133119558548390e-01	-9.228015692747411347e-02	5.123330886466855721e-02	2.035516142983645749e-01	1.104882708445572015e-01	-2.049413411228434845e-01	-1.297394222896056382e-01	5.902971887838020376e-02	-5.823637948653211799e-02	-5.312991080204448879e-02	5.351244363950394961e-02	-8.786016647531860735e-02	-9.495127626798070819e-02	2.341523175820548197e-01	3.799699672300326792e-01	3.316909368280681614e-01	4.297486336556390896e-01	2.820496153347560875e-01	3.699908097491695913e-01	1.900114603490643816e-01	1.079373123567139853e-01	7.587461732478223420e-02	3.165127974426997781e-01	2.612928075191157662e-01	2.571474485928271769e-01	1.856760981302766067e-01	4.864661477346037266e-01	4.125521995732306380e-01	1.000000000000000000e+00	6.124290284550978347e-01	5.850206393524565174e-01	-3.877759276248222142e-01	-3.089884432449966911e-01	-4.745941843193959286e-01	-1.582660438258296220e-01	-1.485261863409025052e-01	-3.032730957495116675e-01	3.543356736780606808e-01	-6.343179216817682736e-03	-2.814942120943036974e-01	8.142827994641252398e-02	7.980725803197624701e-02	6.638436667482511266e-01	8.912761021600856814e-02	6.363133681868195224e-02	4.573354138795414081e-01	7.030465509929453294e-01	3.464511817798600624e-01	1.863562099411134390e-02	-1.899468323568219985e-01	4.532391442831054662e-01	-1.648803863369134592e-01	1.635729025387740523e-02	-3.191816703171418967e-01	-2.681941369323694868e-01	-2.816079983096623218e-01	-2.229755491443967674e-01	-3.008924355548189822e-02	-9.547219972586641623e-02	-3.283292890027937894e-01	-1.634703038279728404e-01	8.564935802998575876e-02	2.683899873418874038e-01	-3.404491986856916785e-02	-3.343078779962762592e-01	-4.711295848766306471e-01	-6.259118029915149151e-02	-4.701676355102840654e-01	5.248676993627886256e-02	-3.460985239743715747e-01	-2.758607029369760100e-01	-1.688619505689288314e-01	-3.175631299597482804e-01	-4.897846297834677620e-01	-3.046558251271435092e-01	1.670254291527709656e-01	-2.619792179695741852e-01	-2.441175182778594077e-01	-3.674413765114488695e-01	-1.215519259995007650e-01	-3.792795963121455838e-01	-2.931948123900221526e-01	-3.948519256826042989e-01	9.247163775483811798e-02	-4.447516206734494770e-01	-6.780070006549270001e-02	-1.561131874732152314e-01	-2.129018449585207695e-01	-5.941787059886759204e-02	-2.271542947072782703e-01	-1.486069327663884776e-01	-1.657917129058895933e-01	-2.447408825617606032e-01	-2.743484755349649418e-01	-5.510280546072686692e-01	-3.752583615497736558e-01	-2.926269901154509023e-01	-1.470703027331250190e-01	1.686987259653867921e-01	-2.023304655240035221e-01	-7.772315934289415751e-02
-1.836157773765691517e-02	1.205885677454433258e-01	2.709229098489337670e-02	-6.556817003202701499e-02	-1.688331702669800330e-02	-1.012136315790115038e-01	9.298285754250536217e-02	8.453037088992916559e-02	6.214282383463463899e-03	8.458078654625143800e-02	-2.686607095684894614e-02	6.833641568999905547e-02	-1.094149349331437066e-01	-8.953901738170459701e-02	-1.189558583929379992e-01	-2.813847972516748605e-02	2.382919699641060721e-02	-7.083255788151691934e-02	4.376369215730031154e-02	6.294200989863665829e-02	2.900781601688178224e-01	4.227254071057844342e-01	4.175659872232060366e-01	7.109809455495851305e-01	2.455549625520568047e-01	2.533882011329941508e-01	5.178565756627491190e-01	4.709876756122174379e-01	5.310997183097256741e-02	6.311257497995668986e-02	-5.717912544926938290e-02	-1.526653799391737010e-01	2.324467924394035823e-02	-6.876730966835757630e-02	-9.301654897302488734e-02	-1.418832773439632489e-01	1.368242979925001108e-02	1.227900845671815316e-01	-2.091379557843591197e-01	1.886347330758379459e-01	2.527924987570963622e-01	1.201945299638258885e-01	3.587466387034888293e-01	-1.664774984456753593e-01	4.395922702851377817e-03	-1.063600840944601980e-03	9.700671657388999780e-02	-3.177170676177700631e-02	8.145527519515433079e-02	-8.326696417686116347e-03	-2.726438044945379141e-02	-3.662061729410867605e-02	1.332083905502555732e-01	2.846181577278408814e-01	1.305189722529512819e-01	8.204864823982507827e-02	2.346315027814053766e-01	-1.679504669012263085e-01	-1.635255541299338033e-01	-1.258805973769022424e-01	-2.039956047050454080e-01	-9.132293507857662529e-02	-7.514634521620146279e-02	-1.041824926015889469e-01	-4.186797786379440472e-02	-8.018066534356160791e-02	1.708038701825160058e-02	-1.231120089931495021e-01	-8.313546409569907980e-02	-7.545493157706786858e-02	-2.432837121300749639e-01	-4.983923983605607205e-02	-1.101679384464459566e-01	1.194351271151242733e-01	-2.546643167101203531e-01	-7.696329206440924442e-02	7.715384952249719486e-02	-1.354636325594070489e-01	-2.120529484778240215e-01	-1.157766789446098565e-01	7.778010413596454092e-03	-5.507261816833401019e-02	-2.455360547430899543e-01	-2.311889988047821087e-01	-2.185099710536360373e-01	2.833617158652569634e-02	-2.070878775296161600e-01	-1.091068970845100461e-01	-2.888366568133726026e-02	-1.005252097508342185e-01	-6.193594565553847686e-02	-6.966405177863055180e-03	3.017779017476656528e-02	-3.162177634256069236e-02	1.576433007812177156e-01	-8.407831278901359284e-02	-2.323787823649017259e-01	-8.277183360248233090e-02	1.602243180774498288e-01	-7.554581166219825894e-02	2.443536985505617275e-03	9.417734790155081470e-02	1.504163828528999880e-01	1.049436616458797045e-01	4.248422703497661997e-03	-3.687165295189341607e-02	1.493550879971263651e-02	5.441246109085006583e-02	-2.472782952882490726e-02	1.209814854978112364e-01	-3.131058800278518905e-02	7.111254533158978264e-02	7.926574235262844395e-03	3.169760206160409655e-01	1.405754202703146383e-01	1.711280181630921160e-01	4.494270901398987605e-02	1.178529279514493600e-01	2.840893795090611573e-01	-4.420807263604481681e-03	4.415897485631832542e-02	7.665630884117259625e-02	4.087449173324567142e-02	4.406142694244016833e-01	2.297430257295069445e-01	5.589772419264094072e-01	2.926106250374305162e-01	6.124290284550978347e-01	1.000000000000000000e+00	6.540028489463137751e-01	-1.738059712926696143e-01	-4.061598545194996385e-02	-1.945108447085587833e-01	-7.408422537647149642e-02	-6.801081575998819961e-02	-1.856728038752859800e-01	3.436910888414733134e-01	-1.274978604355468947e-01	-2.060596793365217783e-01	-5.789531322416381458e-03	2.136248584107934209e-02	5.041873756615782298e-01	1.854278664017043055e-01	2.541468796808458719e-01	3.705609722689671703e-01	4.950150867881066286e-01	1.205684787551759285e-01	-9.140436046981006979e-02	-1.248621551987252193e-01	3.113184661939076281e-01	-1.808901181106181352e-02	2.348143366582932517e-02	-3.854625454766458237e-01	-2.409190713950630780e-01	-1.202809840603213526e-01	-1.863141169259129037e-01	9.124656953114342051e-02	-1.437787298954735019e-02	-2.483623038982482323e-01	-2.300805200718216426e-01	1.449766371117811037e-01	3.370254137139038764e-01	2.426959544045409756e-01	-5.739014553247587247e-02	-3.425070926543922756e-01	-1.053149130834300229e-01	-3.633664574811397707e-01	1.804583004457280815e-01	-1.579858563902288016e-01	-2.123826604178312150e-01	-2.904409329842621776e-02	-2.241894867700832961e-01	-4.692994692859263073e-01	-2.425659227551096864e-01	-5.544202182159625042e-02	-3.220757746762384910e-01	7.879205965674774756e-03	-3.783610990677549468e-01	-1.571241374473471841e-01	-3.461649054922039670e-01	-8.324744475214472528e-02	-2.798805251938151772e-01	-3.198077453776565493e-02	-2.143354810903943253e-01	-2.140579141954740694e-01	-1.240601565271955142e-01	-2.490094480665530352e-01	8.403976497133928969e-02	-2.243199388518514470e-01	-7.272222388175224317e-02	-1.991920068944613431e-01	-3.085259893895165306e-01	-1.011671693294199058e-02	-3.526880668401982666e-01	-1.920970104005741141e-01	-3.271206191635895461e-02	-1.480367890669437303e-01	1.522463140464627718e-01	-1.026435321980225662e-01	5.781838691966173505e-02
-2.667946539646926310e-02	1.757401362270844813e-01	8.766924678094473525e-03	-6.398958067375627723e-02	-1.581005966335779014e-02	-1.577904530916172388e-01	-3.177666872903124606e-02	5.005404500242335158e-02	1.873368693362947868e-01	8.314477387953442267e-02	2.443897495174277359e-02	7.922537213307002946e-02	-1.895559682965923809e-01	-1.408417005582750792e-01	-4.677235864370744151e-02	-8.117676389240473245e-02	2.898737655503703242e-02	6.021812135677769018e-02	1.259254495397945373e-01	5.684933805085881642e-02	9.426621549142423506e-02	3.063738388778869948e-01	5.388434594601376748e-01	8.304769671948142307e-01	2.307462247539421585e-01	3.006621970381485598e-01	8.831853198786332459e-01	5.337609463678195665e-01	2.518876916980423639e-02	4.413704020551192236e-02	-4.780112962715418051e-02	-2.735026311344217545e-02	9.727403152687606747e-02	-2.403775117014032153e-02	-1.370252686431835953e-01	-2.446495083940363191e-01	-5.189150040839989042e-02	1.457382060897461362e-01	-2.048928993315040914e-01	5.999949645282216804e-02	2.069792793851315538e-01	1.735702946592517781e-01	3.808949047049219883e-01	-7.757022491078315041e-02	1.268505943311624695e-01	8.282356078737557192e-02	7.777544668789324045e-02	-7.981187908485752602e-02	-4.098280393865658816e-02	-3.676677059158654261e-03	-2.053576441602971425e-01	-2.261830913920634401e-01	3.949884415983394292e-02	1.828661462980699093e-01	1.546471928720312139e-01	-1.040424299715049300e-03	1.173179119118204078e-01	-3.934386525078762548e-02	-1.663938773350878975e-01	-1.111032354003345657e-01	-2.933193989213959615e-02	-1.294459462642164327e-01	1.305522601464955725e-02	-1.326491459670079975e-01	-8.131087673609871391e-02	-5.753406959705326812e-02	-8.652987408293337512e-03	-1.139845639623691120e-01	-1.405410904849872522e-01	-1.460416973984404454e-01	-3.082951455392926032e-01	4.533192291935556756e-02	8.616717228613582358e-02	3.974782728579769747e-02	-2.314419789388003912e-01	-6.455531163972841324e-02	1.675921914304775995e-02	-1.328468713263934453e-01	-1.566004828087751433e-01	-2.762510250393231948e-01	-1.798156932855080603e-01	-1.250148706756680217e-01	-4.064362865081145304e-01	-2.956012132049589680e-01	-3.477840199627251216e-01	-3.399105987408879148e-02	-2.127070185231297317e-01	-2.429869621956125825e-01	-1.550104650157919373e-01	-1.895494594062480109e-01	-8.827992861450128029e-03	-6.960255682788711595e-02	1.755610547527175144e-02	-1.765987644424647507e-01	-1.739984349995129728e-02	-3.359523645476638481e-02	-1.766785664262586486e-01	-1.047124832283560375e-01	3.039818274678213889e-02	-1.789143136146729707e-01	6.452830455686883737e-02	5.534952198389632427e-02	1.549834014572250562e-01	1.107471171191622139e-01	-5.911314161960392471e-02	-1.935109236882986625e-02	2.074726896442956325e-01	2.055387931966646820e-01	5.881876195834253446e-02	1.366046691716747974e-01	4.571209527319428784e-02	1.382526539877788896e-01	5.526855879008860106e-02	5.185787154920525888e-01	1.909907142246467654e-02	2.347870068830277823e-01	-5.633024622427603573e-02	1.178413911513180451e-01	4.445424910924486439e-02	3.321808968439415866e-02	2.079251497602457588e-01	9.519284045410313089e-02	1.312741021095737148e-01	5.891659769694697346e-02	2.323334168705123992e-01	5.525163843548055453e-01	1.632387409499286290e-01	5.850206393524565174e-01	6.540028489463136641e-01	1.000000000000000000e+00	-2.436470479142122669e-01	-7.756241554535091287e-02	-1.694465945192457079e-01	3.515622971398359858e-02	-1.094198197000672140e-01	-1.333534613445140626e-01	6.009394116129892494e-01	-2.363612736465393604e-01	-4.757490507565971527e-03	6.883573633986936335e-03	-5.103033866483676351e-03	4.387898079825744979e-01	1.887435806268185079e-01	7.153432288451899712e-02	2.970668406380123083e-01	4.484195677081375120e-01	1.552499684697879745e-01	-6.159469902528926649e-02	-1.479458285834650555e-01	2.602637624025920249e-01	-1.063893082357848657e-01	-1.206319704636619888e-01	-4.434807326475663225e-01	-3.221724695310677067e-01	-1.295622756354727900e-01	-2.992061706011621136e-01	-1.725240446267134464e-01	-1.514207481764597851e-01	-3.090218827752824748e-01	-3.088934109963327734e-01	2.163042655567348413e-02	2.505072017498229386e-01	9.003530161813073918e-02	-7.704695185070212227e-02	-3.165507175172285192e-01	-1.309372992934024760e-01	-3.042431697775465071e-01	-5.011817998309484046e-02	-1.501736199247433734e-01	-2.433501931425861853e-01	-9.602353724025890214e-02	-2.034861981111069640e-01	-3.782532143687865056e-01	-2.275065006910733656e-01	8.764097504880630218e-02	-1.904735507828253516e-01	-2.271851243039300083e-01	-4.795808482631992442e-01	-1.308542806701726013e-01	-2.470122139805750738e-01	-3.648851179199347206e-02	-1.832034682693196026e-01	-8.747971706350275711e-02	-1.885653488440012238e-01	-1.717563271389148105e-01	-8.871034038800247601e-02	-2.826028835164048902e-01	-4.424402855583765143e-02	-3.389160349608473233e-01	-8.720876485019986302e-02	-2.741440473595587735e-01	-3.015424187437097947e-01	-2.031721622516610704e-01	-3.052734836172679711e-01	-8.377516895851556955e-02	-5.611163907011168517e-02	-2.117392762524191729e-01	1.666680796745747539e-01	-1.964681547461921696e-01	-1.710986419552423116e-02
-8.479789608819489344e-02	-2.377503781877280883e-02	-1.294330685918808621e-01	1.797791789926299899e-01	4.329327159708435402e-01	3.619273365585226609e-01	-5.590621361229117237e-02	-1.218352307685661162e-01	-1.094058114151656297e-01	-1.443769778180629682e-01	-7.755094062032877322e-02	-1.010666840515136028e-01	-1.299578495152580726e-01	-2.095553401443569774e-01	-1.302611769756155113e-01	-3.365715243431187664e-01	3.403284840076157419e-02	-2.542170313639879886e-01	-2.523190557355532437e-01	-7.832305114085887088e-02	-3.467034666104553131e-01	-1.562147836955627422e-01	-4.399215773012646880e-01	-3.160186653807564028e-01	-3.107612749660966789e-01	-4.747190871134047141e-01	-1.132155665573895270e-01	-3.699131311218027945e-03	4.258673177690925349e-01	2.562168729579314963e-01	-3.439986324622575781e-02	4.830402621926999096e-01	2.697565323700498729e-01	1.255471174052911754e-01	-1.998695927251959437e-01	-2.276881565489401182e-01	-3.766601220705365766e-02	-8.134459895103404725e-02	1.651980910540568614e-01	-2.817608463825979070e-01	-1.794441858593431027e-01	-3.183585057468500401e-01	-1.679879117503271235e-01	-8.789464634574842283e-02	-1.296757860339196600e-01	-1.756357712036412388e-01	-1.841393094966135291e-01	-1.633111035442071646e-01	-1.334209848291917910e-01	-2.874513456698931102e-01	2.204669879840026048e-01	-4.137181136876488807e-02	2.650722469088874766e-01	3.734254907637582499e-02	-8.135464241452559572e-03	4.343914619081627043e-02	-3.200617968606144642e-02	3.904665080651868458e-01	2.653905797059475380e-01	3.892043152069381562e-01	1.826168935106467217e-01	-1.126631826690820681e-01	1.073087681940047278e-01	2.927902362005395664e-01	-1.401198375130431328e-01	1.215689936426812556e-01	1.294269869070424350e-01	3.391066577981644709e-02	-2.536704924084688395e-01	1.002634290142080109e-01	-1.126010189576829301e-01	-9.336338016235649906e-02	3.818357140523467082e-03	-1.814083218174581957e-01	-4.191496039372268750e-02	-6.777164308662833592e-02	-2.696999094314793677e-01	-1.541899391390124663e-01	-2.204481484788643406e-02	5.124317883891282843e-02	-1.870783654173495125e-01	-1.377608496600719323e-01	1.345600012011510527e-01	5.743656333469586428e-02	8.542791069773134072e-02	-2.080360089987606798e-01	-2.372934655009878435e-01	-2.428152383834233929e-01	-2.344619082110420971e-01	-1.644130741564951703e-01	-2.687015309053504275e-01	-2.840113637425237259e-01	-6.684804408418870691e-02	-1.549552872841298556e-01	-2.467633113589842719e-01	-4.803578883931735460e-02	3.153644202453342871e-02	1.031198515736438809e-01	-2.695524296781282025e-01	-1.872080838638787992e-01	-5.561068487307196939e-02	2.878210837726997706e-01	-2.090487449847436840e-01	4.409914190662937022e-02	3.141910210723926067e-01	1.844337187919305523e-02	-1.934426186993115082e-01	-2.989361691155629358e-02	-1.360688072952609684e-01	2.476403725469493444e-02	3.443099563636575766e-02	2.273049920045283889e-01	-3.098015631626381272e-01	5.104748602238964872e-02	-2.421445316058817299e-01	-3.482571983523986003e-01	-7.798264477364547087e-02	-2.861867497667516802e-01	-4.333954094792497047e-02	-6.272530927810221566e-04	1.407569294473334787e-01	-1.941095271668735744e-01	-2.456533219104777288e-01	-1.685911914910431797e-01	-1.048352436140297800e-01	-1.857226196492371972e-01	-2.856980109577016980e-01	-3.877759276248222142e-01	-1.738059712926696143e-01	-2.436470479142122669e-01	1.000000000000000000e+00	3.102980732291574784e-01	5.608023078982543597e-01	3.231325053074030063e-01	5.022659531724952275e-01	5.181995568976947020e-01	-7.457286896384532349e-02	1.281455551417643446e-01	1.126991577184572046e-01	-9.228073938842507040e-02	1.472104112863117653e-01	-3.271072409453938401e-01	2.888075041066781035e-01	5.443528116316784932e-02	-1.640516259373446806e-01	-1.896154201402412698e-01	-1.806360894890846613e-01	-2.574543541869419791e-02	1.272112485940822268e-01	-1.131725127151402416e-01	1.587852191673933336e-02	2.565772586250622544e-01	3.410510591504083838e-02	-4.557589877046714505e-02	1.108096181333721730e-01	4.891033373923052430e-02	8.209069807707028432e-02	-8.352930939900976570e-02	6.041544364840500253e-02	-1.377571128954858670e-01	1.001379140672972387e-02	-4.974304841079712526e-03	3.116307143608838537e-01	3.939647472551831009e-01	6.004355498056590523e-01	3.623463612864546990e-01	2.677163134829726454e-01	3.746485130782136186e-01	5.060012772535753545e-01	2.402617624932582019e-01	-1.455037171047724176e-01	4.866403314831630467e-01	1.002043944044051227e-01	3.048319052210337610e-01	-1.202094147846760330e-01	6.736269631718874717e-02	2.574441730454882782e-01	2.412640171194653238e-01	-2.751977524444596535e-01	4.278637734985975272e-02	2.566255867809217467e-02	3.795732974050274738e-02	-4.097068032706799312e-01	-3.825409275312585677e-02	-2.524809052452098856e-01	-6.788162224363349095e-02	-2.403558050516734490e-01	-1.486430123260060743e-01	-8.683506035250400379e-02	-2.871598055127237425e-01	-8.626129491591698339e-02	-3.426465393561424488e-02	2.904441747129361123e-02	1.930285356522646600e-01	1.192907258796812864e-01	1.145103135494786456e-01	-1.142483025948298481e-01	-2.825899757799830159e-01	-6.175043394033891131e-02	-1.958396300807283552e-01
1.703248916096150867e-01	-7.125625096691642901e-02	4.970778469496080904e-02	2.147190780597555415e-01	3.746356010483309351e-01	3.227149131278191363e-01	1.200814456220771764e-01	-6.682702873126947218e-02	1.372529326054785503e-01	8.890514684794367448e-03	3.453268290144197866e-02	6.972008890218371613e-02	-6.340420761637045877e-02	2.046522916737365111e-02	-2.680622024284232477e-02	-1.200740308239601761e-01	-2.272299504403870185e-01	-1.138340441243270718e-01	-5.791823751169785511e-02	-2.578183317660734941e-01	-3.164264429731463157e-01	-2.158031122538886237e-01	-1.565102875675111194e-01	-2.079267095612546967e-01	-2.751781763385269808e-01	-1.958269209399506883e-01	-1.166968999788142031e-02	-9.927179111012390811e-02	1.562500841664405948e-01	1.494012352798233800e-01	1.920720596569982230e-01	1.915803069349342747e-01	8.241097700783955871e-02	-1.399029295833188052e-02	-9.190718684505089220e-02	-9.146948507342927970e-02	-1.477783147157045729e-01	-5.464227798565376992e-02	3.601906965617367173e-02	-1.579375833312151034e-01	-8.569895641137031950e-02	-1.606347933873041121e-03	-1.720373099196718103e-01	2.448017058685498029e-02	-1.703384596622696534e-01	-1.677890792933317832e-01	-1.031189762599344917e-01	-1.597498308141583334e-01	-1.426941162536829732e-01	-5.306269362574711490e-02	-7.371703303122906226e-02	-1.590627152651294743e-02	2.518163695289974413e-01	9.565165692050804636e-02	-1.049019493505152084e-01	1.773703872971226780e-01	-4.611310499252635475e-02	-4.178869762509107577e-02	-1.773991745020550570e-02	1.591659771751317842e-01	-4.618819812809248776e-02	-2.682822788497304933e-01	-1.569993714107974503e-01	-4.877405677263270227e-03	-2.977612427839054776e-01	-1.527911432936633618e-01	-2.883518697488941518e-01	-1.483085895183293701e-01	-2.924795074117820803e-01	-1.002889569709681933e-01	-2.912144739166737106e-01	1.107413190691490107e-01	1.608337680897787558e-01	-1.539849161831236268e-01	-1.174776598251471849e-01	-1.497340902257570661e-01	3.267729242621791180e-02	-5.667955354809472296e-02	2.310988270852232518e-01	-1.570865951946580005e-02	-1.136977968046176679e-01	-2.152648003671621124e-01	-6.836576018183102010e-02	-2.544764998542297652e-01	-7.444434439832525729e-02	-2.717149306754237381e-01	4.340918956999332418e-02	-1.973740292745046199e-01	-2.416002652607531775e-01	-1.657512465229901977e-01	-3.397745674433455543e-01	-2.465042620215465441e-01	-2.315247216702507327e-01	-1.446111435263190137e-01	-2.120915947435142168e-01	1.707653647446305822e-01	3.633330618995853634e-01	2.400202373107010734e-01	-1.944617833079766156e-01	4.026716303482099323e-03	1.830295237980683332e-01	3.488872268425954326e-01	-6.191454479427538349e-02	3.470981942519304336e-02	2.835924126364081643e-01	2.419225366457264104e-01	-2.895099445524846118e-02	1.649215024932962348e-01	7.985134516337558108e-02	3.066852907595006561e-02	1.590614686142505785e-01	8.892945377710580190e-02	-2.264476353129458719e-01	-1.587939229995991297e-01	-4.494589100747742316e-02	-1.069631324199498412e-01	-2.480793368096890494e-01	-2.653295669688721659e-01	-8.459623495073370636e-02	-3.413514913618540675e-02	5.167371149584722850e-02	-7.502315086181654546e-02	-3.798794419436174463e-01	-1.078970077526018451e-01	-7.538034698363783870e-02	6.553666871320867893e-02	-9.887106559572390874e-02	-3.089884432449966911e-01	-4.061598545194997079e-02	-7.756241554535091287e-02	3.102980732291574784e-01	1.000000000000000000e+00	4.436115362321392253e-01	1.353694171619834463e-01	1.206387874755768391e-01	1.733549711484200229e-01	-1.017988958938981364e-01	-7.001826118830546675e-02	4.392629474035070203e-01	-1.120265916726419925e-01	3.986010481229315672e-02	-1.733947077104492640e-01	9.389438019216903020e-02	-1.164968586530605726e-01	-1.481611303896076814e-01	-2.475787029775069759e-01	-1.579428716801457577e-01	8.136072712514880179e-02	9.330938750756449795e-02	-6.969952606752216617e-02	1.409304521223257445e-01	-1.827390652915394931e-01	-1.052262086401475200e-01	-8.307802205978497001e-02	7.577581627624447105e-03	-1.477002689448433936e-01	1.103821013545094459e-01	-7.664257087452953920e-02	6.209891116312352827e-02	-8.085290007515304189e-02	2.076272701500568030e-01	2.885620525747065734e-01	2.972937064086403347e-01	6.338242222658323488e-01	9.773202832591817990e-02	-2.327074489446326940e-03	2.199197097415905300e-01	1.343097612841596400e-01	2.679818733347468229e-01	-1.069422053127427608e-01	1.437191164723639336e-01	-4.287207746050918783e-02	1.077054847178140692e-02	-8.886735438666860942e-02	-2.867724837787860581e-01	-1.687408616564567143e-01	5.003048758376561767e-02	-1.206434616744316707e-01	-9.689620717123746674e-02	6.850561828619521065e-02	4.377122357052398716e-01	3.253012956894842933e-01	-2.418387736969340729e-01	3.691491848253168340e-01	-1.118161923605063418e-01	2.307827218570436545e-01	-1.641691175757491739e-01	9.906790389923210427e-02	-6.249016452916150710e-02	8.005259541524364919e-02	-7.788285367661809677e-02	-2.534698986731399040e-01	2.587721925553385649e-01	4.579688173472057922e-01	3.951920281756289288e-01	3.088252327340661463e-01	1.509264489425135580e-01	-1.431492151256139600e-01	2.715503002656772802e-01	3.742396610538198387e-01
4.166831036708206204e-01	1.257570842735595933e-02	2.558674873834870800e-01	5.889035024902347093e-01	7.635502850330835312e-01	7.867102106973389297e-01	3.657222691479503074e-01	1.988765124476555013e-01	1.440684746309286446e-01	3.124915001680773075e-01	2.956528105781046079e-01	4.420594495979019989e-01	-1.769238250578244187e-01	-3.521448538550374652e-01	-2.684029639487133800e-01	-4.720972832678323461e-01	-2.054010512951412737e-01	-2.533078281547351818e-01	-3.804730054621460189e-01	-3.043249612986754227e-01	-2.647323062705580488e-01	-2.820549392366985542e-01	-5.180255870321726075e-01	-3.127597657280161147e-01	-4.768268086938096117e-01	-5.296486892319601791e-01	-7.868683014442208468e-02	-1.095194846914985393e-01	5.281471370194557036e-01	2.624425862703806955e-01	-8.835072324254866771e-02	7.501332121500935424e-01	6.201169797829056973e-01	2.159335481883779828e-01	-2.384652083892109253e-01	-3.236641863746116954e-01	-1.743689157639064791e-01	-1.180041715129914875e-01	3.289886270730505435e-01	-3.164359778103563170e-01	-6.909697254027197255e-02	-1.633617451882061478e-01	-1.521463385397884838e-01	5.857762550374494975e-03	-2.769940445297113252e-01	-1.423856178830957553e-01	-4.729943738422268812e-02	-3.011512027673522995e-01	-7.664304784460924946e-02	-3.596684001755194870e-01	1.763318535121360942e-02	-2.865925918007893869e-01	2.471959554575618376e-02	-2.269162749597578299e-01	-1.354296965696080990e-01	-9.964405238713876234e-02	-3.408387703715291539e-01	4.556092633039418027e-01	2.882406324245072593e-01	6.010061577504712815e-01	2.936958644711608613e-01	-6.981654472330243999e-02	1.763636094328738246e-01	3.955233794804607350e-01	-2.758774140544456577e-01	-2.650494782870504995e-02	-2.471311667387683653e-01	6.335125776188163527e-02	-4.133522051283946008e-01	-1.176055763203648213e-01	-1.986165811320968477e-01	3.104505525814431066e-01	3.502937479482894356e-01	-1.923411704546504897e-01	-1.821067279627041346e-01	-2.909962799953926260e-01	-4.247396569483862239e-01	-3.861435036802831622e-01	4.110425344892771476e-02	-9.443683480201359171e-02	-4.589081277070763965e-01	-3.349389069091692761e-01	-1.037157035162949714e-01	-2.719879223735748308e-01	-2.001592981269751104e-01	-5.831294871392330714e-01	-2.393525247053717442e-01	-3.863890899764653719e-01	-4.803038640777810842e-01	-2.660301838997671253e-01	-4.895648867245799840e-01	-4.071956848002096785e-01	-2.707632624507332886e-01	-4.100617297736281475e-01	-3.427831387967866239e-01	-3.085733374685558847e-02	2.621347022860411879e-01	3.207448479396504126e-01	-4.870477958879626534e-01	-3.965382865871476814e-01	4.105834018584276768e-01	3.659154712531463849e-01	5.519475302683136964e-02	1.796815216994026854e-01	6.905894442318623039e-01	5.700456182656803428e-01	1.704762386638291050e-01	1.641851204544903242e-01	3.205252223827654845e-01	1.123357365180383122e-01	4.198855617688116992e-01	4.542902041038626715e-01	-4.288552614854103107e-01	1.666240645718926605e-01	-3.548914660983055192e-01	-4.182102168422593969e-01	-1.863204442538201888e-01	-2.960800698373691198e-01	-3.522187184013174377e-02	1.027935044613331739e-02	6.323635971918051268e-02	-2.934750133164210073e-01	-3.057730580021458811e-01	-3.258383343087047912e-01	-3.442051564759872617e-01	-2.692649004603689944e-01	-4.778531013542313688e-01	-4.745941843193959286e-01	-1.945108447085587833e-01	-1.694465945192456802e-01	5.608023078982543597e-01	4.436115362321392253e-01	1.000000000000000000e+00	5.737070409318835162e-01	6.058090996378125981e-01	7.140306190439297263e-01	-1.456247993572248323e-01	8.500321740200983758e-03	4.029690315061481010e-01	5.602008432620145251e-02	3.469983451377646744e-01	-3.929407633824018586e-01	3.405315192485178222e-01	-5.704585932816642890e-02	-2.100385777553851474e-01	-2.255575968617826721e-01	-1.808168986265241418e-01	-1.810725929505245524e-01	8.628594125583742558e-02	-4.507166672095067050e-02	1.691587808162005047e-01	1.519307034593763428e-01	-1.128294274859362040e-01	-4.725387420453789483e-02	1.898858999702716099e-01	-6.821375315196645528e-02	-2.122556194202686319e-01	-2.916055679446116766e-01	-5.395620170420352413e-02	-3.600819753299888126e-01	-1.541053211009608404e-01	-2.387124736927184188e-01	6.679483472916420382e-03	5.357572294322267004e-01	5.144329929077422481e-01	3.874989391979981046e-01	4.847787972982049998e-01	2.772864779321291828e-01	5.369614147923751357e-01	4.892990946713154238e-02	-2.976555537399618312e-01	5.577031480941644498e-02	-4.567946837683144017e-03	2.030618953009225569e-01	-1.602275603868473786e-01	-2.034915872175084572e-02	6.279237355179331792e-02	6.805650270427927861e-02	-3.309848986076823762e-01	3.141990033232004709e-02	3.929348813921454409e-01	2.238702805468503199e-01	-4.189625156389820693e-01	-8.966071461683849941e-03	-2.771313263459073140e-01	-1.348064325578738065e-01	-2.649923102347923054e-01	-2.650154271263006622e-01	-2.797601666838599455e-01	-3.811024850316285240e-01	-2.922324695704556219e-01	-2.160986079852316444e-01	-9.718773186950960263e-02	3.119938234434117552e-01	4.492993432399768339e-01	3.702465294438338494e-01	-2.809586147516216492e-01	-5.480920618789199006e-01	-2.906448521470372248e-01	-1.747067791725234742e-01
1.477204829034690914e-01	4.352747474957759793e-02	1.648412135046072313e-01	3.405690005723838176e-01	5.279361448791456413e-01	5.476181201442046342e-01	1.733171636232503643e-01	6.754145347696760560e-02	6.113500172289799972e-02	2.429631271741500842e-01	2.959778386044490395e-01	4.304567412774181756e-01	-2.008224564426151770e-02	-3.127573382331321761e-01	-9.260769085698937475e-02	-3.047060270618313638e-01	1.167798212468049435e-01	-3.151434113708473372e-02	-2.351770369354738432e-01	-2.692058322998507752e-02	-3.264580889905064343e-01	-3.332979556769351953e-02	-3.827922097992078609e-01	-6.758527065168702663e-02	-2.058309870589716539e-01	-4.261544929352408806e-01	7.593971978337775430e-02	1.350685734248086023e-01	3.030292051477639359e-01	2.464544297727874408e-02	-1.005286220135993003e-01	7.114474696832752132e-01	7.642621510619717062e-01	1.546176488315494646e-01	-3.817135137504571452e-01	-4.714578837200314454e-01	1.604607561477103608e-02	1.950064210386508734e-01	3.088618832298041794e-01	-2.615062775341366885e-01	-1.226662088697421382e-01	-2.556435092416620702e-01	-1.488875090692291792e-01	2.156060625309072776e-01	-1.475102036226868807e-01	-5.780373259957757165e-02	5.265441186135257079e-02	-3.150041901287569113e-01	-2.055591558586533918e-01	-4.141759581333478990e-01	-2.222346580606649469e-01	-4.246454836584463988e-01	-1.763655687134247085e-01	-1.923101042711822251e-01	-1.903617455994248697e-01	-1.797120838574729207e-01	-2.307462310188340138e-01	5.434972349808961933e-01	1.568827932450548301e-01	4.283361246577114256e-01	4.423076736525648478e-01	-1.237893645282875515e-01	3.474249226550580327e-01	1.323730376218632543e-01	-1.947876643848739375e-01	-3.878569273927817695e-02	-1.202976449422858141e-01	5.346299283303804217e-02	-3.576769092534072270e-01	-1.392994551649752166e-01	-3.271691088273193659e-01	5.372456331372040816e-01	6.239582672434071942e-01	-1.516380826633610124e-01	-1.867994316966188895e-01	-2.291072605065415380e-01	-3.636485018516056322e-01	-5.242678060562671050e-01	9.886650532097915334e-02	-3.744527320789204916e-01	-5.691483906118555147e-01	-5.094286040880906530e-01	-3.812081390145690141e-01	-3.012516425546746812e-01	-4.577971145544259546e-01	-5.931596272339374476e-01	-3.664834298316404504e-01	-5.585026312931178349e-01	-6.557686368357171780e-01	-4.513742231761978529e-01	-4.332455582398394567e-01	-6.243245706510549553e-01	-2.612181730244685918e-01	-6.152082140642597397e-01	-4.239849454103390425e-01	-1.927385739564720368e-01	7.427470214044797070e-02	1.239428228106734808e-01	-4.867235215571861784e-01	-4.979052302347011794e-01	1.322410744050659392e-01	5.174892207914542214e-02	1.661574961081219992e-01	2.683655122391349068e-01	2.800298497997775193e-01	4.288077063152606061e-01	1.686767761907234375e-01	1.380317532968184380e-01	1.986444548707627655e-01	2.372001259559266412e-02	4.400607611686768728e-01	5.667542777301430856e-01	-5.869950474481184788e-01	4.097001406501296072e-01	-3.053500450346097739e-01	-3.833502379123371884e-01	-9.520796234475310815e-02	-1.908490914597013588e-01	6.633746169688621575e-02	1.444591956906207952e-01	1.859173605074463387e-01	-2.060186525975910565e-01	-7.116160731394584327e-02	-2.205275942513328369e-01	-1.138212179209491803e-01	-2.870415005854373147e-01	-3.423290997917710632e-01	-1.582660438258296220e-01	-7.408422537647149642e-02	3.515622971398359858e-02	3.231325053074030063e-01	1.353694171619834463e-01	5.737070409318835162e-01	1.000000000000000000e+00	3.650202491661886373e-01	6.588587175925733064e-01	-2.310715180489595066e-01	-2.486189219663938188e-01	5.415023028994820908e-01	3.404485298656907410e-01	4.766303719274749828e-01	-2.171425905661681366e-01	3.923806160566251644e-01	-2.482643593780281266e-01	-5.867970077875760138e-02	-6.273163802429818081e-02	9.781778054792982739e-05	-2.496114019533476891e-01	2.015839491596387589e-01	9.998616889593019141e-02	2.117489166880884843e-01	9.683081787102508498e-02	-1.894992631900981328e-01	-2.088498590966943735e-01	6.772670749782101589e-03	-1.244310489193574815e-01	-2.941394194385221206e-01	-4.652915758374758237e-01	-3.182090850358600953e-01	-3.675802007671949423e-01	-2.960949185945553341e-01	-2.190995857920237933e-01	-1.314874087671871472e-01	1.819126637321669404e-01	4.542051697683629485e-01	3.261943627077500407e-01	4.415737323389498092e-01	9.635183948235388762e-02	3.363043858606656888e-01	-1.389068866774149646e-01	-4.634721449393088277e-01	5.479561316556898903e-02	-1.174761943194747305e-01	3.782062110451359649e-01	1.402476710039989860e-01	9.046713200880507344e-02	-2.126256948920487166e-01	-4.239672883045005752e-02	-3.720795347085454341e-01	3.987047778282700600e-02	4.540532999296880701e-01	3.495020096163876655e-01	-1.748355041737424398e-01	-1.552864182879967747e-01	-2.375506713286268390e-01	-6.670776197024308463e-02	-4.218847916534496645e-01	-3.976794177901086802e-01	-4.455577039593587862e-01	-5.312812249998081215e-01	-4.781503430453337145e-01	-2.219177968422003933e-01	-4.068844296158843354e-01	3.971202058970544485e-02	3.808408076195237135e-01	9.816758602653390120e-02	-4.429053850348278476e-01	-4.609036223714742531e-01	-4.085349019845903595e-01	-2.223870165349083328e-01
9.018321191479911070e-02	7.802984363848923868e-03	-6.709974845781260799e-02	2.711758870614039418e-01	5.293832059443569493e-01	4.940245093534130216e-01	1.685391590338785051e-01	6.602079735572793928e-02	-7.069302845716869677e-02	1.848540983275360206e-01	1.462409949376031748e-01	2.284351438840807047e-01	-1.375141680579269887e-01	-2.122979525834066683e-01	-2.080048319785885447e-01	-3.036412521792673513e-01	-1.011408160781505222e-01	-1.039437734577205869e-01	-2.974796228422513789e-01	-1.530035408932593488e-01	-5.783519551877755460e-02	3.665808671132381007e-03	-3.846074879984353045e-01	-1.721303032725317039e-01	-3.277012999773119550e-01	-3.811522672462044903e-01	-1.396401328429606667e-02	5.410144327360500577e-02	4.516088194270497791e-01	3.906601085587759759e-01	-2.637223535134357588e-01	6.058067209745496839e-01	5.107381889302891054e-01	4.486766024901624461e-01	4.069041184268001182e-02	-7.693815217248914373e-02	6.781335239685237770e-02	2.031035987630726986e-02	3.624357202480295026e-01	-1.539799563897346034e-03	3.066665209585579116e-02	-1.269736001685755067e-01	1.654158732700167778e-01	-1.292407137971605668e-01	-1.345481722455672824e-01	6.988652642142025029e-02	8.056896372663857608e-02	-1.875723899052988974e-01	-3.242623065122811343e-02	-4.224537942103307464e-01	-5.438277791631674490e-02	-2.618808649088498752e-01	-6.721950571820289877e-02	-1.311178607131379126e-01	-1.534207808899185344e-01	-1.253643429493453698e-01	-1.733942972631302148e-01	4.792922220073940753e-01	5.234676056012692591e-01	5.997455647012623903e-01	1.161317579474427930e-01	1.569189446836411206e-01	2.459746991795095650e-01	5.102330275856221675e-01	-1.478067596907858827e-01	-1.722594085483349427e-02	-6.542141640993531793e-02	1.293458837092981983e-01	-3.853681568039323269e-01	7.159453068098602796e-03	-1.119440600332175934e-01	3.661725727613494158e-02	9.311875704423558386e-02	-6.158746166041838971e-02	-2.660346444895279605e-01	-4.074630247538592043e-01	-5.527349886986386851e-01	-4.759373935858030591e-01	-3.255166076692840305e-01	-1.407296283602355313e-01	-4.701223262739979147e-01	-3.411274582511014120e-01	-1.112840765873612664e-01	-1.502658393444314955e-01	-1.457185493876971549e-01	-3.637971298154910604e-01	-4.266720723222910960e-01	-3.523680804044413417e-01	-3.414801199219288930e-01	-2.754945769338386086e-01	-1.992878399932670741e-01	-2.736920385883538920e-01	-1.201223130223583180e-01	-2.376753550257376391e-01	-9.049707088592950921e-02	-3.172750386620702412e-01	-1.986764134590718323e-01	-2.020637172358698969e-02	-2.763957742918619620e-01	-4.761840331101122037e-01	1.845278855588017575e-01	4.280098095730287544e-01	4.697469348846874948e-02	1.541518873510847876e-01	4.709709293237843153e-01	2.295124055044807654e-01	-8.119807989105906273e-03	-6.136070619956462968e-02	1.171440294865037368e-01	1.528449057935949221e-02	1.624769336133347064e-01	3.801472846366561464e-01	-9.302262640318594011e-02	2.725742602713342455e-01	-1.405300624914116447e-01	-1.308296796321835875e-01	3.057548911166243499e-01	6.943527883279974888e-02	-1.838204430796910871e-02	2.796668451275720613e-01	4.360960518526554863e-02	-1.892098783374611959e-01	-9.367224179976446630e-02	-2.104081141122524090e-01	-1.521077011165577475e-01	-1.880864716685573812e-01	-2.169781448135710555e-01	-1.485261863409025052e-01	-6.801081575998819961e-02	-1.094198197000672140e-01	5.022659531724952275e-01	1.206387874755768391e-01	6.058090996378125981e-01	3.650202491661886928e-01	1.000000000000000000e+00	7.337965818277768504e-01	1.756245843410658147e-01	4.814466788821956111e-01	3.442779500223405037e-02	2.923068264812532790e-01	4.894136467565060600e-01	-1.368084498174550710e-02	3.544588783324434389e-01	-7.518292184251135213e-02	-7.313384601174359456e-02	1.687474576667985504e-02	-2.054350759802544765e-02	-1.238000046710830970e-01	1.176676286382906909e-02	1.271498429807761121e-01	2.057285163274004680e-01	2.980028270755378794e-01	-1.078680286962759582e-01	-7.060219049580071515e-02	1.310613419653848255e-01	-1.290501162792369039e-01	-2.387109987939689815e-01	-3.706162431229204635e-01	-2.631953131110392197e-01	-4.150134322157260636e-01	-2.519982027869942520e-01	-1.804762002462266812e-01	-1.731910092591717742e-01	2.255534686354798146e-01	3.368303311566100966e-01	7.220122241597269896e-01	3.095057493661110271e-01	5.854028596925274774e-01	3.683469379179980518e-01	-6.998639011221323425e-02	-4.201676312913459888e-01	-8.248245840139317026e-03	-2.398337102891830719e-01	2.485777137077046783e-01	3.522446584500279337e-02	-1.081482061747774531e-01	-1.140055165708227791e-01	-6.634412864175113535e-03	-3.404137147759671578e-01	-2.582839661734862569e-01	-6.832616481940813336e-02	-1.785921162257088912e-01	-3.766504652455649471e-01	-3.699264705683988352e-01	-4.107408294050431397e-01	-4.443331379976844797e-01	-2.938992964594728252e-01	-2.674602690338138689e-01	-3.583152967430646707e-01	-5.015742564558628436e-01	-2.982553673728221555e-01	-2.612529127467156376e-01	-2.141501926021750213e-01	-2.132451827312467629e-01	-8.912405191701611162e-02	-7.329431158379945410e-02	-3.190352756421855340e-01	-4.183422413425825215e-01	-4.296519830993814626e-01	-3.935693937463056180e-01
1.269701218343313731e-01	3.014168809190560447e-02	9.386462339947142242e-02	3.263538211428000935e-01	5.794768040462768832e-01	5.555153644030936810e-01	2.048663192913513786e-01	1.538199129333723270e-01	3.870497302317575661e-02	2.533093892218082899e-01	2.645793092689204262e-01	3.322482700043157267e-01	-4.656741575049122561e-02	-2.258563081735574518e-01	-1.708253997464406759e-01	-2.956177542146775639e-01	1.007620922938738117e-01	-5.934347338261043714e-02	-2.791838981281942189e-01	-9.748053983652867072e-02	-2.172503419107598976e-01	-1.011469563747660477e-01	-4.978909133338061399e-01	-2.599053861362458084e-01	-3.807246489355745611e-01	-5.187402023830829378e-01	-5.007089619292472843e-02	5.878668938791203891e-02	4.856157259097091394e-01	2.852288090474963123e-01	-2.343507463588660467e-01	7.719122835962862750e-01	7.440587677276848666e-01	5.051543589091078701e-01	-8.257139783976351344e-02	-1.760733685500933954e-01	5.813304202328221926e-03	2.237848170190690211e-01	4.714817539401305879e-01	-8.025793155509547416e-02	-6.154181167955227044e-02	-3.438770666554707978e-01	6.565646947883550799e-02	6.168427024953350565e-04	-1.130259817563212116e-01	2.743270556939379767e-02	4.658495957795723980e-02	-2.017391554277029320e-01	-1.891873395954685455e-01	-4.204515284808468811e-01	-7.270874982689182198e-02	-3.512404548429003404e-01	-2.699477672006095688e-02	-1.300210846626209393e-01	-2.121009054254292259e-01	-1.884385983142231602e-01	-2.022230804463153730e-01	5.626908983720331214e-01	5.408984911485277269e-01	5.710975921974573710e-01	3.699810879946145437e-01	1.416004438460641002e-01	4.018003085860437085e-01	4.712032711716394040e-01	-1.810632604191541040e-01	2.458082716229136044e-02	-9.261023913611449165e-02	1.873637171303284554e-01	-4.523777717416882505e-01	-9.640425978385656555e-03	-1.431591786756969686e-01	2.030764090950568646e-01	3.745367738287767589e-01	-1.237498433132700609e-01	-2.946666060835688161e-01	-3.166997401989897765e-01	-5.640941080249211037e-01	-5.064004579819320062e-01	-1.854204034921223265e-01	-2.259205349782431871e-01	-4.959613240634910269e-01	-4.600186623371402828e-01	-1.868700357030037285e-01	-2.077874913775209498e-01	-2.915214674487885960e-01	-5.768124197641979478e-01	-4.907492827633186394e-01	-4.511686904005983711e-01	-5.297548925920355645e-01	-3.017033487363743882e-01	-3.556303193880721580e-01	-4.802336992347761013e-01	-1.387930226956088919e-01	-4.623333965359124331e-01	-2.807162359681975028e-01	-2.416029564471346980e-01	-8.413952213831552007e-02	1.705573951598169657e-01	-4.714044256100067276e-01	-5.809281755914305068e-01	1.628169612734157168e-01	3.402063457261548796e-01	3.896738792628223064e-02	1.456314805941884005e-01	4.494050888080140527e-01	3.393829344812336335e-01	2.032746502584260595e-01	1.720793675320142491e-01	2.304361734632752179e-01	1.677845675433255745e-01	3.837223309968215701e-01	4.890653173564707412e-01	-2.970180836142239378e-01	3.224405129532613157e-01	-2.443731415989522371e-01	-3.374135061925621626e-01	1.444671417657904522e-01	-3.775612085876225987e-02	4.742789965311961647e-02	3.192551864159222097e-01	2.562114829878885391e-01	-2.331846223473994784e-01	-7.532499041087370450e-02	-3.105007393084928680e-01	-1.396144755375910429e-01	-3.751981882996386353e-01	-3.892650773209965220e-01	-3.032730957495116675e-01	-1.856728038752860077e-01	-1.333534613445140626e-01	5.181995568976945910e-01	1.733549711484200506e-01	7.140306190439297263e-01	6.588587175925734174e-01	7.337965818277768504e-01	1.000000000000000000e+00	-2.331560859037270020e-02	2.551363084080409682e-01	3.602356423001820129e-01	4.029012637979843547e-01	5.441047047342373322e-01	-1.580668841812543912e-01	3.533226799768710569e-01	-1.879273383194240976e-01	-1.140926565599939962e-01	-1.126428883029154115e-01	-2.986824524746441948e-03	-2.367794142539563773e-01	1.165519042527524141e-01	5.883897325328395905e-02	2.306544203350996969e-01	2.649992773273525670e-01	-1.669507739507016530e-01	-2.104210686670852093e-01	3.010314766220461083e-02	-1.785211055133726354e-01	-3.557319090627318880e-01	-4.853830698666022347e-01	-2.490938793059072065e-01	-4.321528706127434893e-01	-2.081269824438345406e-01	-1.763468092048592339e-01	-1.060904267644230542e-01	2.850158198991665781e-01	4.387048345752660450e-01	6.659618947564442948e-01	5.241838878241377175e-01	4.256400941830138507e-01	3.399626215676335161e-01	5.071615816549185363e-02	-4.469020281111721338e-01	4.306781629076777279e-02	-1.876399772942050070e-01	3.189160343547751686e-01	8.340883262871789938e-02	-4.190009176125445572e-02	-1.492444536712028424e-01	5.348917052308112610e-04	-4.317953869567238145e-01	-1.422900906013548905e-01	8.080139505517908161e-02	-2.367015085446449660e-02	-4.617831791308143474e-01	-3.376872838252727438e-01	-3.186377323419060104e-01	-3.538755172930106441e-01	-4.056756768690386594e-01	-3.091470089538897459e-01	-4.252697075197962029e-01	-5.544025615053219669e-01	-3.361992179396123270e-01	-2.341664129357123592e-01	-3.242335776881542508e-01	-7.982050435556328760e-02	2.447343733200558480e-01	1.285233325632031409e-01	-3.628847963568483381e-01	-4.744276305985398734e-01	-5.492778266015290178e-01	-3.636078376728207329e-01
-7.107333073667575218e-02	5.109204128236741194e-02	-7.166845146453798554e-02	-1.265130586192970419e-01	-1.820722325295355201e-02	-2.065112652894894596e-01	-5.173557177310164623e-02	8.890969047435505479e-02	8.754090744809395197e-02	5.674414952301839316e-02	-4.599439724167417309e-02	5.605292851584784894e-03	-1.803009617619355798e-01	8.310412346916176696e-02	6.290191880085443422e-03	-1.457741437596628969e-02	9.532125546197958710e-02	8.027893391012869140e-02	1.659631555947026493e-01	1.193587108575050876e-01	1.231319838967108865e-01	1.557306062097909005e-01	3.350080523358621165e-01	4.652079691166243203e-01	5.506390564594186576e-02	2.737177169702452728e-01	6.380605001123823561e-01	1.889776399332724066e-01	5.691276742807662575e-02	2.641274417229717564e-01	-1.322128188949246719e-01	-5.075315000825874473e-02	-7.297631072209814773e-02	2.392017462338598133e-01	3.656040027362899014e-01	2.347945039199137718e-01	1.314321246961193679e-01	2.049438397333409323e-01	-1.494513367151245609e-01	3.187469280986075515e-01	7.942164816713344344e-02	1.640216932646764436e-01	3.862612194083409611e-01	-1.867604212697493715e-01	2.601065636961295835e-02	1.486247585391438667e-03	6.910984807666285812e-02	-5.997719849723948810e-02	-2.030656720253683489e-01	-5.626979930244556394e-02	-1.092456410270058048e-01	-1.353049460337247545e-01	-2.139910616546200975e-02	1.791723982194782377e-02	1.536876373988106392e-01	6.397194010513339475e-03	3.476749466398711824e-02	-6.348498376001265875e-02	2.108803555924646245e-01	-8.486988038795906242e-02	-2.434819806565878542e-01	3.247875518468826966e-02	-8.745825198427770175e-02	2.488603288508547604e-02	-1.280856040997186140e-01	-9.061668948364508258e-02	-1.891080918242278239e-02	-7.959209280262037611e-02	-2.090248013323801057e-01	-1.615616580584482431e-01	-7.706434119639382629e-02	-1.536514309464847017e-01	-1.512212323168995454e-01	6.179018690524407803e-02	-2.551055715395989520e-01	-4.142051232122378329e-02	-7.207858572369295336e-02	4.719908098250304856e-02	-2.039274957045009717e-01	-2.811164780968199509e-02	-6.721899513480160404e-02	6.908179289979386739e-02	-8.894848263093996232e-02	-9.807253373614090164e-02	1.681969765212413398e-02	1.219161479194525860e-01	-1.706292086193402779e-01	-5.960777191034725281e-02	2.450839307813360360e-02	-1.511288690065822338e-01	9.097951891814555492e-02	7.531987941387655039e-02	6.703993219725233599e-02	7.052083328557397224e-02	1.214015835574593777e-01	-3.459744357981295315e-02	-2.579802904702366839e-01	-2.030472936317913868e-01	1.135230423516578879e-01	-1.624695386044417988e-01	4.058496908802445430e-02	2.544976608455508105e-01	6.691688082224281353e-02	-1.025115527878042374e-02	-2.558253776117760253e-02	-9.242090313814124714e-02	1.573418842400091111e-01	7.111063114145889374e-02	8.124722702407498331e-02	8.378591920254994940e-02	-9.286521085912469164e-02	9.804005389373980639e-02	5.527640235602483409e-01	2.399695802912475695e-01	1.507154330081271199e-01	3.854712363969004518e-01	3.007532562987693114e-01	3.778404378419145115e-01	2.100135150750697538e-02	1.948876276781519312e-01	3.089009862545581964e-01	1.505591757567538713e-01	2.211382099906803178e-01	-9.599324769740409657e-02	1.159293662535384739e-01	3.169849511896142280e-01	1.429944098338234160e-01	3.543356736780607363e-01	3.436910888414733134e-01	6.009394116129892494e-01	-7.457286896384532349e-02	-1.017988958938981364e-01	-1.456247993572248323e-01	-2.310715180489595066e-01	1.756245843410658147e-01	-2.331560859037270714e-02	1.000000000000000000e+00	4.150905152813458288e-01	-2.200254247471101487e-01	1.380805128340727994e-01	-7.806355833473796468e-02	4.205717737482078111e-01	-5.891859500973355840e-02	-2.739993599014626385e-02	8.993125741742617751e-02	1.961408506531489293e-01	5.493660366682413115e-02	5.616864183705503472e-02	-1.256573964020004652e-01	2.654373115906306230e-02	-7.352796729955855815e-02	-5.430149008553190881e-02	-2.992773661700232624e-01	-1.957431353919109884e-01	-1.908827160920939792e-01	-3.210126457984214809e-01	-2.328463433673984284e-01	-8.696901419990012150e-02	-7.337904011821001771e-02	-1.931527920235118767e-01	6.701284771814399778e-03	4.960980154145981647e-02	-1.277718424561060384e-01	-8.519885872535640226e-02	-3.132026583901665884e-01	2.003715616171745650e-01	-2.631881032521696806e-01	1.191988858225471598e-01	-2.624769486651801209e-01	-9.783868010074296684e-02	-4.222507590064202010e-02	-2.033291840693272345e-01	-3.157930727587738295e-01	-2.596078088307425258e-01	9.235181220179167292e-04	-2.994828456340203893e-01	-2.889732329151186718e-01	-3.099212102232005162e-01	-1.484736116335710066e-01	-2.985151083543353678e-01	-2.783838889546599304e-01	-3.071158611665212312e-01	-2.295324451133731181e-01	-2.527923301442073778e-01	-1.253287903539717085e-01	-1.530735615069139521e-01	-1.625618858340989181e-01	-5.716980345222270020e-03	-1.901995766333102744e-01	-4.485836514804981273e-02	3.613473915374572354e-02	-1.850239996417026023e-01	-1.541217556769501340e-01	-3.698315718326989354e-01	-2.275384728272232815e-01	-2.790449007132312920e-01	-4.985104978748530064e-02	1.899515856212141418e-01	-2.484676145122186874e-01	-1.175399876571640023e-01
-1.175609537623431983e-01	-5.124913804476691204e-02	-2.026245235234251929e-01	-1.623543636480349328e-01	-2.137602087229573816e-02	-1.245220852528311911e-01	-3.891376387055579811e-02	-2.606219646118582145e-03	-1.743237515879016153e-01	-1.360396994205334033e-02	-1.041751711028200966e-01	-8.553562401869142795e-02	1.309910560516571731e-01	3.105734195657512409e-01	-4.677346079115898142e-02	1.353068750032752066e-01	1.934812882563573810e-01	1.512743113230108627e-01	1.464066885039487231e-01	1.190379211513215435e-01	5.645661975300417940e-02	1.537066304993599253e-02	-1.173006005545879082e-01	-2.331493425650009721e-01	-1.835359643320378931e-01	7.348820206930156695e-02	-1.773859352812683088e-01	-1.857763857976136856e-01	4.466363130634888601e-02	3.006693518025839174e-01	-1.307818812955709731e-01	-5.361598897351947494e-03	-9.824805401862725385e-02	3.947655667300951632e-01	6.180093559086504706e-01	6.038770355443839888e-01	2.550111403450032177e-01	2.183313929691488853e-01	1.046130124514685483e-01	4.195318616047712945e-01	-8.857253702472790702e-02	4.254181875282039837e-02	1.657354201602401489e-01	-1.516079473846161652e-01	1.020297225487776759e-02	7.852946232184850051e-02	5.929813649517656077e-02	7.297396801646291453e-02	-1.811991105673323443e-01	-1.114631756120382233e-01	4.225533826072237070e-02	4.268846919885897762e-02	-3.471958083975627829e-02	6.470512628224850057e-03	-4.267408813216694297e-02	-7.560707322537758845e-02	3.319092709086576831e-02	-2.950919091411301903e-02	4.744447615103803417e-01	7.670148492424912201e-02	-2.563701341282950130e-01	2.711834163349063354e-01	-7.094028640675410780e-02	2.399888535824762914e-01	5.948479533585666196e-02	-1.691879550816958455e-01	6.866607133439549260e-02	6.625634442956503112e-02	-1.364591856699516603e-01	6.058770503038503341e-02	1.856723706784474126e-01	-2.450481836272358771e-01	-2.148265506545357917e-01	1.827060391708591192e-01	-9.682288184996327984e-02	-9.512044934917045225e-02	-1.586264794866746874e-01	5.345476340300434753e-02	-2.229360286253574963e-01	1.536649733947725860e-01	7.969933105846668808e-02	2.652038883103490646e-02	1.648199790668123110e-01	1.941399937353664729e-01	1.916295495764927526e-01	1.444935961669163993e-01	-8.684011136583034973e-02	1.496753301847972839e-01	1.506295967965316507e-01	-3.299577132014274577e-02	1.497607564872403818e-01	1.257347014748871339e-01	1.111446156678632252e-01	2.021962341949679054e-01	1.467073966652214512e-01	-1.714204438474971615e-01	-3.236298083034160333e-01	-3.101721444740516143e-01	3.445263416555603003e-02	-1.030989396511153428e-01	-9.957449521927319580e-02	3.500887420096555069e-01	-4.668234898760391383e-02	-1.136678202949610861e-01	5.744276858861558505e-02	-1.162356394424024220e-01	-6.491749860103894487e-02	-1.803323192208380332e-01	-2.811048970581175865e-02	-6.936450479559523596e-02	-1.559411790242155871e-01	-3.469083668573890583e-02	6.427187572902164359e-01	-1.396745634408497194e-01	2.610075771665068545e-01	2.372096799863367411e-01	6.606268557443957246e-01	4.689816058941411181e-01	1.098515090816970935e-01	3.708297520290216309e-01	8.400435858655885824e-02	1.247456624261895630e-01	1.523962904736459456e-01	-7.252989450077858280e-02	-4.411581890527755301e-04	-1.463482965122134272e-01	2.042955255148388993e-01	-6.343179216817682736e-03	-1.274978604355468947e-01	-2.363612736465393882e-01	1.281455551417643446e-01	-7.001826118830548062e-02	8.500321740200983758e-03	-2.486189219663938188e-01	4.814466788821956111e-01	2.551363084080409682e-01	4.150905152813458288e-01	1.000000000000000000e+00	-2.300203141225588277e-01	3.027418673218297829e-01	7.442371216762501407e-02	2.478368495493907531e-01	-1.763397303266654725e-01	-1.210773309344707199e-01	-1.033048622485206909e-02	-6.753784810662308291e-02	1.507060407696510576e-02	1.706686154460060334e-01	-5.191752774254883990e-02	-7.778707527770850616e-02	4.189907613285477617e-03	1.429377699620293027e-02	9.074054605708101531e-03	-3.680381618379277575e-02	-2.117187736369001427e-01	-2.000336550650615441e-01	-8.530611563687232057e-02	-1.152132787702221384e-01	1.344856743009250309e-02	-2.451487551074513736e-03	-8.714522257580646636e-03	-5.059344347354424037e-02	-2.410654576550838313e-01	-7.271203739237473707e-02	-1.375831356088131896e-01	5.522961164851677429e-01	2.292965739003668610e-02	3.173580525056418633e-01	-2.099279790430783610e-01	-1.894284973649940822e-03	-2.161371034335305905e-02	-9.434459475709423837e-02	-1.247887141306646824e-01	-9.145698536088969766e-02	6.830298551386308759e-02	-1.793267275590392784e-01	-1.934696287861841502e-01	-5.225760711937394755e-03	-9.172948980480988279e-02	-1.878052297369673385e-01	-4.015239398824770323e-01	-2.762150141737421127e-01	-1.863221861233418930e-01	-2.311116000203415066e-01	2.136123464013670731e-02	-2.462777961735672372e-01	-5.536135540444861447e-02	2.928125099970926154e-02	-1.589147792160374231e-02	-4.148967850168232274e-02	2.060660674329174435e-01	-2.056375337916928336e-02	-5.653530637149874194e-02	-2.943112201669158545e-01	-3.098449859744503709e-01	-3.614401097482084491e-01	7.954079623650546493e-02	4.479223123331909501e-02	-1.400023984821086864e-01	-1.717697085648416389e-01
2.073822267340131587e-01	-4.695783880363710305e-02	2.423495725221910535e-01	1.549157704501357424e-01	3.481582314340430639e-01	2.861651010815197127e-01	1.545819475731687320e-01	2.962394854873008285e-02	2.627519423481126104e-01	1.829688455092476629e-01	2.384643461296991063e-01	2.512691587393643400e-01	-1.731868597770569451e-02	-1.331599328467036880e-01	-8.442931496895621224e-02	-7.536716231342240058e-02	-1.593568568331376126e-02	1.596592339905497093e-01	-7.324787691062392692e-02	-1.458422109282707657e-01	-4.282038221145484380e-01	-1.616563916916594346e-01	-1.900168140286471741e-01	-2.054859646686672536e-01	-1.715656125363458906e-01	-1.951442424835732603e-01	4.474067803064592924e-02	-6.236358497205738566e-02	3.357628304603978153e-02	-2.623244669209092231e-02	1.999494232977503672e-01	4.274204889293342080e-01	4.012473541987831571e-01	3.605780414448148813e-02	-1.803162272132809996e-01	-1.927686566065996421e-01	-8.268330197108803015e-02	2.209899136073260884e-01	2.143241000217403769e-01	-2.048301999612405222e-01	-1.077927063190814161e-01	-7.400247477042562472e-02	-2.457143050321261568e-01	3.004628413389443531e-01	-6.495725042245938108e-02	-1.083431764937098224e-01	2.468882024554090032e-02	-1.392205802443758633e-01	-2.138954126282998913e-01	-1.165713958148918705e-01	-2.109097295258620941e-01	-2.538768661825214212e-01	1.633619087991201521e-02	-6.760155062150004224e-03	-2.312753193375910454e-01	-4.482351081125595521e-02	-2.730295228864967894e-01	1.168284916080219726e-01	1.018539440802398999e-01	1.628161492952606426e-01	3.647194758964789063e-01	-1.625010208744153417e-01	1.728713783246861868e-01	-6.801879764996775213e-02	-2.070975992584129788e-01	3.302374777605341510e-02	-2.586968514209141423e-01	6.528192873389360162e-02	-1.848271551437445648e-01	-1.250760974955561489e-01	-2.631591515792738312e-01	4.526162278113913806e-01	7.089762618632933222e-01	-2.230137486552089543e-01	-5.228119892521804896e-02	-5.710811592570902429e-02	-1.133049671595173918e-01	-2.017048159160234055e-01	3.799284396519019280e-01	-3.279622761801167519e-01	-2.447026671705864187e-01	-4.168180715335750852e-01	-3.802671820881786680e-01	-2.677746508341307119e-01	-3.590685235176001022e-01	-4.970020356411137263e-01	7.269082430004959738e-02	-3.836368615731255982e-01	-5.226314706850768710e-01	-1.946979958072276029e-01	-4.043978313650862799e-01	-4.659935068953352522e-01	-2.429496629285393117e-01	-5.240073755832437286e-01	-4.984953501734094572e-01	1.571260095384926225e-01	3.610675791264016943e-01	2.356095232420581387e-01	-3.725083526291431135e-01	-1.497856519704777178e-01	1.540502611495233320e-01	1.746048185136630376e-02	5.946114673969799674e-02	8.166470958331101260e-02	2.651946747919922687e-02	2.733476611954093194e-01	2.168108220959933385e-01	2.786927674635437668e-01	1.797130336051601940e-01	-6.602955288514088250e-03	3.419322439481059517e-01	1.643446227632746892e-01	-3.465108582411912663e-01	8.555587586060249550e-02	-1.917153194171578312e-01	-2.674522577257656963e-01	-2.708643407182546037e-01	-2.617654807580958032e-01	-6.259707346559560334e-03	1.490232585223391915e-01	1.819847648891582403e-01	-1.585286794315370895e-01	-2.805796511238679569e-01	-2.323622425491030929e-01	-7.526821501084113297e-02	-1.393701686031114939e-01	-1.485282887917963868e-01	-2.814942120943036974e-01	-2.060596793365217783e-01	-4.757490507565970660e-03	1.126991577184572046e-01	4.392629474035069648e-01	4.029690315061481010e-01	5.415023028994820908e-01	3.442779500223404343e-02	3.602356423001820129e-01	-2.200254247471101487e-01	-2.300203141225588277e-01	1.000000000000000000e+00	1.422671582472121443e-01	2.513209926924527826e-01	-1.857461320002106453e-01	1.230286675853087264e-01	-3.165777185813103412e-01	-5.535011992533424297e-02	-2.106181942104073113e-01	2.122256397889825397e-02	7.942166935930947136e-02	1.926172913316148982e-01	-1.080291147910242555e-01	2.219509069793984823e-01	-1.253464512854903790e-01	-1.088604898122324388e-01	-1.088641167716197927e-01	-1.966754576904264709e-02	-1.653225079986755108e-01	-1.229931050710290491e-01	-2.389958324435348669e-01	-8.742280723884299221e-02	-1.261584627767710354e-01	-6.429344175041921960e-02	4.210806923193580187e-02	-3.938168112436325752e-02	3.859387969018323594e-01	1.992498359332310065e-01	6.575109624849105605e-02	4.836753577352086442e-01	-5.836353411918906997e-02	2.671420781193762917e-01	-1.220559253487547569e-01	-1.028381821008586688e-01	-2.257912076128539350e-02	9.444344875462641967e-03	1.577772450238509594e-01	4.448422755129834844e-02	4.574918199563968862e-02	-1.591459101216416150e-01	-1.582008301338631018e-01	-1.837634019229248961e-01	1.449595428823501342e-01	5.460663437041167745e-01	5.032788314386680284e-01	-1.266912611427302160e-01	2.857085843292970773e-01	7.829683362244687847e-03	1.649818199665341878e-01	-2.595273497601810475e-01	-5.731227748855245718e-02	-3.092077108523141882e-01	-1.618949495388709858e-01	-3.008436621613767015e-01	-2.378163491360611170e-01	-1.458244295861545470e-01	3.584148983702629132e-01	5.723088588690861123e-01	2.675553799839411884e-01	-9.749235825135406375e-02	-2.602173852059944670e-01	2.392542447392422694e-02	2.351027518771404423e-01
4.342116031965162493e-02	-8.172703691554211378e-03	-1.886582666704535519e-02	-5.152560205744965288e-02	9.664921006345771060e-02	5.276571862964339610e-02	4.448986158438855698e-02	9.271211213272594065e-02	-6.130890564929823011e-02	1.892242794744267154e-01	1.389688404966757662e-01	2.012970079864475070e-01	2.319608702593651262e-01	-1.136135963090575546e-01	-7.580252973005051353e-02	-6.949570656421189506e-03	1.895348414662180736e-01	2.917178914430305081e-01	1.704833523829945297e-01	1.197900203652623452e-01	4.750924447144102419e-02	1.220373824305649030e-01	-7.198241874893814007e-02	-2.354823691659438736e-02	-1.932938426812571067e-02	-7.540942870864500436e-02	3.629700810515707095e-03	3.068289627530189009e-02	7.445361113901856343e-02	2.617301506368191477e-01	-3.316187662016936155e-01	2.314257019148873995e-01	3.806429958340911135e-01	3.123140200365920882e-01	1.566335650741216279e-01	8.421570809856153417e-02	3.072281211274661139e-01	5.611791022032334153e-01	1.204951875501654168e-01	3.359731474008702534e-01	5.491084939533327769e-02	-3.649208130441250475e-02	1.123507256938047205e-01	2.168989587345843406e-01	-5.578608160503046448e-02	5.766601405531617680e-02	2.158164896473040995e-01	-1.952701073357784312e-01	-2.553476135150571924e-01	-1.370382689827978340e-01	-2.660054037457247889e-01	-3.846468933959029113e-01	-2.122355745406273864e-01	-1.250270400845753527e-01	-1.587335254620914071e-01	-6.131117598198681379e-02	-1.153321165603660298e-01	1.205576476291185667e-01	2.853605614434940319e-01	3.265716824330997664e-02	1.247121428269463428e-01	1.134298910702666724e-01	7.566499197090122142e-02	5.783385218526563426e-02	-1.352149868378915432e-01	-1.262292784988410244e-01	-2.288703875008971933e-01	-1.566328580897832778e-02	-2.864449949556620023e-01	-2.123809433090145249e-01	-1.124697459526599885e-01	5.065282369251480205e-02	2.876363322254402721e-01	-4.228006438112851678e-02	-3.601002169293766597e-01	-2.776066360783398523e-01	-3.937111130703246920e-01	-2.186382445566449617e-01	-2.497904686097646154e-01	-1.863085234696615355e-01	-3.584969434499398755e-01	-2.803681457759786277e-01	-3.362014775475323236e-01	-2.797067401382126728e-01	-3.131397433901857985e-01	-3.299111666226438033e-01	-2.788733684190241591e-01	-3.319292397171737519e-01	-2.975990980123539020e-01	-2.419637831249722704e-01	-6.968048751787017658e-02	-2.475448439985633575e-01	-2.199527313239502957e-01	-2.748117805534686098e-01	-1.616261707539641546e-02	-3.429194017450543086e-01	-4.084552637924606100e-01	-1.914048837320843355e-01	-1.354704945251955228e-01	-4.395668111596219840e-01	-8.238621491823783227e-02	1.653941940270726996e-01	2.069422630019646103e-01	1.418934737039866389e-01	-2.789202753562152956e-02	6.022775623054679728e-02	5.046098656556912559e-02	-6.436430394651737608e-02	1.380505505974226332e-01	4.616948299755822827e-02	8.018245825695764772e-02	3.059146268141977876e-01	1.578117532853130223e-01	2.335636740608539597e-01	1.457303321820274944e-01	1.958575106274933475e-01	4.149018189987425109e-01	3.827702740953138894e-01	1.933202329928986329e-01	4.364007073571848361e-01	2.325570945977853410e-01	1.393256397202697061e-01	3.629315141623611907e-01	-1.090740400406550736e-01	1.276351700011049140e-01	-6.387244503942471341e-02	5.539608141635277150e-02	8.142827994641253786e-02	-5.789531322416381458e-03	6.883573633986936335e-03	-9.228073938842507040e-02	-1.120265916726419925e-01	5.602008432620145251e-02	3.404485298656907410e-01	2.923068264812532790e-01	4.029012637979844103e-01	1.380805128340727994e-01	3.027418673218297829e-01	1.422671582472121443e-01	1.000000000000000000e+00	2.978388652839512041e-01	2.618379474817215113e-01	8.182855553325926734e-02	-2.822923966859122724e-01	1.253451100780557104e-01	2.398249871225157509e-02	1.847642542824361467e-01	-9.148541522729529418e-02	1.734606716145503658e-01	1.520664797993943052e-01	2.274267550030319718e-01	1.344661389567316026e-02	-2.034772506137489390e-01	-1.348406857669708636e-01	-1.367815925755384021e-01	-2.507958348732102216e-01	-4.704454550995524342e-01	-3.752908247120428920e-01	-2.402451291218737905e-01	-2.577511651624208033e-01	-2.249682513927714622e-01	-1.604466118369755612e-01	-3.923582485191312030e-01	-2.672476273655036150e-01	-2.253837367820902497e-03	4.289476799678407226e-01	1.660153838281460126e-01	1.917679562953477357e-01	-1.117505423024791888e-01	-1.430491655355185521e-01	-3.443129921717160147e-01	-2.045987267472081927e-01	-2.547830283530826412e-01	1.286820741470536822e-01	1.722798485179646844e-01	-6.838028432371646981e-02	-4.741215178782499651e-01	-2.198221045296394338e-01	-1.603178114891565254e-01	-2.563423596325350440e-01	-1.236566803289356475e-01	-1.716547386105632678e-01	-1.023640717857822041e-01	-3.407544759708844295e-01	-7.205667686794471789e-03	-2.194234494585920459e-01	-1.966165496104764210e-01	-1.416484546679311618e-01	-3.124918212746776169e-01	-1.588046611606889758e-01	-1.064555757975667594e-01	-1.609167642486639127e-01	-3.413637185970601617e-01	-3.716710646213673974e-01	-9.888562495858224666e-02	-2.292049000964361816e-01	-1.224401832078826635e-01	1.548530393242602936e-02	-3.584375865676227013e-01	-9.341370432471200747e-02
1.089566024960237495e-01	-1.370953263805277100e-01	4.083785733503558779e-02	9.863259526845011282e-02	2.768515188189528131e-01	3.711322051251776388e-01	1.824316542546247921e-01	1.658522776678776345e-01	-1.999704982053084751e-02	2.003442942624545087e-01	2.428497108483176625e-01	3.148267326116320763e-01	-1.087269678435226067e-01	-1.766997375404743276e-01	-2.305612015986645835e-01	-2.073571146640864615e-01	-5.211849361893440558e-02	1.857906548825162818e-01	-2.657925327724006692e-01	-1.180506832974865666e-01	3.796472766295228007e-02	9.867982019872646726e-02	-1.636822822886234152e-01	2.101255313836924293e-02	-8.666785340122061532e-02	-1.833918908231123857e-01	-1.085635550371171106e-02	3.040627490708385783e-01	1.897526349848781546e-01	4.666130258806285708e-02	-4.023211412032315359e-01	4.081555811444537163e-01	6.168630890536734857e-01	3.683157596200147821e-01	-5.028500543695220426e-02	-7.308215135839492282e-02	2.340977452179737461e-01	9.182865156575088783e-02	4.919359329536331371e-01	1.378892610266209684e-01	1.129702213451846959e-01	4.169590197154341565e-02	1.963977838645114826e-01	4.098758703369948658e-02	1.773399474766742534e-01	2.724894744028050209e-01	2.886800594580661294e-01	-2.648843768875099036e-02	7.875345028984959139e-02	-2.094054624964765965e-01	-2.008709594480091454e-01	-2.280884277833093998e-01	-2.320895927980859141e-01	-2.380423324506626970e-01	-3.606700569770009412e-01	-1.177042737669481698e-01	-3.329530183457483083e-01	2.314567458260213817e-01	3.854993064137174907e-01	5.182192976142702134e-01	1.105734640548749342e-01	1.862916348222393437e-01	3.334070525440777089e-01	3.671121432602000856e-01	-6.781272710029639939e-02	-6.902313266973746086e-02	-3.136134444901663154e-01	1.327828964441999382e-01	-4.082249852585419503e-01	-1.269807828128785565e-01	-8.510129579349105799e-02	1.611341288528096993e-01	2.027838625056087030e-01	-1.280884996176636370e-01	-3.860697265046116877e-01	-4.196541281240060983e-01	-5.915139220955517585e-01	-5.340515022765124353e-01	-3.048310849587079208e-01	-2.514678454607741087e-01	-5.075158106030120964e-01	-4.367658200926322620e-01	-3.047679037790820833e-01	-2.381459244806997666e-01	-2.778912878240477613e-01	-5.155480470752906719e-01	-3.338200683140480907e-01	-3.481415184188832446e-01	-4.151163289933081368e-01	-2.727011682431168538e-01	-1.787342155339809446e-01	-2.905736368134940739e-01	-1.057099784948189319e-01	-3.634185092130974848e-01	-1.161243755954180501e-01	-4.834383947553755889e-01	-1.871127440637506689e-01	1.467619405943948289e-02	-3.107655741095780022e-01	-5.105592046360678538e-01	1.285965376919770697e-01	7.691857583418956756e-02	-7.745133310451476558e-03	7.510768755363092519e-02	2.391654317949195308e-01	2.331916993206769873e-01	8.637189080209865810e-02	-5.380114528362599929e-02	1.658853048441159828e-01	-2.854651880171113487e-02	2.687940173962510282e-01	4.658669508711131280e-01	-2.523576732891659735e-01	4.674086391798085716e-01	-7.213165301509827376e-02	-1.508741711448179090e-01	9.092546717605436146e-02	9.574300495115639631e-02	1.107412841265405790e-01	5.431005294784573278e-01	8.222960600518297580e-02	-2.336536502232787749e-01	-1.465855955648499853e-01	-1.135989189007804989e-01	-1.455714065228934893e-02	-1.119028607330555120e-01	-1.656470844577676571e-01	7.980725803197626089e-02	2.136248584107933862e-02	-5.103033866483676351e-03	1.472104112863117653e-01	3.986010481229315672e-02	3.469983451377646189e-01	4.766303719274749828e-01	4.894136467565061155e-01	5.441047047342373322e-01	-7.806355833473796468e-02	7.442371216762500019e-02	2.513209926924528381e-01	2.978388652839512041e-01	1.000000000000000000e+00	1.927330997782787103e-01	6.230596884995150964e-01	-1.230015990842830836e-01	8.612049415694983390e-02	3.055796185871588744e-01	3.299690768882515002e-01	-4.558430189026389800e-02	2.680259036331055639e-02	5.479443989003133231e-01	4.614343857920009118e-01	3.805307422150937535e-01	9.301654258862718239e-02	1.227356819105824420e-01	1.749139829689353165e-01	7.987547921632605352e-02	-2.071814878106592039e-01	-1.797037813158663677e-01	-3.414536645164622519e-01	-2.242267254623953876e-01	-2.841754100398682370e-01	-1.594859496413673638e-01	-2.927528756113086938e-01	9.761116728129970443e-02	1.378419689361314038e-01	4.820123855035428617e-01	4.062944306008206552e-01	5.748995168882534701e-01	3.893024695242981448e-01	-7.251007865845254807e-02	-5.366247423218856172e-01	-1.862833705002789886e-01	-2.984805845009863567e-01	3.024601843380902433e-01	3.254415800652813995e-01	-1.632462284514408363e-02	-5.987781065512582518e-02	-5.439499535082224606e-03	-1.082039605408542521e-01	-2.324066277859467844e-01	8.451088666443291875e-02	-5.112082413884557613e-02	-2.258997099903220784e-01	-3.317943956256859672e-01	-2.075858325547460803e-01	-3.843209804427688558e-01	-2.171650787243143421e-01	-2.723192252305619565e-01	-2.672706970632795498e-01	-4.490904424655469684e-01	-2.854487891129074972e-01	-1.369169018534151516e-01	-5.011709194592889327e-02	-3.008064180669889343e-01	-3.772776166111185825e-02	-7.505902675261928725e-02	-2.838056936575353295e-01	-2.239107478578320209e-01	-3.829521094549812044e-01	-1.326226178109327913e-01
-9.392039269082469444e-02	-8.844020169532552933e-02	-1.320329824934726448e-01	-2.733763550508993556e-01	-2.370478760139395347e-01	-3.555108751652645283e-01	6.346936563455382596e-02	1.296562173925170369e-01	3.701413667651117650e-02	7.231449203864963315e-02	-2.311124050744466085e-02	1.104454394180809026e-02	1.477023798393584386e-01	1.686575658006405909e-01	-2.759574905373710432e-02	1.932206914772681694e-01	1.030928324582565392e-01	4.470978865791589985e-01	2.016809637017666357e-01	8.427422174851645353e-02	3.371148462307166915e-01	4.303201308340831588e-01	5.268052248071274368e-01	5.095531739765771784e-01	3.975689808754367394e-01	6.406532021894800755e-01	3.603279390918234792e-01	4.429659601636158905e-01	-1.763321685733182376e-01	2.056626515672072830e-01	-2.354864038853663744e-01	-2.458188785736737381e-01	-7.907939517645665162e-02	3.440397804107780261e-02	3.597567814417775289e-01	2.476289815139449957e-01	3.561927524877085416e-01	4.176255762979247943e-01	-4.902614671593077261e-02	6.940703357838263754e-01	4.144365794662733249e-01	4.580845852446362443e-01	5.375041768634245543e-01	1.498812801204681480e-02	3.158923580495432981e-01	3.195514250607921491e-01	5.058843283912067834e-01	1.625909040545105155e-01	7.692960806809189325e-03	1.520889403919853666e-01	-2.358674496493288475e-01	-1.059708428928510665e-01	1.617167933708011859e-02	2.155617069138341668e-01	-2.516514458262256886e-04	7.430019988183445175e-03	1.675779260673181670e-01	-1.848082162643714388e-01	8.279749538750917626e-02	-8.006482333247676164e-02	-3.508100719941779078e-01	1.713533289882360477e-01	4.509642150519357906e-02	7.290278326969430733e-02	1.728324164221136383e-01	7.322461294868512147e-03	-1.085033474786256530e-01	7.037099523949606750e-02	-1.949490715672752561e-01	-7.094093610793356097e-02	-1.768519500657656784e-01	-8.119469316277574955e-02	-5.291307877284068262e-02	2.907052737022750577e-01	-2.734378452622203137e-01	-2.594110681070844193e-01	-8.052418525016148687e-02	-2.821114806220993698e-02	-2.895400394296334112e-01	-1.562820272308181047e-01	-6.257645236812509060e-02	-1.483442563218289323e-01	-2.702691032106476210e-01	-1.983396531764696769e-01	-3.444987303464210338e-01	6.376343290623245896e-02	-2.034544506468029257e-01	-4.958478713313357183e-02	3.159189223675668706e-02	-8.511661105556383999e-02	1.022349920394122758e-01	1.144160633987834630e-01	8.838687041970355596e-02	5.904123992188159420e-02	2.633146728952380222e-01	-2.888666818633257583e-01	-4.636762986655795227e-01	-3.755788038761156966e-01	1.815652661603256446e-01	-1.634325620656211786e-01	-6.788514838455306233e-02	1.291525900216347056e-01	6.236617736723017169e-02	-1.002803693163056842e-01	-1.569529477363615644e-01	-1.668436807604846694e-01	8.005053728568149729e-02	-5.848718785854515462e-02	8.075381668432653377e-04	1.137769579411119919e-01	-1.123678545984777427e-01	-3.339262306886003201e-02	3.533749647822643780e-01	2.491955047422909075e-01	3.322489334429023500e-01	4.315331323146708864e-01	2.248473950508438346e-01	3.823981074594370311e-01	2.640262748594973119e-01	3.590703227784597940e-01	-4.992179019748780103e-03	8.114914343483765891e-02	8.220688099027712026e-02	1.353440875608832306e-01	1.514738655272571954e-01	5.705246051895508375e-01	5.219281881087347585e-01	6.638436667482511266e-01	5.041873756615782298e-01	4.387898079825744979e-01	-3.271072409453937846e-01	-1.733947077104492640e-01	-3.929407633824018586e-01	-2.171425905661681366e-01	-1.368084498174550710e-02	-1.580668841812543912e-01	4.205717737482078111e-01	2.478368495493907253e-01	-1.857461320002106453e-01	2.618379474817215669e-01	1.927330997782787103e-01	1.000000000000000000e+00	2.762013682002750770e-02	2.433092804146690449e-02	3.286967893799598861e-01	5.887948140163297150e-01	4.803662871549556623e-01	1.567296622163300845e-01	-2.561180472974868352e-02	4.048279485018009272e-01	2.647462248419353292e-01	1.105819333018058931e-01	-2.509816235777652671e-01	-1.450912712684740147e-01	-2.187184951779428399e-01	-2.102969436638776890e-01	-9.887962558371622690e-02	-2.478348729977831316e-02	-3.841306015179710709e-01	-1.668730467233906223e-01	9.639833266499861497e-02	2.566015533872936238e-01	-1.380600695265661315e-01	-3.006918766565112588e-01	-4.580977181980090407e-01	2.433039510724526455e-01	-3.899279699991290982e-01	3.207367086179239712e-01	-3.698026316263396951e-01	-1.560456410587518772e-01	-1.808815678283870465e-01	-4.056243835223319882e-01	-4.465201014973095295e-01	-1.452860402589656597e-01	3.223249617561937397e-01	-3.391349612742800002e-01	-2.428421648792281617e-01	-4.514445776435305202e-01	-1.228502418151003889e-01	-5.259535623723953224e-01	-3.122806756184818289e-01	-3.910705957078458583e-01	1.077084269301969710e-01	-4.028401350940487013e-01	-1.351422960651235683e-01	-2.994337192191905417e-01	-1.889759116868548472e-01	8.474843732160991516e-02	-3.472489934921080823e-01	-1.194550574745021909e-01	-1.441462823625839218e-01	-2.580945084920038823e-01	-1.178463405373997297e-01	-6.465885789154051100e-01	-4.839716447477160344e-01	-3.093840774491015688e-01	-1.203848812845913913e-01	2.757801880292569674e-01	-1.660397918133803274e-01	-4.106816496915936116e-02
3.141595403698396044e-02	7.344384636289280621e-02	-1.396762133406162787e-01	2.090048720676883076e-01	3.146411568449706264e-01	3.534104074638397819e-01	2.390908564114148718e-02	-4.542688238092052605e-02	-1.509289528136249503e-01	-7.277289021083524490e-02	8.210910769225697459e-02	1.130047328426693337e-01	-1.995468484971825163e-01	-2.244637586514734440e-01	-8.644975093259756049e-02	-1.897584472575138126e-01	-1.729430883961567966e-01	-1.194464753269688650e-01	-2.383862147309237234e-01	-6.107995473498016581e-02	-1.532152134837997011e-02	1.837889662301950555e-01	-1.362100612311340775e-01	1.867038675925601632e-01	-4.023200216630978820e-02	-2.641366530093079423e-01	1.750479256272989004e-01	5.278226793573000952e-01	2.326607454542942988e-01	-2.383472263315948667e-03	-3.456876109592786905e-01	3.170867291249914732e-01	5.783075664683513528e-01	2.309078171635144394e-01	-4.030891315635982131e-01	-3.614182884756350633e-01	-3.516787171482360641e-02	-1.253083521076993057e-01	1.760063386266497720e-01	-2.582305015617389898e-01	2.080098327432096383e-02	-1.077222929731753293e-02	5.833350831554903748e-02	3.026497879125311305e-02	6.686460508066785491e-02	2.892164194524331489e-01	-4.404953221154359055e-02	-4.367439770531266613e-02	1.118249757541735917e-02	-1.514497484334839106e-01	-2.310743157270024051e-01	-2.619045757346790682e-01	-7.747539526605250193e-02	-1.490044563500061703e-01	-2.445620509836272938e-01	-1.001954785989393887e-01	-3.295188883299371985e-01	1.694951305490493276e-01	2.599135431950055572e-02	3.824063588220096288e-01	1.032772886767444193e-01	-9.515592568318297084e-02	6.458061404549378381e-02	2.013679619220025974e-01	-1.674727744551665620e-01	9.153606139052470822e-03	-2.097752019927479894e-01	-1.730325488689541391e-01	-2.340572203396659168e-01	-2.050186863430205342e-01	-2.897105915655334707e-01	-4.724779605653138537e-02	3.746368401958320021e-02	-2.018698151742391311e-01	-3.528252100182024953e-01	-2.984840870447767469e-01	-5.283476037140918402e-01	-5.832605726356828724e-01	-3.338251741387165961e-01	-2.556962180325449419e-01	-4.589641345710129272e-01	-3.319889582711036957e-01	-3.582854785466770831e-01	-3.257903850956589964e-01	-2.487283023962032213e-01	-4.574101636008336413e-01	-3.593013481113938590e-01	-3.574478404547972166e-01	-4.056276817985740024e-01	-2.424365367557780315e-01	-1.604001058983538230e-01	-2.722028123941716005e-01	-1.926650044969331621e-01	-4.020635419202807648e-01	-2.230508825621845270e-01	-4.361390011712177328e-01	-2.090338839498814272e-01	1.065721589928131548e-02	-2.552445408651101144e-01	-4.521679940667013287e-01	5.370502047913893601e-02	2.538037767748626550e-01	-1.069402183805615997e-01	2.154977105157969974e-01	3.717131357305150652e-01	8.022284683412565787e-02	-1.315242835578878666e-01	-1.047632771184709016e-01	-6.628836492589224028e-02	-8.475389381763630270e-02	8.392182084602990699e-02	4.114861711618165718e-01	-3.540942327103398513e-01	5.468534095979830090e-01	-1.630397973893530916e-01	-1.836236263233023691e-01	-8.881632103655932864e-02	-5.895331897588226150e-02	5.836077059451025111e-03	2.029873156606669671e-01	7.418616134390751404e-02	-1.596927309436379505e-01	-1.469847171048167256e-01	-1.037329589302724842e-01	5.953793627672330363e-02	8.656420416334154391e-03	-1.986363323368331713e-01	8.912761021600856814e-02	1.854278664017042777e-01	1.887435806268185079e-01	2.888075041066781035e-01	9.389438019216903020e-02	3.405315192485178777e-01	3.923806160566251644e-01	3.544588783324434389e-01	3.533226799768711124e-01	-5.891859500973355146e-02	-1.763397303266654725e-01	1.230286675853087125e-01	8.182855553325928122e-02	6.230596884995150964e-01	2.762013682002750770e-02	1.000000000000000000e+00	-2.124710528638620172e-02	1.662958547261905728e-01	3.447869910651308323e-01	2.558590200519914037e-01	-1.679066258797702327e-01	-1.759614492250882040e-02	6.135882514931770837e-01	1.693077187279590501e-01	2.592575361304916282e-01	5.856729995461052579e-02	5.553800774886347158e-02	2.407769835071245923e-01	1.375305012049755082e-01	-1.324144361187374330e-01	-1.019167921849934433e-01	-2.426071044206150884e-01	-1.747473345333057648e-01	-2.861928083002738821e-01	-4.503060644232887572e-02	-4.483204888332072147e-02	1.492331587360003209e-01	2.080772797294274390e-01	1.440395638170240966e-01	2.166474177003951118e-01	4.314568360075026754e-01	4.962874530253376104e-01	-1.135422019894454515e-01	-3.921366188641276507e-01	7.457580171836464267e-02	-1.998493261321959424e-01	2.063615914651475425e-01	2.173250278896931842e-01	1.544804394630077959e-01	9.491901661650228861e-02	5.994572190765165044e-03	1.416512944488250783e-02	-4.384231717330869249e-02	9.224940054345731957e-03	-9.010587950710233218e-02	-2.480589293196883149e-01	-2.858176919711294395e-01	-2.399540466024356888e-01	-2.739250006584978414e-01	-2.004031221216006631e-01	-1.901121437839665418e-01	-1.586976921728505130e-01	-3.081264008096173956e-01	-3.946188273301712290e-01	-3.291354102670032700e-02	-5.894099603253357550e-02	-1.318003008688018451e-01	-6.175924798577848290e-02	-1.263732206614637081e-02	-2.952271477531547839e-01	-1.202502633369113144e-01	-2.083973962521490086e-01	-4.139557226260817679e-02
6.144995571451306732e-02	-1.482649429269354557e-01	2.978815505560931595e-02	-1.701757168123635422e-01	-2.264068539157853277e-01	-8.054136492559643701e-02	3.730993965542026003e-02	1.433869727721800436e-01	3.482093294642497894e-02	2.481749857919602134e-02	2.319469416758151645e-02	-1.049196362413937766e-01	-9.355566375176160854e-02	-2.679199927992881314e-01	-1.842201263081006402e-01	-2.297728988039739462e-01	-1.651977582849888937e-01	-1.759467716041730745e-01	-2.790735220182716247e-01	-2.330150572118554753e-01	2.244430764243676990e-01	1.733795221042147006e-01	1.405065603339586133e-01	1.118033401589505205e-01	2.546426532708433443e-01	1.581101339541143846e-02	-7.732829078491008923e-03	8.867561226806751351e-02	1.143097437514431353e-01	-1.745504891629498685e-03	-1.366157279235151456e-01	-1.854908761316285681e-01	-2.243531422901534622e-01	-1.161072550524302194e-01	-1.119404829287743430e-01	-1.339352062660216502e-01	-1.104283315018572409e-01	-3.006047341306846699e-01	-8.495912759648142909e-02	7.361560222837834622e-02	3.145466140563303314e-01	3.367191726213492747e-02	1.339308904400442757e-01	-1.129148731155060481e-01	1.517531830016344285e-02	3.763562452580827139e-02	1.982803683911696924e-01	4.003558895645772941e-02	4.195792465900228252e-01	2.682512119550827800e-01	4.069742262892003248e-01	2.198009730680111073e-01	2.001259416383421863e-01	1.556456841111323874e-01	2.016136797068822095e-01	7.882354043916510455e-02	1.098100826215033521e-01	-8.304885474329844197e-02	-4.387025734382971748e-02	-2.353214982924526147e-02	-1.852314857169965745e-01	1.578448545918080259e-01	5.754094851650826820e-02	1.199119565359421657e-01	6.938641506192891328e-02	3.329504541800179518e-01	6.795942500422975756e-03	1.244543465687591721e-01	2.846971932914631187e-02	1.996986241785358440e-01	7.842328106142618105e-02	-1.768464708017687959e-01	-3.406567783548545281e-01	5.546100743768631741e-02	-2.457175788075492348e-02	-4.136582031403544801e-02	2.001870816349876972e-02	9.646253704115338723e-02	-2.156867296172016724e-01	2.270774805720928158e-01	2.620515721996306557e-01	2.954350758528308529e-01	3.230314568522397733e-01	-7.823093934076505093e-03	8.536631833655516921e-02	1.720804149379584480e-01	6.724500834997157450e-02	1.902719610821725083e-01	1.876787624000076371e-01	2.621850336569969686e-01	1.097082801403959917e-01	2.989732515995430218e-01	2.049340155134600772e-01	3.378574966575719762e-01	3.067105690596688139e-01	-3.353012058828679781e-02	-5.493612513300127898e-02	5.248641097980330517e-02	1.585003016166130485e-01	1.168272992302350072e-01	-4.194362282431289557e-02	-1.406670041288911044e-01	-1.235192072415347009e-01	-1.747096372766281103e-01	-6.277126204940421117e-02	-1.142199884272941390e-01	-2.307550212689728208e-02	8.978920080034116791e-02	-3.360512457565641847e-02	1.943299215909622124e-01	-7.007790258450226351e-02	-6.218520077339798752e-02	-9.238874926472653848e-02	1.848436098047154599e-02	-1.020233346054292972e-01	-1.949748501262848488e-01	-2.090711494202517617e-01	-2.634771337152892468e-01	-2.146999243555958864e-02	-1.884015033905974412e-01	-1.775101996142364191e-01	-2.054530328153334473e-01	-2.094661053178470123e-01	3.184656704330770527e-01	-1.878125853868981010e-02	2.386699493012990336e-01	3.647267787641921000e-02	6.363133681868195224e-02	2.541468796808458719e-01	7.153432288451901100e-02	5.443528116316784932e-02	-1.164968586530605726e-01	-5.704585932816643584e-02	-2.482643593780281266e-01	-7.518292184251135213e-02	-1.879273383194240976e-01	-2.739993599014626385e-02	-1.210773309344707060e-01	-3.165777185813103412e-01	-2.822923966859122724e-01	-1.230015990842830836e-01	2.433092804146690449e-02	-2.124710528638620172e-02	1.000000000000000000e+00	2.248119646009083539e-01	2.785779607248040635e-01	-9.470310494706294172e-03	-4.205186151106635878e-02	-1.207831713824062264e-01	6.136178924602361112e-02	3.428152371709980439e-02	2.607570571030550788e-01	1.053788911788859917e-01	1.630214922475173300e-01	1.935670444097992438e-01	3.324045243862009946e-01	2.008486748018429857e-01	2.898620801167122174e-01	1.161339768450938975e-01	6.805225095667081711e-03	2.493359000714697737e-01	1.768720534251050913e-01	2.781570971944550830e-01	-6.600503207347259427e-02	2.757915765964604957e-02	-1.121977432693339327e-01	-2.106979053966605564e-01	1.414198148604212391e-01	1.080188731146339426e-01	2.554534006623586651e-01	1.569675922110186361e-01	4.265209493174694499e-02	6.556656036639560425e-02	7.934598266910455888e-02	-4.347197549504210751e-02	-9.431263504490960958e-02	3.199488561981836399e-01	1.165502313423185665e-01	1.280645551861514797e-01	-1.518775979058757386e-01	-1.554409597032844481e-01	-3.113168365279221916e-01	1.147744734915399911e-01	-3.095566535351776394e-02	-1.005634696756860652e-01	-7.814387212779695668e-02	3.056136911563277492e-01	1.408439019965095074e-01	1.231262325038603722e-01	-2.627229579549278382e-02	1.103534978676625755e-01	8.484328027158224983e-02	2.864207629319360793e-01	1.518191764365418688e-02	-1.022235271891715203e-01	2.300057058851540936e-01	4.295900071731060393e-02	2.010480555729861618e-01	7.989636729552665462e-02	2.844957411641961878e-02
-1.255211266937521497e-01	1.635817660629591830e-01	-1.916856083016138523e-01	-1.672341605371283346e-01	-1.797046426399537267e-01	-1.915759153576732654e-01	-2.387255953414042509e-01	-1.228494169449480117e-01	-1.758067767835379269e-01	-1.171044067426511154e-01	-1.135157729870884119e-01	-1.938407931244408022e-01	1.368854299363941318e-01	4.612641312951665934e-02	9.588332617363931609e-02	8.783375799667290929e-02	1.001781510999033009e-01	1.299310790415121042e-01	1.798422109971269112e-01	3.554504214235595927e-02	2.237742498744377528e-01	4.404197443773388843e-01	3.202288528393182343e-01	3.747626543756683581e-01	2.427592386189796891e-01	2.469291421140089038e-01	2.533247245732384023e-01	4.236243839717090398e-01	4.124590653471858770e-02	8.347931658585916459e-02	-1.139108568385541059e-01	-1.490493734615842836e-01	-3.818194592237614260e-02	-7.840378316974784545e-02	-3.728091789683327800e-02	-4.014486778039882964e-02	-1.068705414582157495e-02	2.218423111614707677e-01	-1.435342359923970079e-01	1.714482281379504092e-01	3.190199990543806652e-01	2.295205484741068280e-01	2.479464217630207579e-01	9.046492779328391132e-02	2.188013444790127271e-01	1.542371565276977330e-01	4.378585093084566039e-03	1.456693462691452112e-01	1.368668662167021044e-01	1.018190217913278045e-01	-6.547857020774715264e-02	-7.662651363245029379e-02	1.715341555663894291e-01	2.623586885092376031e-01	6.861748613948443279e-03	-6.045133466165962012e-03	6.992566702054693606e-02	-1.098988369448328228e-01	-8.636932740256282603e-02	-1.547560192422519076e-01	-1.382258531244682787e-01	1.513880806758072239e-01	-5.850511520977067642e-02	1.213393267152709648e-01	6.282919496905800538e-02	-3.048167415026547047e-02	-1.287438066822127469e-02	-2.034828710549897168e-01	-1.084861860511438514e-01	9.790216404748604273e-02	-1.404005085753882442e-01	-2.207232408845075378e-01	-1.626843408555453396e-01	2.067210554914440321e-02	-2.297795928411569821e-01	-1.451227892795324895e-02	-4.718655292033561988e-02	-6.981428017545111830e-02	-2.159005561746109858e-01	-4.920753499426160082e-02	-1.110940431290875947e-02	-7.847084105917255525e-02	-2.695713109528925511e-01	-2.572901347124386673e-01	-2.525660600775044284e-01	-3.167216429793947435e-02	-2.116721171710085059e-01	-2.442521236456744391e-02	-9.034846058625554954e-02	-9.351123377306856665e-02	1.419092213887794551e-01	7.342925065442572341e-02	1.726778357476509984e-01	-6.500752767038929167e-03	1.845447886888230693e-01	-1.555751936963243043e-01	-2.330103165812501820e-01	-1.885337582152669111e-01	9.537213627371447788e-02	-1.046940772611764797e-01	-2.758955255810422447e-01	1.768588225597843011e-01	7.263091031084274729e-02	9.938825870411845120e-02	-1.885347834647889131e-01	-2.115107053944334792e-01	-7.936639191392222403e-02	-9.470989995030962283e-02	-1.081946700438771725e-01	-6.311072072625717455e-02	-1.629642803050793676e-01	-2.025497240650507014e-01	3.083098642739930464e-02	1.941024749593039389e-01	1.767448439413369377e-01	1.143468115973233501e-01	8.096212004398274653e-02	8.741450506321317426e-02	5.960245660240005763e-04	4.038975318957255256e-02	9.782973752983578630e-03	7.698889070938776114e-02	-5.866407233870125221e-03	4.765888848297516467e-01	2.645897405331659180e-01	3.434815272000960595e-01	3.306046367756983462e-01	4.573354138795414636e-01	3.705609722689671703e-01	2.970668406380123083e-01	-1.640516259373446806e-01	-1.481611303896076814e-01	-2.100385777553851474e-01	-5.867970077875760138e-02	-7.313384601174359456e-02	-1.140926565599940101e-01	8.993125741742617751e-02	-1.033048622485206736e-02	-5.535011992533424297e-02	1.253451100780557381e-01	8.612049415694982002e-02	3.286967893799598861e-01	1.662958547261905728e-01	2.248119646009083539e-01	1.000000000000000000e+00	4.438349713496883009e-01	2.653794005008761614e-01	4.537177962698702577e-02	-1.642285214799517612e-01	2.579731802752078806e-01	-2.509031826503959062e-01	1.501260925581480166e-01	-2.767285211294073094e-02	2.104925912590299014e-02	7.182004860943472235e-02	1.454515785297521013e-01	1.631282086780650245e-02	-7.246907318117816466e-02	-1.649231520660185135e-01	-6.169322114881421737e-02	2.421832088978476127e-01	2.843982952691537225e-01	1.828472600689557137e-01	-2.838237966633235798e-01	-1.811585523297265521e-01	-5.116688311593284993e-02	-2.438397547460127435e-01	1.250088548910715247e-01	-3.386960016006292790e-02	-6.104607106164894326e-02	-1.897111223672425795e-01	-8.855019534442068463e-02	-2.764178794093982705e-01	-1.417617103298583203e-01	1.534732551037086556e-01	-3.391691003054701781e-02	-1.010957786619921944e-01	-1.445258817901409476e-01	-3.135381688484402407e-02	-2.478828835317867518e-01	-1.692386105393039464e-01	-2.739899013290104657e-01	-2.287964715209062777e-02	-3.059767945334184724e-01	1.326376764694721655e-01	-1.828719696383107607e-02	-8.839636145024963587e-02	1.379177714329596904e-01	-1.137933032473707334e-01	-5.991334947690919038e-02	-1.138830105023593692e-01	-1.731825783571616373e-01	-1.623057349778208869e-01	-2.915036033904137014e-01	-1.909324641292049207e-01	-1.913877307690594332e-01	2.568832893999327058e-02	1.690101908575390721e-01	-5.508411477222571739e-02	1.146346826753682213e-01
-1.103831043851972726e-01	3.009654692552858005e-03	-1.358547827129706342e-01	-1.525815646998489317e-01	-2.607750485031387622e-01	-2.055605556837406811e-01	-2.315308702555396447e-02	6.663899026416807148e-02	-1.298590802616857720e-01	-2.996733837284947660e-02	-5.295398486043153413e-02	-4.125633558095871678e-02	1.629237204504402521e-03	-1.640367648099844838e-02	9.272408045690608280e-02	1.108629236526279677e-01	2.319541113490065573e-02	1.682996786980933968e-01	8.655804606541714352e-02	1.396541934148778051e-02	2.817497607350693545e-01	3.508799190022826586e-01	4.576803620692237451e-01	6.111486377230767042e-01	3.562837342599830537e-01	3.406442305492278222e-01	3.060513756505027771e-01	5.343287145409120198e-01	-3.018410713362975825e-02	1.501510350768372679e-02	-4.119007902198947302e-01	-2.040770682596565189e-01	8.243072646445651075e-02	-9.493104096097679245e-02	-8.742251958737987105e-02	-1.166577123433651247e-01	1.068390443668805340e-01	8.235472899944153158e-02	5.489445891047003978e-02	2.897800797896924463e-01	4.498910631157668760e-01	4.281582030229503788e-01	5.002792630559704801e-01	1.564791098448874707e-01	5.112250756498846194e-01	4.077891808616351810e-01	3.816880832484103037e-01	2.271981344464593378e-01	2.566268088231408728e-01	5.173290288405608950e-02	-1.373214340184491719e-02	-1.408475185778368215e-02	-9.813209769239213814e-03	1.060937371622408254e-01	-6.724291763749447315e-02	-2.168714337809953333e-02	6.786500993908109458e-02	-1.375414462913820968e-01	-6.299247225154326613e-02	2.671876983423977781e-02	-2.468340972128754418e-01	2.089526818959906163e-01	8.051022739438223885e-02	1.268985346537221115e-01	1.227823331586121031e-01	5.831149287080956978e-03	-1.439094468390828552e-01	-5.981820639784898169e-02	-2.804566587985586890e-01	-6.985027383211425689e-03	-2.035419415124819775e-01	-1.842700142452517453e-01	-1.526566898896642155e-01	7.381335383465364650e-03	-4.178808265348831763e-01	-2.504618715853373923e-01	-2.072558660156501587e-01	-1.929372874108320202e-01	-4.653807088930473901e-01	-1.977899933391779330e-01	-5.905058178898273807e-02	-1.993970678276478226e-01	-1.602966443734511193e-01	-2.051038378243101035e-01	-1.922646181089042450e-01	-1.564802910535409777e-02	-3.451379952017417096e-01	-7.190864746038598543e-02	2.028645805116857659e-02	-1.862634825541148176e-01	1.098577855045535651e-01	1.173701732152910154e-01	2.213779095350494885e-01	7.268048043994421170e-02	2.767159200197280566e-01	-4.497928343414594465e-01	-4.092483002453650709e-01	-2.580926961489629079e-01	8.424361970088105334e-02	-3.082308352625168224e-01	-7.489650250757850722e-03	1.203681089515547253e-01	1.581382380779585567e-02	7.994011627955754928e-02	-4.183264310410580999e-02	-1.352711738510286033e-01	-1.615427876130086718e-02	-6.194110692153363684e-02	-4.928765651747352150e-02	9.967015208990985531e-02	-4.831815214600124891e-02	6.923116038715866616e-02	4.735183144024290337e-03	4.519048554388923611e-01	2.313686490536762674e-01	2.059930668003902010e-01	7.011791318615256952e-02	1.821414215110240542e-01	1.691251638210205799e-01	2.495468453378890672e-01	4.280295623866892107e-02	6.825963118839506460e-02	5.950026116690944333e-02	1.906108736469396270e-01	1.934927709895548076e-02	3.706263574034802666e-01	2.547015299784570197e-01	7.030465509929452184e-01	4.950150867881066286e-01	4.484195677081375675e-01	-1.896154201402412420e-01	-2.475787029775069759e-01	-2.255575968617826721e-01	-6.273163802429818081e-02	1.687474576667985851e-02	-1.126428883029153977e-01	1.961408506531489293e-01	-6.753784810662308291e-02	-2.106181942104073113e-01	2.398249871225157856e-02	3.055796185871588744e-01	5.887948140163297150e-01	3.447869910651308323e-01	2.785779607248041190e-01	4.438349713496883009e-01	1.000000000000000000e+00	5.611233194122509094e-01	7.674697153570481101e-02	-5.636431840170225138e-02	6.480920131063518941e-01	1.234175078027613948e-01	3.240054999139172498e-01	-1.669284336896216525e-01	-9.382044743391851349e-02	-1.418597935070024241e-01	4.672722457519593031e-02	-2.242296119973707577e-02	9.749584315224769926e-02	-3.294782699604071885e-01	-1.328931077284475903e-01	8.720671079928267455e-02	2.562283817382888240e-01	4.099720554578950571e-02	-1.617549034092470583e-01	-3.545436122857986705e-01	6.796697023985560915e-02	-3.211786528816032438e-01	3.371010056865160198e-01	-1.425902241277027804e-01	-2.028533207669093175e-01	-2.693913069436366103e-01	-3.417883293964656954e-01	-5.284687784397201771e-01	-1.120498637795097757e-01	3.073816887270833242e-01	-2.920330412861720237e-01	-5.075857316886465964e-02	-2.795980030998651000e-01	-6.303622844883882692e-02	-4.630381617291444152e-01	-2.845447606316138800e-01	-4.901695656069482987e-01	3.267026432608232528e-02	-5.534670368686582798e-01	-1.355093569837075296e-01	-3.889766914491230021e-01	-1.973303857475016687e-01	-1.357365170000140175e-01	-1.829759833263645552e-01	-2.878414043702632319e-01	-1.527158687234913825e-01	-1.724559461273262317e-01	-4.518496427141944355e-02	-5.446877677013708396e-01	-3.983986387204832558e-01	-1.589282602559347612e-01	-1.245073222050314954e-01	2.044362356573746209e-01	-2.616223192102365980e-01	-4.483525156520830335e-02
-1.292601108128222376e-01	-4.042476612179717044e-02	-1.283970384608370541e-01	-1.862459886099426809e-01	-1.784949897067044378e-01	-2.135575567192217472e-01	-6.921565520045351583e-02	2.919315999214716281e-02	-4.068914634121981178e-02	-1.173533402973514911e-01	-1.168117529172468666e-01	-2.129250432837880708e-02	1.545617521688430196e-01	5.761130539125036698e-02	1.466356024654539569e-01	2.405264089480113887e-01	8.114472540995740224e-02	3.131730917580126672e-01	8.221155733791907227e-02	9.558190205226294034e-02	5.763215138286497535e-02	3.687120810986698749e-01	2.022675434178024256e-01	1.948226018451696406e-01	2.603731389432440979e-01	3.110950997199494195e-01	1.303541233818049927e-01	4.372753079349666061e-01	-1.500051356986718543e-01	1.549515635468444175e-01	-2.524423151060212756e-01	-1.147294229755382589e-01	7.775014224782009209e-02	-3.949136289870645855e-02	7.808995763912385257e-02	3.178272881316542009e-02	1.161378879341984915e-01	1.953573563447594807e-01	2.100499002710181640e-01	3.121663462636877773e-01	1.965695027583566901e-01	3.802826537722005518e-01	3.068600278897645750e-01	1.685854595559529434e-01	5.914599796776860430e-01	3.993923532559565670e-01	3.082576685691746365e-01	2.228359852025885435e-01	1.192211775841297977e-01	6.063075572429620780e-02	-2.707043302130262563e-01	-1.921509453930151379e-01	5.971349761544990364e-02	1.488701097963973929e-01	-1.297559073403846408e-01	-6.633593859087234812e-02	2.799107053353072985e-02	-6.129219204412341554e-02	6.587851795538392230e-02	5.560534406236642205e-03	-8.143567151674606375e-02	1.181180232688461701e-01	1.234742934917449630e-01	5.719535000696920196e-02	8.404730222667425310e-02	1.548651844554377321e-01	-2.090291825838110906e-01	5.177967275785475693e-02	-2.132092997320568784e-01	-4.562104786647404320e-02	-2.151803098823427407e-01	-1.656621907927162407e-01	-3.973134241142226714e-02	-1.627169292727698169e-02	-3.192327216810854629e-01	-1.538124643655084112e-01	-3.502477312154058109e-01	-1.459626970470746521e-01	-3.462834477919422560e-01	-2.441984872377841453e-01	-1.648189802364928291e-01	-2.345981768496736286e-01	-2.189983668161329389e-01	-2.422367720844424421e-01	-2.834508467630503237e-01	-1.187630718956449172e-01	-3.014795418780616965e-01	-1.025615040250348192e-01	-5.761748463947884147e-02	-7.112247508120977946e-02	4.421218281621194096e-02	-2.312952462006742302e-02	4.135875544607105214e-02	-2.329606178045593237e-02	1.176868765269864781e-01	-3.423978073910345921e-01	-4.236475673944851694e-01	-2.352575119425955319e-01	3.111954684354190440e-02	-3.106806244494518809e-01	-1.500760416937164943e-01	1.109228349956699056e-01	-8.698070148578379568e-02	-1.892799404735376681e-02	-1.363743176825110703e-01	-1.788610662867597956e-01	2.491342051517410339e-02	-1.241590433694356038e-01	-9.482179029673316883e-02	-6.345710966199522018e-02	-8.818250994143859989e-02	8.946886550451974007e-02	6.505542985334693273e-02	2.196686210421451568e-01	2.271706363462550338e-01	8.559148256379815745e-02	-7.314546069537169320e-03	1.596821452848818657e-01	1.434504255348057478e-01	4.339623332180007620e-01	8.732295967295242156e-02	-2.028234895576805016e-02	-2.574913569617410386e-02	-3.732817221292610010e-02	4.774569944697495266e-02	1.186530534905270162e-01	2.572860293141429056e-01	3.464511817798600624e-01	1.205684787551759424e-01	1.552499684697879745e-01	-1.806360894890846613e-01	-1.579428716801457577e-01	-1.808168986265241418e-01	9.781778054792982739e-05	-2.054350759802545112e-02	-2.986824524746441948e-03	5.493660366682413115e-02	1.507060407696510750e-02	2.122256397889825050e-02	1.847642542824361467e-01	3.299690768882515002e-01	4.803662871549557178e-01	2.558590200519914037e-01	-9.470310494706294172e-03	2.653794005008761614e-01	5.611233194122509094e-01	1.000000000000000000e+00	1.763399314068736234e-01	-6.898067508718908059e-02	5.188902057111440813e-01	1.947169374071156533e-01	2.127154878808646399e-01	3.872269849625534222e-03	8.071618830039867243e-02	-2.263211698535967653e-02	1.956290448683042638e-01	-1.600363613444879818e-01	3.809442751455106857e-02	-3.151305481638990713e-01	-1.047595951606913323e-01	-3.892355059875676152e-03	1.877739542849655996e-01	-6.802239696818575265e-02	-2.394980866460356128e-01	-1.624728672147532638e-01	1.907299954535059683e-01	-3.530629295645464766e-02	3.497845225040683848e-01	-5.993997767334263010e-02	-8.891713780035026549e-02	-2.196505820952548427e-01	-1.660516073578413854e-01	-2.551116034340504268e-01	6.618037988901417923e-02	4.379366125831006817e-01	-7.032206307348666530e-02	-8.928827786972938496e-02	-2.551947669473011993e-01	7.490918785786285228e-02	-2.961534812108981840e-01	-2.771249428076690835e-01	-3.273727081603277633e-01	-1.750039405919885313e-02	-3.982466975666307252e-01	-1.073822407366819692e-01	-2.995246752964402792e-01	-1.333150394264380756e-01	-3.251848136026316838e-02	-2.141038474427882088e-01	-2.065984882388932076e-01	-1.868327253128276300e-01	-1.024499989843155601e-02	-2.817698198164122342e-02	-4.072554349419477693e-01	-3.006218450669637665e-01	-1.848216057990455241e-01	-1.310523548826998952e-01	2.629349058399601535e-01	-1.985282453610086317e-01	-3.754485750058667720e-02
-6.071947265406005961e-02	-1.120067171682422591e-01	-1.547230041243972953e-01	-2.358586725181265609e-01	-1.559854591332497098e-01	-2.572428216902391540e-01	3.096033851132004057e-03	-7.137627516678086981e-02	5.915861430645848185e-02	-8.269905035064308019e-02	-9.882881616369931788e-02	-1.349572869057739100e-01	2.513664554001645013e-01	7.778180766535310042e-02	1.486582332629475360e-02	1.920853665838002100e-01	1.196942438137668652e-01	3.182323898063671996e-01	2.117948976030830655e-01	-8.412762763933727753e-03	-4.473156161531589847e-02	3.895012851169418755e-02	2.058795207111061287e-01	-4.894628464886712632e-02	1.777686653558324670e-01	2.117553011719712219e-01	-4.906814336821960221e-02	3.732259829809159851e-02	-1.854922196790550482e-01	6.556209079124890315e-02	6.681856774170348567e-02	-2.026941599434627928e-01	-3.057401075188194706e-01	-7.686150032139200949e-02	2.220291911301401910e-01	2.687240431479278602e-01	2.399972796372693840e-01	7.605010219913022063e-02	-1.237364795879820067e-01	1.588714007123445404e-01	2.268940841820624860e-02	2.777357031027962164e-01	3.639378481569037482e-02	2.550188869634469335e-01	1.789375051561926944e-01	3.467628016506538180e-02	1.526288751204757377e-01	1.315152368725269472e-01	-3.062157741635511757e-02	9.261289463794791788e-02	-3.501175254086807964e-02	1.578559185768554363e-01	5.265212833773750406e-02	-8.321616313715674311e-04	-1.317874369716014182e-01	1.563938291925066892e-01	-8.050853112792501209e-03	-2.089357329978038247e-01	1.281935042973648964e-01	-7.543328376335944885e-02	-1.173368807728197433e-01	-1.317234441448023735e-02	-1.160199512269607380e-01	-7.806585013787360749e-02	1.081691076549600172e-01	-5.753589355614290024e-02	-9.616376114767729438e-03	3.471418511937544166e-02	2.404256658996646590e-02	2.774930513787214614e-02	5.574134158309262954e-02	-5.835357318811800614e-02	-8.197290443132922155e-02	-6.486822144945530999e-02	5.356536660137601116e-03	1.445956081479771727e-01	1.700525137657776797e-01	3.152698338279114609e-01	1.399855971649732744e-01	8.618488397189635886e-02	1.628879798225118802e-01	1.589390161124581424e-01	1.671879638819200042e-01	6.156836675197952663e-02	1.645545091673011329e-01	1.439598809095470333e-01	2.293064327321484297e-01	2.150206583208753575e-01	9.191190431998383370e-02	2.138466889783683864e-02	1.280983424875459797e-01	1.383163200561515205e-01	-4.017552547112027139e-02	1.628703241509702193e-01	1.168697732140467627e-01	6.786351394391709757e-02	-2.251479412473255531e-02	-1.554592328955739233e-01	2.552953436609580948e-02	1.432711095305416737e-01	-6.852357804263446706e-02	-1.021268829861302213e-01	-2.043409779987915009e-01	-2.787184416420633859e-01	-2.187125917662759156e-01	-1.912925892111719262e-01	3.522105994123447131e-02	-1.014819003420432825e-01	-2.526179675127655441e-02	-1.365561420332514764e-01	-4.925101048677248822e-02	-1.041923469394680918e-01	1.585561738933593257e-01	-1.318199973412366166e-01	3.005400373895391608e-01	1.560913824867626309e-01	4.673258066960089135e-02	3.237808116972376582e-02	9.369674515361890721e-02	1.724828617662875208e-01	-9.199556139737966043e-02	5.415837125446249650e-02	2.893292425585616140e-02	-2.562300254782413911e-02	2.519844983977398076e-02	1.479721248952254598e-01	3.722674245722347175e-01	1.863562099411134737e-02	-9.140436046981006979e-02	-6.159469902528925955e-02	-2.574543541869419791e-02	8.136072712514878791e-02	-1.810725929505245524e-01	-2.496114019533476613e-01	-1.238000046710830832e-01	-2.367794142539563773e-01	5.616864183705503472e-02	1.706686154460060334e-01	7.942166935930947136e-02	-9.148541522729529418e-02	-4.558430189026389800e-02	1.567296622163300568e-01	-1.679066258797702327e-01	-4.205186151106636572e-02	4.537177962698702577e-02	7.674697153570481101e-02	1.763399314068736234e-01	1.000000000000000000e+00	6.884586511266793663e-02	1.985251867222989977e-02	1.023033756678704831e-01	-4.944792262668152444e-02	8.773976928395275932e-02	1.619257028997573011e-01	-1.816502142147911059e-01	2.692553805583176516e-02	4.795243710163340362e-02	1.704794012453614005e-01	7.755737215158338416e-02	1.133105194494766765e-01	1.773183246678234140e-02	1.291542904894185939e-01	-4.278812910033495676e-02	-2.719610550161336363e-02	-1.429523935395878298e-01	-1.440669338558460237e-02	-8.290844824121851309e-02	-1.716185997221232953e-02	-1.373479489313985946e-01	-1.384637019656739104e-03	1.272652707051168675e-01	-5.508587191554331110e-03	4.856243048667326784e-02	-2.441413748559134191e-04	2.837849918911437147e-02	-1.518617089898676165e-01	-1.062777442415396290e-01	-1.181425141135014900e-01	1.006029076626348551e-01	-1.147046140857993224e-01	4.549922272054182648e-02	4.271817295364924855e-02	8.584811385805841619e-03	1.762144814625191125e-01	1.931052325455743235e-01	5.566773535376665083e-02	9.701204547516538435e-02	1.543964291397122990e-01	1.142974909057309224e-01	1.640984339416592941e-01	2.418184694907058452e-01	5.331999117920215719e-02	2.455561517157443252e-01	2.563579023927585812e-02	-3.383946659051480232e-02	-1.232529053127041363e-01	2.561606629994453987e-01	2.547463298348626171e-01	2.521510469816693467e-01	1.524731130609443541e-01
1.606735137042712702e-01	-4.224707113087328714e-01	1.215769396131644586e-01	5.961948289585827787e-02	-4.011391360741144163e-02	1.140453820723025674e-01	3.244514682897520208e-01	1.913853949361227214e-01	2.133405958437632755e-01	2.066011205463286482e-01	2.022011378713477192e-01	1.368312150630997814e-01	1.770318571648118663e-02	-9.875090737828162712e-02	-3.601997476401588849e-02	-3.713295374428409595e-02	1.739058525044399062e-01	2.792318332821065383e-02	-2.907836910723801682e-02	2.500409177855831763e-02	-1.529097555350523996e-01	-1.150546858956788959e-01	8.698030827503257581e-03	-8.289280002884383269e-02	1.468077400336066478e-02	-2.333143921989315472e-01	-1.606224233355446895e-01	-1.077061618380316943e-01	-4.198443177704126034e-02	-4.208393513597732949e-02	-2.356266728294771073e-01	8.290745913721755955e-02	5.378635463947772921e-02	6.726871646884476086e-02	-2.235012437168322139e-02	-1.213636299176349548e-02	2.066532994249128397e-01	1.311297156188984958e-01	-4.405500482687245423e-02	-5.089478286012534547e-02	-3.829483722410394197e-02	7.727016998693520856e-03	-1.304665895987846547e-01	3.443254287279465253e-01	-1.388857891224352381e-01	-1.686067850157286496e-01	1.927755590427410459e-01	-2.004750476333228837e-01	-1.511709562613771096e-01	-1.166522698740015268e-01	-7.084548233689395846e-02	-1.329344621748746180e-01	-4.313101270767644158e-03	-2.537665911977560196e-01	-8.821219264834397056e-02	2.275378246960406414e-01	-2.593897196425828389e-01	-2.712102155858533634e-02	1.006951494873005587e-01	8.454410541799840806e-02	-4.616657596591392659e-02	1.693374223836521461e-02	8.144822455392575211e-02	-2.925692746578586328e-02	-1.519446476741604379e-01	1.459370659029915196e-01	-2.364150385196199244e-01	6.859096202704215162e-02	-1.957190745635899176e-01	-6.730728670538747849e-02	-6.949905467579031715e-02	1.517803778023074923e-01	1.854679693974926602e-01	-2.281526046380730199e-01	-9.839139723616698030e-02	-5.934119476426641393e-02	-1.124111709162916271e-02	-1.398942673316863894e-01	6.894592736244162245e-02	-8.388253495559105932e-02	-1.391600195011077068e-01	-2.377183581652245470e-01	-7.948342862276167042e-02	-2.800212451021732996e-01	-5.477095714853139757e-03	-2.267662319796674708e-01	2.401475553604424940e-02	-2.179668114885747743e-01	-2.705026428400664207e-01	-1.966834154676581348e-01	-2.908768795547728159e-01	-3.125631548865637210e-01	-9.021326821918479455e-02	-1.888575760516973401e-01	-1.290821652488199356e-01	-1.764604331342149723e-01	1.522266092739416044e-01	2.331317553691987163e-02	-1.998002554508086503e-01	-1.174898489266703178e-01	1.665962483620847256e-01	-8.442631657879370866e-02	1.594664982646422369e-01	-7.360434466527010500e-02	-2.138970363666543514e-02	1.162644119927347813e-01	2.443715040966680865e-02	2.082938437743614146e-01	1.614939648667502725e-01	2.087360149435210366e-01	1.815588750094782322e-01	1.575046967277639320e-01	-9.913005635318006270e-02	4.029887014577342857e-02	8.435052325641684279e-02	1.238925526423223684e-02	4.731059925860762322e-02	-6.075707870342265948e-02	2.428840895139616485e-01	4.692333611328382281e-02	1.019579308221971181e-01	-4.930424262631139670e-02	1.567707230458455919e-02	-7.554795922758188176e-02	7.873235685671763420e-03	-7.040804878028478209e-02	8.611536877522411870e-02	-1.899468323568219985e-01	-1.248621551987252054e-01	-1.479458285834650555e-01	1.272112485940822268e-01	9.330938750756449795e-02	8.628594125583742558e-02	2.015839491596387589e-01	1.176676286382907083e-02	1.165519042527524141e-01	-1.256573964020004930e-01	-5.191752774254883990e-02	1.926172913316148982e-01	1.734606716145503380e-01	2.680259036331055639e-02	-2.561180472974868352e-02	-1.759614492250882040e-02	-1.207831713824062403e-01	-1.642285214799517890e-01	-5.636431840170225138e-02	-6.898067508718908059e-02	6.884586511266793663e-02	1.000000000000000000e+00	-6.058219452108097591e-02	1.720667339706523358e-01	7.208119940206751675e-02	4.391117463430270484e-02	6.151876485666838909e-03	-1.688891937936108090e-01	8.736194845710887683e-03	-5.155539211908650998e-02	-8.707355957997540974e-02	9.850872442286998792e-03	1.126185964236763315e-01	-1.991361790127278708e-02	2.573474589986824920e-02	-1.213351478091322794e-01	8.818950757157187348e-02	1.044836981853841107e-01	7.262622957263829837e-02	5.154359267033066516e-03	-2.038760156357316208e-02	-5.430606710798439180e-02	-5.423525503024548278e-02	6.661747980876489561e-02	-3.867514553455035642e-02	7.073274678827777551e-02	2.242333421092535251e-01	-1.006643363364193855e-01	-2.525230989145263796e-02	-7.870827397015750515e-02	2.066212564974553578e-01	-1.796911261932830073e-01	6.259439745176791081e-02	2.785386021211173069e-01	1.660044014853496730e-01	1.401942408325770606e-01	7.945091108926441437e-02	6.661299327729341968e-02	4.779376121990207976e-02	-1.533504682633950872e-02	-1.320389301883972966e-01	-1.551520731761973394e-02	-5.598895376334005886e-02	8.156509061677042968e-03	-1.141462404250870311e-01	-8.013497382016940285e-03	1.895303572317779406e-01	1.247918856753210265e-01	1.851554704527022532e-02	1.804592486284922193e-01	-1.291039483319291470e-01	-3.012346036277442976e-02	4.472849731917115379e-02
-5.829206258719096811e-02	-4.715601167571408653e-02	-1.962280189923582274e-01	-9.469182497179366720e-03	-7.167653966250114861e-02	8.038218302701087559e-02	2.683684196359443705e-02	2.983733461700636275e-02	-1.642505921952324421e-01	-2.479019025994026390e-02	6.407790998770664104e-02	8.578631635415680246e-02	6.321787188338254260e-02	1.266354489665509273e-02	3.385822941203086439e-02	1.689247531624164245e-01	-7.951221385667413266e-02	1.832352590567477291e-01	4.720672763089399371e-03	5.147786744477417936e-02	2.679819743444399882e-01	2.573175902289361328e-01	2.457768377231308865e-01	3.751157946776261798e-01	1.621235634289151240e-01	1.860420702321786135e-01	1.794289816983205832e-01	5.328629035476259990e-01	3.118607222315157926e-02	7.632184707922165523e-03	-3.910022690659865074e-01	-2.943912288384532838e-02	2.669408557976441498e-01	1.048312927138457112e-01	-1.134708027750649106e-01	-5.089762387252994708e-02	1.563871137587382054e-01	8.451901519104373581e-03	1.779228084966891776e-01	1.571793666469776252e-01	3.315855171605028295e-01	3.018749719433446166e-01	3.378836162767787088e-01	8.502085900311469324e-02	4.331969831562124118e-01	5.445115106418634277e-01	2.830521183176846201e-01	6.633226633172481512e-02	2.117148642583512319e-01	1.678817771029275652e-02	-1.115015431487759168e-01	-3.941089312838499947e-02	-1.057679527110851198e-01	-5.835118746351412172e-02	-3.380335629798822406e-01	-2.050643916752543233e-02	-7.340237282787145934e-02	-5.081525526480233645e-02	1.892979904357606005e-02	2.355608445998940981e-01	-1.285714308257889238e-01	4.526180449243946691e-02	5.694413836230946546e-02	1.833119677683071602e-01	4.196582249513531454e-02	-3.803582805843449405e-02	-2.380843044181648882e-01	-1.083029230286228772e-01	-2.130441697388084921e-01	-1.456749343183280088e-01	-1.968005924590553180e-01	-1.207658775248509897e-01	-1.270067004720958070e-01	-9.079392433082353331e-02	-4.252860457002645145e-01	-3.428599334904436913e-01	-3.717330837787916620e-01	-3.041023943048645206e-01	-4.395000759572199045e-01	-2.429785060621157955e-01	-3.028141260650485389e-01	-2.504092417353167566e-01	-2.211304908092286969e-01	-2.533958009235932063e-01	-1.995691876167888790e-01	-2.158130107672976139e-01	-3.276694318691655838e-01	-2.008687631764884407e-01	-8.893479158019032549e-02	-1.554530857694843005e-01	6.456196518073473167e-02	-3.975741177049199604e-02	1.720235622294325958e-02	-9.508383365528645659e-02	9.866144782104072086e-02	-5.466741857690949891e-01	-3.958348120189278951e-01	-2.383441435196186620e-01	4.979774736715422701e-02	-3.611285486186306959e-01	-3.587694482563109216e-02	1.211358413110509430e-01	4.799756502294290871e-03	9.557937588393757011e-02	1.031980156546658950e-01	-1.297635672166548744e-02	-5.088016066249442110e-02	-1.038063194819911078e-01	3.955907961583935567e-03	6.785645462548749174e-03	7.873298387548540930e-03	2.539076735169208399e-01	-3.642183022216313737e-02	5.272843351617593211e-01	1.903508239104490796e-01	2.193158890010957485e-01	4.739556490920797394e-02	3.003625938136307849e-01	1.483614494517379867e-01	3.962538683091225700e-01	1.762454136625970710e-02	1.955689956780814337e-02	8.982518493865679354e-02	5.116348944275128652e-02	6.803681589897817017e-02	2.369625802174436247e-01	1.088845998088837225e-01	4.532391442831055217e-01	3.113184661939076836e-01	2.602637624025920249e-01	-1.131725127151402416e-01	-6.969952606752215230e-02	-4.507166672095066356e-02	9.998616889593019141e-02	1.271498429807761121e-01	5.883897325328395211e-02	2.654373115906306230e-02	-7.778707527770850616e-02	-1.080291147910242416e-01	1.520664797993943052e-01	5.479443989003133231e-01	4.048279485018009272e-01	6.135882514931770837e-01	6.136178924602361112e-02	2.579731802752078806e-01	6.480920131063518941e-01	5.188902057111440813e-01	1.985251867222989977e-02	-6.058219452108097591e-02	1.000000000000000000e+00	2.430371178420168143e-01	2.021763254210379723e-01	-7.853862541942861764e-02	2.696069083773029382e-02	-4.838121758522534455e-02	1.202622752323639910e-01	-7.980238983053360158e-02	2.697180031480451642e-02	-3.608470742824302357e-01	-1.318755236612147996e-01	-2.159888645249990191e-01	1.228797327656888511e-01	-1.514593530248090902e-01	-7.963251708967268583e-02	-1.672482260938193133e-01	1.325289089869687020e-01	-8.405148983813133523e-02	4.218229150427815211e-01	8.902477879999910748e-02	-1.740191570004274157e-01	-4.257942996140025582e-01	-2.384284485166168754e-01	-4.117577938565128437e-01	-8.871619533751953085e-03	2.365515987412512011e-01	-1.089464347848273507e-01	-5.751138274970693824e-04	-1.826616318444422848e-01	5.885083849178952831e-02	-3.259938573335088297e-01	-2.081752050212883065e-01	-3.565705434004166619e-01	-7.261155401090656214e-02	-4.323481449845630875e-01	-2.218703261776840407e-01	-4.206109237685484725e-01	-1.354699725384067577e-01	-1.886466432614921362e-01	-1.608273215276256329e-01	-2.684194426118345356e-01	-2.523119749634580300e-01	-5.346594719528774409e-02	5.724753184088298384e-03	-4.123726403741835300e-01	-2.885140999558923336e-01	-1.350126711084422004e-01	-2.890141649284135306e-01	9.962686819304665542e-02	-1.677125804507043905e-01	2.743543538169142260e-02
1.918321266960331950e-01	-4.738765531355929039e-01	1.749527980997745424e-01	-8.062309018388871817e-02	1.714794781076024385e-02	1.807682312973035998e-01	3.172544204047814675e-01	3.080605839594554030e-01	2.345319466938423913e-01	2.986395975564243299e-01	3.619387891092062381e-01	3.164661404571612602e-01	-1.422352365785472528e-01	-1.375656408293865485e-01	-1.440337111981219165e-01	-1.240052164355041897e-01	-1.853935098771118672e-01	2.612216214689991878e-01	-3.274639470885486459e-01	-2.379196512703169730e-01	1.272424903166917143e-01	-5.450129985136926980e-02	-8.837651493821284399e-02	-1.592796614987232739e-01	2.147898453954263098e-01	-4.392258588574107087e-02	-1.277091174733206713e-01	-1.767400161414508022e-02	-8.842236627780730718e-02	5.707745482662903574e-02	-3.534131555157689064e-01	1.849487468895732178e-01	2.939127154064721803e-01	2.189117216724044135e-01	6.217153940323798950e-02	5.029703428610564353e-02	3.166652042128395572e-01	1.147712321097186239e-01	3.340689154985931886e-01	3.099721651033536807e-01	2.655318750219182178e-01	8.670244975805262155e-02	1.981823313532281583e-01	2.141396108408535892e-01	4.228310480764680551e-02	1.653716319748563812e-01	6.349813724330071185e-01	1.613619181398996960e-01	2.431500815832397799e-01	2.090604401098979936e-01	-1.876638919058373212e-01	-8.025995216544171140e-02	-1.395561511560552970e-01	-1.402046309722917439e-01	-1.653561018952805217e-01	9.162908391343002612e-02	-2.150016239528066420e-01	7.117351114685720181e-02	2.496854489475058281e-01	3.265221525902097244e-01	5.187326941190263663e-02	2.030197223776004645e-01	2.752297700124950453e-01	1.244489225281736611e-01	1.378311863916278635e-01	2.068771695125869448e-01	-4.309682690939581895e-01	3.938645234026779129e-01	-1.476517870949793365e-01	-1.677851872177985038e-01	7.628351126397506189e-04	3.025706552891640477e-01	3.357904365390780854e-01	-6.753577643644344611e-03	-1.610639626942895475e-01	-4.037594477457419617e-01	-3.214030024000890107e-01	-1.058656686545388081e-01	-5.923264229870885481e-03	-2.042178442477734224e-01	-2.333628728670400498e-01	-1.178516554790356857e-01	-5.202879480120031937e-03	-2.331989919586639759e-01	-2.159857280612805241e-01	-2.130544750086325323e-01	1.141749542263423567e-01	-1.455703275435233923e-01	-1.600330651196855969e-01	9.539070098014024168e-02	-4.589124879901415599e-02	5.556489152284561223e-03	-8.705784495109405996e-02	-4.073448534096991286e-02	6.872350130940012292e-02	-3.058347891253763717e-01	-4.374385724485402999e-02	-5.083309581304958080e-02	-7.437004486833384900e-03	-2.055089559640390362e-01	1.723798008341422272e-01	-7.846927087952675073e-02	-7.436481450068424537e-02	-2.161076924757664719e-01	3.728833755576321102e-02	1.484586336288872543e-01	1.584628858843366295e-01	3.208345067061173922e-02	3.032793273960103786e-01	1.917573027692451304e-01	2.378648800288039600e-01	3.229519656440592579e-01	-1.907126089411722292e-01	1.251916530552361073e-01	-1.878960345625841910e-01	-1.452112781593849766e-01	-8.130557353971210044e-02	-1.004918507666781036e-01	4.586344313233088610e-02	3.020284142946852990e-01	-9.494635122594900778e-02	-3.486266847024532267e-01	-2.551623859607885514e-01	-2.010636736018915072e-01	-1.849783692555474202e-01	2.010107333720647857e-02	-1.468832727548800565e-01	-1.648803863369134592e-01	-1.808901181106181699e-02	-1.063893082357848657e-01	1.587852191673933336e-02	1.409304521223257445e-01	1.691587808162005047e-01	2.117489166880884843e-01	2.057285163274004680e-01	2.306544203350996969e-01	-7.352796729955854427e-02	4.189907613285477617e-03	2.219509069793984823e-01	2.274267550030319995e-01	4.614343857920009118e-01	2.647462248419353292e-01	1.693077187279590501e-01	3.428152371709979745e-02	-2.509031826503959617e-01	1.234175078027613948e-01	1.947169374071156533e-01	1.023033756678704831e-01	1.720667339706523358e-01	2.430371178420168421e-01	1.000000000000000000e+00	2.265292842716639110e-01	5.328109424751693857e-02	3.030213408603367742e-01	7.516069316064417916e-02	1.129912207923775280e-01	-1.895831411188713123e-01	1.337923596507694379e-01	-2.841672156881713818e-01	-1.498534153383943024e-01	-1.302192884245612081e-01	-7.912728017071135600e-02	-2.123821870699958425e-01	6.926253466330584141e-02	2.776212233018100772e-02	3.932523809965275952e-01	2.716251003812498732e-01	3.953767622902878420e-01	5.417584679820278831e-02	-3.003147987163037359e-03	-2.583039789498426386e-01	-3.378838631077049626e-01	-1.131618755302492424e-01	4.144971848952958560e-01	2.840848777968881245e-01	-2.040975646149800760e-01	-1.284049592609814161e-01	-1.774560194487631026e-01	2.707816626585158801e-02	-3.737424763711312825e-01	1.509867339646641660e-01	-2.556609675026615472e-02	1.111625263649750617e-01	-3.777449394438597147e-02	-2.117654293514801001e-01	-3.217140202749491085e-01	1.596484661053542429e-03	-3.279751242191515648e-02	-2.393190060840155176e-01	-1.449206209771577991e-01	-8.007577007643694456e-02	-6.773954042044605384e-02	2.274398443376120516e-01	-2.276009989913478637e-01	-1.002316075002924883e-01	5.427171127693843078e-02	-1.177139159246642641e-01	1.282723427289512441e-01	-8.644323140933506122e-02	1.666253796871076387e-01
-3.668521203783393220e-02	-8.167454836519713601e-02	-9.315320041179503407e-02	3.211619937192357332e-02	7.330834785977845269e-02	1.254724909432086977e-01	6.505467541212385518e-02	5.622509610732034230e-02	-1.838668886871584751e-02	3.073340854268458155e-02	5.898169587220949799e-03	1.654847205093755436e-02	-4.898659371022338893e-02	-2.411729872713437861e-01	-1.571924708553407435e-01	-2.505171318353739407e-01	-1.799410332607739860e-02	-1.444285744292546358e-01	-3.337046650873866649e-01	-1.198483493018968199e-01	1.992452129451587339e-01	2.023623567734348094e-01	-1.295372514322609969e-01	-6.902396995395122803e-02	4.627808772621185701e-02	-1.681386001193111435e-01	-1.095997253972678526e-01	8.240585822125663651e-02	1.839464919600350967e-01	1.233443766080993265e-01	-3.942619066530813066e-01	1.721124428626205349e-01	1.913483826477040961e-01	7.264524856105206152e-02	-1.060557661426537873e-01	-1.597284095570002949e-01	1.341574602173066788e-01	2.232813832002928170e-02	1.261585439338149262e-01	1.707302802550397236e-01	3.119741531685843450e-01	-7.064929895802150861e-02	2.834659563619746914e-01	-1.094724585570132080e-01	5.224797139198979201e-02	-5.464823709268260173e-03	1.587935287148085350e-01	1.337728335374713251e-01	2.189684296482369008e-01	-8.367561355129882195e-02	2.363799205531294245e-01	-1.583857214268680480e-01	-8.350878044277589007e-02	-1.962246385635604828e-01	-1.595694000712787330e-01	-5.858932537824097092e-02	-1.290666774230600222e-01	1.662563334077561128e-01	2.042058850302551076e-01	2.334332231485530262e-01	-3.943014794764670289e-02	4.555542516898621330e-01	2.285210969215183963e-01	2.980839360283443762e-01	-5.323139854233946422e-02	2.456809303859004978e-01	-2.222193858902849276e-02	1.167241654870781881e-01	-2.408948854330126843e-01	2.003696721320834262e-01	9.491306249692886554e-02	-8.896724887393558934e-02	-1.566290922305666744e-01	-6.121169382784814178e-02	-1.848052148875787282e-01	-1.633433948863724228e-01	-3.668235486504217158e-01	-2.297208682464049190e-01	-2.733356754030665248e-01	5.103628623772973882e-02	-1.174614136512664164e-01	-1.194500333515545604e-01	9.763282726804368983e-02	-1.064556044582600225e-01	-5.797215547412346709e-02	-2.212122283937000278e-01	-3.021524363302391381e-01	-5.745476016976567429e-02	-1.442398883577534208e-01	-1.009723468796980966e-01	-9.603223172600772184e-02	-3.895631254656961584e-02	2.268015922073358392e-01	-5.792715811786312147e-02	1.486395949133454686e-01	-3.200620154227029057e-01	-1.568719869770481279e-01	1.021658297472095023e-01	-1.564622395516346576e-01	-2.632138200226094571e-01	-1.147012231871211672e-02	-1.634157493061268174e-02	-1.678071111988278241e-01	2.181005816986461565e-02	1.559578876366898570e-01	-4.728125895741956686e-02	-3.986115465105229128e-02	-9.415138728184582750e-02	1.806269724870371643e-02	1.243970704536533495e-01	3.456586557404995198e-03	4.702883938736618363e-02	-1.969895730630287778e-01	1.015006596351710061e-01	-2.944242060985775844e-02	-2.252327640983100843e-01	-1.191362132260482959e-01	-1.197643187197661857e-01	5.063901845602053475e-02	1.654016718078369641e-01	1.601549216854698116e-02	-3.277936920528914388e-01	-1.456142814214333170e-01	1.846730138554408818e-01	-5.983986091187684653e-02	-8.397433111322790550e-03	-5.299534856864890342e-02	1.635729025387740176e-02	2.348143366582932864e-02	-1.206319704636619888e-01	2.565772586250622544e-01	-1.827390652915394931e-01	1.519307034593763150e-01	9.683081787102508498e-02	2.980028270755378794e-01	2.649992773273525670e-01	-5.430149008553190881e-02	1.429377699620293027e-02	-1.253464512854903790e-01	1.344661389567316026e-02	3.805307422150937535e-01	1.105819333018058931e-01	2.592575361304916282e-01	2.607570571030550788e-01	1.501260925581480166e-01	3.240054999139172498e-01	2.127154878808646399e-01	-4.944792262668152444e-02	7.208119940206751675e-02	2.021763254210379723e-01	2.265292842716639110e-01	1.000000000000000000e+00	3.098464994473119627e-01	2.084658769114737242e-01	2.509198864042428978e-01	2.281163175906560370e-01	-2.495436253477570365e-02	1.501760397244023548e-01	-1.112996137468678093e-01	5.809432369478396974e-02	-1.809144915775652909e-02	-1.447277548983657569e-01	-1.129147357298836835e-03	-8.038223555616737237e-02	2.494532697798173826e-01	2.925215366930740690e-01	4.340124957264674538e-02	5.373443035062948070e-01	2.858811896431865951e-01	3.073717983526532138e-01	-3.006195173655262232e-01	9.296177155479937171e-02	-3.630701453764510755e-02	3.766187241339950531e-01	3.259974713431312288e-01	1.521780672718607563e-01	3.616214523563062166e-01	3.410152921234642642e-01	-1.239415430671915452e-01	-1.601065352662063568e-01	-1.671503275833571278e-01	-2.853074447010306436e-01	-3.199042253772150374e-02	-2.880537089971508813e-01	-1.270045566197908482e-01	-2.549127037274741547e-01	2.469468881346899986e-02	5.586242108365907511e-02	2.242990209110168331e-02	-3.589420380879127515e-01	-6.432291927201522208e-02	2.106880437768190450e-01	3.506365462876746830e-02	-2.485939157300730284e-01	-2.251198194902637173e-01	1.085763102399739388e-02	-1.692858816436682845e-01	-2.177635362610809699e-01	-2.564605119298950520e-01	-2.834648116025647591e-01
-1.164961050724848401e-01	-1.654616302279071083e-01	-2.299097709654193133e-01	-1.767969307208381857e-01	-2.626841148788471303e-01	-9.850197005481838020e-02	-1.681632138916552277e-01	-1.602371946045717810e-01	-2.054118738782504117e-01	-3.046511546163508388e-01	-1.725317002710217706e-01	-2.762529256904776020e-01	-3.914820814534850785e-02	1.560595950485437616e-02	-1.133511262623555504e-01	-1.506245242102726423e-01	-2.380524387898970418e-01	3.639838444447597381e-04	-2.622229286236142931e-01	-1.779402080504178529e-01	3.743288081047522337e-02	-1.046121894007367298e-01	-2.112033036506236472e-01	-4.008227615943109057e-01	6.192806643733380495e-02	-5.307429321241665526e-02	-4.192933251767925751e-01	-2.477190903102282626e-01	-2.806260030849144216e-01	-2.272575509031930785e-01	-8.057876445383740927e-02	-1.714965485267943013e-01	-1.977180576690758251e-01	-6.494218484410559100e-02	-3.547939778476667198e-03	1.392947101563553891e-01	-2.789569484771313793e-02	-3.178496280465258339e-01	5.352814021739808747e-02	-1.313951863891702210e-01	-1.567812316441076215e-01	-5.892280841220538107e-02	-2.415420622624475933e-01	-3.867185942909819735e-02	1.929991468641787181e-02	-2.820420730976438365e-03	-1.215475526619552438e-01	2.771045705229436273e-01	2.506618345539323722e-01	1.653435515419076351e-01	6.981736455291170929e-02	1.852674119018712373e-01	-1.527062170620205328e-01	-2.743402176029859918e-01	-1.533153692786492495e-01	-1.611981277687307701e-02	-1.469485888719470335e-01	-1.178385779462658850e-01	-2.980820478925270967e-02	-9.703147509853109198e-02	1.625733101029397734e-02	2.767385377272503222e-01	-8.216991208124659052e-02	-2.206682747195110039e-02	9.734393009586216061e-02	1.086943534899005304e-01	1.391359337440652988e-01	1.191727308648490580e-01	3.198808327736806234e-01	2.106886865320400370e-01	5.088688542717964003e-01	-1.300784203962797037e-01	-1.891717882145407259e-01	6.944022068712056572e-02	3.934178083816745608e-01	5.501395282507749729e-02	-1.548161576319238494e-02	1.123373527043027981e-01	1.252048833164817188e-01	2.933692688349854860e-01	1.847959061694993688e-01	2.396354702267551318e-01	2.781901029908480094e-01	2.207999975227039335e-01	2.653070202404770317e-01	1.385061012014435489e-01	3.089061027652026392e-01	3.638230695580884078e-01	1.973541353468935833e-01	3.101128233826261904e-01	1.837186917051136514e-01	2.471623187882467654e-01	1.131528589008316682e-01	2.042633007200784223e-01	7.836070318736330920e-02	-5.993948223736136199e-03	6.047880915038063299e-02	-4.812379135936942220e-02	8.396774004607235331e-02	2.770616920595371235e-01	-1.885455538304016132e-01	-2.441278668026627685e-01	-4.018803808075382955e-01	-1.951848859718664786e-01	-1.132211836244579328e-01	-2.762400666712304664e-01	-2.882615545709720783e-01	-3.783216253749911995e-01	-2.836014866938412204e-01	-3.074005762407356901e-01	-3.335460405191604250e-01	-2.735097792200810729e-01	7.340713849194052329e-03	-3.500560035180360630e-01	-1.060429423088949802e-01	-1.722048236544063415e-01	-1.351801784236930370e-01	-2.284328441565967316e-01	-2.392839867764323392e-01	-6.928504476850654015e-02	-1.591074065159276407e-01	-3.459453539771906727e-01	-2.102614376763455029e-01	9.000320014097913657e-02	-3.646716895312924339e-02	-2.213636195346356805e-01	-4.937159411552696775e-02	-3.191816703171418412e-01	-3.854625454766458237e-01	-4.434807326475663225e-01	3.410510591504083838e-02	-1.052262086401475200e-01	-1.128294274859362040e-01	-1.894992631900981328e-01	-1.078680286962759582e-01	-1.669507739507016530e-01	-2.992773661700232624e-01	9.074054605708101531e-03	-1.088604898122324388e-01	-2.034772506137489390e-01	9.301654258862718239e-02	-2.509816235777652671e-01	5.856729995461052579e-02	1.053788911788859917e-01	-2.767285211294073441e-02	-1.669284336896216525e-01	3.872269849625534655e-03	8.773976928395277319e-02	4.391117463430270484e-02	-7.853862541942861764e-02	5.328109424751693857e-02	3.098464994473119627e-01	1.000000000000000000e+00	5.282861276173068665e-01	4.420816458199601784e-01	5.455479607993506397e-01	3.066462624839477735e-01	3.783448962404629135e-01	3.165883943146648449e-01	5.254031421174293337e-01	4.755062886237429454e-02	-1.680527032481939353e-01	-8.093619429532938891e-02	-1.905546613717179483e-01	2.781734576611901155e-01	-1.656440478516372494e-01	2.419684121831707502e-01	5.460205373987424282e-02	3.242080044019601259e-01	2.924988922343473852e-01	2.075977044971676067e-01	3.884433044477393904e-01	5.885298003419368040e-01	3.225356863018720155e-01	2.177073708640496486e-01	5.844855353315385749e-01	3.885557774650109653e-01	6.889356096807809360e-01	5.172406275645379248e-01	4.087035857919066317e-01	-3.989145946726860986e-02	1.627508351036043022e-01	2.315800648375320736e-01	3.259933246593376688e-01	4.621997712237777556e-01	1.328488664496470517e-01	4.613528541032919650e-01	1.599593947188887588e-01	5.531899093681688084e-01	2.827607131493349302e-01	3.191556534806034295e-01	5.829425674002360891e-01	3.693301302256000174e-01	1.814846325345329525e-01	-1.778210037714821057e-01	-2.030531612739909786e-01	2.500390480731687903e-01	2.146943566499062150e-01	3.649034263495213315e-01	1.147901821780747816e-01
1.431123403025162666e-01	-4.358948229135342634e-01	9.164466849061801354e-03	-1.195368644446673234e-01	-1.841529498630697093e-01	1.189351772596669923e-02	7.547056015662348405e-02	9.885038887257491247e-02	6.454607565638534328e-02	5.097766970856193458e-02	8.356119706172600303e-02	-2.744700977582939603e-03	-2.029918344360434335e-01	-9.611119586334751497e-02	-1.592189392240649370e-01	-7.330050883253967642e-02	-2.701263977105116676e-01	4.966846920250673342e-02	-2.914709090607348618e-01	-1.202484176038377262e-01	1.475020793982106670e-01	7.399109740478394814e-03	-4.298209526202378949e-02	-2.867277871959404978e-01	1.465904873210018555e-01	-6.067691240766245192e-02	-2.725033398139822260e-01	-1.635404492920836395e-01	-2.229583475848742613e-01	-7.968779299875841660e-02	-1.838756801775199290e-01	-1.904189757896792567e-01	-1.819695907341794816e-01	3.432372463434371634e-02	7.028394524988937353e-02	1.887914858113511896e-01	1.132158958590678555e-01	-3.312862837749117606e-01	-4.782047086865273862e-03	2.785970501017754133e-02	9.556672664792607852e-02	1.850685925859326952e-01	-7.868785430726889241e-02	1.260761194328356705e-01	6.337990627487129214e-02	1.064549846639633798e-02	7.066245625698684696e-02	1.608808171899735184e-01	4.807347713145632695e-01	4.786940330324541137e-01	7.100599927013885766e-03	8.723637869541885081e-02	-1.170990931204460989e-01	-2.241853558706928262e-01	2.214002335507162661e-02	3.700337488969541178e-01	-3.280274097571787562e-01	-1.759352350450666125e-01	1.225393845965221280e-02	7.559071660791689962e-02	-1.236937847156769632e-01	1.219277290053133317e-01	-1.353926010494627685e-01	4.371854794866288779e-02	2.358399897762739061e-02	2.637484226230931150e-01	-2.721074964221269488e-01	5.927021533608588244e-02	1.680276152893755703e-01	-1.354933079477536051e-01	2.682878314199956815e-01	1.726050941866527633e-02	-2.354206275536295523e-01	-2.848024971883060877e-02	1.329470683695860300e-01	-1.242441087481273437e-01	-5.786032039158068435e-02	2.470787194144229149e-01	9.069520728438285051e-02	2.205612315911736621e-01	3.466957631374299048e-02	3.500655988933901175e-01	1.984073802048156865e-01	-1.540446170769834214e-02	2.036370370631966076e-01	7.829331988089537064e-02	3.957441528361371752e-01	2.339875348413666678e-01	1.135861464972730411e-01	3.465788226511298808e-01	2.004052735612266989e-01	3.092617298533449910e-01	-8.035425196006024118e-02	2.007214568616595141e-01	1.017512794494829509e-01	-6.768907613004129797e-02	1.480273562667928089e-01	1.184592006645538570e-01	1.999346400915731625e-01	2.183111334690290006e-01	-5.037113036857777254e-02	-2.544594730567829033e-01	-2.737802074726239931e-01	-3.333496568418701234e-01	-8.362111453430806640e-02	-8.641411597354704821e-02	-9.478758460438278799e-02	-2.431054482686323681e-01	7.695928485563302557e-02	-1.023667457550829080e-01	-9.642379317183571996e-02	-8.576606119266218242e-02	-2.895909077004912152e-02	-1.778155834462425144e-01	-1.721794026774170483e-01	-2.152093173612438515e-01	-8.969982694775065213e-02	-1.817288186991352916e-01	-1.336161005601513296e-01	7.238586340649237963e-03	-2.933614916779920256e-01	-2.882175238410500939e-01	-2.466435296906124564e-01	7.889862147985089724e-02	6.032982555607951242e-02	6.231413657906484382e-03	-5.873170418267241455e-02	-2.681941369323694868e-01	-2.409190713950630780e-01	-3.221724695310677067e-01	-4.557589877046714505e-02	-8.307802205978497001e-02	-4.725387420453789483e-02	-2.088498590966943735e-01	-7.060219049580071515e-02	-2.104210686670852093e-01	-1.957431353919109884e-01	-3.680381618379277575e-02	-1.088641167716197927e-01	-1.348406857669708636e-01	1.227356819105824282e-01	-1.450912712684740424e-01	5.553800774886347158e-02	1.630214922475173578e-01	2.104925912590298667e-02	-9.382044743391852737e-02	8.071618830039867243e-02	1.619257028997573011e-01	6.151876485666838909e-03	2.696069083773029382e-02	3.030213408603367187e-01	2.084658769114737242e-01	5.282861276173068665e-01	1.000000000000000000e+00	4.431021387786661658e-01	5.784912594687412479e-01	2.829991434025943761e-02	4.612621726507645792e-01	2.049151140944216187e-01	3.006873517049964972e-01	-1.166329140834853478e-01	-2.025661669293321032e-01	-1.477672644397268753e-01	-1.448860745489320423e-01	8.659356450286184725e-02	-1.152816643638263777e-01	1.396468550844230661e-01	1.262530675148779702e-01	1.974960642133012090e-01	3.152069129306586670e-01	3.762754034197197950e-02	3.880528485850096541e-03	3.238167034277745771e-01	1.662693600310236053e-01	1.726915167039047225e-02	1.976828452016964888e-01	1.419838616425400935e-01	3.176687456884568772e-01	4.252536760138269645e-01	4.845263922732811340e-02	7.599701035665581972e-02	4.044270020586838987e-02	2.617664388962216981e-01	2.678420353954215627e-01	2.278081113348962572e-01	7.198950717713412106e-02	6.051135873842790058e-01	2.478213475650855591e-01	3.509087013565470592e-01	2.646257699874462466e-01	2.779767935546365587e-01	3.190562087523161061e-01	3.960103576599345865e-01	1.130311523032298537e-01	-1.465336707531806337e-01	5.837454120989039180e-02	1.942586736330899067e-01	2.625473398965108562e-01	2.461161612539913557e-01	3.373531565990175451e-01
1.684818495403484773e-01	-4.921336899902605672e-03	-5.083534267762419845e-02	3.365485355351932606e-02	9.080197774804479871e-02	1.516488396282144602e-01	5.262838829169581151e-02	-3.583420191876805772e-02	-3.950949003303959144e-03	2.313220541851352795e-03	1.053837199976203204e-01	1.223516488067489909e-02	-3.131052294848366557e-01	-3.495591021252398289e-01	-2.269060725584627625e-01	-3.488743600021217417e-01	-4.679826116902511268e-01	-1.486026821289413713e-01	-4.239808309863178359e-01	-3.777045841471869947e-01	1.625525135787088959e-01	-3.095550381667487236e-02	-1.722927812896416222e-01	-2.041373145010147716e-01	-1.219702559149466944e-02	-1.647703667654990545e-01	-6.817679952408320365e-02	-4.216829225425284405e-02	5.413962573799926264e-02	7.090868215067001878e-02	-1.232524913037632980e-01	4.885360307244109718e-02	4.707701896345570236e-02	-7.710502317393481964e-02	-2.276007064407000458e-01	-2.660170478765914726e-01	-2.547390210445257819e-01	-3.119535572039783267e-01	5.787888809659458983e-02	-1.736923831427509279e-01	1.275633985804025816e-01	-9.556011608899844800e-02	-3.333426444688847301e-02	-1.216360998875218730e-01	-1.336579634201844335e-01	-8.847644165491223844e-02	-1.264324019458512305e-01	-5.279286530095263219e-02	4.331943444663129417e-01	1.017205634574238210e-01	2.193797422388996457e-02	-6.528850003625992493e-02	-8.252490269546766677e-02	-1.059784816103004762e-01	-9.129903673206921089e-02	1.202557288570520327e-01	-1.846562817170094295e-01	1.356984817472233207e-01	-4.215151506149356075e-02	7.393506962960673390e-02	1.394412237216501038e-01	3.418007385065402470e-02	3.035677144180590550e-02	1.238262995555434315e-01	-5.549044414645980250e-03	1.476974727810101140e-01	1.379321183495458777e-02	1.082321351750535759e-01	1.668904132226978476e-01	2.760203219113785758e-02	1.769712914222897060e-01	-2.028239653270176926e-02	-1.725944368495643810e-02	-7.670129322248676884e-02	2.235914336607149056e-01	-1.992764216333468286e-01	-2.244385520169698001e-01	-1.013830374200664491e-01	4.404150290342137564e-02	7.671368230872363525e-02	-2.009489758858650221e-01	6.987794508225533829e-02	-5.736818343070677895e-02	-1.137994479599384184e-01	-6.236525164961836953e-02	-1.509622130131381135e-01	-1.859717735768289318e-02	-6.250357147316652762e-02	-7.544148803343767029e-02	3.397961205221753378e-01	-3.114008551515118697e-02	1.257971351592381826e-01	-1.634828456278661080e-01	-4.667239871866619982e-02	4.942500361367026945e-02	1.136361172405793707e-01	8.297139139665443697e-02	2.968036492410023874e-01	-9.561915237665137568e-02	-3.505421575335235067e-03	3.408141326935378718e-02	-1.234619484761561858e-01	-2.429487965413549000e-01	-2.139080902313521965e-02	8.978820240594713453e-02	6.900741343087228282e-04	-1.218797542118963545e-01	-1.955767652002571577e-01	-4.034501214118337009e-02	-1.314212942675366536e-01	-7.072934653516935177e-02	-3.272322318130241325e-02	-2.462006588964965881e-01	-2.269914446738168293e-02	-3.154714821446479855e-01	-3.553332158160136256e-01	-3.668682476191771347e-01	-3.712938944722254386e-01	-3.431689009849295813e-01	-1.910662064755860035e-01	-2.791650613498820044e-01	-4.643752772255886341e-01	-3.410848789799341696e-01	1.586118040672526708e-02	7.837716826675272808e-02	4.883341981999547027e-02	-2.219218870454865988e-01	-2.816079983096623773e-01	-1.202809840603213526e-01	-1.295622756354727900e-01	1.108096181333721730e-01	7.577581627624447105e-03	1.898858999702716099e-01	6.772670749782101589e-03	1.310613419653848255e-01	3.010314766220461083e-02	-1.908827160920939792e-01	-2.117187736369001427e-01	-1.966754576904264709e-02	-1.367815925755384021e-01	1.749139829689353165e-01	-2.187184951779428677e-01	2.407769835071245923e-01	1.935670444097992438e-01	7.182004860943472235e-02	-1.418597935070024241e-01	-2.263211698535967653e-02	-1.816502142147911059e-01	-1.688891937936108090e-01	-4.838121758522535149e-02	7.516069316064417916e-02	2.509198864042428978e-01	4.420816458199601229e-01	4.431021387786661658e-01	1.000000000000000000e+00	4.128678588686702233e-01	4.610044799659830661e-02	8.556201008829432408e-02	8.257303588948095019e-02	1.709549010219350417e-03	-8.158860848015984935e-02	-2.395501014147815022e-01	3.884016978193675917e-02	-5.666565533937986676e-02	4.128861073058020525e-01	-9.376527108759773188e-02	2.950421080371128935e-01	2.065504206809216647e-01	5.892041981085028857e-01	2.449584265499651359e-01	-1.130503085450939860e-01	2.818876035390474599e-01	3.546228674347015053e-01	2.432609483816148277e-01	7.182069460612278133e-02	4.300783532114352270e-01	3.991383712255425209e-01	3.521176467921928177e-01	3.165850330764622966e-01	1.444849541275372573e-01	7.985172776803715899e-02	1.439845768250240243e-01	-7.018521621299728119e-02	1.373413406438421247e-01	3.428115300012038458e-03	-1.685426012280985542e-02	3.000093580326386178e-01	8.667320444638487720e-02	1.169976403515474161e-01	5.366176025436806413e-02	-5.906631915355036594e-02	1.631159680771995801e-01	2.148433709701059180e-01	1.195765537984048860e-01	-8.347768363260202329e-02	1.613460943890106802e-01	2.279184077675085619e-03	-7.874821647176918904e-02	1.395268400632775629e-01	-1.292859898355323877e-03
-9.631759671572087678e-02	-2.244544867928394694e-01	-1.345350988353464505e-01	-1.925548235449177636e-01	-2.075307256955375712e-01	-3.783768717078690030e-02	-7.140170941048479269e-02	4.488211867900064600e-02	-4.576983448769188917e-02	-1.176384472699437689e-01	-6.587852171836657000e-02	-1.564939858478542611e-01	-7.998341798005928482e-02	-9.445302468897662229e-02	3.917490243972190922e-02	-6.622293309669015360e-02	-1.738077221000003114e-01	-6.878068166534315186e-02	-3.251024144296158491e-01	-1.081423114296223287e-01	1.397759072726291463e-01	9.392479121150848487e-02	-9.388783798504762856e-02	-1.980041633260561651e-01	1.891330347583360938e-01	-8.107928576089371009e-02	-2.934456384651987770e-01	3.844919059416288670e-02	-1.404142631532849794e-01	-1.143317336511977811e-01	-1.745902269216853819e-01	-1.690787112841119766e-01	-1.563873633528874707e-01	-1.027907729830808414e-01	-2.276115491428409299e-01	-8.964113208343690853e-02	-7.783259507768916508e-02	-3.085625316083713821e-01	4.724088225181684308e-02	-1.983937157888284453e-01	4.423689553791411433e-02	1.386295414137892479e-01	-1.686573360276325817e-01	1.076995114008150456e-01	1.651354159265945587e-01	9.865268025570246568e-02	-2.918218393412109340e-02	3.039655252051678413e-01	4.719515063037300617e-01	3.818229681554615729e-01	1.096516279639165176e-01	2.385386099748835198e-01	5.479803374318104742e-02	-1.071302643108204139e-01	-7.673275214363832475e-02	6.920199270473643971e-02	-1.391521787219481554e-01	-9.153698389324703422e-02	-1.400676513222863517e-01	3.809825886998582413e-03	-3.740813569796362821e-03	1.427674040541043188e-01	4.093034479468564413e-03	1.743400805712033708e-02	7.236418054760160312e-02	2.456829415902998248e-01	-1.072465269820173095e-01	6.765422752010040452e-02	2.112288763731973718e-01	6.850038786920659151e-02	2.541815347135289449e-01	-1.757050325181758743e-01	-2.405591846542601275e-01	-9.911389485470643856e-02	8.920855391940539503e-02	-8.910538506451419830e-03	-1.037378660726837737e-01	1.115172374211565731e-01	-6.083585479105631244e-02	1.970461665082669234e-01	1.052591751371706325e-01	3.631447150616480268e-01	2.423622230203791306e-01	-2.033334139882579661e-02	1.692362357309576959e-01	7.196843808499758799e-02	1.645727318227631908e-01	2.869317383293543133e-01	1.285114572154270884e-01	3.792924865775030852e-01	2.413528961385643934e-01	2.930784732778574653e-01	1.471588472776990952e-01	2.693614805462399286e-01	2.140898834914326254e-01	-9.091634857783630064e-02	5.324867111903727052e-02	-2.476168251749209098e-02	1.224313264079844171e-01	6.590069113638591380e-02	-2.464216557689449250e-01	-2.600992068411163149e-01	-3.187125286814789238e-01	-1.783491199952087491e-01	-1.525224172818897828e-01	-1.975695037795004161e-01	-2.005652196056470771e-01	-2.080394343910963728e-01	-1.658149840368665362e-01	-1.048072580068243609e-01	-2.256626649832441378e-01	-6.389323995083147356e-02	-2.019906011127674261e-01	-1.205005452250998144e-01	-1.184628140574800481e-01	-2.940106287720054001e-01	-2.217481290383535586e-01	-2.810166646737015106e-01	-1.551649780613554089e-02	-3.984625603254455389e-02	-1.017441396872326986e-01	-2.891765899624329506e-01	-2.674414172501888842e-01	2.308005286074756857e-01	-2.811409834497227353e-02	-8.729693509265343265e-02	-5.903021164427042083e-02	-2.229755491443967674e-01	-1.863141169259128760e-01	-2.992061706011620581e-01	4.891033373923052430e-02	-1.477002689448433936e-01	-6.821375315196645528e-02	-1.244310489193574953e-01	-1.290501162792369039e-01	-1.785211055133726632e-01	-3.210126457984214254e-01	-2.000336550650615441e-01	-1.653225079986755386e-01	-2.507958348732101661e-01	7.987547921632605352e-02	-2.102969436638776890e-01	1.375305012049755082e-01	3.324045243862009946e-01	1.454515785297520736e-01	4.672722457519593031e-02	1.956290448683042638e-01	2.692553805583176516e-02	8.736194845710887683e-03	1.202622752323639910e-01	1.129912207923775280e-01	2.281163175906560370e-01	5.455479607993506397e-01	5.784912594687412479e-01	4.128678588686702233e-01	1.000000000000000000e+00	2.825748307166437434e-01	4.966244446135567592e-01	2.042575177056065172e-01	3.035386104132192786e-01	6.521640583518567569e-02	-1.248000622445658188e-02	1.163031158061653553e-01	-1.940669199155328484e-01	1.908257089331235612e-01	-1.846111100396991000e-01	8.146873532461644529e-02	1.309328140173391941e-01	2.452410139418513546e-01	3.645421866091849150e-01	8.448457076011588185e-02	1.876518798023645296e-01	3.161744673290063923e-01	2.084792475277164603e-01	1.868201514043681954e-01	3.040904727580833189e-01	3.555566580759899065e-01	4.374810738924115316e-01	5.020527953359934514e-01	1.920380965935025719e-01	-3.245479763161453896e-02	-3.392696431494613557e-02	2.007673801023834026e-01	9.770391764648619914e-02	2.088492684312543701e-01	3.825291909726773187e-02	4.791558915789146389e-01	3.089732655070517309e-01	4.024616438543175967e-01	9.724575197109595892e-02	1.738915910356585715e-01	4.134560488321915583e-01	3.887217174545186116e-01	1.263207824691833514e-01	-1.114362755638042685e-01	-4.530926591544524873e-02	1.202637857368760860e-01	2.101129841793555886e-01	2.132611935671276937e-01	1.313602025466146517e-01
-2.778594528092795390e-01	8.047601774407547870e-02	-1.795079891859520660e-01	-1.396348428693252319e-01	-1.781681764451899241e-01	-1.761908926640954609e-01	-2.084624058605044072e-01	-1.914417143720132108e-01	-1.602356269143578871e-01	-3.290514687649190861e-01	-3.986560781098583695e-01	-3.798382263496206113e-01	4.552494980811731991e-03	1.999780619645871449e-01	-8.377202474660753670e-03	1.269643429400711954e-01	-3.639623621722891389e-02	-1.466195657191382840e-01	5.695409900646545426e-02	2.792812948671857462e-02	-3.959090403335838865e-02	-1.185399946947572197e-01	-4.128674699121701042e-02	-9.891070952226822810e-02	-1.201726286134910948e-01	6.344032911734842628e-02	-2.103166389344423848e-01	-1.052726778574821082e-01	-1.948264985255330761e-01	-2.124556830366086668e-01	2.908306488453664684e-01	-2.952202889345951764e-01	-3.674489186622069137e-01	-3.516158938077564855e-01	-6.580098041946938481e-02	3.165257000102486562e-02	-1.369564986070524182e-01	-1.141090415075811243e-01	-9.649443598980134151e-02	-1.362174197009793919e-01	-8.567234442714793952e-02	-3.305657101152943006e-02	-1.852663562615168846e-01	-1.801064568454627257e-01	-4.298176046217657559e-02	-1.347498477839654540e-01	-3.056057018457888907e-01	1.693070497079122161e-01	1.062634322589477015e-01	1.245600790943038882e-01	4.270994943738056770e-01	6.589384610554184230e-01	2.031593830049140958e-01	2.387334915039834582e-01	-6.009273835990275141e-03	-3.355021469749217000e-02	1.794294018333955076e-01	-3.669209327280146815e-01	-2.984083660586053788e-01	-2.435251845132769266e-01	-2.104539874023124146e-01	-8.175125251294312889e-02	-2.387828135632388271e-01	-2.193728157953811764e-01	3.613630671532651328e-02	-1.962866597675636329e-02	2.442542629864243586e-01	-1.611553210414204684e-01	2.841126445142094781e-01	2.382159837984781925e-01	1.961412523568051014e-01	-1.594351126112386607e-01	-1.988498516901720525e-01	1.291320427396071557e-01	2.844977078554966621e-01	1.159067957079998185e-01	4.001392315838312452e-01	2.577872635704120396e-01	1.884504892376321072e-01	3.256322983507344837e-01	5.113847702174518783e-01	2.113485002840992111e-01	3.082059830905827247e-01	4.110331046556729984e-01	2.672190213874237608e-01	2.396334555646354447e-01	2.905565178987908337e-01	2.953486598294810528e-01	2.403170074119326538e-01	2.290267202501768962e-01	4.890475338734982108e-02	2.242219067391568177e-01	2.416469190753436636e-01	2.335717372887966825e-01	3.855853948178344925e-02	2.281690318642751181e-01	1.706756333707713236e-01	2.559620186879820944e-02	1.488249415653933594e-01	4.151100194106769892e-01	-1.656486547344308002e-01	-1.472538840769509194e-01	-1.272846827076943854e-01	-2.265872490864218394e-02	-1.185337700380308806e-01	-2.548391960522459199e-01	-2.530632748369288088e-01	-2.220223788515840457e-02	-3.696026225997934844e-01	-1.634670002806122846e-01	-3.228818571644868629e-01	-4.601499637073508953e-01	-1.550932458669261257e-02	-2.863448540603180104e-01	5.549880468598798050e-02	5.480128064230976870e-02	-1.153621858242012549e-01	-6.866724055497182636e-03	6.430350741798991632e-02	-1.221202820247640347e-01	-6.292728505224982893e-02	-7.819705850036998140e-02	-3.148983031706992231e-01	3.264290194458968064e-01	-1.873690778959169190e-01	3.667517648008400410e-02	1.705279261931878232e-01	-3.008924355548190169e-02	9.124656953114342051e-02	-1.725240446267134464e-01	8.209069807707029820e-02	1.103821013545094459e-01	-2.122556194202686319e-01	-2.941394194385221206e-01	-2.387109987939689815e-01	-3.557319090627318880e-01	-2.328463433673984284e-01	-8.530611563687232057e-02	-1.229931050710290491e-01	-4.704454550995524342e-01	-2.071814878106592039e-01	-9.887962558371622690e-02	-1.324144361187374330e-01	2.008486748018429857e-01	1.631282086780650592e-02	-2.242296119973707230e-02	-1.600363613444880095e-01	4.795243710163340362e-02	-5.155539211908650998e-02	-7.980238983053360158e-02	-1.895831411188713123e-01	-2.495436253477570365e-02	3.066462624839477735e-01	2.829991434025943761e-02	4.610044799659830661e-02	2.825748307166437434e-01	1.000000000000000000e+00	4.445678782668873730e-01	4.156691453436581751e-01	5.646016658816715994e-01	4.347601834509433050e-01	3.036218134200848184e-01	3.756134624432597713e-01	1.761149393322423706e-01	-7.718707379087391685e-03	-2.516427307709541705e-01	-6.125984777943352388e-02	-6.706841647406545925e-02	5.621227325927956840e-03	9.935762194694898464e-02	4.603727836055691580e-01	3.118035424961318469e-01	1.870160039759165838e-01	-4.511561017043901056e-02	-8.967486316962330894e-02	2.001104360198303622e-01	5.855097349929863082e-01	3.400122493329122975e-01	2.057388999905263582e-01	3.629123875796468335e-01	4.894713736353471095e-02	1.895332684100817233e-01	1.760226982974674170e-01	3.704278466686214411e-01	2.042928275738871702e-01	3.485733022329620678e-01	1.317159547041387990e-01	2.776678363004678185e-01	5.045415415712860563e-01	2.411517150401842891e-01	2.192567214736148851e-01	1.099316371339919829e-01	4.532319023714214690e-01	2.131675684503573920e-01	2.542246116399781222e-02	3.824842779331583814e-02	1.676534983746790497e-01	3.460375538137362272e-03	4.518113701592593734e-01	8.557712587576503382e-02
-1.087797477570774801e-01	-1.121182110954590666e-01	-6.672296055623867794e-02	-2.086403548219880888e-01	-3.237811966384728790e-01	-3.162898193801364499e-01	-1.299796074055521444e-01	-4.174689878296561352e-02	2.785672505208090788e-02	-2.582939636187432941e-01	-3.323748762573181526e-01	-2.841514999814264142e-01	-5.755530497526752109e-02	9.687013628135114629e-02	-3.514995570559198554e-04	1.198517442005593153e-01	-1.004258455965691132e-01	-1.540991058088911521e-02	-2.446433676436543525e-02	2.489528741125580924e-02	1.701226958112274090e-01	-2.877763555951564842e-02	1.624942164265101019e-01	-6.146176316872487694e-02	2.078365440147400545e-01	1.477620679675376580e-01	-2.064446705571231222e-01	-1.070622811459678442e-01	-2.947890754764614929e-01	-2.492750950032376622e-01	-5.815111871054767095e-02	-4.798905068123224260e-01	-3.910728217072350077e-01	-2.628183786264686184e-01	1.178873403597128708e-02	1.254118860242464106e-01	6.416729053972600183e-02	-2.545870420579148252e-01	-1.724550779905792697e-01	4.167873281366048233e-02	2.020328393288407520e-01	1.012887084934685766e-01	-5.941945404109515161e-02	-2.013341984590789890e-02	1.318618745500183542e-01	1.948118811600186781e-02	-1.236408998333694137e-02	3.362832229878079948e-01	3.327077193330548743e-01	5.002870288288497891e-01	3.301647545349793433e-01	4.523187670916440362e-01	1.600759286871648521e-02	5.925727496199646033e-03	1.443542677163159593e-01	1.283950235914483318e-01	-6.231813885012472964e-02	-4.824380831622195887e-01	-2.751020373784598405e-01	-3.027697991342558348e-01	-2.657779541535424395e-01	9.472929330303692108e-02	-2.059192846333070537e-01	-2.597402509032997187e-01	5.998441212211811507e-02	1.467558713918814817e-01	-1.354497949420379321e-01	-1.214568014599355095e-01	2.441978849803193852e-01	-1.373204996820113488e-01	2.864137333138134789e-01	-2.344440144119629699e-01	-2.795297239040200887e-01	9.663720617322157924e-02	6.612740648155822354e-02	7.914131827700433830e-02	2.233974289072488684e-01	4.332340821744021242e-01	4.684754523064180859e-02	4.250386997433822645e-01	4.759270503193494539e-01	5.047841288607801680e-01	4.724867234427362894e-01	1.878512217197723655e-01	4.031301984531159843e-01	3.233853473362259257e-01	4.491538634239577443e-01	4.910029012981752539e-01	4.264616145137642977e-01	3.337267479362844846e-01	2.354778460333951939e-01	5.211198522353454043e-01	2.400234460051371976e-01	4.575606148661724992e-01	2.490614417768700628e-01	5.944272401989965371e-02	7.727166866549095570e-02	-5.376461514293384703e-03	2.903347810127770434e-01	3.951263339712196565e-01	-1.165958168919765392e-01	-2.973958849483839262e-01	-2.556154405818950037e-01	-1.646439066039192822e-01	-1.517960664625570555e-01	-2.809451607207705259e-01	-2.185045884779928949e-01	-1.130484431196764200e-01	-2.323338987014860191e-01	-9.774830653778257550e-02	-3.253888786513315368e-01	-2.941127944511885972e-01	9.349665314236595137e-02	-3.300423377822287452e-01	5.423622498940645908e-02	-5.850482191608241678e-02	-1.577019502511768645e-01	-1.255583028794330369e-01	7.331312830248290502e-02	-4.963575456376956296e-02	-7.130394710688064963e-02	-4.725575033126924729e-02	-1.989357678227063053e-01	1.516269259139719217e-01	-1.026969204754050596e-01	6.498377635074815972e-02	3.061362507015620918e-02	-9.547219972586641623e-02	-1.437787298954735019e-02	-1.514207481764597851e-01	-8.352930939900977958e-02	-7.664257087452953920e-02	-2.916055679446116766e-01	-4.652915758374758237e-01	-3.706162431229204635e-01	-4.853830698666022347e-01	-8.696901419990010762e-02	-1.152132787702221522e-01	-2.389958324435348669e-01	-3.752908247120428920e-01	-1.797037813158663955e-01	-2.478348729977831663e-02	-1.019167921849934433e-01	2.898620801167122729e-01	-7.246907318117816466e-02	9.749584315224769926e-02	3.809442751455106163e-02	1.704794012453614005e-01	-8.707355957997540974e-02	2.697180031480451642e-02	1.337923596507694657e-01	1.501760397244023548e-01	3.783448962404629690e-01	4.612621726507646347e-01	8.556201008829433796e-02	4.966244446135567592e-01	4.445678782668874285e-01	1.000000000000000000e+00	4.286460077172085659e-01	5.179774288395008197e-01	2.562401835884332568e-01	7.109748169410409768e-02	1.851767962176623927e-01	-7.166505365037081909e-02	-1.675096116273379898e-01	-3.366249513211254096e-01	-1.644301495825510329e-01	4.193872742840813045e-02	-7.617896726651242345e-02	3.041247479780437302e-01	3.988885893765863888e-01	2.190135171145562651e-02	1.868823134782010009e-01	-3.792963208292447069e-02	2.523271660904535113e-02	1.205617604955451921e-01	4.743491209351560767e-01	2.242901481415492115e-01	4.706264533258707194e-01	1.821365675600834511e-01	-8.114634366189392434e-02	-4.139993251301159888e-02	3.356193151778215089e-01	2.898309858289889740e-01	2.855468533887970950e-01	1.786446310877943533e-01	5.177720835188431847e-01	3.558713660690341340e-01	5.693024611767412146e-01	4.005846718065427248e-01	4.780233344976929089e-01	4.203283705335373877e-01	6.712350532134420122e-01	7.718404536708603492e-02	-1.279097307236926329e-01	-1.021211085289079785e-02	3.456563575955989287e-01	3.874457278316629227e-01	4.099444819015709007e-01	3.304133116833056216e-01
-6.702594954462921806e-02	3.181246312203948878e-02	-3.290235707044872338e-02	-3.501680437487404707e-02	-7.911494460851445365e-02	-1.008586840577325450e-01	-9.959749061701597683e-02	-1.449530499085758817e-01	-3.738552884506479712e-02	-2.118809746965419072e-01	-2.330098906873893649e-01	-2.696642726795720479e-01	-4.659779076094282269e-02	7.210258032457024513e-02	-4.327517166840209178e-02	1.162091367146376314e-02	2.615791200840374836e-02	-1.879797606987025915e-01	1.514039917715655770e-01	-7.590167380373813444e-02	-8.427967994542635843e-02	-3.306607797223966583e-01	-1.904643112537533489e-01	-3.036901423702018099e-01	-2.424397687006026314e-01	-8.880142760529664836e-02	-2.833022574015426898e-01	-3.302563774357725190e-01	-8.924184803510304409e-02	-1.369409591617515576e-01	1.463301188259040209e-01	-2.262884039504705624e-01	-2.619368616900208391e-01	-9.542433970170668966e-02	4.153978095504799739e-02	2.167648018785880148e-01	-5.591563498076377453e-02	-8.466933813500387984e-02	-2.950698891777550625e-01	-1.933832728014637792e-01	-3.001640192489481440e-01	-9.041680406707733320e-02	-3.834796595181143020e-01	6.572349222796085300e-02	-2.211861643084007678e-01	-3.189213518859846386e-01	-4.193641078151068013e-01	-1.315751174254594924e-01	-2.902887058397175465e-02	1.208979357718423936e-01	3.707058000543116405e-01	4.639994581083577430e-01	9.920842299779718265e-02	-1.718037294212047816e-01	2.476055525881226960e-01	1.318478052176526027e-01	-1.266020040626972820e-01	-3.649343703122384097e-01	-7.545454897537076655e-02	-3.496655063496035276e-01	-1.930312772159938073e-01	-1.108351015914535442e-01	-4.439478600325461599e-01	-1.701381160301769502e-01	-3.209792854242353166e-01	-6.586277000978192631e-02	4.782331802920269936e-02	-2.933723049778994008e-01	1.660041828151113119e-01	-1.676784678063811609e-02	2.680740669300400447e-01	-8.033344515984254530e-02	-2.475173269660791153e-01	1.441836781869711703e-01	1.632561132007220583e-01	2.019911857073857508e-01	3.951514030478839312e-01	3.853511700372043713e-01	2.469409508715069979e-01	6.721315054043038861e-01	4.925200532648152940e-01	4.928953351273240857e-01	5.278713904671603618e-01	3.839367913301124924e-01	6.383775913812888003e-01	1.326482446131758697e-01	3.651381615165293915e-01	4.308215003813685162e-01	2.252464555310838279e-01	1.585600389505791019e-01	-6.759907424123662301e-02	2.691870368112871392e-01	-2.999414723646862124e-02	1.651146849405060735e-01	-6.430789122229590982e-02	3.732080752981735139e-01	3.513699503540517188e-01	3.592635321252414249e-01	-2.615950430807180427e-02	3.769454753112193579e-01	-7.369090392385832522e-02	-2.366492538436143211e-01	-2.667249815313327277e-01	-1.561210648594610617e-01	-5.693022891594756718e-02	-1.933705591617796982e-01	-1.647243926781869483e-01	-1.925834373947762565e-02	-1.969686616484093988e-01	-1.864490136092656625e-01	-1.808498851242924810e-01	-2.600730359886188614e-01	1.564165276956064332e-01	-3.302261120949537831e-01	3.157479821676848018e-03	-4.565821219496845468e-02	-2.140899689524499924e-02	-4.551394921910904140e-02	-1.321622013976012262e-02	-2.015047413189575420e-01	1.004154167555865590e-01	6.208774307737544018e-02	-9.080090421930804567e-02	4.014481815558124805e-03	-1.631363952300799725e-01	-2.118893907508730412e-01	-7.803348656320990839e-02	-3.283292890027937339e-01	-2.483623038982482323e-01	-3.090218827752824748e-01	6.041544364840500253e-02	6.209891116312352133e-02	-5.395620170420352413e-02	-3.182090850358600953e-01	-2.631953131110392197e-01	-2.490938793059072065e-01	-7.337904011821001771e-02	1.344856743009250309e-02	-8.742280723884299221e-02	-2.402451291218737905e-01	-3.414536645164622519e-01	-3.841306015179710709e-01	-2.426071044206150884e-01	1.161339768450938975e-01	-1.649231520660185135e-01	-3.294782699604071885e-01	-3.151305481638990713e-01	7.755737215158338416e-02	9.850872442286998792e-03	-3.608470742824302357e-01	-2.841672156881713818e-01	-1.112996137468678093e-01	3.165883943146647894e-01	2.049151140944216187e-01	8.257303588948095019e-02	2.042575177056065172e-01	4.156691453436581751e-01	4.286460077172085659e-01	1.000000000000000000e+00	5.655890591946919344e-01	2.816635797937025454e-01	-8.624294891573676403e-02	1.665251695367398754e-01	1.563804192077269117e-01	7.308902746454126742e-02	-3.583551669293560948e-01	7.480634462281629538e-02	-2.495800645360574388e-01	2.496564934055226642e-02	2.853391884060051398e-01	5.984831545268489705e-01	2.559848293367564254e-01	4.223811870258030732e-01	-2.313051945817090060e-01	-2.900822650005425718e-01	1.850339441408706820e-01	3.541047190307707870e-01	4.282044149276345024e-01	1.548891125730873231e-01	4.971038000717504235e-01	1.530298604671305740e-01	2.835873600241947123e-01	1.716062784480258951e-01	3.888026235731432689e-01	3.935406063677749366e-01	5.453171767856090923e-01	4.737691436714288606e-01	3.117010681795386318e-01	6.882911852081838866e-01	3.679995693411186042e-01	5.518303431399496084e-01	3.173622862127326028e-01	3.904946909127440802e-01	4.787997182982928202e-01	3.243892745122061716e-01	1.994979730593466338e-01	4.485480527362364356e-01	5.679957210145067381e-02	3.193126065282917425e-01	1.519918880429449448e-01
-2.857195673375866884e-01	-8.560630803202538830e-03	-1.827646789491816082e-01	-1.965021006240759704e-01	-3.823955115441160513e-01	-3.299083709197576653e-01	-2.364866096787408833e-01	-1.994523386043804969e-01	-1.535824384826383338e-01	-2.900096578726812924e-01	-3.167962988679922653e-01	-3.539404676642298186e-01	1.035709261298257827e-01	3.141240161058392877e-01	1.093048801031887146e-01	2.221202266697504812e-01	1.196205319741590473e-01	-3.745562968669314402e-02	1.485423330422867561e-01	9.249109670166733022e-02	6.014734427066243533e-02	-1.839656676041744043e-01	-6.074126655085901327e-02	-2.409632836265885314e-01	-4.394678156170938460e-02	1.858854359305243259e-02	-3.611953468525264110e-01	-3.485645978270889844e-01	-3.956850582189408994e-01	-2.372798662725363328e-01	7.656785367186060010e-02	-4.331338438864800744e-01	-4.225661675128594696e-01	-1.611731912993753235e-01	8.618306024410586630e-02	2.852310767612075137e-01	5.497059128983423915e-02	-4.477963262304170133e-02	-2.722836475612031015e-01	-3.329167795655257889e-02	-1.862558582742940005e-01	4.050077192256078262e-03	-2.797392849762888045e-01	3.091023203537668351e-02	-6.070663422103474843e-02	-2.124750495324678468e-01	-3.213580634013767368e-01	2.410987238194791105e-01	5.437809573565521859e-02	2.594538307698241453e-01	2.391594769425134659e-01	4.667677638036811794e-01	-8.971202730455273000e-02	-1.821794203075832452e-01	-4.234466876026742044e-02	-2.879400746203981606e-02	-1.175875252326067794e-01	-4.995475644393972403e-01	-2.508907194950353303e-01	-3.824058369735026108e-01	-2.785244262255696657e-01	1.147426096379137728e-01	-4.050930465848443518e-01	-3.338993883050520584e-01	-5.684763011542883632e-02	3.723482235741095575e-02	7.004468433872579336e-02	-2.668479927042518574e-01	2.515354498175627618e-01	9.669438561240896457e-02	3.754384858821241955e-01	-9.347586038297367450e-02	-2.317847626504003777e-01	1.909047052794406174e-01	2.022492701683925864e-01	2.033651545640552394e-01	3.996750317182052870e-01	3.711497242512759587e-01	2.423114457176726577e-01	4.522346638839984112e-01	5.533450343265049476e-01	3.975800389043075977e-01	3.479878657812018328e-01	4.156572920919384129e-01	4.714996957062925764e-01	2.361093313008765793e-01	3.732970189368637892e-01	4.785000470632198577e-01	2.760817782380184382e-01	1.281392953974251070e-01	8.773208847394002585e-02	2.728292765687818644e-01	1.611498852548789162e-01	2.672486487089663632e-01	2.194164578004027116e-02	1.100705661650093897e-01	1.342414772535194534e-01	-1.716464703321595939e-02	1.388813605204542445e-01	3.718510106071820087e-01	-2.230381059824889378e-01	-2.751984018268291976e-01	-1.841013472631107539e-01	-5.609410782948761470e-02	-2.065200407610231215e-01	-3.231599464091514107e-01	-2.502032816697010165e-01	-1.178039796253281396e-01	-2.839983123212272420e-01	-2.812852916186602825e-01	-3.397196097172450191e-01	-4.220749642767721022e-01	2.013896630904110918e-01	-3.878170154778233236e-01	9.673860194708672200e-02	7.837754708796795811e-02	-4.235937913399988840e-03	1.003378004677183410e-01	6.139474959230251799e-02	8.816559849187466727e-03	8.243031816706343495e-02	7.374852879057923472e-02	-1.039509814987210484e-01	1.877657889694403781e-01	-7.690930820837980908e-02	-1.650664931404408620e-01	9.852202078165864241e-02	-1.634703038279728682e-01	-2.300805200718216426e-01	-3.088934109963327734e-01	-1.377571128954858670e-01	-8.085290007515304189e-02	-3.600819753299888681e-01	-3.675802007671948868e-01	-4.150134322157260636e-01	-4.321528706127434893e-01	-1.931527920235118767e-01	-2.451487551074513736e-03	-1.261584627767710354e-01	-2.577511651624207478e-01	-2.242267254623953876e-01	-1.668730467233906500e-01	-1.747473345333057648e-01	6.805225095667081711e-03	-6.169322114881421737e-02	-1.328931077284475903e-01	-1.047595951606913323e-01	1.133105194494766765e-01	1.126185964236763315e-01	-1.318755236612147996e-01	-1.498534153383943301e-01	5.809432369478396974e-02	5.254031421174292227e-01	3.006873517049964972e-01	1.709549010219350417e-03	3.035386104132192786e-01	5.646016658816715994e-01	5.179774288395008197e-01	5.655890591946919344e-01	1.000000000000000000e+00	2.673292498089429037e-01	-3.869061595746159377e-02	2.842637432512880660e-02	-3.425270648357815056e-02	-1.078773472740727629e-01	-3.771185827626362674e-01	-3.698835640796682006e-02	-2.202737026506739748e-01	-1.310593729971321064e-01	1.807749491063322944e-01	4.661358642370686534e-01	1.854361669440793836e-01	3.064635066917265060e-01	-1.604967497279305155e-01	6.185443569657542162e-02	3.253566618788363285e-01	3.449877579600741373e-01	4.877919108896464628e-01	3.273317341733209540e-01	4.982981380222050172e-01	5.659796969814409606e-02	2.490333044089920456e-01	3.931403249810875300e-01	4.081701409055752405e-01	5.122638087028605902e-01	4.911367649699446836e-01	3.921342942777565344e-01	3.452854231225203074e-01	7.399416138690212419e-01	3.587201032208195972e-01	4.780307365910191897e-01	4.105562023142863559e-01	4.271608814481949734e-01	2.101353456399322750e-01	-3.482687898380125435e-02	-1.589174666955746329e-01	3.624903081376458780e-01	1.673959859035934750e-01	4.498698677665234902e-01	2.976820831960128033e-01
-1.843060559157596312e-01	4.117666936322873783e-02	-4.150056180951663259e-02	-1.289957736027395330e-01	-2.556115905960389956e-01	-2.712390186968774985e-01	-1.728338733197395949e-01	9.460200812092407416e-03	9.302552796247126610e-02	-1.485855392561524491e-01	-2.598402501642734230e-01	-3.005237374962073105e-01	9.772830327492340596e-02	1.741751389184125476e-01	1.342635654750718444e-01	6.230507165604878134e-02	1.380435208571563488e-01	-4.212521436522229101e-02	1.706129168121139350e-01	-2.327656982243368061e-02	5.270488972833220487e-02	-1.342322586370300330e-01	2.166278181893589172e-01	3.720243269348477017e-02	-4.867540799583176120e-02	1.448188274415615484e-01	2.614445416886920087e-02	-2.300688995365147288e-02	-1.932093740784448024e-02	4.712344545859287193e-02	6.459052588272555517e-02	-2.504742452790199581e-01	-3.001094323893294669e-01	-1.903385788735579010e-01	7.435949957549051192e-02	1.023364754436272006e-01	-1.234254788526073510e-02	9.372298410447461869e-02	-8.863858678656169610e-02	9.093252255976119747e-02	1.598029578310532217e-01	1.078602493216575253e-01	6.441119831261839235e-02	-8.593595680962227978e-02	1.319493604705768985e-01	-1.344992241961803781e-01	-5.126350718683012064e-02	2.739260108849472797e-01	6.388540425677466383e-02	1.995296530091406062e-01	2.176995589051162472e-01	3.347956419065450939e-01	4.014359838845251160e-01	3.429701315936896089e-01	3.864727358682130132e-01	6.225689590185827516e-02	2.450840952674294693e-01	-3.076917736589733221e-01	-1.286894091556520237e-01	-2.817812487479128269e-01	-1.420265736131610390e-01	1.395487542894277289e-01	-1.201748826312305646e-01	9.908192350143586735e-02	5.770594417041237899e-03	-6.534443258301469992e-02	1.444074110615500839e-02	-6.963582278815738658e-02	-2.472348477981087603e-02	1.860407962191420184e-01	7.289236136152599244e-02	-2.363436871629575053e-01	-1.586185790001212736e-01	1.019567213170270020e-01	-3.394481027649571409e-02	1.407071245322447650e-01	3.013415287217826033e-01	2.737361107103152835e-01	-3.235869645358444013e-02	3.060427301392393828e-01	4.127865765535125853e-01	1.785647709007326667e-01	2.521816368276316167e-01	1.580138708706666228e-01	6.690551782436301997e-02	7.106343671392723049e-02	7.947679967671519852e-02	2.442999886495066109e-01	1.597416252058033725e-01	7.879792022969413223e-02	3.604461983367267166e-03	1.897364271575389394e-01	2.435295870495180204e-01	2.088839509237064296e-01	1.685682345933197934e-01	2.144238771016152290e-01	4.160794098024971771e-02	8.822412175486415986e-02	4.979164114117488188e-02	2.073811362697629557e-01	-1.308385774599419293e-01	5.136396237040670443e-02	-6.777922898104454807e-02	7.099696550180946333e-04	-1.179592662259295877e-01	-2.024324494778363681e-01	-2.475739779453519154e-02	2.150056867974254604e-01	-1.095890327902398348e-01	1.352492796366021044e-01	-1.949146265047278503e-01	-4.014187852186143490e-01	4.276165666410085969e-02	-2.578710586045842579e-01	1.724094231959019952e-01	-1.248357439881127122e-02	2.036013150049596418e-02	-4.879439075341729382e-02	8.407802683026531498e-02	-1.386942783242886279e-01	6.467741494805852309e-02	4.326331416449165357e-02	-1.883250902727615639e-01	2.616991926464190543e-01	-2.027375267787282220e-01	1.101990078054143479e-01	8.243959252043892016e-02	8.564935802998574488e-02	1.449766371117811037e-01	2.163042655567348760e-02	1.001379140672972387e-02	2.076272701500567752e-01	-1.541053211009608404e-01	-2.960949185945553341e-01	-2.519982027869942520e-01	-2.081269824438345406e-01	6.701284771814399778e-03	-8.714522257580646636e-03	-6.429344175041921960e-02	-2.249682513927714622e-01	-2.841754100398682370e-01	9.639833266499861497e-02	-2.861928083002738821e-01	2.493359000714697460e-01	2.421832088978476127e-01	8.720671079928268843e-02	-3.892355059875676152e-03	1.773183246678233793e-02	-1.991361790127278708e-02	-2.159888645249990191e-01	-1.302192884245612359e-01	-1.809144915775652909e-02	4.755062886237430148e-02	-1.166329140834853478e-01	-8.158860848015984935e-02	6.521640583518567569e-02	4.347601834509433050e-01	2.562401835884332568e-01	2.816635797937025454e-01	2.673292498089429037e-01	1.000000000000000000e+00	4.411689881179687855e-01	5.421212480681799617e-01	6.254586843840095889e-02	-1.152716938790957490e-01	-1.321779827136544128e-01	-1.236451800069588297e-01	-6.576882595364909323e-02	-1.932442470262666911e-01	1.301785124172004648e-01	3.769162678906391450e-01	-3.110355336913776803e-02	-2.496736420921614671e-02	-1.388943275896257212e-01	6.424038875577351045e-03	-7.452457014971218541e-02	2.211485058924747005e-01	2.805428440668508369e-02	3.905582240846033198e-02	-2.137588611132604590e-04	-6.142178990956118773e-02	-9.619083700135565296e-02	-6.530605073177359228e-03	1.267002311169390105e-01	2.932474047862665412e-01	2.767872500147885995e-01	-4.639823395550241730e-02	3.071272642773694161e-01	1.845292105578204556e-01	1.390978644334120717e-01	2.351187651273318746e-01	-7.141516238422651597e-02	2.172197039726725676e-01	6.241673188645439907e-02	5.446154134191698304e-02	1.171101049836335423e-01	2.884108354424745890e-01	1.670459477449149355e-01	1.248984416359476129e-01	2.295149958559385139e-01
-8.397699168799203917e-02	-3.568050648447377432e-02	-4.066585670058554119e-02	-2.212723795022878970e-01	-1.764772414813027546e-01	-2.516323528778398044e-01	-1.096822392106644174e-04	1.888855976403883488e-02	1.257687140271974147e-01	-9.370772619881478915e-02	-1.319917787077547200e-01	-2.101243129514909214e-01	1.780510106422967809e-01	2.394901327581410166e-01	1.897050756371096714e-01	2.641840138481697520e-01	1.144723204864985522e-01	4.598720809549329547e-02	1.699100268595269692e-01	-2.702060316208477683e-02	-9.820444460932667430e-02	2.294382152561279808e-01	2.914768531661707240e-01	2.703634228360296543e-01	1.742350885664886162e-01	1.770545739744009417e-01	2.561508625453789434e-01	3.895922413801402029e-01	4.514687275246226719e-03	6.368899135638628195e-02	1.452067186397482945e-01	-2.421707940413006521e-01	-2.531509453834200896e-01	-1.538286477981520295e-01	-4.153115386441977308e-02	1.187938208459315623e-02	-6.405866117852880570e-02	9.068788754200814151e-02	-6.362757121210074751e-02	3.840166361906790365e-02	8.143416040998197047e-02	1.008226535157805970e-01	1.363764873672435318e-01	-3.154832384251471389e-02	2.206705250756182124e-01	8.981939218307997963e-02	5.456079889925746079e-02	1.540744946616021682e-01	1.854270330687610505e-02	2.316393717853289791e-01	-4.009711621516022506e-02	2.215498233974861897e-01	6.270808699415905130e-01	7.063094729441316000e-01	1.560927385912506127e-01	2.138830977894117524e-01	4.246271858521315501e-01	-2.402316483208840059e-01	-1.142530618460422392e-01	-2.110095766775559600e-01	-6.384980969498919856e-02	-1.722288041303625949e-01	-7.094353097291888378e-03	-6.605071696643875778e-02	4.734437391854581095e-02	1.407948061992861377e-02	-3.286189954298308902e-02	-2.841311215256177650e-02	-5.949445993089120394e-02	1.413337408276187090e-01	-3.316869036175413843e-01	-2.274235725050598456e-01	-1.584996593475079263e-01	-8.065178771837913652e-02	-9.644163959143645104e-02	2.413086185601974812e-02	1.643650621963973490e-01	1.049181537225322980e-01	-1.279816413514589524e-01	-1.161588068482145297e-01	2.003585029523089756e-01	-9.175040718789077843e-02	-1.256989891681834781e-01	-1.354287544449951919e-01	-2.151022290261850045e-01	4.330991516027767052e-02	-4.085714074582230682e-02	-1.421770688911276892e-01	-7.891215022425250580e-02	5.764744666973354442e-02	-5.607244664011929586e-02	-4.635431457548260664e-02	2.346996680932382784e-01	4.805715457512648586e-02	4.292317172136395770e-02	6.614842255786830549e-02	-5.466235477306654461e-02	4.859354450624671362e-02	4.856844063931640976e-02	4.555389622940698297e-02	-1.596763169389893711e-01	1.583291676939356241e-01	-3.606016830511381971e-02	-1.742990248946728882e-01	-2.557630252825049966e-01	-2.157717503880781096e-01	2.107462487079100888e-02	2.542402539673779271e-01	-1.452441099458965934e-01	2.312958091834229624e-01	-9.430725862614276755e-02	-2.190029193892262804e-01	-3.907068408462132519e-02	3.975476534320061123e-02	2.449765397910923237e-01	5.920269957088566959e-02	1.208423408687212507e-02	-3.105789015113080351e-02	1.089492414902232670e-01	8.990016152028880436e-02	7.175141144082787525e-02	6.273757782288619245e-02	-2.024516072338371775e-01	2.454588197226669211e-01	2.451497636914048983e-01	3.620538197120199975e-01	3.018041956478271781e-01	2.683899873418874038e-01	3.370254137139038764e-01	2.505072017498229386e-01	-4.974304841079712526e-03	2.885620525747065734e-01	-2.387124736927184188e-01	-2.190995857920237933e-01	-1.804762002462266812e-01	-1.763468092048592339e-01	4.960980154145981647e-02	-5.059344347354424037e-02	4.210806923193580187e-02	-1.604466118369755612e-01	-1.594859496413673638e-01	2.566015533872936238e-01	-4.503060644232887572e-02	1.768720534251050913e-01	2.843982952691537225e-01	2.562283817382888240e-01	1.877739542849655996e-01	1.291542904894186217e-01	2.573474589986824920e-02	1.228797327656888511e-01	-7.912728017071135600e-02	-1.447277548983657847e-01	-1.680527032481939353e-01	-2.025661669293321032e-01	-2.395501014147815022e-01	-1.248000622445658188e-02	3.036218134200847629e-01	7.109748169410409768e-02	-8.624294891573677790e-02	-3.869061595746159377e-02	4.411689881179687855e-01	1.000000000000000000e+00	5.579812743660541585e-01	1.899738144257620831e-01	-3.147922407850208271e-01	-1.302389667211211188e-01	-1.537345783112769315e-01	6.430276043886198889e-02	-1.832690897884471648e-01	-1.526320727912865993e-01	3.181677270279113512e-01	-6.183398072753704816e-02	-1.954123286300896434e-01	-8.784072560935263230e-02	8.326365114391034994e-02	-2.083360964679233651e-01	7.924657532500260781e-02	-3.108793701471282422e-01	-7.175329847192265381e-03	-1.828600017386367016e-01	-1.510692460218879263e-01	-2.349263576587358737e-01	-1.408795242701458561e-01	2.497540637900900334e-02	-9.411516242485339079e-03	-2.011009096589996478e-02	-2.165977654285738130e-01	2.182514514367234759e-01	-1.529412121205286357e-01	1.404214621495728232e-01	-2.045278691290063344e-01	-2.280100581878801713e-01	1.810502334375894695e-01	-4.313683821588225331e-02	-2.220592866239652283e-02	1.851353478663029239e-01	1.033439993734886070e-01	2.686215535786127817e-01	1.610806602035590451e-01	2.077634302565465607e-01
-1.547388997804209909e-01	1.453541962331427184e-01	-2.770458406116412323e-02	-5.721703763068194254e-02	-6.492201995964758977e-03	-1.143200216562789279e-01	-1.167728389330837668e-01	-1.168986717678366649e-01	4.400944857668439431e-02	-2.673271011031728706e-01	-2.293941187612787425e-01	-3.044199182589920061e-01	-2.967348960416222453e-02	5.096154268429970574e-02	8.660956085439425189e-02	-8.581122329004547966e-02	6.394711527523540447e-03	-2.955194497321368963e-01	-3.408242930842200757e-02	-1.237071572488479959e-01	-1.145405883790766022e-01	5.479744831022085282e-03	6.538695741223714535e-04	4.149959195979942284e-02	-1.420595265697681235e-02	-6.123452617189248381e-02	9.430383013774333578e-02	1.315960529077409014e-01	1.503508058398590475e-01	1.023673798652024597e-01	1.831013000937704027e-01	-8.283267695613588666e-02	-1.722492513395064706e-01	-2.519006133461622055e-01	-2.756513088801479938e-01	-2.122303922030744361e-01	-1.322094223637935995e-01	-1.199680001684391567e-01	-1.153237095740893142e-01	-2.162927736293723813e-01	5.207072890064022574e-02	-1.331291914484642458e-01	-4.840728826685201241e-02	-3.997226164025995815e-02	9.529416509895083376e-03	-2.320864268391304164e-01	-2.132729823524325274e-01	1.028109216895853328e-01	1.389763759615352812e-01	1.087310221964169349e-01	1.905020725465096376e-01	2.299930459346204159e-01	6.493052348870619328e-01	5.419040001313653043e-01	3.211534679400560588e-01	2.212701934836302231e-01	3.512893481453817635e-01	-7.161833032795172915e-02	-2.627062977424033385e-01	-1.789186157511787889e-01	1.109364041923869768e-02	-1.880880106658451845e-01	-9.509624936078149571e-02	-2.196218467732352284e-02	-2.537332934238763563e-02	2.613442772388416269e-02	1.258267483021189570e-01	-1.037383798851646277e-01	2.610922007641052617e-02	1.433312159850047562e-01	-1.633255081654116647e-01	-2.009376343875079463e-01	-1.860524837646724550e-01	-6.303028091332815719e-02	7.030210550919951951e-02	2.277112923356252039e-01	2.441677872492511447e-01	1.555724901703809393e-01	3.801487410300895264e-02	1.654723108465204484e-01	2.394743278436995970e-01	1.157303611976060326e-01	1.326181736272344924e-01	6.336030620620809739e-02	-5.330997812583286328e-04	5.717686411264548407e-02	-1.843566940874039745e-02	-5.099822214087839506e-02	1.547174158916662587e-02	7.183060249582157164e-02	-1.247649529818470882e-01	1.767283611292357406e-02	2.205619806654278980e-01	8.815689519313120448e-02	-6.058149442413901520e-02	2.895954804563669605e-01	1.396011995870561351e-01	2.162038239775554149e-01	7.031321644008775226e-03	1.723031500154432460e-01	-1.923234892273059105e-01	1.157338382015171696e-01	-1.864929363595518308e-01	-2.169171253537137412e-02	-8.201273065921861616e-02	-2.190981080476725185e-01	-1.574921183227070143e-01	2.300715074677312233e-01	-2.530295958652152288e-01	1.593339666968917601e-01	-9.197214031295299075e-02	-1.848580017131901954e-01	-2.682407543483538714e-01	-9.680528968243447274e-02	-6.355292113734917203e-02	-2.901973701745012013e-01	-2.382862478447183852e-01	-3.426139468378666120e-01	-3.470138202224921919e-02	-2.592575726765282695e-01	-1.636438850069661666e-02	-4.895144380877303886e-02	-3.483450651055980396e-01	2.331336457416218755e-01	6.525397657141350505e-02	1.623581273176243900e-01	5.430215811224717998e-03	-3.404491986856916785e-02	2.426959544045409478e-01	9.003530161813073918e-02	3.116307143608838537e-01	2.972937064086403347e-01	6.679483472916420382e-03	-1.314874087671871472e-01	-1.731910092591717742e-01	-1.060904267644230542e-01	-1.277718424561060384e-01	-2.410654576550838313e-01	-3.938168112436325752e-02	-3.923582485191312030e-01	-2.927528756113086938e-01	-1.380600695265661315e-01	-4.483204888332072841e-02	2.781570971944550830e-01	1.828472600689557137e-01	4.099720554578949877e-02	-6.802239696818575265e-02	-4.278812910033495676e-02	-1.213351478091322794e-01	-1.514593530248090902e-01	-2.123821870699958425e-01	-1.129147357298836835e-03	-8.093619429532937504e-02	-1.477672644397268475e-01	3.884016978193675917e-02	1.163031158061653553e-01	3.756134624432597713e-01	1.851767962176623927e-01	1.665251695367398754e-01	2.842637432512880660e-02	5.421212480681798507e-01	5.579812743660540475e-01	1.000000000000000000e+00	2.603029389100123825e-01	6.143905551660939351e-02	-2.749241758394626034e-01	-1.060181280928609304e-01	-4.730145272689043057e-02	5.296304874901597987e-02	7.557798649306619876e-02	2.583090119721341837e-01	2.777136921094406352e-01	3.122458358403310680e-02	-8.285333060488386803e-02	-1.159428441047409553e-01	-2.726845052744356415e-02	4.265653670919225537e-01	-3.517305092937674654e-02	-7.999257765275478993e-02	6.033418180531695957e-02	4.997970821171609027e-03	-4.467313071408374886e-02	-1.733779541674115576e-01	1.338495488172439241e-01	-1.919861091900164005e-02	1.955004635221753995e-01	-9.520704740499200125e-02	1.985509359243398109e-01	4.597448668945737504e-02	1.145193319791313336e-01	-5.038186674668211629e-02	-5.640133483107138274e-02	2.495454079047134399e-01	2.277993767654653556e-01	1.544481098458904411e-01	3.576706849339010841e-01	8.229459823248679029e-02	5.844189241192130485e-02	1.941626672006114274e-01	9.708331318973957569e-02
2.697226555289263805e-01	-3.594618092296367889e-02	2.548936393422173707e-01	3.834717949577237661e-01	5.115479731733902913e-01	4.215923819923129146e-01	2.465357333649119131e-01	4.100519786237050157e-02	1.429637622253532581e-01	9.118457300360131856e-02	1.047278259216123525e-01	1.442760262327356935e-01	-1.763731852903110409e-01	-9.170218313745336081e-02	-1.753001862369440722e-01	-1.950235877291313924e-01	-1.291238231046124008e-01	-1.781514338816234944e-01	-1.023875447060085542e-01	-2.250992220556823908e-01	-2.375928290058202663e-01	-3.352369416004450375e-01	-2.650486974695867581e-01	-1.890993928344034680e-01	-3.165962398748527473e-01	-3.558158573692968285e-01	-3.253483080941688144e-02	-1.191531335754127258e-01	3.255592738271779751e-01	1.334298433769865733e-01	1.955960613434054585e-01	3.300403392608030617e-01	2.234804686268778151e-01	9.899902680369911112e-02	-1.679593377210340244e-01	-1.623959669456516430e-01	-1.923044702158284158e-01	-1.189740566887783624e-01	2.125987918088458606e-01	-2.523758163115796815e-01	-1.756232777667051659e-01	-8.451582785745714865e-02	-2.481049554400417412e-01	3.624045701142563497e-02	-2.098563910642168850e-01	-1.570642671813015923e-01	-1.099642997543291700e-01	-1.458688977963328581e-01	-1.665208802738115668e-01	-2.221049527056221662e-01	1.598646193495313061e-01	1.229335433406574668e-01	2.263051860344443000e-01	1.155390770469478939e-01	-4.149060969336965804e-02	4.147237134629474381e-02	-1.311729958029743404e-01	2.356385530796616112e-02	7.679124035668281889e-02	3.390128598908583868e-01	3.993327979498868113e-02	-2.527855111755096806e-01	-5.326229495171963535e-02	9.239646626475178648e-02	-2.817949157082554335e-01	-6.021994094807458890e-03	-2.357315912810435676e-01	-1.001257330664352130e-01	-2.983366723413090615e-01	-5.668835289308511716e-02	-2.863626290006612840e-01	2.035370610283535053e-01	2.090097549450843639e-01	-2.128303458476990262e-01	-1.383943263191081685e-01	-1.100273383631399926e-01	-2.180990100058063236e-03	-1.750564772858123896e-01	1.840667032148873006e-01	-5.071435803189044793e-03	-1.210879779111063113e-02	-2.185276915614191573e-01	3.217791082096875532e-02	-3.940319806798408403e-02	2.828471173454354809e-02	-2.982478720457011900e-01	2.682038129680581681e-02	-2.203948941477306134e-01	-2.779759633492119297e-01	-1.942893149728413260e-01	-3.986756226419361782e-01	-2.530009833707279054e-01	-1.585757123621132636e-01	-1.868837716226061929e-01	-3.126086377795618265e-01	1.050994684945612406e-01	4.272526708698660691e-01	3.267744213551441734e-01	-2.212655165221135423e-01	-4.016571566400079646e-02	3.688085104519830404e-01	3.294274453280967574e-01	4.429914030565837435e-02	8.950139108266716090e-03	4.136582138165741385e-01	3.328402100975902389e-01	5.813067941245553261e-02	2.126387265496703372e-01	1.758763054630007594e-01	6.741603066011145340e-02	3.058115312673186370e-01	1.449715217922393773e-01	-3.127904437425445550e-01	3.665384638200214901e-02	-9.286608959163382415e-02	-1.478435529846862939e-01	-1.917270753050024368e-01	-2.753772383684922609e-01	-2.113509575930001480e-02	2.314598982389817761e-02	1.045561421759387544e-01	-4.330032980511736018e-02	-3.483003915453062871e-01	-1.144189697535474559e-01	-2.000524024989402960e-01	-1.078185230504030007e-01	-2.330208825397250272e-01	-3.343078779962762037e-01	-5.739014553247587247e-02	-7.704695185070213614e-02	3.939647472551831009e-01	6.338242222658323488e-01	5.357572294322267004e-01	1.819126637321669404e-01	2.255534686354797869e-01	2.850158198991665781e-01	-8.519885872535640226e-02	-7.271203739237473707e-02	3.859387969018323039e-01	-2.672476273655036150e-01	9.761116728129970443e-02	-3.006918766565112588e-01	1.492331587360003209e-01	-6.600503207347259427e-02	-2.838237966633235798e-01	-1.617549034092470583e-01	-2.394980866460355851e-01	-2.719610550161336363e-02	8.818950757157187348e-02	-7.963251708967268583e-02	6.926253466330584141e-02	-8.038223555616737237e-02	-1.905546613717179483e-01	-1.448860745489320423e-01	-5.666565533937987370e-02	-1.940669199155328206e-01	1.761149393322423984e-01	-7.166505365037081909e-02	1.563804192077269117e-01	-3.425270648357815056e-02	6.254586843840095889e-02	1.899738144257621109e-01	2.603029389100123825e-01	1.000000000000000000e+00	4.658622960634607041e-02	-1.301853363204905252e-02	2.196667409977050567e-01	1.149394109163497796e-01	2.757895217482098094e-01	-5.510424758282069652e-02	8.763442401785767610e-02	-7.063070319894174109e-02	-1.298687352513245852e-01	-1.707411429623242327e-01	-2.900384398785020856e-01	-2.586471484861729841e-01	1.550254310274090386e-01	-6.858170789720072213e-02	-3.160142111259722220e-01	3.023778311369895375e-02	4.173562555767142412e-01	2.231859614234342482e-01	-3.135992459507575547e-01	1.927944172411100998e-01	-1.753195188990380737e-01	1.520027714781064208e-02	-2.677536156215254426e-01	-1.698759186339537930e-01	-8.555122720807294134e-02	-1.506623798732119601e-01	-1.751612779034267264e-01	-2.983980204061525976e-01	2.014925270175133287e-01	3.984430608057871193e-01	4.406085876730329032e-01	4.703693471764308076e-01	7.323927579119872758e-03	-3.603345819432716701e-01	9.816208373857789049e-02	1.124339942386165386e-01
-2.172786181235513217e-02	4.049575383993686550e-02	-1.349257222644834331e-01	1.778256922637010962e-01	3.432670842314426984e-01	3.757020056034841571e-01	-4.104606793032091611e-02	-1.746423413672237579e-01	-1.251006982120167199e-01	-1.069500728666407385e-01	-3.777531952258771086e-02	-8.943177878529249419e-03	-8.120811719393766781e-02	-3.198736668107770575e-01	-1.406372076934933601e-01	-3.997411602457858204e-01	-9.828644617282435159e-02	-3.033760044897749752e-01	-4.261692170419933978e-01	-1.462943864490149071e-01	-2.737683073974085946e-01	-1.442321506025537325e-01	-4.985510727415808363e-01	-4.206579288498981106e-01	-3.763993749999928751e-01	-4.066391733058520308e-01	-1.880438273205701782e-01	-1.514491187246024828e-01	3.549208657183330340e-01	1.413015671978647969e-01	3.889539758923653973e-02	5.752192648740055425e-01	3.077260917803614215e-01	7.891961312503811832e-02	-2.310154857099642189e-01	-3.011773007157348414e-01	-1.287552169337946306e-01	-1.351431070979723092e-01	1.773229907484756562e-01	-3.457294076618489531e-01	-1.124820435372044375e-01	-3.384282136782472139e-01	-1.894553860222943087e-01	-1.151289719329908340e-01	-2.381443910497699490e-01	-2.098973003516139413e-01	-1.773006193525375196e-01	-3.168167883288582343e-01	6.376582999627842738e-03	-2.690993640727795677e-01	9.572978056680514491e-02	-1.114576069278324366e-01	6.709458525687389541e-02	-1.859508879130351844e-01	-2.163814780714410843e-02	-1.043638565906934573e-01	-7.159394947443473156e-02	5.818220060155242512e-01	2.146905036193515748e-01	3.221129428462082278e-01	3.378306342960912811e-01	4.435881273608176939e-03	2.121839302928358040e-01	3.079497793607681722e-01	-1.459901667697655614e-01	1.791115309315299275e-01	2.591410712992307519e-01	2.255624195816616218e-01	-7.332530177507057961e-03	2.114390231124829711e-01	5.827644735956431093e-02	9.258637010952691648e-02	1.707929605746018320e-01	-4.150748964173294614e-02	3.321597751325736092e-01	-9.932205436712936153e-02	-1.788201495785192163e-01	-1.669145158921480354e-01	1.397671762971643417e-01	8.931021012699108530e-02	-2.919560904992060668e-01	-1.023849518766599548e-01	1.054866973094925747e-01	4.268312464790120081e-02	-4.297006397555279411e-02	-2.824824671102884044e-01	-1.627118929847094775e-01	-1.956461314882980973e-01	-2.760920442938087360e-01	-8.915787273408319960e-03	-3.286618768278811165e-01	-3.139267972396839745e-01	-2.088389333084580413e-01	-2.539321406725449370e-01	-2.849826962470826119e-01	1.639653936364751097e-01	1.011158989440382877e-01	2.227906348894738708e-01	-2.724215221292745626e-01	-9.478152486939274424e-02	-8.771934138343503995e-02	-8.446636465165802132e-02	-1.999486801490802101e-01	6.477789354576045378e-02	1.901881764163702027e-01	8.687369366857054798e-02	-1.186466928401692100e-01	-9.880638736990803028e-02	-1.286711463638016417e-01	-4.385913291458113511e-02	-3.421198910544381161e-02	1.758281893096949045e-01	-4.175158413207582520e-01	-6.706718662318263136e-03	-4.323316734431492114e-01	-4.697619252084015984e-01	-2.492337342006081535e-01	-4.147061704619762756e-01	-1.646964700555804129e-01	-2.591886927229526960e-01	3.034468069127356851e-02	-4.413708930827835442e-01	-2.283691340095343469e-01	-1.821718348158841150e-01	-2.256158319051922434e-01	-2.637329947006950004e-01	-4.001433171237668840e-01	-4.711295848766306471e-01	-3.425070926543922756e-01	-3.165507175172285192e-01	6.004355498056590523e-01	9.773202832591816602e-02	5.144329929077421371e-01	4.542051697683629485e-01	3.368303311566100411e-01	4.387048345752660450e-01	-3.132026583901665329e-01	-1.375831356088131896e-01	1.992498359332310065e-01	-2.253837367820902063e-03	1.378419689361314038e-01	-4.580977181980090962e-01	2.080772797294274390e-01	2.757915765964604957e-02	-1.811585523297265798e-01	-3.545436122857986705e-01	-1.624728672147532360e-01	-1.429523935395878298e-01	1.044836981853840968e-01	-1.672482260938193133e-01	2.776212233018100772e-02	2.494532697798174103e-01	2.781734576611900600e-01	8.659356450286183338e-02	4.128861073058020525e-01	1.908257089331235612e-01	-7.718707379087392552e-03	-1.675096116273380176e-01	7.308902746454126742e-02	-1.078773472740727629e-01	-1.152716938790957490e-01	-3.147922407850208271e-01	6.143905551660939351e-02	4.658622960634606347e-02	1.000000000000000000e+00	2.449965626216971670e-01	3.700241251139044785e-01	1.082304866919819447e-01	6.328902867128244347e-01	3.475806867764448804e-01	-1.762772376439098454e-01	5.978322971079302883e-01	5.242363165095086375e-01	5.215084525674018590e-01	-8.642539569531848542e-02	4.248669814464600125e-01	2.937015996696904496e-01	4.796615637488182426e-01	-1.356938034956337580e-01	2.176183595152094141e-01	1.367088180611804871e-01	2.864596067535977175e-01	-1.472730327674020845e-01	1.156826022981216895e-01	-1.756583884900933812e-01	8.993504566051695182e-02	-3.045998695802892495e-02	-1.158117227448814818e-01	-3.868848271944425044e-02	-2.412677081064210916e-01	-9.066557355700087528e-02	1.531559159470452791e-01	-1.114182312773144001e-01	3.462516162384157159e-01	1.678709832760947318e-01	1.503576951477686163e-01	-2.221755471422277028e-01	-3.137889273173773419e-01	-3.179979290767762784e-02	-2.283980795900166783e-01
-6.338912096131955887e-02	-1.448929883051528755e-01	-7.497723521527469015e-02	2.873329090565442806e-02	2.576061976016093547e-01	2.530200157357549995e-01	6.535259681262506337e-02	1.437437234421146681e-01	-5.205999670843505095e-02	1.722587272201349107e-01	9.046002593094475130e-02	1.919480575383636367e-01	-5.381137678748725700e-02	-1.401555684974637415e-02	-1.047043824377290183e-01	-1.124438150697419786e-01	1.365822388910421237e-01	8.636822908366877105e-02	-1.715780427927777463e-01	-5.006288633402535687e-02	-8.159522598155903583e-02	2.670340924532397728e-02	-2.954687438681294354e-01	-1.859372548042365902e-01	-2.404855507039776463e-01	-1.812007600682308261e-01	-5.583604953539941795e-02	5.919375379051607794e-02	3.062207600792654083e-01	3.352181197182825811e-01	-2.796630168548063788e-01	5.102732318825849989e-01	3.903226611706211435e-01	4.117483918635228002e-01	2.846588213121316602e-01	1.245133575547323068e-01	2.010810383481906327e-01	3.021486622794168908e-01	4.125584251065750885e-01	3.329228897798139908e-01	7.227731141069410059e-02	-9.088916063664552458e-02	3.908406234774621790e-01	-1.477828994714842914e-01	5.345567261318256297e-02	1.414972137455467183e-01	3.317979381312545217e-01	-8.666125388612524322e-03	-1.145798079348698123e-01	-2.859375094575027920e-01	-1.875027412434563528e-03	-1.972767108345507558e-01	-4.597263605190307634e-02	-6.075805640205056424e-02	-1.472820962175190596e-01	-2.422865682466692483e-01	-1.462065645280388564e-02	4.645482124910361166e-01	6.347551490022986798e-01	5.014229987088615337e-01	1.358785751281560150e-01	3.568555998274235974e-01	4.450124639281536343e-01	5.022414720565501201e-01	1.119792661527074656e-01	7.432174093529499148e-02	-2.856185916108704842e-02	3.782305058396973063e-01	-3.333204796772106793e-01	1.361025243372942506e-01	-8.728885287446475072e-03	7.215718410048323509e-04	1.546606952139843727e-01	4.956905501670822584e-02	-2.189333861865697672e-01	-3.433399887017173913e-01	-5.200491543552511198e-01	-3.051601982269704361e-01	-3.231100356595228429e-01	-1.756695760605450907e-01	-3.463914131492954462e-01	-3.165420537019914549e-01	-7.182989556336662196e-02	-8.240663810240035636e-02	-2.109593110530749993e-01	-2.540674410371714931e-01	-3.899310442932225063e-01	-2.393751470221736344e-01	-2.018167247034478862e-01	-1.383771633529709832e-01	-9.787321846363257472e-02	-2.011529993310827991e-01	8.984482764486607931e-02	-1.113135334001361526e-01	6.850282570808889637e-02	-3.338811219528219354e-01	-3.377691621968115787e-01	-1.694153354699080849e-01	-2.136726762692038595e-01	-4.657552099673607504e-01	3.325549741380062763e-02	2.929185806777291901e-01	2.453804411034690366e-02	7.180645126551011247e-03	1.760111901835518244e-01	1.366193257373065351e-01	1.561310384655691663e-01	8.266183876969594030e-03	1.467349905036152979e-01	1.294575451076592776e-01	1.027731239967076271e-01	3.300158851008240246e-01	7.936846088183577286e-02	2.337611062858296063e-01	-7.409519098285120842e-02	-3.214264618223282560e-03	3.411388344169644093e-01	2.607364401213401739e-01	9.314843378308942934e-02	4.226160075045665154e-01	1.271487533887095678e-01	-1.836295566788122002e-01	-1.129213541719157818e-02	-2.588838309004742877e-01	-2.132923843209943715e-01	-1.707678265966748599e-01	-1.103375127105079428e-01	-6.259118029915149151e-02	-1.053149130834300229e-01	-1.309372992934024482e-01	3.623463612864546990e-01	-2.327074489446326507e-03	3.874989391979981046e-01	3.261943627077500407e-01	7.220122241597268786e-01	6.659618947564441838e-01	2.003715616171745650e-01	5.522961164851678539e-01	6.575109624849104217e-02	4.289476799678407226e-01	4.820123855035428617e-01	2.433039510724526178e-01	1.440395638170240966e-01	-1.121977432693339327e-01	-5.116688311593284993e-02	6.796697023985560915e-02	1.907299954535059683e-01	-1.440669338558460237e-02	7.262622957263829837e-02	1.325289089869687020e-01	3.932523809965275952e-01	2.925215366930740690e-01	-1.656440478516372217e-01	-1.152816643638263777e-01	-9.376527108759773188e-02	-1.846111100396991000e-01	-2.516427307709541705e-01	-3.366249513211254096e-01	-3.583551669293560948e-01	-3.771185827626362674e-01	-1.321779827136544128e-01	-1.302389667211211188e-01	-2.749241758394626589e-01	-1.301853363204905252e-02	2.449965626216971948e-01	1.000000000000000000e+00	3.029728322599622992e-01	5.475352447303777348e-01	7.307969759326461701e-02	-1.478561036237069533e-02	-4.495143048574312683e-01	-1.332658137514655949e-01	-2.590886637293968731e-01	3.992824086460100008e-01	2.123790292204277286e-01	-1.920588692655748886e-01	-2.188695577239878343e-01	-1.053397449154119120e-01	-3.329095545379165411e-01	-3.740888335704209422e-01	-2.198871166322156900e-01	-2.639547948775279318e-01	-3.082318363673415273e-01	-4.232682110099901251e-01	-3.469037134155515956e-01	-4.389861235666494554e-01	-3.704487919317645539e-01	-2.301066974644276897e-01	-4.018585884710216827e-01	-4.980673644791526744e-01	-1.655487805530299339e-01	-2.455295333641746014e-01	-2.341874693720773504e-01	-3.696462267902745902e-01	-1.825351700898083795e-01	-1.998183445672937764e-01	-2.976892484219814672e-01	-2.261821478443997446e-01	-5.056023108453943093e-01	-3.756788119922314095e-01
6.023671761404496977e-02	-5.247454332895729046e-02	8.916830100171545259e-02	9.446855466947222391e-02	3.249556434433065188e-01	3.441336490249188307e-01	7.238614058770483084e-02	4.940042137121136885e-03	7.453099376898156270e-02	8.681014968370626139e-02	1.637729862089980504e-01	1.661671643081263083e-01	-3.022819107292767926e-01	-1.292122248032669396e-01	-1.812974499671292095e-01	-1.973066175104487285e-01	-2.403168767275089268e-01	-4.966974991179105153e-02	-2.977237051760889264e-01	-2.858090405549171265e-01	-3.075650674039985821e-01	-3.646782426460325466e-01	-5.432301052738465197e-01	-4.611175388982371448e-01	-3.773430804872204281e-01	-4.449894790837633507e-01	-2.211265784445375360e-01	-2.026423952745886603e-01	7.981715938198807869e-02	-1.358521783507913028e-01	2.021879401326875936e-02	4.406161848915883805e-01	4.026609731511926471e-01	1.476724659283650265e-01	-1.062333494775862114e-01	-1.081526278149798070e-01	-2.394535922622457458e-01	-5.994014091659150001e-02	3.973821143594754024e-01	-2.505593581266060133e-01	-3.236224518317743493e-01	-3.032006104462408036e-01	-1.759470856569449182e-01	-8.094658306412122473e-02	-4.702822344010661182e-02	-5.153718674260881344e-02	-1.250852125190472230e-01	3.999781663244338786e-02	2.593650259712683079e-02	-1.306025968606717436e-01	-4.021447240204496787e-02	-5.194732072488929264e-02	-1.727046213304635480e-01	-1.751083357770632787e-01	-2.819157098113691529e-01	-1.697790199468336148e-01	-1.990727475247631162e-01	2.282831312553423586e-01	2.410324170929618592e-01	2.596770996558097067e-01	5.118470809503490315e-01	5.496892906520085137e-02	2.258085160855830553e-01	1.221888833650840445e-01	-1.017635377318826528e-01	2.153227669672106229e-02	-9.762884569668781043e-02	2.272547122365333738e-01	-4.114719633478756966e-02	-3.845618767712181280e-02	1.003836273454462302e-01	2.562070804853704975e-01	4.301827297204034450e-01	-9.370561087225659502e-02	5.349129650716176465e-02	-4.596671721697308255e-02	-2.828052037797200713e-01	-1.389419277480515025e-01	2.206689366648421080e-01	-1.277148853432935049e-01	-2.290115715749838077e-01	-2.175622622348400981e-01	-7.524458828738105065e-02	-4.044036416071844497e-03	-7.600250670984914914e-02	-3.824444047951128800e-01	1.324731007346509901e-03	-1.934234163877738555e-01	-3.024721062027967977e-01	4.700691664841405437e-02	-2.112465242963725287e-01	-2.667317297609312909e-01	-1.733672574588891457e-01	-3.606836838743370799e-01	-2.300457520605598827e-01	1.093766484761876101e-01	2.160382477245671728e-01	3.233014906315330173e-01	-3.873916916863636151e-01	-1.684685996057236346e-01	3.818829594480471767e-02	-4.093371222230459024e-03	-2.075727838130668468e-01	-5.055604014547752934e-02	1.558484868392090161e-01	1.530140333273273812e-01	9.902874737551164985e-02	2.999486879104470635e-02	6.791120117307371251e-02	-1.305923030133998020e-01	1.945964424820754157e-01	1.947473063503419310e-01	-2.859224778512825527e-01	-7.827835507996422706e-03	-3.379120755510555130e-01	-3.519286936934338250e-01	-1.363182054611984662e-01	-1.402148956788771827e-01	-2.326246942142036755e-01	2.475000678382886787e-01	4.896082769543559643e-02	-3.607365393233535888e-01	-3.021968094664916338e-01	-3.842908482770968082e-01	-1.741657011877021100e-01	-4.701547255289185712e-01	-5.253814748058065476e-01	-4.701676355102840654e-01	-3.633664574811397707e-01	-3.042431697775465071e-01	2.677163134829726454e-01	2.199197097415905300e-01	4.847787972982049998e-01	4.415737323389498092e-01	3.095057493661110271e-01	5.241838878241377175e-01	-2.631881032521696806e-01	2.292965739003668610e-02	4.836753577352086442e-01	1.660153838281460126e-01	4.062944306008206552e-01	-3.899279699991290982e-01	2.166474177003951118e-01	-2.106979053966605564e-01	-2.438397547460127435e-01	-3.211786528816032438e-01	-3.530629295645464766e-02	-8.290844824121851309e-02	5.154359267033065649e-03	-8.405148983813133523e-02	2.716251003812498732e-01	4.340124957264675232e-02	2.419684121831707779e-01	1.396468550844230661e-01	2.950421080371128935e-01	8.146873532461644529e-02	-6.125984777943353082e-02	-1.644301495825510051e-01	7.480634462281629538e-02	-3.698835640796682006e-02	-1.236451800069588297e-01	-1.537345783112769315e-01	-1.060181280928609304e-01	2.196667409977050289e-01	3.700241251139044785e-01	3.029728322599622992e-01	1.000000000000000000e+00	1.212845872402640024e-01	4.556699827226886601e-01	1.462384430387272671e-01	-6.396311308992502775e-02	1.024899389802356592e-01	1.386344420494366736e-01	3.626163468868858764e-01	1.692713132339642434e-01	2.835258280122447960e-01	-7.377166157337088775e-03	1.353951290371111782e-01	6.657411032611786073e-02	3.119862634991565908e-01	2.759172951362806603e-01	3.539232030431240239e-01	-2.616002727562019570e-01	2.115859274245549815e-01	1.530253522315501991e-01	5.861017016623324555e-02	-7.885646520475989019e-02	-1.307085766970855489e-01	-2.119827074129029647e-03	-1.336064330562553026e-01	-6.059924254791058951e-02	3.365022824794376005e-02	1.087858720386022590e-02	2.633102091308068271e-01	3.460625648974980373e-01	1.393298944099043979e-01	-2.161096883122328241e-02	-2.779289643986530556e-01	-1.597182196118696329e-01	1.199156612994000531e-02
4.233328456335436196e-03	-7.099952873408821308e-02	-1.644616645819490519e-01	4.090482181790271177e-02	2.375175401871266190e-01	1.938007548564471549e-01	9.620456977474545202e-02	2.932275049960405069e-02	-1.042778093463456596e-01	9.633837844959143581e-04	-5.241139477562378225e-03	5.056397030142412846e-02	-2.976714384208138317e-02	-1.561110594990137990e-01	-2.182104462023997382e-01	-1.662103784308195664e-01	-2.851571728081683452e-02	1.499473529818380890e-01	-2.356664094217076899e-01	-1.047529138297683821e-01	2.079695833333249089e-01	2.902012150259228873e-01	-9.421115848246744418e-02	-6.096517268611759653e-03	4.027818601409404592e-02	-9.489264384467381575e-02	-4.029620213237671694e-02	3.242302743007950405e-01	2.696654137606258606e-01	3.630103348524703621e-01	-4.281790228827868083e-01	1.926276872043103938e-01	3.186851921573179980e-01	2.783695349545111664e-01	4.480930771189265555e-02	8.799505035005303344e-03	1.634851679311921102e-01	1.322159809078891357e-01	2.611721870208172924e-01	3.079163118940380639e-01	2.780285339894214558e-01	3.669873017414437139e-02	3.274808931182808247e-01	-1.050084907236673859e-01	1.587939777591573232e-01	2.333875560881921440e-01	2.789358548314940789e-01	5.920917975841783615e-02	1.381088236891209187e-01	-1.217187053480153491e-01	3.975996860512221592e-02	-1.435203475518910532e-01	7.823478831575957429e-03	2.420904032639733042e-02	-2.119363806034793851e-01	2.207605078160801426e-02	-9.248393922295934655e-02	1.399440228245153739e-01	3.370898437597558139e-01	3.679821645806010122e-01	-1.260431419947457277e-01	2.152846790920170117e-01	1.872204487046237320e-01	3.387627467920960034e-01	-8.162581195111495713e-02	1.081367366698631205e-01	-2.078648110403668869e-01	1.186133546309880021e-01	-4.278307841301063896e-01	-1.598141030499789644e-02	-1.209412990985822695e-01	-2.062085933360995604e-01	-6.807203869591735290e-02	-6.877899477360796543e-02	-4.323662885919254961e-01	-4.852170455480113720e-01	-5.780877434099508383e-01	-3.593264192536958501e-01	-4.604090191588894321e-01	-9.063085685606485364e-02	-2.902220030801690442e-01	-2.712323477311576192e-01	-1.067523414428016709e-01	-2.170830008390828569e-01	-1.470171801613371909e-01	-2.698849462371555319e-01	-4.238999024428077855e-01	-1.708863384750922698e-01	-1.763301535661522257e-01	-1.256294550560901058e-01	-1.268049902235909576e-01	-9.863404978549628055e-02	-3.023524283043268340e-02	-5.363556510665331428e-03	2.190063169887251360e-01	-4.855719151351330920e-01	-3.796535536857748028e-01	-1.058834827082413416e-01	-3.835988840245722897e-02	-4.577937965219203154e-01	3.449031207345232275e-02	3.430573081173322048e-01	-1.276852600600297816e-01	6.633769286701775292e-02	2.821639818625854557e-01	2.146202937372625966e-03	-1.274216028524657318e-01	-2.025696767914874907e-01	-6.126691043899538253e-02	5.433006708941203882e-05	-5.290049772363344949e-02	2.521757688491826910e-01	-5.448445262193181773e-03	1.938471475896209051e-01	8.766411266429995075e-02	-9.225879313136443882e-02	1.191482900211336404e-01	3.704773551089866196e-02	1.295102907355706878e-01	4.723879507580189263e-01	6.941625369912797494e-02	-1.846102584973713379e-01	-1.858753610528844913e-01	9.473438089416222341e-02	5.696441991272215705e-02	1.410816510126161327e-01	4.353307913489411901e-02	5.248676993627886256e-02	1.804583004457280815e-01	-5.011817998309484046e-02	3.746485130782136186e-01	1.343097612841596400e-01	2.772864779321291828e-01	9.635183948235388762e-02	5.854028596925275885e-01	4.256400941830138507e-01	1.191988858225471598e-01	3.173580525056418633e-01	-5.836353411918906997e-02	1.917679562953477357e-01	5.748995168882534701e-01	3.207367086179239712e-01	4.314568360075026754e-01	1.414198148604212391e-01	1.250088548910715247e-01	3.371010056865160753e-01	3.497845225040684403e-01	-1.716185997221232953e-02	-2.038760156357315861e-02	4.218229150427815766e-01	3.953767622902878420e-01	5.373443035062948070e-01	5.460205373987424282e-02	1.262530675148779702e-01	2.065504206809216647e-01	1.309328140173392219e-01	-6.706841647406545925e-02	4.193872742840813739e-02	-2.495800645360574110e-01	-2.202737026506739748e-01	-6.576882595364909323e-02	6.430276043886198889e-02	-4.730145272689042363e-02	1.149394109163497935e-01	1.082304866919819447e-01	5.475352447303777348e-01	1.212845872402639885e-01	1.000000000000000000e+00	3.648538459031718806e-01	7.989577887383836341e-02	-3.322886954200123810e-01	-1.135365674910172457e-01	-3.376321682825805248e-01	2.286563314714113448e-01	2.293283461918980415e-01	-1.338971855384709919e-01	1.303001833151030409e-01	-4.947934800145644546e-02	-5.665679443279380417e-02	-3.685951876757535550e-01	-2.926268299584999788e-01	-3.684143666322529098e-01	-2.663341419467335491e-01	-3.695182020370700871e-01	-3.208757350704260491e-01	-4.504176669905984864e-01	-1.712844792370747382e-01	5.042250816974633981e-02	-2.185667074218501926e-01	-3.644826181044818481e-01	-1.186617897592453508e-01	-6.353445097535212471e-02	1.890499575541581267e-01	-3.897285891469537966e-01	-3.174696309390989679e-01	-1.118642861248266007e-01	-9.937510176674846374e-02	4.671497485497474837e-03	-1.859527858813678769e-01	-7.077674633369659962e-02
1.369974829757870383e-01	9.924107456911110403e-02	-1.173443477345318953e-01	2.200089524928454943e-01	4.797290261340459994e-01	4.287419346271533760e-01	5.604343179486192747e-03	-1.942349787846375242e-01	-5.232179609867110281e-02	-9.325937678160366173e-02	6.633111772019714691e-02	-7.367211544630995063e-03	-2.715169740425055211e-01	-4.077624960620174210e-01	-2.604378047331619150e-01	-4.427211475475925084e-01	-4.163293182799332470e-01	-1.310240298611710374e-01	-4.715285838947939068e-01	-3.916596510821448440e-01	-1.606903265202724584e-01	-4.174863169538436947e-02	-3.976392186290875763e-01	-2.417265353427314467e-01	-2.887009005735359235e-01	-3.472990220766003500e-01	-6.305673387726254409e-02	5.057294976280786447e-02	2.831887139684668986e-01	5.377462171914376698e-02	3.285278307169346018e-02	4.248330060752958381e-01	3.653224601007661332e-01	8.591090472586422611e-02	-3.301563606063516176e-01	-3.824877773499528733e-01	-1.857125529122501950e-01	-2.786489115963706742e-01	2.744888478982204782e-01	-3.473432014857997796e-01	-6.717417732194476410e-02	-2.072958985917559283e-01	-1.740241850446673233e-01	-1.680723093114289968e-01	-1.037760811826285018e-01	-1.771645375475060236e-02	-1.818547498131383999e-01	-2.359368744158169551e-01	1.570358498574485340e-01	-2.265165098023356194e-01	5.614549415720095082e-02	-2.065360903175065821e-01	-1.274052595904159348e-02	-1.688254942997367281e-01	-1.961836040529654213e-01	-1.633351284195912190e-02	-2.257741213794752788e-01	3.294720983296299810e-01	7.126181049648031007e-02	3.567794156523760307e-01	2.535384078665536833e-01	-1.364240381679829028e-01	1.166484651669167788e-01	2.569395839741686616e-01	-2.500755332342056159e-01	7.489048857464136733e-02	-8.946143589288677034e-03	4.520979059750834111e-02	-1.451798767388383649e-01	2.773780131268031510e-02	-8.651913732320054562e-02	2.420827763299339755e-02	1.322741378196741480e-01	-2.036675365622166722e-01	6.432710252028712994e-02	-2.058819709457604119e-01	-3.778193445866255273e-01	-3.425114562406790242e-01	3.588220808703512787e-02	-6.029394602440061451e-02	-3.563392255528036179e-01	-2.126062120792076293e-01	-1.408840087378652184e-01	-1.311339927680374995e-01	-1.102081039956312458e-01	-3.475970489943583930e-01	-1.852380440912661241e-01	-2.587253416869864098e-01	-3.277652750330410925e-01	-8.672079366996969518e-02	-2.835888978444054409e-01	-2.705027370086934835e-01	-3.435197882918184509e-01	-2.899145407655042139e-01	-2.284371145948148052e-01	2.620010690434327119e-02	1.478926245207043133e-01	2.268539427053364033e-01	-2.977844146935094694e-01	-1.428620694670854063e-01	3.967434552206516862e-02	8.910914144323425767e-02	-2.757732373338989129e-01	7.559864910276740957e-02	3.095281301957742426e-01	9.416143962338892337e-02	-2.639997675801880606e-01	-2.254015640098094020e-01	-1.587067272033043930e-01	-2.349839243196824856e-01	-4.044347862351273248e-02	1.500073012041421849e-01	-4.331251036323923165e-01	8.634357156028915625e-02	-2.778357543056303447e-01	-3.512511962500305396e-01	-3.904098446140616963e-01	-4.097066961437720312e-01	-2.785814194244242703e-01	-4.810490702765545662e-02	-1.492369933961617545e-01	-4.549803881326883181e-01	-3.645569341627730164e-01	-4.523033766578868353e-02	1.035397639287511176e-02	-6.602270288218234362e-02	-3.157329366356713130e-01	-3.460985239743716302e-01	-1.579858563902288016e-01	-1.501736199247433734e-01	5.060012772535753545e-01	2.679818733347468229e-01	5.369614147923751357e-01	3.363043858606656888e-01	3.683469379179980518e-01	3.399626215676335161e-01	-2.624769486651801209e-01	-2.099279790430783610e-01	2.671420781193762917e-01	-1.117505423024791888e-01	3.893024695242980338e-01	-3.698026316263396951e-01	4.962874530253375549e-01	1.080188731146339287e-01	-3.386960016006292790e-02	-1.425902241277027804e-01	-5.993997767334263010e-02	-1.373479489313985946e-01	-5.430606710798439180e-02	8.902477879999910748e-02	5.417584679820278831e-02	2.858811896431865951e-01	3.242080044019601259e-01	1.974960642133012090e-01	5.892041981085028857e-01	2.452410139418513546e-01	5.621227325927956840e-03	-7.617896726651242345e-02	2.496564934055226642e-02	-1.310593729971321064e-01	-1.932442470262666911e-01	-1.832690897884471648e-01	5.296304874901598680e-02	2.757895217482098094e-01	6.328902867128244347e-01	7.307969759326461701e-02	4.556699827226886601e-01	3.648538459031718806e-01	1.000000000000000000e+00	2.036267276768465861e-01	-1.776221067330785441e-01	4.188773634844207283e-01	2.617206641657789379e-01	3.292137206204518440e-01	-1.186452022349900569e-02	3.988728628995548697e-01	3.501768585738296857e-01	3.035767911165692667e-01	9.752712794307857869e-02	2.126565916185688132e-01	1.891124068141838976e-01	2.306291875855421836e-01	-2.639891428541077945e-01	1.938466068959481814e-01	-1.563164729108753315e-01	-2.121092031169316897e-02	2.451902230732694657e-02	-6.993554663683129724e-02	-2.848840116179627777e-02	-1.365914679162946177e-01	-1.826572189474539032e-01	4.954706893241680316e-02	1.002327456812687478e-01	3.382506842253920065e-01	1.691806752152437698e-01	1.644852534329490357e-01	-1.018305915773164566e-01	-2.700213036291831958e-01	1.373310891457536764e-01	-4.395258295331145801e-03
-1.281279784499465002e-01	-1.357535807202760736e-01	-1.308933080891287459e-01	-1.032226958051211396e-01	-3.718907985481807038e-02	-1.010367053287411637e-01	-1.055693264620414795e-01	-8.279397624371813424e-02	6.551660614084642287e-02	-8.415925379066833967e-02	-8.826965057001992521e-02	-1.911287273335330605e-01	-2.388395966336936960e-02	-9.231214067290956227e-02	-1.327828828084815782e-01	-9.992494374665840395e-02	2.916217239250400509e-02	-1.316943839423171669e-01	-1.634991168092043423e-01	-2.731478919828876639e-02	5.985377865429730715e-02	-1.362859821580942321e-01	-8.506715657189914404e-02	-2.881277961851129166e-01	-1.287256854672521322e-01	-5.129928045722297741e-02	-1.856099020013348422e-01	-2.178877299331882789e-01	8.897861803799878011e-02	3.412760997470312002e-02	2.922737960025922899e-02	8.111721368117460682e-03	-1.661322735125425332e-01	4.259762249858559113e-02	1.061719424457201050e-01	7.793925620762839901e-02	-2.135109218795904276e-02	-4.701818440062306009e-02	-4.725029274907639742e-02	2.784474241238826808e-02	4.206141752198690881e-02	-1.103186493712848687e-01	-8.252688825847067158e-03	-2.741367035430827270e-01	4.767489455884332122e-02	-1.409321662520638674e-01	-1.411258873827997695e-01	5.691828874568333196e-02	2.408664334652128036e-01	2.925626828615078279e-01	3.258691914095897535e-01	1.808034304318644758e-01	5.926206140095480190e-03	-3.047161989467834370e-02	1.452105190377743216e-01	-3.330510646328936619e-02	3.885334370138476996e-03	2.916469384338863172e-02	1.672679087081645755e-01	-5.126757747547071135e-03	9.466553385887982452e-02	2.098246509495453327e-01	1.211642671642876659e-02	1.907304025559055094e-01	-5.728097427251029744e-02	3.946160803242393378e-01	1.705769551974734288e-01	1.570330204765853499e-01	1.238660820330903523e-01	1.031569149365450661e-01	2.891216254340505665e-01	-1.942798254094981747e-01	-2.017464714753281763e-01	8.035668576464642665e-02	2.100304602352390804e-01	7.917422975014502817e-02	7.524367549103073462e-03	2.744578416589646408e-01	3.257055622384403409e-02	3.203934789185535759e-01	1.426030487580418060e-01	3.737678363557041528e-01	3.783126246643713775e-01	2.169198299510012307e-01	1.442644442758750922e-01	9.947243112580837765e-02	1.102425929974767821e-01	2.915324249893776476e-01	1.191673652982437326e-01	3.532897089309599004e-01	6.894834402174841725e-02	2.354856281411575047e-01	3.667712350922300302e-02	1.599282747777631963e-01	5.134546920634660422e-02	1.550372734274067799e-01	4.631869705831198614e-02	2.326570818526536577e-01	-6.180289220033647474e-02	1.660849356620612283e-01	-2.286608468582421450e-01	-2.184457139027126127e-01	-3.005552685602944640e-01	-2.382686874644456554e-01	-3.136152078188461645e-02	-1.587239149634326885e-01	-9.319625308706452546e-03	-9.628900936049075709e-02	-8.222922366473804645e-02	7.603666202611164548e-02	-1.621211993784946181e-01	-1.500873536990807167e-01	-3.160809988525883907e-02	-2.088695747240198464e-01	-1.756133574058927616e-01	-2.669622316211784363e-01	-1.783991802030956420e-01	-2.110453368677840391e-01	-5.151618689168604298e-03	-9.765986492542141906e-02	1.160175521671950004e-02	-2.305014539305447197e-01	-1.512808657425669945e-01	1.692109604006995435e-02	-8.885324226622025312e-02	5.166098114386488173e-03	-2.173682909848762557e-01	-2.758607029369760100e-01	-2.123826604178312150e-01	-2.433501931425861575e-01	2.402617624932582019e-01	-1.069422053127427469e-01	4.892990946713154238e-02	-1.389068866774149646e-01	-6.998639011221323425e-02	5.071615816549185363e-02	-9.783868010074296684e-02	-1.894284973649940822e-03	-1.220559253487547569e-01	-1.430491655355185521e-01	-7.251007865845253419e-02	-1.560456410587518772e-01	-1.135422019894454654e-01	2.554534006623586651e-01	-6.104607106164894326e-02	-2.028533207669093175e-01	-8.891713780035026549e-02	-1.384637019656739104e-03	-5.423525503024548278e-02	-1.740191570004274157e-01	-3.003147987163037359e-03	3.073717983526531583e-01	2.924988922343473852e-01	3.152069129306586670e-01	2.449584265499651636e-01	3.645421866091849150e-01	9.935762194694898464e-02	3.041247479780437302e-01	2.853391884060050843e-01	1.807749491063322944e-01	1.301785124172004648e-01	-1.526320727912865993e-01	7.557798649306619876e-02	-5.510424758282068958e-02	3.475806867764448804e-01	-1.478561036237069359e-02	1.462384430387272671e-01	7.989577887383836341e-02	2.036267276768465861e-01	1.000000000000000000e+00	1.664347738437241264e-01	2.313509706034845292e-01	3.554425075139118206e-01	1.250029626745426115e-01	-1.604531053993511064e-02	2.659424692109296773e-01	3.099872402819738859e-01	3.612936272334845156e-01	1.561759595645920429e-01	1.542005770083050287e-01	-1.329256784206480357e-01	-8.186524351605194150e-02	-3.365539227210254114e-02	1.164565904795926005e-01	2.013026477197100983e-01	7.751979968187047709e-02	3.905121675919968616e-01	2.773769233756116503e-01	2.796927944433603153e-01	1.016543498319306266e-01	3.523410645663508367e-01	3.899053169330544133e-01	1.562706105030743364e-01	1.705998880538847906e-01	-4.350764214404408137e-02	1.375460934747342323e-01	8.920169379405794297e-02	-1.914349914629308660e-02	4.158762540553967435e-02	-3.759850556324925014e-02
-1.591529209815784884e-01	1.785649258768873607e-02	-8.787131790980406976e-02	-2.706541606120342336e-01	-2.513502746190887094e-01	-4.095323028198709636e-01	-1.014290144747292399e-01	-1.570255828091879080e-01	1.040029641117632964e-01	-2.597426777787359975e-01	-2.846629681509271204e-01	-3.800638580112163378e-01	2.707818163590185179e-02	2.118182710157605064e-01	4.169369592012471537e-02	1.970603222889707462e-01	1.112720343536156842e-01	-1.660419335212932890e-01	2.182643871302836769e-01	2.118034429871466090e-02	-1.578458221761991354e-01	-1.174206192588122116e-01	3.402142828651201489e-02	-1.021716454731454171e-01	3.325086094770435090e-04	1.051362243969581334e-01	-1.316233351776025795e-01	-2.677622397549893618e-01	-2.834535829253177486e-01	-2.846161881284609008e-01	3.670427921002522575e-01	-4.040909022062295630e-01	-5.067647998421347388e-01	-2.108629397335655409e-01	1.369126837469196722e-01	2.531793194049316020e-01	-1.053748606402547944e-01	-9.639706741636550058e-02	-3.885576809012473154e-01	-1.460715256188415412e-01	-2.768930634614946706e-01	-9.967052135009869807e-02	-3.301936288420510568e-01	-1.155606405112597629e-01	-1.636521633895310912e-01	-2.737460162978717082e-01	-3.349479684555343728e-01	1.702867162471230836e-02	-3.913999844053112770e-02	2.815604032875156926e-01	1.603890577814701124e-01	4.275229888434564640e-01	2.571762634709482409e-01	1.964445076030391923e-01	3.407554643739961198e-01	1.240367527095230654e-01	1.904093324871408144e-01	-4.459847092795498624e-01	-2.160742977117077745e-01	-4.929773588460946154e-01	-1.535427403922171308e-01	-1.462885487097854154e-01	-3.278721445872535001e-01	-3.739678624261322804e-01	-1.794320873586880138e-01	5.486460033851834478e-02	1.292914439992517150e-01	-1.146817425188714351e-01	2.845070374958781345e-01	6.224960779268163408e-02	1.670319417316532551e-01	-1.469589449326690611e-01	-1.936092471853153585e-01	2.544877057318827851e-01	2.940655293819397498e-01	2.735841749360131692e-01	5.298629564663980274e-01	4.006809117840047785e-01	2.748419117255117006e-01	4.433401545249702203e-01	5.558718852416804079e-01	4.141616235652285094e-01	3.779974332174987350e-01	3.064103279959025650e-01	3.821155255644101412e-01	3.367771840590507160e-01	4.415371273577861078e-01	4.578705474826044175e-01	2.968130720564849390e-01	2.415259096685590801e-01	8.518220340942938770e-03	2.760308322322237440e-01	4.034552144711075344e-02	2.675871103572360354e-01	-2.402691597785128023e-03	4.651160165849134165e-01	3.111680801942400265e-01	2.287471080473381935e-01	5.418374064988769334e-02	5.294687382232119433e-01	-1.548329344322079970e-01	-2.813201669833956253e-01	-2.110781515004857001e-01	-2.802284870346243295e-01	-2.777412099995374417e-01	-3.084586953362125072e-01	-1.102291001406498633e-01	3.934398605229049578e-02	-3.046128609981300639e-01	-1.829346934374731226e-01	-2.838751199150064686e-01	-4.308245304178670021e-01	2.082941467518720502e-01	-4.436573278441274248e-01	1.023017504516395282e-01	2.467418516787182534e-02	8.125021529947566148e-04	-8.974907177250436574e-02	6.839693159403699430e-02	-2.769618376228549783e-01	6.913912459944316496e-03	9.759333710226492098e-02	-7.744805111196452485e-02	9.824371895534285415e-02	3.261195100129464660e-04	-1.844937983374088375e-02	1.302591107279036930e-01	-1.688619505689288314e-01	-2.904409329842621429e-02	-9.602353724025888826e-02	-1.455037171047724176e-01	1.437191164723639336e-01	-2.976555537399618312e-01	-4.634721449393088277e-01	-4.201676312913459888e-01	-4.469020281111721338e-01	-4.222507590064202704e-02	-2.161371034335305905e-02	-1.028381821008586688e-01	-3.443129921717160702e-01	-5.366247423218857282e-01	-1.808815678283870465e-01	-3.921366188641276507e-01	1.569675922110186361e-01	-1.897111223672425795e-01	-2.693913069436366103e-01	-2.196505820952548149e-01	1.272652707051168675e-01	6.661747980876489561e-02	-4.257942996140025582e-01	-2.583039789498426386e-01	-3.006195173655262232e-01	2.075977044971676067e-01	3.762754034197197950e-02	-1.130503085450939860e-01	8.448457076011586797e-02	4.603727836055691025e-01	3.988885893765863888e-01	5.984831545268489705e-01	4.661358642370687089e-01	3.769162678906392006e-01	3.181677270279113512e-01	2.583090119721341837e-01	8.763442401785767610e-02	-1.762772376439098454e-01	-4.495143048574313238e-01	-6.396311308992504163e-02	-3.322886954200123810e-01	-1.776221067330785441e-01	1.664347738437240987e-01	1.000000000000000000e+00	1.431898350362350858e-01	3.728616370884537679e-01	-2.040552160031512130e-01	-1.806340269463137804e-01	1.365796117824939482e-01	2.359457075241813140e-01	1.586841616082079742e-01	2.695808430027783476e-01	4.270638954371782647e-01	5.966925706114816624e-02	2.141440633944743099e-01	2.913904381339950667e-01	5.297979919708198926e-01	3.768240041609131064e-01	5.002556976157735980e-01	4.059633390854257562e-01	4.459684927475763283e-01	5.617756152261347280e-01	5.649574315428836924e-01	4.475381412711076368e-01	2.186743608438203590e-01	4.483731004425909328e-01	4.215905812271433240e-01	1.887000271096588855e-01	7.594067354982300677e-02	5.109169933849971867e-01	2.546162591482913906e-01	4.569814711099767779e-01	2.876287085827141654e-01
-2.259955827552459495e-01	2.849008140553334067e-01	-2.613563641943306148e-01	-8.486499274326889108e-03	1.027502886801294063e-01	2.175194706342687551e-03	-2.825125739435440098e-01	-3.408493732893557171e-01	-2.191344481243955866e-01	-4.070584858928872896e-01	-2.890223312256791632e-01	-3.127050954593821874e-01	-6.810261384993035461e-04	-9.903519162816341870e-02	-1.183352952656519484e-02	-1.596417719144998804e-01	-3.040364064785390508e-02	-2.557486121734677820e-01	-1.636276737086742317e-01	-4.189364054858395713e-03	-3.025792826692224602e-01	-1.347714647192327017e-02	-3.500358614272143787e-01	-2.921894940625784365e-01	-2.509267794318809641e-01	-1.853498565351392735e-01	-9.227656645780989153e-02	-7.586133859912118360e-02	-2.124838204180447623e-02	-6.246188566384336394e-02	1.996661976755046142e-01	1.048070339276597068e-01	-4.203935668646370527e-02	-1.034163555126290240e-01	-1.808802662712601095e-01	-1.620614424385078134e-01	-1.563175959162073358e-01	-1.239045938990191303e-01	-1.203537560559404668e-01	-3.671334002305777222e-01	-2.991777677985614781e-01	-3.967193265027558202e-01	-3.287254481281880469e-01	-1.527949078512128023e-01	-1.752754056086520962e-01	-2.501739299164418284e-01	-4.888825404921618989e-01	-2.186901066562603191e-01	-1.392799310206493113e-01	-1.779233572518887641e-01	1.414691595074680786e-01	-1.607160579871402817e-02	1.833686135311969334e-01	1.795638889276850517e-02	-3.219255141716131918e-02	-2.650936737671745480e-02	6.235552002010966155e-02	1.556950267980909686e-01	-1.052371392934925431e-01	-1.503008532397509256e-01	1.049800460101924099e-01	-2.574485227298286549e-01	-1.580656451465718149e-01	-1.149184625209541538e-01	-1.043754457782082035e-01	5.544397060388892018e-02	4.784929048161037368e-01	-1.091186947286808123e-01	2.153298035225218454e-01	2.032935248421188779e-01	8.036153629453784975e-02	-1.865931222699676040e-01	-1.525897104944124449e-01	-4.065924554157272081e-02	3.982772566945970150e-01	1.470944535365832362e-01	2.439160751876787159e-02	2.476751430007511842e-02	1.734318397649754484e-01	1.569221857848180357e-01	-6.789649714210670671e-03	5.559370408939102309e-02	1.200669427727250604e-01	2.333772761762665793e-01	1.360180676091460594e-01	4.639174493978256986e-02	-6.082857469312649701e-02	-5.541598864505252464e-02	-6.830920409003336802e-02	6.803900158508593976e-02	-8.577813616114514372e-02	-1.345718526732519460e-01	-7.656511121649496598e-02	-1.390610853551937920e-01	-3.377378747972228923e-01	2.322420960583431726e-01	1.227737714065946749e-02	5.857260649428024102e-02	-1.202043560375214981e-01	1.465247867414278260e-01	-2.777997666658126863e-01	-1.173862701391677893e-01	-2.425285296908919752e-01	6.699029437062473114e-02	-3.402364010803278493e-02	-2.440089197688727063e-01	-2.750114174942848710e-01	-1.702468592810499060e-01	-3.888927557452109829e-01	-1.845539619663575104e-01	-2.291256115557699924e-01	-1.246819673690888752e-01	-1.299176985826507313e-01	-1.370241635990157303e-01	-2.391911058407397705e-01	-1.874736445920305028e-01	-2.208396571711531142e-01	-1.986290390415683671e-01	-2.132468274746711356e-01	-2.848413691230388123e-01	-3.895497260631122088e-02	-2.460296345862456879e-01	-8.576320304179600729e-02	-2.477696545244186671e-02	9.229773742150511329e-02	-1.533132216295856887e-01	-9.063876600328811192e-03	-3.175631299597482249e-01	-2.241894867700833238e-01	-2.034861981111069640e-01	4.866403314831629912e-01	-4.287207746050918783e-02	5.577031480941645192e-02	5.479561316556899597e-02	-8.248245840139317026e-03	4.306781629076777973e-02	-2.033291840693272345e-01	-9.434459475709425225e-02	-2.257912076128539350e-02	-2.045987267472081927e-01	-1.862833705002790163e-01	-4.056243835223319882e-01	7.457580171836462879e-02	4.265209493174694499e-02	-8.855019534442067075e-02	-3.417883293964656399e-01	-1.660516073578413576e-01	-5.508587191554330242e-03	-3.867514553455036336e-02	-2.384284485166168754e-01	-3.378838631077049071e-01	9.296177155479937171e-02	3.884433044477393904e-01	3.880528485850096975e-03	2.818876035390475154e-01	1.876518798023645296e-01	3.118035424961318469e-01	2.190135171145562651e-02	2.559848293367564809e-01	1.854361669440793836e-01	-3.110355336913777149e-02	-6.183398072753704816e-02	2.777136921094406352e-01	-7.063070319894174109e-02	5.978322971079302883e-01	-1.332658137514655949e-01	1.024899389802356592e-01	-1.135365674910172318e-01	4.188773634844207283e-01	2.313509706034845570e-01	1.431898350362351136e-01	1.000000000000000000e+00	5.867761737385329690e-01	3.443401186085734977e-01	-5.787762825927362381e-02	6.005157862056588192e-01	4.636233843406100674e-01	5.400522694303430127e-01	1.173014608842203876e-01	4.668199989406299211e-01	-5.896219486612538918e-02	2.456185744323706455e-01	-9.427106982578040140e-02	2.633944675427630777e-01	-3.069727364338031145e-02	2.131741957396507958e-01	1.332033976222924410e-01	5.791095457921575929e-02	2.510159315850806760e-01	1.755927394317432499e-01	3.690201961248511242e-02	3.262297195306190778e-01	2.101504077720719663e-02	3.124925334010352218e-01	7.204221087817207214e-02	-4.110822466339981475e-03	-6.066567199062510712e-02	-6.253621955079284589e-02	3.037923671843489881e-01	-1.914927379090441140e-01
2.693894296674780725e-02	-1.086067764516858714e-01	-7.138294848488922761e-02	-9.748117982509088564e-02	-1.191207856126292181e-01	-3.577976223863044147e-02	-8.851795557290083327e-02	-1.802094855500040449e-01	-1.786785033281512519e-04	-1.814643931969436019e-01	-1.072080297233761886e-01	-1.637528929404426792e-01	-3.416599565369663610e-02	-8.946230658144427306e-02	-1.303014566413455977e-01	-2.136902715081740733e-01	-1.426602404013733727e-01	-2.026224272665847481e-01	-2.034203769800627115e-01	-1.591193507215397096e-01	-2.295987211568616959e-01	-1.949554196233568293e-01	-2.285032492138932003e-01	-4.471918946657709171e-01	-1.421812807855954153e-01	-8.246214628221079646e-02	-2.772679246908576478e-01	-3.885442815847421349e-01	-1.752881586131665448e-01	-1.527704833267516937e-01	1.996335531636940219e-01	-4.107723775617928841e-02	-2.458040066917700495e-01	-1.009424170258821085e-01	-2.210344277227861698e-02	4.150532840278963603e-02	-9.123982446990311357e-02	-2.931812015516440106e-01	-1.852128355136582472e-01	-3.004611943376197525e-01	-3.102678486841547456e-01	-1.864668714419493445e-01	-3.774279410166154758e-01	-7.679615514267434939e-02	-2.400259861242914350e-01	-2.757000631707159366e-01	-2.640388441917275730e-01	-1.507468500556240765e-01	7.780087495876068793e-02	1.329569732059677767e-01	9.380603964150356633e-02	8.548337708827688508e-02	5.436665530471693208e-02	-1.532432054112683184e-01	1.096666827863991417e-01	3.948256605106028466e-02	-2.375306741971534505e-02	5.068383999099564108e-02	-7.384893849062559856e-02	-1.818805737864475081e-01	1.080301200542814616e-01	-4.817259539243484018e-02	-1.380007987887370835e-01	-1.466084355446439780e-01	-3.163912534874071397e-02	1.091030198433688703e-01	2.885009326745159863e-01	1.468581058724216515e-01	4.283963491722016514e-01	2.152206444278380870e-01	3.141212340196243846e-01	-1.630633061664573183e-02	-9.531577309858128844e-02	9.664466531128816651e-02	6.746430039322750538e-01	1.189738708692287816e-01	2.369998347541688033e-01	2.311655845516054630e-01	3.192191804423847312e-01	3.299222563579120027e-01	1.439586106175726188e-01	2.883023276440057625e-01	2.955910198228876018e-01	2.217452061877621672e-01	2.267269090620412098e-01	1.280638440313790483e-01	3.908256429833670831e-01	2.494698162274834319e-01	1.061168871581175122e-01	3.544996378614551080e-01	-3.524899465373147051e-02	9.128691839233188388e-02	-7.296604748229075510e-02	6.139939435840893051e-02	-1.909041845709055218e-01	3.479891568661801493e-01	2.937574611114929235e-01	1.662186569296001948e-01	-8.923745309930680714e-02	3.863420769444834701e-01	-1.120974770016759520e-01	-4.015742783150073048e-01	-3.004109117616764468e-01	-2.392371770830312439e-01	-1.485663370028047492e-01	-1.087988455137719745e-01	-1.014207110270057971e-01	-1.317510979216921785e-01	-1.420508615330798030e-01	-1.111360019484712025e-01	-1.850575440044620878e-01	-2.109389374390340244e-01	-3.721383169168947930e-02	-3.381321913634855458e-01	-2.965689274654912944e-01	-2.442429461188788398e-01	-2.190880951561896828e-01	-3.683969574940307301e-01	-2.347712783611329013e-01	-4.467020100243924152e-01	-1.613081176148554730e-01	-3.192558611270987501e-01	-1.744518793019597946e-01	-9.555533802096005669e-02	-4.512746511718435799e-02	-1.807573205263378058e-01	-8.496131918871328847e-02	-4.897846297834677620e-01	-4.692994692859263628e-01	-3.782532143687864501e-01	1.002043944044051227e-01	1.077054847178140692e-02	-4.567946837683144017e-03	-1.174761943194747305e-01	-2.398337102891830996e-01	-1.876399772942050070e-01	-3.157930727587738295e-01	-1.247887141306646686e-01	9.444344875462641967e-03	-2.547830283530826412e-01	-2.984805845009863012e-01	-4.465201014973095295e-01	-1.998493261321959424e-01	6.556656036639559038e-02	-2.764178794093982705e-01	-5.284687784397200661e-01	-2.551116034340504268e-01	4.856243048667326784e-02	7.073274678827776163e-02	-4.117577938565128437e-01	-1.131618755302492563e-01	-3.630701453764510755e-02	5.885298003419368040e-01	3.238167034277745215e-01	3.546228674347015053e-01	3.161744673290063368e-01	1.870160039759165838e-01	1.868823134782010287e-01	4.223811870258030732e-01	3.064635066917265060e-01	-2.496736420921614671e-02	-1.954123286300896156e-01	3.122458358403311027e-02	-1.298687352513245852e-01	5.242363165095087485e-01	-2.590886637293968731e-01	1.386344420494366736e-01	-3.376321682825805248e-01	2.617206641657789379e-01	3.554425075139118761e-01	3.728616370884538234e-01	5.867761737385328580e-01	1.000000000000000000e+00	3.407577689026827228e-01	-5.614543683999284607e-02	6.041059397873206338e-01	3.667267095388517251e-01	6.304818107934440086e-01	3.015368520888926374e-01	5.033050090820286870e-01	1.128981554223300321e-01	3.786258810470983227e-01	2.145337254452945319e-01	5.173612870512421802e-01	2.194155885202762890e-01	3.524272926789162041e-01	4.834633977724007714e-01	2.176284959550704723e-01	4.212663908216511821e-01	3.683896622338802551e-01	2.438296193935456380e-01	4.879277948221720229e-01	1.900036134303804969e-01	5.335181437419430628e-01	1.195348066763292777e-01	1.341894908537915598e-01	1.224850031308307025e-01	6.820939271737293252e-02	3.962082300025255299e-01	2.592715342513587234e-02
6.633276807478892534e-02	-1.573048997125423842e-01	3.531933466183709291e-02	1.456950797803556810e-02	9.686159754843134961e-02	2.018780704535459436e-01	1.761671475137415593e-02	9.613608036750063979e-03	8.933823772238941308e-02	-1.484941138329754157e-03	6.122615457395699790e-02	1.212549611779788622e-01	-6.401596419475627520e-02	-2.325880820484516054e-01	-1.015474985437564148e-01	-2.733988496714142569e-01	-7.240238780255024709e-02	-1.635872234053863464e-02	-4.171476234888626400e-01	-1.478476275792876271e-01	-1.231825487146893799e-01	8.360101440486984725e-02	-2.840693563609318906e-01	-2.791112608316239641e-01	-6.587676828864049219e-03	-3.066370396041781521e-01	-1.254468301187625923e-01	-5.984245239095200251e-03	4.440823677139651982e-02	-1.083165379106783288e-02	-2.502989122301333413e-01	3.362630947135546999e-01	2.794050457861013137e-01	9.232993719406311361e-02	-1.007711999862052621e-01	-2.245479854124947661e-01	4.668502717355025450e-02	-2.155005872110246634e-02	2.066475016667716491e-01	-4.931681345527184901e-02	7.220841558418946912e-03	-2.636367940744814842e-01	7.703099488200938760e-02	-4.400459736587997855e-02	-5.581491647856193228e-02	-3.647873569461535653e-02	2.365556445971646604e-01	-6.603522785824458841e-02	-6.498221024482252368e-03	-1.540171190771397469e-01	-3.819055535532885765e-02	-2.508609043617580081e-01	-9.457789503510910523e-02	-1.103913481638922889e-01	-1.320058508812848586e-01	-9.480951013058123988e-02	-9.950918242015698023e-02	3.534109993724839915e-01	1.910287784635941455e-01	1.899548865789648100e-01	3.003425724348647297e-01	1.198429567581564409e-01	3.816550409339760641e-01	1.386179204042246316e-01	1.049335497363988040e-01	2.523630835602976297e-01	3.187632741974342349e-02	4.104262678483989180e-01	5.981275057054240979e-02	1.559185351602340730e-01	-4.321678427788541027e-02	3.337733164268893472e-03	1.517894358518619702e-01	-1.744862866662804934e-01	1.366146474158428104e-01	-2.050153694133294013e-01	-4.024017546073194174e-01	-2.794689617555807248e-01	-1.295087832689213181e-01	-2.437937307618528726e-01	-3.546636231456955501e-01	-2.234682251005869758e-01	-8.501694903311099449e-02	-1.588000396880729359e-01	-2.512231323641820890e-01	-2.715834550391379998e-01	-9.743404474816601268e-02	-2.515839803292916343e-01	-3.317992930960906306e-01	6.950226701515875571e-02	-1.344524205430784880e-01	-2.878676283694212579e-01	2.923550423177984428e-02	-2.341298749307806071e-01	-8.348905839318833400e-02	-2.201902703673583039e-01	-1.375142361172312644e-01	-6.263307319396483296e-03	-2.605191796886227040e-01	-2.211842563758605884e-01	3.031838124729634848e-02	-1.652017275447653089e-01	-1.061458562167456356e-02	-1.832813717419036915e-03	-2.854592489510222528e-02	8.445860456338674660e-02	6.183972199306098094e-02	-1.798511502582593805e-02	2.306668696525190562e-02	9.194608171763851701e-02	3.929510215926374644e-02	2.063370325598679056e-01	-3.539750906228842919e-01	6.130229181418839213e-02	-3.272840803487196415e-01	-3.580968192063578859e-01	-1.659713888065360021e-01	-2.844368935191081693e-01	-1.697454955567732071e-01	2.387095281374148475e-02	-1.121523209519355024e-01	-5.313656216545462607e-01	-2.334086630327695255e-01	-1.627734419305748303e-01	-1.023782835649007239e-01	-2.061735318483490509e-01	-1.825065604990737667e-01	-3.046558251271435092e-01	-2.425659227551096864e-01	-2.275065006910733656e-01	3.048319052210337610e-01	-8.886735438666859555e-02	2.030618953009225569e-01	3.782062110451359094e-01	2.485777137077046506e-01	3.189160343547751686e-01	-2.596078088307425258e-01	-9.145698536088969766e-02	1.577772450238509594e-01	1.286820741470536822e-01	3.024601843380902433e-01	-1.452860402589656597e-01	2.063615914651475425e-01	7.934598266910455888e-02	-1.417617103298583203e-01	-1.120498637795097757e-01	6.618037988901417923e-02	-2.441413748559134191e-04	2.242333421092535528e-01	-8.871619533751953085e-03	4.144971848952958005e-01	3.766187241339949976e-01	3.225356863018720710e-01	1.662693600310236053e-01	2.432609483816148277e-01	2.084792475277164603e-01	-4.511561017043900362e-02	-3.792963208292447069e-02	-2.313051945817090060e-01	-1.604967497279305433e-01	-1.388943275896257212e-01	-8.784072560935263230e-02	-8.285333060488386803e-02	-1.707411429623242327e-01	5.215084525674018590e-01	3.992824086460100008e-01	3.626163468868858764e-01	2.286563314714113448e-01	3.292137206204518440e-01	1.250029626745426115e-01	-2.040552160031512130e-01	3.443401186085734977e-01	3.407577689026827228e-01	1.000000000000000000e+00	3.488477706105743148e-01	4.324408811011466458e-01	1.543968529166024062e-01	3.041935072565783438e-01	1.114645615248964911e-01	6.110017350941710640e-02	-2.682492743818872330e-02	2.393260896259736051e-02	-7.564904083670224988e-02	3.405179300557185929e-02	-1.468783346858918148e-01	-1.942697224955084734e-01	-2.983965396611732573e-02	-1.570092180769597501e-01	-1.280478334359323178e-01	-1.401921825926698284e-01	-1.979075868159446416e-01	1.878102097719718533e-01	-3.622926270480567035e-03	-5.055673413273533562e-02	-8.686318034646457742e-02	-3.608328672321222189e-03	-1.859565121760670958e-01	-7.610157386401154855e-02	-1.310489216004305235e-01	-1.785816687728542795e-01
-1.390854916086020632e-01	1.181967640040377208e-02	-1.488915029669506673e-01	-2.791672079140494755e-01	-1.556737454799049236e-01	-2.216980356830101084e-01	-1.338532217005907465e-01	-2.043317953133870490e-02	7.523505775240731108e-02	-6.196304381657031374e-02	-2.863985468188711553e-02	-2.751307804858267592e-02	1.253901734992391714e-01	-7.882564618229552511e-03	1.191782978877706928e-02	-2.310066077446519539e-02	8.139038238772987321e-02	2.884171742017018758e-01	1.067788221161707421e-02	-1.655866496710758570e-02	1.304743014251094069e-01	2.743346144585161461e-01	1.500665448591427878e-02	3.082985525846297648e-02	2.602959028244516415e-01	1.448200152295313625e-01	8.505267215653487811e-02	2.537482504725932508e-01	-1.889542432491765345e-01	3.752526515736655244e-02	-2.777690034382506168e-01	-1.012125289464419625e-02	1.232008502175515330e-01	1.476963695544110215e-02	-6.458706684401535614e-02	-5.283867225832406672e-02	1.223205433890677540e-01	2.088616598911480493e-01	1.610564012999048111e-01	1.946206889789442729e-01	8.188317421430579834e-02	1.158112297686742648e-01	1.077916056447450477e-01	1.145792808248969619e-01	2.599918135550338127e-01	2.919959676097423351e-01	2.684300463915471613e-01	3.781085820798252839e-01	4.807643201532130206e-02	8.922117524846058523e-02	-2.603311480471631190e-01	-1.676258532030006076e-01	-1.796791207653520017e-01	2.346825554696291630e-02	-1.328044624274944407e-01	-3.215418018121588561e-01	3.376707552343790469e-02	-1.403779817860852097e-02	-3.878687059497693684e-02	-4.186959708829560145e-02	1.103823754050796691e-01	2.732299843186332122e-01	1.948638574031746618e-01	-5.442209282902470135e-02	2.280587127338125075e-01	6.539946616389148704e-02	-6.567637025521344540e-02	1.653212257485602299e-01	-5.817971868642510258e-02	7.659735806874824748e-03	-7.796203559350511902e-02	2.955775560270285443e-02	1.582693156888362873e-01	1.250357887459635498e-01	-9.343021128928594154e-02	-1.398072111523471217e-01	-3.097603881306394968e-01	-1.704312092500938347e-01	-1.803267546666805221e-01	-2.890941680876519815e-01	-1.627764935639520461e-01	-2.091711212702185019e-01	-2.633783006336939403e-01	-1.137263351160281016e-01	-3.570783392916682120e-01	-1.315048879551996841e-01	-1.768977650756702324e-01	-6.426116135050286005e-02	-1.469325656589569595e-01	-5.950401026061376275e-02	1.173784665541792588e-01	-1.993273753726895053e-02	2.309586325715631827e-01	-1.492480066315781395e-01	2.827285438292730796e-02	-2.987712207378060980e-01	-3.278993021002710728e-01	-2.789974464620256223e-01	-1.275940394098586117e-01	-2.977051082998786180e-01	-1.947257349552748429e-01	-4.086158257908336505e-02	-1.271568700108627048e-01	-3.936957230193858376e-03	-1.610122086060730706e-01	-1.919301282612149440e-01	-3.467571494734913648e-03	-1.252281083364201464e-01	-1.259684064057692565e-01	-8.336535912553991179e-02	-1.181405141509899726e-01	2.954147247920156996e-02	-2.601532063507916784e-02	1.720540385539570949e-01	1.456743045460600627e-01	-4.847756878139420494e-02	4.201295491543805688e-02	9.993107741592271998e-02	1.685913288418535577e-02	4.389256440354777355e-01	6.348241475897088704e-02	-6.597968127888688417e-02	-1.071811656185182315e-01	-2.368302668151958668e-02	-1.268530157353860328e-03	-4.939037413985437885e-02	1.047873769791790310e-01	1.670254291527709656e-01	-5.544202182159625042e-02	8.764097504880631606e-02	-1.202094147846760330e-01	-2.867724837787860581e-01	-1.602275603868473786e-01	1.402476710039989860e-01	3.522446584500278643e-02	8.340883262871791326e-02	9.235181220179167292e-04	6.830298551386308759e-02	4.448422755129834844e-02	1.722798485179646844e-01	3.254415800652813440e-01	3.223249617561937397e-01	2.173250278896931842e-01	-4.347197549504210751e-02	1.534732551037086279e-01	3.073816887270833242e-01	4.379366125831006817e-01	2.837849918911437147e-02	-1.006643363364193994e-01	2.365515987412511734e-01	2.840848777968881245e-01	3.259974713431311732e-01	2.177073708640496486e-01	1.726915167039047225e-02	7.182069460612278133e-02	1.868201514043681954e-01	-8.967486316962330894e-02	2.523271660904535460e-02	-2.900822650005425718e-01	6.185443569657542856e-02	6.424038875577351045e-03	8.326365114391034994e-02	-1.159428441047409414e-01	-2.900384398785020856e-01	-8.642539569531851318e-02	2.123790292204277286e-01	1.692713132339642712e-01	2.293283461918980415e-01	-1.186452022349900569e-02	-1.604531053993511064e-02	-1.806340269463137804e-01	-5.787762825927362381e-02	-5.614543683999284607e-02	3.488477706105743703e-01	1.000000000000000000e+00	3.288488044423519829e-01	-4.593138475073613863e-02	-5.064644717610725794e-02	1.575379244929529798e-01	2.130558112059876760e-02	-2.241665878925581390e-01	-1.302723531590367634e-01	1.162857174253986020e-01	-2.519266509438766177e-01	1.613438461527527956e-01	-1.672440440996096622e-01	-1.531736686515509371e-01	2.749257719292958618e-02	-1.446278260728155463e-01	-1.896530740633635970e-01	-2.517170938361347754e-01	2.324110849033324822e-01	-1.410101273208207995e-01	-4.039558978198590777e-01	-3.011302066641538544e-01	-2.413504189392897958e-01	-1.816394466477342373e-01	1.592750694798940048e-01	-1.490926949313048921e-01	-1.668299698869316061e-01
-9.773741195521608305e-02	2.438597430496005913e-01	-2.142358109454608472e-01	-1.196472361730336470e-02	-4.840131280316036996e-03	-5.408323478730766437e-02	-3.000238679476874282e-01	-3.372034530293242516e-01	-6.491789231894655454e-02	-3.035091234396838367e-01	-2.277896158876322186e-01	-1.948099750441585065e-01	-1.249049854845036243e-03	-9.049812423343622791e-02	-7.498914771001707891e-02	-1.588893209754814184e-01	-1.825656349819332891e-01	-1.092150231933930044e-01	-1.398488818892492380e-01	-8.976100859283711597e-02	-1.130230672428529787e-01	-3.633359714919174276e-03	-2.455600759221470974e-01	-2.829920044645913846e-01	-1.603666682231102425e-01	-1.134479111904843768e-01	-1.230485081491891203e-01	-1.536420509594108585e-01	-2.024941050839924317e-01	-1.996459413165569408e-01	8.116481698211138254e-03	-7.586366120366941444e-04	-8.049684506258016070e-03	-1.458132634206517897e-01	-1.850280197486520728e-01	-1.477047984935924152e-01	-1.561810952323167134e-01	-1.611407969083789860e-01	-1.328055374780718612e-01	-3.144506785067234245e-01	-2.207705607182734453e-01	-2.323960526713512997e-01	-2.785727947949578343e-01	-1.266998350196796297e-01	-8.169008784488902830e-02	-1.250074017868438303e-01	-3.901247579353507855e-01	-1.989170655334783488e-02	5.212477227428927856e-02	-7.607652116452813876e-03	1.637182258463942136e-02	-1.004526492774512059e-01	-1.847375281425805149e-01	-1.889509151866757553e-01	-1.036101267152008121e-01	-1.775238176288944925e-01	-1.168265221709882951e-01	-1.690043713652136098e-02	-2.497324684397478345e-01	-2.482305090695852423e-01	2.046113342628300136e-01	-4.532678774673108701e-03	-1.085735024165311730e-01	-1.777838632089996374e-01	-6.433940839612541096e-02	1.092866646585621965e-01	2.553376067827019535e-01	-7.286231779064633596e-02	3.281465257719345385e-01	1.466217685573340153e-02	1.637127329134719089e-01	-1.133156910738796902e-01	-5.152160410558636813e-03	2.870538958543963903e-02	3.588294976320596796e-01	3.869697809491742801e-02	-1.128637012965705011e-01	-5.354463892502794864e-02	1.058743719272494110e-01	8.507229586201853211e-02	-1.096205810161699629e-01	3.820670429552930347e-02	-8.511211214400320191e-02	8.572226741278778095e-02	-5.283110501704508383e-02	-7.435432403234797094e-02	4.669472044643669523e-02	6.510254808588804287e-02	-7.584526179249360955e-02	1.200065220794620802e-01	-6.806165270804195346e-03	-5.946745068621815677e-02	-4.586939525806648515e-02	-2.222066594561451780e-01	-2.476072191086611252e-01	9.729864921487692275e-02	-2.029828153647091071e-02	3.122376049087122185e-02	-2.057007281304575053e-01	8.388396217241178565e-02	-1.702585418679357088e-01	-2.401302039838340840e-01	-1.362743662103590159e-01	1.514133725925253804e-01	-7.658408361757808314e-02	-1.539005982990739041e-01	-1.922669842965845921e-01	-2.267815207633623875e-01	-3.025467088418334338e-01	-3.207554465165095015e-01	-2.965606068681574392e-01	-2.293069890159352975e-01	-1.080477169456880576e-01	-1.771755578126205100e-01	-1.791595598744084028e-01	-2.055297048926837677e-01	-2.027046190671037973e-01	-1.433615623458319999e-01	-2.907203079380604183e-01	-1.752344370342688584e-01	-9.410637134929482339e-02	-2.591871155417700967e-01	-1.620998958317049210e-01	-5.471807508869656195e-02	6.149256923200775021e-02	-2.032120680750476027e-01	-9.451649715813205399e-02	-2.619792179695741852e-01	-3.220757746762384355e-01	-1.904735507828253793e-01	6.736269631718874717e-02	-1.687408616564566866e-01	-2.034915872175084919e-02	9.046713200880507344e-02	-1.081482061747774531e-01	-4.190009176125445572e-02	-2.994828456340204448e-01	-1.793267275590392784e-01	4.574918199563968862e-02	-6.838028432371646981e-02	-1.632462284514408710e-02	-3.391349612742800002e-01	1.544804394630077959e-01	-9.431263504490959571e-02	-3.391691003054702475e-02	-2.920330412861720237e-01	-7.032206307348666530e-02	-1.518617089898676165e-01	-2.525230989145263796e-02	-1.089464347848273645e-01	-2.040975646149800760e-01	1.521780672718607563e-01	5.844855353315385749e-01	1.976828452016964888e-01	4.300783532114352270e-01	3.040904727580833189e-01	2.001104360198303622e-01	1.205617604955451921e-01	1.850339441408706820e-01	3.253566618788363840e-01	-7.452457014971218541e-02	-2.083360964679233651e-01	-2.726845052744356415e-02	-2.586471484861729841e-01	4.248669814464600125e-01	-1.920588692655748886e-01	2.835258280122447960e-01	-1.338971855384710197e-01	3.988728628995548697e-01	2.659424692109296773e-01	1.365796117824939482e-01	6.005157862056589302e-01	6.041059397873206338e-01	4.324408811011466458e-01	3.288488044423519829e-01	1.000000000000000000e+00	3.755186169859310308e-01	5.515357570215018157e-01	4.401947590386615095e-01	6.793730129006205765e-01	-2.280771452659986070e-02	2.968112022159592467e-01	1.113790584127878902e-01	3.167550491687845526e-01	3.463679115517401819e-01	2.353491129488785305e-01	2.976810249672942055e-01	1.193861292208611563e-01	3.699490748140697449e-01	2.558999776114669888e-01	3.909503019571762550e-02	5.291077739079357301e-01	2.796143979353037448e-02	2.015674349751226668e-01	-2.407229424513040311e-02	-8.988448828299749893e-02	-1.056175585162633535e-03	-3.633135679867407347e-02	2.278612024510448530e-01	-8.834433245560768810e-02
-3.272093709404088474e-02	1.163265357566299202e-01	-1.031889146392119122e-01	5.361928032182804171e-02	2.486397247533695190e-02	3.151381556845705284e-02	-3.119368831654930480e-02	-1.225404907188835518e-01	-1.063183663272423835e-01	-2.646522430696126027e-01	-2.903995400087821532e-01	-2.175687807140430641e-01	-1.085760088165597936e-01	-2.477286565776282146e-02	-1.120605446198529587e-01	-1.279766826851325145e-01	-1.462235012851692550e-01	-3.604377746335351018e-01	-2.531386493273510285e-01	-1.753982017476534705e-01	-1.646695249407989850e-02	-8.531540011726695960e-02	-1.653874427183417706e-01	-2.109056149254160684e-01	-1.350515292801127976e-01	-9.274043347652080604e-02	-2.286173136930376160e-01	-1.054213354953485310e-01	3.249392874490639183e-02	-5.634968721395432895e-02	4.454584969151467733e-02	-9.896179840909807846e-02	-1.623817397579655486e-01	-2.422267721641119254e-01	-1.791446676594116993e-01	-9.969734221532744467e-02	-1.103939818603131146e-01	-2.564233061171617423e-01	-2.256856556918951026e-02	-2.148314065840082332e-01	3.524272443407348160e-02	-1.805999531562838545e-01	-1.101578933857891990e-01	-2.813945390798793245e-01	-1.284846407251887812e-01	-2.046694063466865388e-01	-2.754701331710137091e-01	3.117484383811703827e-02	2.414630050883012635e-01	2.032915774446281479e-02	4.459796545026564196e-01	3.594103488622971687e-01	2.406450295713709608e-01	9.731468705372152417e-02	-9.620277929141961282e-03	5.989561515535005848e-02	8.544020461548251788e-02	-1.543913890460454907e-01	-1.858476225865449138e-01	-7.419675963786204198e-02	-9.088361994864389837e-02	5.049606398647758787e-03	-9.902213895498521157e-02	7.387437793442176714e-03	-3.757800020927810208e-02	1.175754009304103426e-01	1.957955089919984071e-01	-2.904326579262528699e-02	1.851050932638890201e-01	2.213480197380002235e-01	1.883191186440876241e-01	-2.532953607406100427e-01	-2.731260420205085526e-01	-2.285826465923742126e-02	2.351990638690734381e-01	4.923117747419002155e-02	2.564883272108227710e-02	3.551867800799259067e-02	-2.198507084099383252e-02	3.531461972601160904e-01	2.452071245864670956e-01	1.622133808894306584e-01	3.132987680872015290e-01	1.923652525070646269e-01	1.921018749732312236e-01	2.269020374524357078e-02	4.974433306193070531e-02	1.196988397044107533e-01	1.221629951427282701e-01	2.523011704141083777e-01	-1.454004096371188659e-01	1.540248377676499414e-01	2.501994201592520062e-01	1.395643395614247217e-01	6.409409127132702395e-03	1.440215052017634334e-01	1.167236835826783309e-01	2.461671987198649769e-01	-7.667488734173921738e-02	1.800926766169378967e-01	-4.258561099987989013e-02	-1.683880382285470600e-01	-2.711113321322032865e-01	-1.807695584682771778e-02	9.463242088790665973e-02	-1.364587026742592191e-01	-2.724870568868380527e-01	-6.499534880495470845e-02	-2.701673887764683979e-01	-4.768512332005925974e-02	-2.522340037816059310e-01	-2.383031369979809744e-01	-1.260556389876285044e-01	-1.863186992798918917e-01	-1.042142558550644277e-01	-2.328796492801675500e-01	-3.369279649513772235e-01	-2.191306269860620604e-01	4.479749489830103792e-02	-2.140410662015316823e-01	-1.661421637656837202e-01	-2.996072296461071982e-01	-3.565018515479080330e-01	2.461439564785776746e-01	-7.468934593203271910e-02	3.678928827493792297e-02	-2.270457811960206740e-02	-2.441175182778594077e-01	7.879205965674774756e-03	-2.271851243039300361e-01	2.574441730454882782e-01	5.003048758376561767e-02	6.279237355179331792e-02	-2.126256948920487166e-01	-1.140055165708227791e-01	-1.492444536712028424e-01	-2.889732329151186718e-01	-1.934696287861841502e-01	-1.591459101216416150e-01	-4.741215178782499651e-01	-5.987781065512583212e-02	-2.428421648792281895e-01	9.491901661650230249e-02	3.199488561981836399e-01	-1.010957786619921944e-01	-5.075857316886465964e-02	-8.928827786972938496e-02	-1.062777442415396290e-01	-7.870827397015751903e-02	-5.751138274970693824e-04	-1.284049592609813883e-01	3.616214523563061611e-01	3.885557774650109097e-01	1.419838616425400935e-01	3.991383712255425209e-01	3.555566580759898510e-01	5.855097349929863082e-01	4.743491209351560767e-01	3.541047190307708425e-01	3.449877579600741928e-01	2.211485058924747005e-01	7.924657532500260781e-02	4.265653670919225537e-01	1.550254310274090386e-01	2.937015996696904496e-01	-2.188695577239878343e-01	-7.377166157337088775e-03	1.303001833151030409e-01	3.501768585738296857e-01	3.099872402819738859e-01	2.359457075241813417e-01	4.636233843406100674e-01	3.667267095388517251e-01	1.543968529166024062e-01	-4.593138475073613863e-02	3.755186169859310308e-01	1.000000000000000000e+00	5.271268067778197564e-01	1.863028138679834189e-01	3.167629239581838951e-01	-6.936176247181739807e-02	2.756596447092670571e-02	4.221723505669288702e-03	2.410361591853740215e-01	-1.653512520412529427e-02	9.138532108940461418e-02	2.081449240842646042e-01	2.120398235487489236e-01	3.960869009024132192e-01	1.396305917937905039e-01	7.906490236842594888e-02	3.422801582731882508e-01	4.808558317888706468e-01	2.563177347127656991e-01	-3.714481323483967857e-03	2.745022829746264770e-01	-6.015944902013792284e-03	-1.083272265481837471e-01	3.008283342579292086e-01	-1.155600290482546727e-02
-5.759661949400621955e-02	-6.837801058928226483e-02	-1.072151306053936298e-01	7.111268871782247536e-02	-9.957852665231822775e-02	8.166966170756964627e-02	-8.123988409411099509e-02	-1.410418228628027015e-01	-2.372474241084739643e-01	-1.878450250936375132e-01	-1.665769521492065919e-01	-1.407825926166147990e-01	-8.513482851646432537e-02	-5.789806011859849333e-02	-1.401382797789356704e-01	-2.463569004348456493e-01	-6.495555191911740744e-02	-3.103002198148375745e-01	-2.863571913003365443e-01	-9.536841466762291386e-02	-4.657857002141554958e-02	-2.174296841045215145e-01	-3.345587144232728405e-01	-3.959116538615253811e-01	-2.619450659472407072e-01	-2.755327360972111839e-01	-4.323238086925573764e-01	-3.841526469957736722e-01	-7.463916177815341224e-02	-1.683889204711751797e-01	-1.288174746866622977e-01	-3.172521582258283623e-02	-1.074595586637694666e-01	8.876839265075377530e-03	-5.146054049473498121e-02	4.689832733538515375e-02	-7.492802031655819428e-02	-2.806738133145011416e-01	-1.084462692459655653e-01	-2.724458313730680481e-01	-2.129393839319390913e-01	-2.323394629543918399e-01	-2.946146905856960041e-01	-1.255116668401177193e-01	-2.326313473056688397e-01	-2.812927089895639332e-01	-3.389261249382899965e-01	-6.776608811142544042e-02	6.574414245980285398e-02	-8.840434983413607284e-02	3.334059389979203147e-01	1.524143980377221375e-01	-1.153473523075364271e-01	-4.000765390105970876e-01	-8.373645816537592101e-02	-4.230465650504072056e-02	-2.086513014266620780e-01	-9.075872939712794144e-03	1.193155490517499445e-02	-4.412601688720958065e-02	-6.200855518731165222e-02	1.868117026349472298e-01	-1.568681698488874898e-01	5.282918159184935014e-02	-1.498546174647373275e-01	4.718878715105453980e-02	2.294686198339991878e-01	-3.593125428604462823e-02	1.853306911512294097e-01	2.880384391075498374e-01	4.350772349507147085e-01	-1.643349078544393549e-01	-2.734170329467507932e-01	-3.175667062225083492e-02	3.363665006214732744e-01	5.781364482260807451e-03	2.896847219097148721e-02	-1.007278703235940827e-02	4.605360404995567647e-02	4.104549096171922207e-01	1.318317124311209065e-01	1.889546944138627838e-01	3.582956015799343974e-01	2.662254031358946560e-01	3.899308432206582409e-01	-1.475800046365871067e-02	8.314999318203031287e-02	2.491560072692008965e-01	7.967976752030186960e-02	1.349460271229361852e-01	-7.183368109358394260e-02	4.309101010048154573e-02	1.143972719774293267e-01	7.604875722509796265e-02	-8.754869140838696107e-02	-1.226763542022631624e-02	1.432530097198619901e-01	1.263914378181148490e-01	-1.324783133353071851e-01	1.386791774921429243e-01	-7.127547875451571702e-02	-2.658928613962747711e-01	-1.559374211915815489e-01	-2.136965264489244787e-02	6.212878626350661765e-02	-5.928484197569359321e-02	-2.000832203942913001e-01	-2.053517852561319856e-01	-1.355831676322973578e-01	-1.296057904241715297e-01	-1.672595169362705025e-01	-1.427606574714954113e-01	-4.393207205193729037e-02	-2.359730457771475332e-01	-1.881931606354867725e-01	-1.815508321785997969e-01	-6.077423635147943121e-02	-1.456467421823029740e-01	-1.133760395471327398e-01	-2.342153046492002066e-01	-3.126183025379769553e-02	-2.848394383037608502e-01	-8.838389863514350964e-02	1.148076030434364708e-01	-9.555127969516703790e-02	-3.458324166169561842e-01	-1.187542018364274726e-01	-3.674413765114488695e-01	-3.783610990677549468e-01	-4.795808482631992442e-01	2.412640171194653238e-01	-1.206434616744316568e-01	6.805650270427927861e-02	-4.239672883045005752e-02	-6.634412864175113535e-03	5.348917052308112610e-04	-3.099212102232005162e-01	-5.225760711937394755e-03	-1.582008301338631018e-01	-2.198221045296394338e-01	-5.439499535082224606e-03	-4.514445776435304647e-01	5.994572190765165912e-03	1.165502313423185526e-01	-1.445258817901409754e-01	-2.795980030998651000e-01	-2.551947669473012548e-01	-1.181425141135015039e-01	2.066212564974553578e-01	-1.826616318444422848e-01	-1.774560194487631026e-01	3.410152921234642642e-01	6.889356096807809360e-01	3.176687456884568772e-01	3.521176467921927622e-01	4.374810738924115316e-01	3.400122493329122975e-01	2.242901481415492115e-01	4.282044149276345024e-01	4.877919108896464628e-01	2.805428440668508716e-02	-3.108793701471282422e-01	-3.517305092937674654e-02	-6.858170789720070826e-02	4.796615637488182426e-01	-1.053397449154119120e-01	1.353951290371111782e-01	-4.947934800145644546e-02	3.035767911165692667e-01	3.612936272334844601e-01	1.586841616082079742e-01	5.400522694303430127e-01	6.304818107934440086e-01	3.041935072565783438e-01	-5.064644717610725794e-02	5.515357570215018157e-01	5.271268067778197564e-01	1.000000000000000000e+00	1.847318988390733163e-01	4.775916368700853232e-01	6.807944068403756419e-03	1.864756377273928956e-01	1.416978719108606399e-01	2.375154947086668134e-01	2.224971270636320053e-01	1.844533424844636005e-01	3.580898660344525308e-01	3.751851181303223620e-02	5.591096177853555060e-01	6.611286587975975793e-02	2.805217105701680591e-01	4.878187058558965394e-01	1.734411973420403597e-01	3.297624772323306530e-01	9.331317715861113873e-03	-3.063087322796592335e-02	8.449279205132716186e-02	-1.519047478034743492e-01	2.018424067945027434e-01	-7.814259765865561036e-02
-8.835905078117319011e-02	-9.907773802625060092e-03	-1.914945504298429246e-01	-3.025890922645669834e-01	-3.727324657729144120e-01	-3.084530056160244005e-01	-2.738388297971147134e-01	-1.230802412066106938e-01	-4.483863509612101561e-02	-2.416597752149624023e-01	-1.276097074202386938e-01	-2.539701597666927380e-01	8.178191454005704145e-03	9.036164307320214417e-02	1.490638407496185092e-01	1.546078244213349995e-01	-2.461609420402612325e-01	1.296154698163847763e-01	-1.167995522346473164e-02	-7.790458153211432535e-02	1.762943011560669793e-01	-4.404001682006965929e-03	1.368903264634192540e-01	-1.042180417497300809e-01	2.487159822237042239e-01	1.211403708377101068e-01	-1.558052625418696879e-01	-5.797607058747370617e-02	-3.638791106923292551e-01	-3.094946914921031245e-01	-2.254077628003803985e-02	-4.748911410923559728e-01	-3.566426286280791613e-01	-1.750974214804760787e-01	-6.138570348377721253e-02	6.218350348088548529e-02	-9.430540317774632753e-02	-2.644866168558574482e-01	-6.332208164771309378e-02	-1.031571931184647045e-01	-9.098410706901404951e-03	4.828072834411531455e-02	-7.555215402512779899e-02	-7.882493594783744617e-02	2.700222946468194829e-01	2.176617320280989920e-01	-6.331174302571343504e-02	3.681120566463279564e-01	3.651326663009406004e-01	4.248997577407310211e-01	4.013480874369053375e-02	1.785610802142719999e-01	-1.718643925967204555e-01	-2.168860313028949174e-02	-6.546980518687758877e-02	7.675892563057530593e-02	7.560205315117192286e-04	-3.756322442008417917e-01	-3.107750523568986178e-01	-2.774103759033361705e-01	8.611004293351988545e-04	8.592664943411712497e-02	-1.249634885795860295e-01	-2.443867204741024257e-01	2.701717575023056539e-01	4.040743870218571621e-02	4.553717586898474792e-03	3.740733102510421931e-02	4.557381812023160172e-01	-5.117041812951147323e-02	3.340708311300532030e-01	-2.942779732120044955e-01	-2.321221892777795004e-01	-2.990575832019995439e-02	1.919030208273388438e-01	7.193265125231890211e-02	-5.545826521052827501e-02	2.392597527079739772e-01	-3.498866112996778382e-02	1.131508687758654291e-01	1.792737994999110129e-01	3.778605480413352868e-01	1.284099732658038340e-01	9.232205563742312826e-02	1.414193062413985347e-01	3.068645730909241864e-01	3.427217881305911207e-01	4.203940413093599782e-01	3.589146639966493413e-01	5.087939488319435100e-01	4.758219420851846904e-01	4.625222915740797025e-01	6.233640515046166841e-02	3.754410622327397085e-01	3.120063306309566187e-01	2.160978146910277756e-04	-1.282477336647508404e-01	-1.775866686361597113e-01	2.435147411678245666e-01	2.446913193430497180e-01	-1.863806902789020836e-01	-2.827782796186212311e-01	-2.955402221413971908e-01	-1.600724756249488068e-01	-2.390911891126423772e-01	-2.694300044815817197e-01	-1.888042063742107202e-01	-3.090875873304589350e-01	-2.391995639245517169e-01	-2.712067283271015206e-01	-3.780351536984503102e-01	-2.717704938617480637e-01	1.276801672918387864e-01	-3.144119452567261663e-01	3.935684462745268203e-02	-4.681256072429825638e-02	-1.585100221085030958e-01	-6.917622398380550430e-02	-2.183330806105568123e-01	-8.616043347471341596e-02	-2.524162214960041228e-01	-1.293294707167040314e-01	1.564752346776729927e-03	6.617601168155194669e-02	1.159968640727728345e-01	4.651065110164778749e-02	3.057829732659176139e-02	-1.215519259995007650e-01	-1.571241374473471841e-01	-1.308542806701725736e-01	-2.751977524444595979e-01	-9.689620717123746674e-02	-3.309848986076823762e-01	-3.720795347085454341e-01	-3.404137147759672133e-01	-4.317953869567238145e-01	-1.484736116335710066e-01	-9.172948980480989667e-02	-1.837634019229248961e-01	-1.603178114891564976e-01	-1.082039605408542521e-01	-1.228502418151003750e-01	1.416512944488250783e-02	1.280645551861514797e-01	-3.135381688484401713e-02	-6.303622844883882692e-02	7.490918785786283840e-02	1.006029076626348551e-01	-1.796911261932830073e-01	5.885083849178952831e-02	2.707816626585158801e-02	-1.239415430671915591e-01	5.172406275645379248e-01	4.252536760138269645e-01	3.165850330764622966e-01	5.020527953359934514e-01	2.057388999905263582e-01	4.706264533258707750e-01	1.548891125730873231e-01	3.273317341733209540e-01	3.905582240846033198e-02	-7.175329847192265381e-03	-7.999257765275478993e-02	-3.160142111259722220e-01	-1.356938034956337580e-01	-3.329095545379165411e-01	6.657411032611786073e-02	-5.665679443279380417e-02	9.752712794307857869e-02	1.561759595645920706e-01	2.695808430027783476e-01	1.173014608842203876e-01	3.015368520888926929e-01	1.114645615248964911e-01	1.575379244929529798e-01	4.401947590386615095e-01	1.863028138679834467e-01	1.847318988390733441e-01	1.000000000000000000e+00	3.427423823920128232e-01	-1.765398729638044673e-01	-7.092539802220572225e-03	1.514463852746160966e-01	3.547771006649809711e-01	4.498436050966497235e-01	3.415749372901680236e-02	5.365843603389384153e-01	2.765036356478716706e-01	5.084508897227100199e-01	5.476700226276297601e-01	3.490506920673975833e-01	5.033456679837562397e-01	4.908914663047998506e-01	3.607862022475320091e-02	-2.541504215086851093e-01	-2.130760017401990281e-01	3.352121894258493495e-01	5.030925783239870164e-01	4.608473192889464554e-01	3.515828239161376545e-01
-1.223159010110729111e-01	2.383358869092944421e-01	-1.188871111800664099e-01	6.793004807823802005e-02	6.374788940140238558e-02	-3.166013133348031389e-02	-2.175488177738118811e-01	-3.353358014665164810e-01	-5.807651052736535757e-02	-3.062254619833322256e-01	-2.596368749799082276e-01	-1.935108977492745186e-01	-8.159032487517313414e-02	5.577536102949736535e-02	-3.947827685668158643e-02	-3.925323594542844130e-02	-1.168825841282030015e-01	-2.212513630485628824e-01	6.432211452990080520e-03	-1.340166458936061303e-02	-3.016380805943976173e-01	-2.788009861455508775e-01	-3.278622544990775212e-01	-3.329816587482713475e-01	-3.215596970078554162e-01	-1.783443495347690755e-01	-2.268494142520351142e-01	-3.199289309926627856e-01	-2.769882974764029115e-01	-3.867595443005472644e-01	2.658021639212931886e-01	-9.483518321735474876e-02	-1.407692413903262052e-01	-2.778545128375284334e-01	-2.010702925769120020e-01	-7.617449827984508481e-02	-3.245489900360278290e-01	-2.144304515991357907e-01	-2.564504044624885126e-01	-4.638145139126443328e-01	-4.476913562846680517e-01	-2.351726782177049613e-01	-5.378816320441738297e-01	-7.724060737896061568e-02	-2.303647211891326485e-01	-2.646789206228621349e-01	-5.953775697263531397e-01	-4.019496545769126600e-02	-1.377362383657887712e-01	-2.947803930168743647e-02	1.186519075656455036e-01	1.095843564595754410e-01	-2.120061768066365260e-01	-2.713752820811003441e-01	-4.329049227006142447e-02	-1.558760647135355171e-01	-1.410937534253532688e-01	-2.171754865827313086e-01	-4.033036234050386137e-01	-3.158590223601132618e-01	9.586141532787641195e-02	-1.970238317852212317e-01	-2.997884282627053532e-01	-4.196111807081059353e-01	-2.287149079807943575e-01	-6.476611555474638682e-02	1.691115663872528596e-01	-2.776010580615154710e-01	2.848783111232397469e-01	-8.333517340472566814e-02	1.577082803887500106e-01	5.127327861464194697e-02	5.404466637356501735e-02	5.106633987435139910e-02	3.230164186920094216e-01	3.167565206604670558e-01	2.189737279668924619e-01	1.291971683707079654e-01	3.934232534503858680e-01	2.346451290830788572e-01	1.654170068617465128e-01	1.438956821827706012e-01	7.047606489041227662e-02	2.301807541483997799e-01	2.352474456362620980e-01	2.244193840342824375e-02	2.429733802287782074e-01	2.144238376491290066e-01	2.672697093408789998e-02	4.406171598528003247e-02	-4.960984796180364226e-02	-6.490960458178827996e-02	-5.523427251911211533e-02	-1.412715861836808806e-01	-3.213728916613694531e-01	3.263953130308725470e-01	3.148917052616239665e-01	1.314296059335686717e-01	-2.033233847387035387e-01	2.550313297276673441e-01	-1.110585588993567852e-01	-2.203946863500313436e-01	-1.542457995316338371e-01	1.534541407357609966e-01	1.912635331395230731e-02	-8.570054217018233111e-02	-2.370616172379087505e-01	-7.656497952090678127e-02	-3.364429242598749870e-01	-3.778586532424949573e-01	-1.875060879804555380e-01	-2.224138195258403838e-01	-3.838961529730890859e-02	-3.401066957331590479e-01	-1.214086263407804928e-01	-1.536255905410413847e-01	-2.513401121626149815e-01	-8.481331785475609841e-02	-1.779997460040241564e-01	-1.924347148072783897e-01	-2.309631902068795886e-02	-2.533809149683466377e-02	-1.581722326485687780e-01	-7.721654418016965504e-02	-3.125925170938982645e-02	-3.470659468633338629e-01	-1.271999158133776398e-01	-3.792795963121455838e-01	-3.461649054922040225e-01	-2.470122139805750738e-01	4.278637734985974578e-02	6.850561828619521065e-02	3.141990033232005403e-02	3.987047778282701294e-02	-2.582839661734862569e-01	-1.422900906013548905e-01	-2.985151083543353678e-01	-1.878052297369673385e-01	1.449595428823501342e-01	-2.563423596325350440e-01	-2.324066277859467566e-01	-5.259535623723953224e-01	-4.384231717330869249e-02	-1.518775979058757664e-01	-2.478828835317867796e-01	-4.630381617291443597e-01	-2.961534812108981840e-01	-1.147046140857993363e-01	6.259439745176792469e-02	-3.259938573335088297e-01	-3.737424763711313380e-01	-1.601065352662063845e-01	4.087035857919066317e-01	4.845263922732811340e-02	1.444849541275372573e-01	1.920380965935025719e-01	3.629123875796467780e-01	1.821365675600834511e-01	4.971038000717504235e-01	4.982981380222049617e-01	-2.137588611132604590e-04	-1.828600017386367016e-01	6.033418180531695957e-02	3.023778311369895375e-02	2.176183595152094141e-01	-3.740888335704209422e-01	3.119862634991565908e-01	-3.685951876757535550e-01	2.126565916185688132e-01	1.542005770083050287e-01	4.270638954371782647e-01	4.668199989406299211e-01	5.033050090820285760e-01	6.110017350941711334e-02	2.130558112059876760e-02	6.793730129006205765e-01	3.167629239581838396e-01	4.775916368700853232e-01	3.427423823920128787e-01	1.000000000000000000e+00	2.607849969569734916e-01	5.968465508598107538e-01	1.727821410968226057e-01	5.769261746530717216e-01	4.563012117901163456e-01	5.617614668170739511e-01	3.229680328300398306e-01	1.356372348063558664e-01	5.417904372129586088e-01	3.592104040001912191e-01	2.344712537724540913e-01	4.455427432271624189e-01	1.338329238465278959e-01	5.603099459648269720e-01	3.052160588310796618e-01	-1.349067159797207819e-03	2.265897681896564264e-01	-1.362616977494574833e-01	3.531529665129649609e-01	6.559766773537878404e-02
3.587791311275972950e-01	-1.208388196993369773e-01	3.549808661505136631e-01	3.069678184921151853e-01	3.748512988642250243e-01	4.427644102660951986e-01	3.487582345987148558e-01	1.453481196008386822e-01	2.826746303104326619e-01	3.141066165727596227e-01	3.487337035253155193e-01	3.828690295258859733e-01	-1.396955429682479599e-01	-2.213133966959779930e-01	-1.563104288617801485e-01	-2.283211151207413525e-01	-1.446386552111485757e-01	-1.178667753788744110e-01	-1.261837267070149704e-01	-1.559429802978539725e-01	-3.189376620528519002e-01	-3.241963416941174292e-01	-2.034250326081480931e-01	-1.414137573274680537e-01	-1.939381832851067577e-01	-2.502409407515557849e-01	-4.087185483699008748e-02	-2.035786228626475791e-01	3.554315505171765695e-03	-2.232464816632247218e-01	2.286447500112501752e-01	2.749248640229579599e-01	2.483927804505709491e-01	-1.708070591008305772e-01	-3.050566812080957591e-01	-2.996934559882327709e-01	-4.536938846536314046e-02	-6.109455620259372083e-02	-1.901909248025073287e-02	-3.365884713754090929e-01	-1.851829076922910100e-01	-5.130485443902398773e-02	-4.261091713231924261e-01	2.971495334200295879e-01	-3.555599383573956884e-01	-3.243676327006483895e-01	-7.513049169174816633e-02	-2.965934979234904900e-01	-4.536059955706302910e-02	-6.337054449394674549e-02	-1.295453149050311559e-01	-8.575325139669516539e-02	-1.154105384024876058e-01	-2.480661402500771717e-01	-8.473530886374450177e-02	9.676410066506575813e-02	-3.439989684722437602e-01	2.556204802155171221e-02	-1.481788905179043381e-01	1.345288076159172064e-01	1.009941653332093320e-01	-3.062681078188341233e-01	-7.596255476212314395e-02	-1.926375605513533373e-01	-2.768302639313454105e-01	-1.364704018596801516e-01	-2.905766429971208820e-01	-1.528803853977848959e-01	-9.628800684340640959e-02	-2.228306737479361366e-01	-1.412464641029047840e-01	6.933482395824975830e-01	4.792379213843110386e-01	-3.528173606144374003e-02	5.550486528214056137e-02	-1.999782399502947339e-02	2.344579411403998614e-01	-5.560598342060298765e-02	5.866752295206854040e-01	-6.867841877226059377e-02	-1.374698138460386798e-01	-1.423717543373110017e-01	-1.032961368132874896e-01	-1.648111520113761941e-01	-8.758770312696421978e-02	-3.218704148480053262e-01	2.539065031287696117e-01	-1.784959759340422891e-01	-3.958407892634634995e-01	-2.116286649369210349e-01	-3.630640580564578612e-01	-2.754612643213384393e-01	-3.466982638744784406e-01	-3.771007517069553949e-01	-4.163323740887828750e-01	2.633000636161381136e-01	6.567922571169595436e-01	3.313084742661633331e-01	-3.442164625682156975e-01	9.622552423397469357e-02	3.421092844635678087e-01	-1.677504183974237728e-01	1.102446201258300840e-01	6.070935397272727435e-02	2.003622879500307763e-01	4.441019951458246573e-01	1.982671160818297029e-01	2.123263598706782440e-01	3.139097255009595244e-01	-6.253354384980806813e-02	4.989312467192322798e-01	2.100280453509440759e-01	-4.842505247336686414e-01	8.267815898431955107e-03	-2.417568977304305755e-01	-2.789783799289908828e-01	-3.543840158133925722e-01	-3.322277957452375863e-01	2.938095963952251297e-02	-1.778828219640604946e-01	-4.162466860862235052e-02	-1.490940737259747184e-01	-2.767819669893190060e-01	-1.380271134069383510e-01	-2.179901584183852326e-01	-1.341433653079248944e-01	-2.164335991838037820e-01	-2.931948123900221526e-01	-8.324744475214472528e-02	-3.648851179199347206e-02	2.566255867809217467e-02	4.377122357052398161e-01	3.929348813921454409e-01	4.540532999296881256e-01	-6.832616481940813336e-02	8.080139505517909548e-02	-2.783838889546599304e-01	-4.015239398824770323e-01	5.460663437041168855e-01	-1.236566803289356337e-01	8.451088666443291875e-02	-3.122806756184817734e-01	9.224940054345731957e-03	-1.554409597032844481e-01	-1.692386105393039741e-01	-2.845447606316138800e-01	-2.771249428076690280e-01	4.549922272054182648e-02	2.785386021211173069e-01	-2.081752050212883065e-01	1.509867339646641660e-01	-1.671503275833571278e-01	-3.989145946726860986e-02	7.599701035665581972e-02	7.985172776803715899e-02	-3.245479763161453202e-02	4.894713736353471095e-02	-8.114634366189392434e-02	1.530298604671306018e-01	5.659796969814410300e-02	-6.142178990956118773e-02	-1.510692460218879263e-01	4.997970821171609894e-03	4.173562555767142412e-01	1.367088180611804871e-01	-2.198871166322156900e-01	2.759172951362806603e-01	-2.926268299584999788e-01	1.891124068141838976e-01	-1.329256784206480357e-01	5.966925706114816624e-02	-5.896219486612538224e-02	1.128981554223300182e-01	-2.682492743818872330e-02	-2.241665878925581390e-01	-2.280771452659986070e-02	-6.936176247181741195e-02	6.807944068403756419e-03	-1.765398729638044950e-01	2.607849969569734916e-01	1.000000000000000000e+00	7.253415911464269339e-01	1.532126804071289039e-01	4.275134175622764543e-01	4.371717525449441560e-02	4.442062787514608480e-01	3.177226628831225641e-02	-7.398190982187384523e-02	-1.096197451345240492e-02	-9.279621343316129048e-03	-1.476592315125103694e-01	-2.566254129995597655e-01	4.605834067799254028e-02	5.013092844499773548e-01	6.683051857905996096e-01	3.226465734415875364e-01	-2.053109332469063922e-02	-3.847758748004697082e-01	1.198942180337512903e-01	1.657012430183099627e-01
1.049012629997609081e-01	7.793131644828946158e-02	9.899373535666557145e-02	1.536852591991329509e-01	2.550147160765695031e-01	1.985983661873280959e-01	1.267716994739645775e-01	-1.259623168099570922e-01	1.319647715488188877e-01	1.106152438501184845e-02	9.117235237545526227e-02	1.277031595547067910e-01	-7.436931835209865949e-02	-6.351774157865071324e-02	-1.088001182765850616e-01	-1.166570618815127580e-01	-8.067450125084218993e-02	-8.983998743692736544e-02	-7.827796135590209259e-02	-8.486438259236211978e-02	-3.906824544650763231e-01	-3.426334792784936911e-01	-3.404892026002465655e-01	-3.209965026345380501e-01	-3.006596573719800825e-01	-1.591962784665781339e-01	-1.495669997373567928e-01	-3.221703309461985687e-01	-1.840291402286826083e-01	-3.067245526021474267e-01	3.837781261819764311e-01	1.487871322518142247e-01	9.013515012812989280e-02	-2.428900063494680572e-01	-1.768984432420496467e-01	-1.241525685851335020e-01	-1.361550413646054336e-01	-4.791837545838244228e-02	-8.745917135172781576e-02	-3.294560561259834430e-01	-3.550574430605947795e-01	-1.253276440643423806e-01	-5.635449217943581113e-01	1.576342782547916488e-01	-3.627963393018212024e-01	-3.702095875394660895e-01	-3.109299971861993472e-01	-2.650118656256482130e-01	-1.822846887915908765e-01	-8.753464223721982296e-02	-1.123083102470385647e-01	8.585699454417094686e-03	-1.616661386504238407e-01	-2.618422267583869756e-01	-8.646200470037235242e-02	4.643429826518169143e-03	-2.555694676082302941e-01	-1.725249095440736444e-02	-2.568946200873035712e-01	-8.347205677705162030e-02	9.090205302763038064e-02	-3.847273436525189827e-01	-1.978417415707546256e-01	-3.562872758805667450e-01	-2.475179967584806018e-01	-1.556727905060023842e-01	-4.575102254823190662e-02	-1.755270203970532017e-01	3.607368020977728962e-02	-2.226962727461121172e-01	-3.037618534939084611e-02	5.914508021020622452e-01	4.694828497792967736e-01	8.079370825047695048e-02	3.119353952889975523e-01	1.437047121272159445e-01	3.481811253681582063e-01	9.662852302662730541e-02	7.674204480198214551e-01	9.524550005780059447e-02	-3.800759595735775376e-02	-7.303080534442486782e-02	-6.508790262386394965e-02	8.491645329195958436e-02	4.349890291731131620e-02	-1.632034451615513027e-01	3.125375876440576461e-01	-6.223962503768378646e-02	-2.250176280664272221e-01	-1.716589059546228535e-01	-2.979334214310216389e-01	-2.694885749859846080e-01	-3.852576852798731966e-01	-3.417694415263719532e-01	-4.726801612500729499e-01	4.543494451266540946e-01	5.830324894245244582e-01	2.507104917562245627e-01	-2.578035440109954224e-01	2.379334006298397253e-01	6.520469554240776455e-02	-2.602204122895457883e-01	-2.912484692963494826e-02	1.075265626088077048e-01	4.792660929338388165e-02	2.091811608700052394e-01	-1.819828160982821588e-02	3.018230222731827991e-02	-2.893434655179377354e-02	-3.036407661935913160e-01	1.823084568286229001e-01	1.114760323070079946e-02	-2.511213863514789590e-01	-2.207396115048994023e-01	-2.279355407144997570e-01	-2.325131312687045149e-01	-3.280482098973251937e-01	-2.299282022303530126e-01	-1.026728562835503844e-01	-1.754956945908040800e-01	-6.969569067952005592e-02	-1.412963391970746829e-01	-2.419508320895452924e-01	-2.045972788029026268e-01	-1.395097740541838827e-01	-2.561921172108400646e-01	-1.775753053391197767e-01	-3.948519256826042989e-01	-2.798805251938151772e-01	-1.832034682693196026e-01	3.795732974050274738e-02	3.253012956894842933e-01	2.238702805468503199e-01	3.495020096163876655e-01	-1.785921162257088912e-01	-2.367015085446449660e-02	-3.071158611665212312e-01	-2.762150141737421127e-01	5.032788314386680284e-01	-1.716547386105632678e-01	-5.112082413884557613e-02	-3.910705957078459138e-01	-9.010587950710231830e-02	-3.113168365279221361e-01	-2.739899013290104657e-01	-4.901695656069483542e-01	-3.273727081603277078e-01	4.271817295364924855e-02	1.660044014853497008e-01	-3.565705434004166063e-01	-2.556609675026615472e-02	-2.853074447010306436e-01	1.627508351036043022e-01	4.044270020586838987e-02	1.439845768250240243e-01	-3.392696431494613557e-02	1.895332684100817233e-01	-4.139993251301159194e-02	2.835873600241947123e-01	2.490333044089920456e-01	-9.619083700135565296e-02	-2.349263576587358737e-01	-4.467313071408374192e-02	2.231859614234342759e-01	2.864596067535977175e-01	-2.639547948775278763e-01	3.539232030431240239e-01	-3.684143666322529098e-01	2.306291875855421836e-01	-8.186524351605194150e-02	2.141440633944743099e-01	2.456185744323706732e-01	3.786258810470983227e-01	2.393260896259736051e-02	-1.302723531590367634e-01	2.968112022159592467e-01	2.756596447092670571e-02	1.864756377273928956e-01	-7.092539802220572225e-03	5.968465508598108649e-01	7.253415911464270449e-01	1.000000000000000000e+00	1.948326277097383874e-01	6.174732855610510773e-01	1.696427333265216331e-01	6.151807947892687922e-01	9.674222453975213354e-02	2.615834757487409123e-02	1.729990128594781629e-01	1.911717949763163393e-01	6.142850121696299265e-02	3.940218234000197883e-02	3.851469698210173431e-02	5.943673256699204543e-01	5.418972999354861875e-01	1.335709842385216228e-01	1.131960058355449272e-01	-2.849023536679810564e-01	3.343529478613279093e-01	1.444730263698598971e-01
-1.429048510601245714e-01	-1.691103688175323028e-01	-1.183970877544903710e-01	-2.364448813167889241e-01	-4.184541430754619706e-01	-2.912595936603669666e-01	-1.186437764119936539e-01	-1.173971374531468242e-01	-9.935301676430455253e-02	-1.476858597278992435e-01	-1.717150598818457663e-01	-1.842643491176849946e-01	8.313207785895254665e-02	8.108075533706030069e-02	1.639191200879861615e-02	1.652330167801618621e-01	-2.781449193717459509e-02	6.109013203836385908e-02	4.019565946218962155e-02	7.743422974235732170e-02	5.280947901027878422e-02	1.290951892820235980e-01	1.161958639748878197e-01	-1.200948465111315727e-02	3.319990698874127899e-01	2.579224762547879246e-01	-2.037687570200308607e-01	-1.470473154394199011e-01	-4.948579358568840347e-01	-3.409465606311172792e-01	6.061005810768027580e-02	-3.407925499871429231e-01	-3.179115453568180927e-01	-2.389435602208295761e-01	4.508115397474872499e-03	1.407552067611431978e-01	1.131222149714006114e-01	-1.032976075051215796e-02	-2.398319305718906724e-01	5.646285439693250752e-02	6.300285796492571810e-02	1.187850345022918447e-01	-2.318361791178317477e-01	2.017476023344901559e-01	-1.033765389505542642e-01	3.420644411333496893e-02	8.644359915771232528e-02	1.468202161043862808e-01	1.487655665660979620e-01	2.693365529289902249e-01	-3.095102387323666812e-02	2.077287796188020952e-01	-1.654250209664943350e-01	-1.525876452450309340e-01	1.703638422962583943e-01	2.788717201112288907e-02	2.568940040150678727e-02	-2.935646508502303687e-01	-3.571144222222160103e-01	-2.906365859867481860e-01	-2.960569023906225450e-01	1.393747323924732773e-01	-2.044167927311482669e-01	-3.481419817056514709e-01	5.513544270158462351e-02	1.061493750625328164e-01	4.842521729307527195e-02	-5.207727428551804649e-02	2.837420948074863003e-01	6.240734233946459986e-02	2.275327938655679061e-01	2.162731714984085230e-01	3.935438195446656212e-02	5.038082648709252265e-01	2.569016847870016496e-01	4.592462486914457298e-02	4.069405005497109262e-01	2.770705420899130522e-01	2.547612301947339009e-01	2.088730216002466500e-01	2.961844570088438822e-01	2.081761873132285390e-01	2.071317400490957916e-01	1.675751351561230451e-01	1.628293963860135973e-01	3.142147543604171811e-01	3.950585480848632924e-01	3.858537772841125202e-01	2.983859225009554694e-01	1.172831989685260839e-01	1.998591285698367304e-01	2.794141828335097166e-01	7.890073666423712273e-02	2.002826192859968879e-01	7.846323578107307350e-02	2.572541938644005641e-02	1.547031178474994884e-01	-1.758378486945168795e-01	3.048673729689858058e-01	3.662401068925603687e-01	-1.630865544089173391e-01	-4.247226677477701218e-01	-3.955752916337253872e-02	-1.461904135280861772e-01	-2.724032903509844838e-01	-2.237038486931405556e-01	-1.816125933620431621e-01	-2.339287632200206801e-01	-2.024383619932699496e-01	-2.048655965146405078e-01	-2.182518856485917147e-01	-3.068114442454361601e-01	8.121619602571361618e-02	-2.389972696380309736e-01	2.924374435801398164e-02	1.234245789008815986e-01	-1.925684811763061274e-03	-6.865000521980114956e-03	7.322194065625037274e-02	-1.792231895625794047e-01	-1.312472484305383935e-01	1.151236010744531996e-01	7.822762024006775505e-02	1.812174203805830275e-01	-3.030373818503657654e-02	1.159504516775835235e-02	2.337316573430842370e-01	9.247163775483811798e-02	-3.198077453776565493e-02	-8.747971706350277099e-02	-4.097068032706799312e-01	-2.418387736969341006e-01	-4.189625156389820693e-01	-1.748355041737424398e-01	-3.766504652455650581e-01	-4.617831791308144029e-01	-2.295324451133731181e-01	-1.863221861233418930e-01	-1.266912611427302160e-01	-1.023640717857822041e-01	-2.258997099903221062e-01	1.077084269301969849e-01	-2.480589293196883427e-01	1.147744734915399911e-01	-2.287964715209062083e-02	3.267026432608232528e-02	-1.750039405919885313e-02	8.584811385805843353e-03	1.401942408325770884e-01	-7.261155401090654826e-02	1.111625263649750756e-01	-3.199042253772150374e-02	2.315800648375320459e-01	2.617664388962216981e-01	-7.018521621299728119e-02	2.007673801023834026e-01	1.760226982974674170e-01	3.356193151778214534e-01	1.716062784480258951e-01	3.931403249810875300e-01	-6.530605073177359228e-03	-1.408795242701458561e-01	-1.733779541674115854e-01	-3.135992459507576102e-01	-1.472730327674020845e-01	-3.082318363673415273e-01	-2.616002727562020125e-01	-2.663341419467335491e-01	-2.639891428541077945e-01	-3.365539227210254114e-02	2.913904381339950667e-01	-9.427106982578040140e-02	2.145337254452945319e-01	-7.564904083670224988e-02	1.162857174253986020e-01	1.113790584127879041e-01	4.221723505669288702e-03	1.416978719108606399e-01	1.514463852746160966e-01	1.727821410968226334e-01	1.532126804071289039e-01	1.948326277097383874e-01	1.000000000000000000e+00	2.212690967583960666e-01	2.061944957939542966e-01	3.476037163616071957e-01	3.429383269421331093e-01	1.972183831726369574e-01	3.021908451495555759e-01	1.760428524690740848e-01	1.900844568155314884e-01	2.730432992791090863e-01	1.278060847288520763e-01	4.290917579446636848e-02	-1.496835114028975955e-01	-1.809760605854363047e-01	1.919911878447150000e-01	2.099623134332131713e-01	3.402613338587392455e-01	2.085690611974809205e-01
5.752926871507194756e-02	-3.807463309449279909e-02	3.579561375251111982e-02	-3.681540494680307640e-02	2.957818145278379249e-03	-5.663441411593491542e-02	4.024777466560288015e-03	-1.573071387383609687e-01	1.867962897808412570e-01	-1.126996793648600420e-01	-7.785630258935175019e-02	-1.579385765062879254e-01	-9.138319967970370827e-02	3.980028176512685062e-02	-1.251973650279736838e-01	-2.483521917483953040e-02	-2.358865979932369406e-01	-4.466710006155397844e-02	-1.438118054475825136e-01	-2.025043481879276186e-01	-2.779784305490594631e-01	-3.062048712759775082e-01	-1.047240666332516085e-01	-3.027362991591584507e-01	-1.830246635609509009e-01	-6.140335170021793409e-02	-1.487314363969186315e-01	-4.304619582709324765e-01	-3.248586736853282808e-01	-3.276766524120522939e-01	4.890498580909415360e-01	-1.691362493560935043e-01	-3.298044599395268950e-01	-2.583874664911268715e-01	-7.159150891190846355e-03	8.255823828239418349e-02	-1.788662387197513526e-01	-2.185752405510937579e-01	-1.824561752473605192e-01	-2.566323489779803180e-01	-2.378693567000519371e-01	-1.101325616112478895e-01	-4.026524972759514820e-01	-8.274125782770780368e-02	-2.560752394821810829e-01	-3.487444271352923564e-01	-3.131623062541777358e-01	-5.520692185232610460e-02	-1.227029253080370863e-02	2.251311803482982099e-01	1.189492452666784661e-01	1.872716923459929461e-01	-2.306147938984005885e-02	-6.925616128432737773e-02	7.312890737421119669e-02	2.066863386243680267e-01	-6.012289381377063091e-02	-2.946517067500066256e-01	-3.327416454676242474e-01	-2.390110558082009784e-01	4.705393995787800904e-02	-2.776367832732406504e-01	-2.775604855955473571e-01	-3.494416759846731280e-01	-1.601956984511056226e-01	-3.467504123011495680e-03	4.460397251351018617e-03	-7.389366835928912192e-02	3.333393798245836703e-01	-4.113355697151306611e-02	1.544609111805135826e-01	1.850623968173309153e-01	1.188628846182367277e-01	2.212064645410590641e-02	4.357286664502121321e-01	2.783060298747114247e-01	4.508183604720121251e-01	3.786270821117683760e-01	5.878735719804306648e-01	2.111294799547112633e-01	2.891621024639353110e-01	2.659420162786456099e-01	1.399874304755049370e-01	1.760712122792721102e-01	2.044107521194333810e-01	1.354877828446188759e-01	6.032185155844765889e-01	2.105989846209105065e-01	9.059155407558680539e-02	2.274084364281037940e-01	-3.094772574781576996e-02	2.859410749351437575e-02	-2.264886846473885829e-01	3.810655202402091907e-02	-1.979182353975396935e-01	5.178335237157362103e-01	5.381280391679463815e-01	1.972688378160713241e-01	-1.747017755778489502e-03	5.633716226959887274e-01	-9.747414478077743444e-03	-2.869362573671358496e-01	-1.913879421382411183e-01	-1.403474923528178209e-01	-9.912224662458146707e-02	-5.230720080277059120e-02	-1.492454255720517819e-01	1.638267517153747799e-02	-1.298840715468594642e-01	-1.935526525184754765e-01	-1.215460228126417214e-01	-3.489828466890080305e-01	-4.678961764335146795e-02	-4.790826943609843847e-01	-1.815133233823481296e-01	-1.313911321924270126e-01	-3.755053821082341980e-01	-2.810416316494055433e-01	-1.771389633852840928e-01	-2.560394528288326699e-01	-2.719563031198534708e-01	-2.348577378550206207e-01	-2.775758363576924515e-01	2.095358196757509187e-02	7.189111234251660369e-03	-6.768618960604782034e-03	-4.104656038703581589e-02	-4.447516206734494770e-01	-2.143354810903943253e-01	-1.885653488440012238e-01	-3.825409275312584984e-02	3.691491848253168340e-01	-8.966071461683849941e-03	-1.552864182879967747e-01	-3.699264705683988352e-01	-3.376872838252727438e-01	-2.527923301442073778e-01	-2.311116000203415066e-01	2.857085843292970773e-01	-3.407544759708844295e-01	-3.317943956256859672e-01	-4.028401350940487569e-01	-2.858176919711294950e-01	-3.095566535351776394e-02	-3.059767945334184724e-01	-5.534670368686583908e-01	-3.982466975666307252e-01	1.762144814625191125e-01	7.945091108926441437e-02	-4.323481449845630875e-01	-3.777449394438597147e-02	-2.880537089971508813e-01	3.259933246593376688e-01	2.678420353954215627e-01	1.373413406438421247e-01	9.770391764648619914e-02	3.704278466686214411e-01	2.898309858289889185e-01	3.888026235731432134e-01	4.081701409055752405e-01	1.267002311169390105e-01	2.497540637900900334e-02	1.338495488172439518e-01	1.927944172411100998e-01	1.156826022981216756e-01	-4.232682110099901251e-01	2.115859274245549815e-01	-3.695182020370700871e-01	1.938466068959481814e-01	1.164565904795926005e-01	5.297979919708198926e-01	2.633944675427630777e-01	5.173612870512421802e-01	3.405179300557185929e-02	-2.519266509438766732e-01	3.167550491687845526e-01	2.410361591853740215e-01	2.375154947086668411e-01	3.547771006649809156e-01	5.769261746530717216e-01	4.275134175622765098e-01	6.174732855610510773e-01	2.212690967583960666e-01	1.000000000000000000e+00	3.495013612078257115e-01	5.693924028952961347e-01	3.872550053501400136e-01	2.927800348736225855e-01	4.009319753267276965e-01	5.710220608564107181e-01	2.986220259576568559e-01	1.814108895178589698e-01	4.078622289751833163e-01	6.764219416304388943e-01	3.454995492444806748e-01	1.915044919765618858e-01	3.649468634982164228e-01	4.517477516647703389e-02	6.543080929597853146e-01	4.527163976369898424e-01
-1.252781467613552080e-01	-4.258717000747617998e-02	-1.351435898883383557e-01	-2.803053201948935702e-01	-3.661902787979212648e-01	-3.768566592651176883e-01	-2.552063961889554089e-01	-1.305753438259260324e-01	-6.680466709560332894e-02	-2.143322955449704081e-01	-1.893990637763621476e-01	-3.185902327016156277e-01	1.331771837452327967e-01	1.859710662720522600e-01	1.442819142232850717e-02	6.397493048130339921e-02	4.303912153656398037e-02	1.743531435473701652e-01	2.765554416820985018e-01	9.757937515171564644e-03	6.128458587532630009e-02	-2.009697261757736053e-01	1.534296792838041323e-01	-1.552121403943266809e-01	1.007079486867350215e-01	1.293094057966533428e-01	-2.054950415097720751e-01	-2.587818404125362126e-01	-2.536350653951576217e-01	-2.945794551263968830e-01	6.766329164206985602e-02	-3.596535124489407265e-01	-3.781597477295768894e-01	-2.738330147152405747e-01	6.589765842782566163e-02	2.295551014686716407e-01	-4.980060347932731973e-02	-1.551132595068948315e-02	-1.328190016812844931e-01	-6.643112331385500613e-02	-1.198494320076067543e-01	8.957335633516404216e-02	-2.250815104577859327e-01	1.220156464230295335e-01	1.381358020620082616e-01	-1.388838889072947259e-02	-2.015859783015447604e-01	3.826000673900987747e-01	9.273828545004404733e-02	2.752880364307719319e-01	8.095546467448309913e-02	2.761211917039056440e-01	-1.774333600482848328e-01	-1.096515611782682004e-01	9.057460223220131779e-02	-3.636498351922619245e-03	-2.685293574543198229e-03	-4.074080083158743149e-01	-1.968696229171923717e-01	-3.482892044569182999e-01	1.109423169830163758e-01	2.383738018708864703e-01	-1.862108608793895670e-01	-1.775487709839504713e-01	1.260078534638106595e-01	-4.185306568470780614e-02	4.723380456171535208e-02	-7.200987952653298274e-02	3.347879842035155762e-01	-2.894650455348109566e-02	4.106487529064121733e-01	-7.523343053903203126e-02	-3.196233365384672925e-02	1.390861303489266398e-01	1.936676578262061243e-01	3.433263671217526847e-01	2.685488417151804530e-01	3.864360335490520382e-01	2.327826377746170239e-01	2.654041559589123134e-01	3.671449609473566578e-01	3.432393277895208206e-01	1.749168082838285232e-01	2.379422330718847234e-01	2.151836936777176412e-01	2.137824180255857298e-01	4.139051407512040481e-01	4.753285217657562400e-01	2.927968083593200377e-01	2.273300456796388813e-01	3.178789399612211852e-01	3.345874994862826912e-01	1.659634981806795140e-01	2.176947916191893928e-01	1.556978455398869976e-01	1.970808919411762006e-01	6.907174987898209717e-02	-6.206271574239898003e-02	9.401451612819261561e-02	3.618677761237806823e-01	-1.867938744537167572e-01	-2.121909058242996415e-01	-1.996191430705964998e-01	-1.804505554837061154e-01	-2.699659712866324668e-01	-2.632409212861192560e-01	-1.015675589484009295e-01	-1.526596198594145359e-01	-1.834368556718940224e-01	-2.771101310007733076e-01	-2.748634351157004385e-01	-4.358024441518105752e-01	1.838309817955397496e-01	-3.587347015833780017e-01	1.824262616382812396e-01	1.819101482187593724e-02	5.850030890307406084e-02	3.093314160821318201e-02	-8.193370983930306495e-02	-4.079864781244033067e-02	3.980473708381910419e-02	1.184221218626544947e-01	2.517152273809082630e-02	1.034395255022932808e-01	-5.928725535897502730e-03	-1.031518000120597717e-01	-4.505052456903695275e-03	-6.780070006549270001e-02	-2.140579141954740694e-01	-1.717563271389148105e-01	-2.524809052452098856e-01	-1.118161923605063557e-01	-2.771313263459073140e-01	-2.375506713286268390e-01	-4.107408294050431397e-01	-3.186377323419060104e-01	-1.253287903539717085e-01	2.136123464013670731e-02	7.829683362244687847e-03	-7.205667686794471789e-03	-2.075858325547460803e-01	-1.351422960651235683e-01	-2.399540466024356888e-01	-1.005634696756860652e-01	1.326376764694721655e-01	-1.355093569837075296e-01	-1.073822407366819692e-01	1.931052325455743235e-01	6.661299327729341968e-02	-2.218703261776840685e-01	-2.117654293514801001e-01	-1.270045566197908760e-01	4.621997712237777001e-01	2.278081113348962572e-01	3.428115300012038458e-03	2.088492684312543701e-01	2.042928275738871702e-01	2.855468533887970950e-01	3.935406063677749366e-01	5.122638087028605902e-01	2.932474047862665412e-01	-9.411516242485339079e-03	-1.919861091900164005e-02	-1.753195188990381015e-01	-1.756583884900933812e-01	-3.469037134155515956e-01	1.530253522315501991e-01	-3.208757350704260491e-01	-1.563164729108753315e-01	2.013026477197100983e-01	3.768240041609131064e-01	-3.069727364338031492e-02	2.194155885202762890e-01	-1.468783346858918148e-01	1.613438461527527956e-01	3.463679115517401264e-01	-1.653512520412529427e-02	2.224971270636320053e-01	4.498436050966496680e-01	4.563012117901163456e-01	4.371717525449441560e-02	1.696427333265216331e-01	2.061944957939542966e-01	3.495013612078256560e-01	1.000000000000000000e+00	3.445807861818863671e-01	3.307025325202532229e-01	1.889361246569613018e-01	5.053692746423346094e-01	3.827951377333245198e-01	4.573647656419355112e-01	3.722327392294814130e-01	1.644085303041560309e-01	1.458771486789194605e-01	6.631823531286872367e-03	-1.609488437490313728e-01	4.634388149921933042e-01	3.098079039846921012e-01	2.694025708524310225e-01	2.845011545954112542e-01
-1.428350835063052771e-01	1.382691614576239125e-01	-2.959523542035175092e-02	-6.769031763565104554e-02	-5.203631746663343882e-02	-1.306883661912952022e-01	-1.772727566752923256e-01	-2.309596201156475515e-01	3.000651363289461374e-02	-1.780939633250074594e-01	-2.271922863995287645e-01	-1.875960356750994429e-01	-3.779207130779280166e-02	8.981783103954613101e-02	1.324641314836232271e-02	3.023729261816784572e-02	6.359030542669108499e-02	-1.712073166407997171e-01	1.747613632779021764e-01	1.028731591745346702e-01	-2.730555822409163613e-01	-1.631344975964063304e-01	-1.026690954941018030e-01	-1.485333455289128413e-01	-2.365136240686148972e-01	-3.139867156593231790e-02	-9.229956942879567749e-02	-2.555719783336531936e-01	-2.275330334817629863e-01	-2.543057323386678781e-01	4.073761953945823078e-01	-1.699523791609911794e-01	-2.891506819940011797e-01	-3.104703249035281054e-01	-8.022851533933909873e-02	2.796611439175861885e-02	-9.053375869938544429e-02	-6.276416574654748205e-03	-4.025785163925889587e-01	-2.459208319345463079e-01	-3.501006019809847492e-01	-8.915142064430958690e-02	-4.867260064503497463e-01	4.976366494439539434e-02	-3.165918605412841869e-01	-4.176064778788535214e-01	-4.739793050161539845e-01	-1.507185733501859026e-01	-2.137939927816770447e-01	1.451829860715822540e-01	4.744064508169214961e-02	2.419394605796587050e-01	4.468828482902948568e-02	-7.730052960260115624e-02	1.748932459504846104e-01	-1.717773532528149918e-02	-2.788554326479166304e-02	-2.451245243909602467e-01	-3.966279945160971487e-01	-4.075159555100750230e-01	-1.576060579362600911e-01	-2.660964157234648186e-01	-4.004459078867216304e-01	-4.288401193054999228e-01	-3.307808105504336238e-01	-1.310938023391957363e-01	4.640111410223114047e-02	-3.563926466107173452e-01	1.292440518472768307e-01	-4.837317461012636405e-02	4.428445288673906605e-02	1.962077827028708976e-01	3.923924982405890133e-02	2.368263380734270673e-01	2.785266157127450071e-01	3.295551181721760869e-01	6.193782323686483071e-01	3.974802811506958355e-01	5.558459601078515888e-01	3.276686840845105531e-01	3.258648604260524495e-01	2.355489806271111042e-01	1.201807714923411735e-01	2.214970399207665808e-01	2.867309155104348917e-01	7.618993428459036599e-02	3.425911742286139594e-01	2.396842511060070513e-01	3.205088236995248113e-02	-8.339707091411129036e-02	-1.549763557912645362e-01	-7.425605237207912046e-02	-1.821461571388524325e-01	-8.242519276178991716e-02	-2.224522203623596206e-01	5.444343412212406808e-01	5.029874353398005038e-01	2.668650181893607587e-01	-2.659862166859697230e-02	4.089486609157121921e-01	-1.602535980630824530e-01	-2.448845507884008510e-01	-8.559407247014803877e-02	4.312941071301610446e-02	-1.860297748815418761e-01	-1.024131756626048967e-01	-1.027504464463428607e-01	3.810172696387347652e-02	-2.112010260450254140e-01	-2.248033367328111654e-01	-9.833196378208086674e-02	-2.498354911248091281e-01	-8.194004132412925634e-03	-3.422436537767232223e-01	-2.297427887395692842e-03	-3.554054045671119905e-02	-1.702806958534109905e-01	-9.323719611877029356e-02	1.627880174954662515e-02	-2.355707256209703948e-01	1.157802203620698911e-01	1.400376763818559356e-01	-1.569182811511667108e-01	7.568147519592846595e-02	-9.955652660489497374e-02	-8.676131052427758783e-02	-5.161077271696529016e-03	-1.561131874732152314e-01	-1.240601565271955142e-01	-8.871034038800247601e-02	-6.788162224363350483e-02	2.307827218570436545e-01	-1.348064325578738343e-01	-6.670776197024309850e-02	-4.443331379976844797e-01	-3.538755172930106996e-01	-1.530735615069139521e-01	-2.462777961735672372e-01	1.649818199665342155e-01	-2.194234494585920459e-01	-3.843209804427688003e-01	-2.994337192191905417e-01	-2.739250006584978414e-01	-7.814387212779695668e-02	-1.828719696383107607e-02	-3.889766914491230021e-01	-2.995246752964402792e-01	5.566773535376665083e-02	4.779376121990207282e-02	-4.206109237685484725e-01	-3.217140202749491640e-01	-2.549127037274741547e-01	1.328488664496470517e-01	7.198950717713413494e-02	-1.685426012280985195e-02	3.825291909726773187e-02	3.485733022329620678e-01	1.786446310877943811e-01	5.453171767856090923e-01	4.911367649699446281e-01	2.767872500147885995e-01	-2.011009096589996478e-02	1.955004635221753995e-01	1.520027714781064035e-02	8.993504566051693794e-02	-4.389861235666494554e-01	5.861017016623323861e-02	-4.504176669905985420e-01	-2.121092031169316897e-02	7.751979968187047709e-02	5.002556976157735980e-01	2.131741957396507681e-01	3.524272926789162041e-01	-1.942697224955084734e-01	-1.672440440996096622e-01	2.353491129488785583e-01	9.138532108940462806e-02	1.844533424844636005e-01	3.415749372901679543e-02	5.617614668170739511e-01	4.442062787514608480e-01	6.151807947892687922e-01	3.476037163616071402e-01	5.693924028952961347e-01	3.445807861818863671e-01	1.000000000000000000e+00	2.160276127782046196e-01	3.427054400091554820e-01	4.399557664298378024e-01	3.228549518015070285e-01	2.958038190382829558e-01	9.140657366385690485e-02	1.143714124084230510e-01	5.723249413086787252e-01	4.423206313786960386e-01	1.142213199453687156e-01	2.995309763767294853e-01	-5.339854675835510600e-02	3.651511880019961964e-01	2.461474840948024434e-01
1.526949550377082812e-02	-2.275805957815197622e-01	-8.160935540517476328e-02	-2.573732538998617647e-01	-3.224872861986382566e-01	-2.406833415303821500e-01	-2.598770631757262028e-02	1.810838701226542488e-03	8.155651187953683046e-02	-2.871274585076863048e-02	3.634087918504205761e-02	-1.723333581088039856e-01	-1.141814323901454570e-01	-2.825611012962092952e-02	-6.589510672248485856e-02	3.884097609944075352e-02	-2.132524443066148023e-01	-3.345826258323594121e-02	-8.045393111932888641e-02	-1.266025402272358824e-01	1.640940886969111667e-01	-6.853370645242597148e-02	6.212383671262453055e-02	-2.203999036548116575e-01	1.278285662993622340e-01	1.133985460324258010e-01	-2.860080573833999606e-01	-2.955445261235358778e-01	-3.396625889700898848e-01	-3.055683941498542611e-01	9.135401391872867080e-03	-4.178445764052577394e-01	-3.954131362316108400e-01	-1.031048698566953414e-01	1.001519904412862122e-01	2.229485675276086376e-01	5.567667297076136362e-02	-3.225585927640364226e-01	-2.980819704088673583e-01	1.270574381745767471e-02	5.294350362816462041e-02	5.834080068350798454e-02	-1.449063726045312916e-01	4.474409419068819949e-02	3.101626124438731577e-03	-3.483538806303552310e-02	-1.098299788214815581e-01	1.200734594215693667e-02	4.388187966821155972e-01	5.261179065348846606e-01	1.940916725740447490e-01	1.903978888066268638e-01	-1.499099419823647916e-01	-2.400625177380568964e-01	1.193664575672532396e-01	2.449864971759951326e-01	-2.016818317963467444e-01	-2.974165429556698825e-01	-1.163871939307387776e-01	-2.319480423642301670e-01	-1.621213026502108800e-01	5.569005948499834713e-02	-2.370410266539915989e-01	-1.456548698902984662e-01	-5.669497561579763673e-02	2.079784454244427150e-01	-3.623680709927583343e-02	-8.347282000657227363e-02	3.785889710353597115e-01	-1.200254572126194380e-01	4.071065647729704695e-01	-8.446924765955225733e-02	-3.432142319119512175e-01	8.989574307043268764e-02	2.618807835835322839e-01	8.992956092594055206e-02	1.964441241184952114e-01	3.883542529621403783e-01	1.356617469480385085e-01	4.671187342309545687e-01	3.113071222172021368e-01	6.088737186776157495e-01	3.870067956119815911e-01	1.475222874628289715e-01	3.925555628676398734e-01	3.295182917970040370e-01	4.688914416118147854e-01	4.922496835631067769e-01	3.593714017508908842e-01	4.545632243396307004e-01	3.397529075353079575e-01	5.069132484718683607e-01	-3.797424303365385528e-02	3.506487554635224768e-01	1.242118219552381247e-01	1.718636712253852894e-01	1.939213450613670453e-01	1.451470208151190988e-01	1.258597193909641865e-01	4.308443015260247644e-01	-1.197936689018757050e-01	-4.649407959058989848e-01	-3.067660806785080796e-01	-3.143567568079386754e-01	-2.485728228997641787e-01	-2.248523656699907003e-01	-1.326574011931387631e-01	-1.162152763524822302e-01	-6.777860366211199694e-02	-1.101747887005156690e-01	-1.704617883118751676e-01	-2.621134966526543764e-01	1.673780137178897676e-01	-2.807391232881542575e-01	-9.526445161262912797e-02	-7.486640665200097744e-02	-8.946293822333389878e-02	-9.460697713564787670e-02	-1.246872034890726677e-01	-2.656110537110462633e-01	-3.117183490356365549e-01	-1.482333938156722153e-01	-6.299247895128631813e-02	6.199193887893719029e-02	1.212278411163189157e-01	4.324819845348229497e-02	4.678129823323646380e-02	-2.129018449585207695e-01	-2.490094480665530352e-01	-2.826028835164048902e-01	-2.403558050516734490e-01	-1.641691175757492016e-01	-2.649923102347923054e-01	-4.218847916534496645e-01	-2.938992964594728252e-01	-4.056756768690386594e-01	-1.625618858340989181e-01	-5.536135540444861447e-02	-2.595273497601810475e-01	-1.966165496104764210e-01	-2.171650787243143421e-01	-1.889759116868548194e-01	-2.004031221216006631e-01	3.056136911563277492e-01	-8.839636145024963587e-02	-1.973303857475016965e-01	-1.333150394264380478e-01	9.701204547516538435e-02	-1.533504682633950698e-02	-1.354699725384067577e-01	1.596484661053542429e-03	2.469468881346899986e-02	4.613528541032920205e-01	6.051135873842790058e-01	3.000093580326386178e-01	4.791558915789146389e-01	1.317159547041387990e-01	5.177720835188431847e-01	4.737691436714288606e-01	3.921342942777565344e-01	-4.639823395550241730e-02	-2.165977654285738130e-01	-9.520704740499201513e-02	-2.677536156215254426e-01	-3.045998695802892495e-02	-3.704487919317645539e-01	-7.885646520475989019e-02	-1.712844792370747382e-01	2.451902230732694657e-02	3.905121675919968616e-01	4.059633390854257562e-01	1.332033976222924410e-01	4.834633977724007714e-01	-2.983965396611732573e-02	-1.531736686515509371e-01	2.976810249672941500e-01	2.081449240842646042e-01	3.580898660344525308e-01	5.365843603389383043e-01	3.229680328300397751e-01	3.177226628831225641e-02	9.674222453975213354e-02	3.429383269421331093e-01	3.872550053501400136e-01	3.307025325202532229e-01	2.160276127782046196e-01	1.000000000000000000e+00	4.155937278824711201e-01	6.038623368805741132e-01	5.279667186540397683e-01	5.276446079246943643e-01	4.288992917929088100e-01	4.060768427626245125e-01	2.521507701677399571e-01	-2.524144097605840464e-02	3.552423023682244746e-02	3.519845654529233370e-01	2.567288189705775880e-01	3.753594872499132484e-01	2.051678299480390877e-01
-1.837697934804136402e-01	-1.273971550547099013e-02	-2.287231507162318378e-01	-3.035494935499855051e-01	-1.766076930897371167e-01	-2.919371018917432115e-01	-6.487771147399533367e-02	-3.485223983856963054e-02	1.301054543222543158e-01	-5.325754200319119530e-02	-1.554139163664062795e-01	-2.340644163612790873e-01	8.618002214498962643e-02	1.030274440341866909e-01	2.277721435119985094e-02	1.522168762859038571e-01	5.163742036433707078e-02	-6.186032738327693764e-02	1.110867007819964086e-01	5.757651216011715201e-02	7.421635150194651198e-02	1.940382803464084094e-01	1.114731500817303239e-01	-4.888197135031174118e-02	9.907515056979701584e-02	1.840821906678878350e-01	-5.077136401456214254e-02	2.216012651742191308e-02	-1.907156097631600988e-01	1.585442499919020518e-02	1.471234807242769727e-01	-3.119881816956206477e-01	-3.351413534480918166e-01	-9.541104478664143296e-02	4.144915073336095240e-02	1.892075595592619119e-01	7.949578065797119342e-02	7.981901996138490718e-02	-3.713443050183385941e-01	5.110831289079714040e-02	1.550968608054095364e-03	9.678380570019312623e-02	-2.540996579993620719e-02	-7.696308746606272955e-02	-7.956399870602844093e-02	-1.294343728816847172e-01	-1.977007326806188847e-01	2.048836964875762612e-01	2.046672804181563776e-01	5.094536154357516278e-01	8.495190872868532694e-02	2.104613068885590743e-01	2.819530614224041165e-01	1.814535867861936103e-01	1.089053859591529866e-01	1.888249130772866879e-01	7.320974573126536045e-02	-3.036259312509394515e-01	-1.332073716932342666e-01	-3.113131936464715310e-01	-1.571173534886441403e-01	2.809510800448676224e-02	-2.546903199815286900e-01	-2.140188324011309817e-01	-1.486347906799062590e-01	4.794831365324180722e-02	5.129408434103916586e-02	-1.013850875421640763e-01	1.726268543047921877e-01	8.101207054542183816e-02	1.812772003670018173e-01	-1.337018327173244148e-01	-1.948531386941209087e-01	1.389422016896169343e-01	1.110322890228910703e-01	8.946840419011177492e-02	2.530362493566528648e-01	3.386993339606384490e-01	1.243121912186188754e-01	3.334383205299893405e-01	3.919300521058198816e-01	4.540573917535614679e-01	1.629879951181845699e-01	1.047517591010762028e-01	1.245125359779704899e-01	2.146835717896046491e-01	2.411624563960197698e-01	3.734486538762871732e-01	1.506063487270621337e-01	3.005868892974213336e-01	1.600313868734841993e-01	3.299160898618619386e-01	4.218669519057121481e-02	2.282562456448736232e-01	1.727986038852989126e-01	2.291921833445606793e-01	6.384208854246294085e-02	1.130831502369456232e-01	9.943570014802173562e-02	2.317171961322360974e-01	-2.945904682020484278e-01	-2.059536030525877803e-01	-3.430322286979748392e-01	-1.774489220726773175e-01	-2.502136440122720296e-01	-3.351223641895432759e-01	-1.013096382580650073e-01	-9.169223781604835324e-03	-1.863912165825641620e-01	-2.662295323668171371e-02	-2.908824652238951036e-01	-3.158931773839258050e-01	1.844297334321210458e-01	-2.855370749741261149e-01	6.363040339829607872e-02	-5.495367881334843607e-02	-1.906629846434977280e-02	-9.814363285503679285e-03	1.141289697834306921e-01	-1.066737730808670209e-01	-3.920409079661037015e-03	3.169352732385421687e-03	-1.303139840394303972e-01	3.102048399374860432e-01	2.121928124298601004e-01	2.711358160968480036e-01	2.044781386017137936e-01	-5.941787059886759897e-02	8.403976497133928969e-02	-4.424402855583765143e-02	-1.486430123260060743e-01	9.906790389923210427e-02	-2.650154271263006622e-01	-3.976794177901086802e-01	-2.674602690338138689e-01	-3.091470089538897459e-01	-5.716980345222270020e-03	2.928125099970926154e-02	-5.731227748855245718e-02	-1.416484546679311618e-01	-2.723192252305620120e-01	8.474843732160990128e-02	-1.901121437839665695e-01	1.408439019965095074e-01	1.379177714329596904e-01	-1.357365170000140175e-01	-3.251848136026316838e-02	1.543964291397122990e-01	-1.320389301883972966e-01	-1.886466432614921085e-01	-3.279751242191515648e-02	5.586242108365907511e-02	1.599593947188887588e-01	2.478213475650855868e-01	8.667320444638487720e-02	3.089732655070517309e-01	2.776678363004677630e-01	3.558713660690341340e-01	3.117010681795386318e-01	3.452854231225203629e-01	3.071272642773694161e-01	2.182514514367234759e-01	1.985509359243398109e-01	-1.698759186339538207e-01	-1.158117227448814679e-01	-2.301066974644276897e-01	-1.307085766970855489e-01	5.042250816974633981e-02	-6.993554663683131112e-02	2.773769233756116503e-01	4.459684927475762728e-01	5.791095457921575235e-02	2.176284959550704723e-01	-1.570092180769597223e-01	2.749257719292958618e-02	1.193861292208611563e-01	2.120398235487489236e-01	3.751851181303223620e-02	2.765036356478716706e-01	1.356372348063558386e-01	-7.398190982187383136e-02	2.615834757487409123e-02	1.972183831726369574e-01	2.927800348736225855e-01	1.889361246569613018e-01	3.427054400091554265e-01	4.155937278824711201e-01	1.000000000000000000e+00	3.404575954180820707e-01	3.635230144573369238e-01	2.997154153211506467e-01	2.796040099459038974e-01	3.467952295155625753e-01	1.097945760744707400e-01	1.339516788218674502e-02	5.678379286409444143e-02	2.567080597432523370e-01	2.530373114538574386e-01	3.321120102428136156e-01	2.559131979466870987e-01
-2.915760641954192045e-01	1.630413862936325176e-02	-2.634048515980428884e-01	-2.403662919910913576e-01	-3.422878968291070412e-01	-2.915576044715406656e-01	-3.217400571926482544e-01	-2.529529192399603832e-01	-2.012852424461012424e-01	-3.643714883667619753e-01	-3.568007909896812047e-01	-4.054384145978973120e-01	-6.355796813485649344e-02	1.450141268696505392e-01	4.096545985516125699e-02	1.412466234267187037e-01	-1.187959661256680031e-02	-2.299319446202109929e-01	1.503338725717084101e-01	2.022231572266652150e-02	4.082309506227958795e-02	-2.740412597996372268e-01	-1.200959343466101586e-01	-2.467587946393852982e-01	-7.451677995802659382e-02	-8.949075126150453363e-02	-3.976174031453317825e-01	-3.620602238905294423e-01	-3.161645464368943448e-01	-3.348105864834717837e-01	6.244416708278512779e-02	-4.325448200146051470e-01	-4.376122515570134985e-01	-1.701227498370678215e-01	-1.444893601575503346e-02	2.116729291720260697e-01	-6.559707714750041829e-02	-2.461539907616609180e-01	-2.931043261936831512e-01	-1.827175986808683428e-01	-2.472627764489855606e-01	-8.907155920637088720e-02	-2.862620730797243995e-01	-7.847754936631537448e-02	-4.364510027450976132e-02	-1.925078653564548936e-01	-4.285874611189198213e-01	1.933925922727325053e-01	1.816885794149212252e-01	2.543899612417817035e-01	4.088429681191568243e-01	5.171401530662673718e-01	-8.336799249865650685e-02	-2.310032145234915402e-01	4.482676489463687658e-02	2.258335796309918903e-02	-5.685338101676113559e-02	-4.445819734418812175e-01	-2.355778817691142890e-01	-3.579917026843051353e-01	-2.190104894324368667e-01	1.334369199458147470e-01	-3.763188351619640715e-01	-2.775014532218577079e-01	-7.647483194475891699e-02	-1.042681962980917740e-02	1.442622895618685119e-01	-2.326183816008041139e-01	3.522549084780610684e-01	9.435380473302348858e-02	5.253404597148012556e-01	-2.412205239701922799e-01	-3.984526295257667661e-01	1.768766248125468454e-01	2.448196512632740407e-01	2.581678026462410069e-01	3.466801223968706269e-01	4.377378410207145021e-01	1.713660090789604351e-01	6.324260822548644079e-01	5.496769535420686914e-01	5.472666833975837752e-01	5.441626589487238430e-01	4.374506326944009871e-01	6.479484383952938131e-01	3.465401696093877715e-01	4.117331744852959496e-01	6.653151559923267122e-01	4.790011330409183476e-01	3.018508002809044966e-01	2.571112804391091355e-01	4.655433386043632549e-01	1.430740500185833375e-01	4.021217929898787125e-01	1.649777274587950482e-01	2.016065181151061592e-01	1.791361329894790022e-01	8.222898098976108572e-02	1.087547577186687847e-01	4.255392351354712055e-01	-2.576882034174953207e-01	-3.557879080622468604e-01	-3.240865962825732471e-01	-1.439095816857905441e-01	-1.947941867262230342e-01	-3.553260501003955296e-01	-3.004050662332047872e-01	-2.587744561586594605e-01	-3.413483454799531303e-01	-3.762600888769581653e-01	-3.944959113841399745e-01	-3.911306597277334762e-01	1.790250249969035368e-01	-4.208901720113085165e-01	4.636969188725223456e-02	2.796369952799922232e-02	-1.599236344670297572e-02	2.166839340850611195e-02	-5.360118734120290773e-02	-2.341712349459453835e-01	-4.446380807191551224e-03	3.324305960095098184e-02	1.067239518801499365e-02	1.179363328247810122e-01	-9.155125773584535387e-02	-2.260886264190181405e-01	-5.571357461491594637e-02	-2.271542947072782426e-01	-2.243199388518514470e-01	-3.389160349608473233e-01	-8.683506035250400379e-02	-6.249016452916150016e-02	-2.797601666838599455e-01	-4.455577039593587862e-01	-3.583152967430646707e-01	-4.252697075197962029e-01	-1.901995766333102744e-01	-1.589147792160374231e-02	-3.092077108523141882e-01	-3.124918212746776169e-01	-2.672706970632794943e-01	-3.472489934921080823e-01	-1.586976921728505130e-01	1.231262325038603583e-01	-1.137933032473707334e-01	-1.829759833263645552e-01	-2.141038474427882088e-01	1.142974909057309363e-01	-1.551520731761973394e-02	-1.608273215276256329e-01	-2.393190060840154898e-01	2.242990209110168331e-02	5.531899093681688084e-01	3.509087013565470592e-01	1.169976403515474161e-01	4.024616438543175967e-01	5.045415415712861673e-01	5.693024611767412146e-01	6.882911852081838866e-01	7.399416138690212419e-01	1.845292105578204556e-01	-1.529412121205286357e-01	4.597448668945736810e-02	-8.555122720807295522e-02	-3.868848271944425044e-02	-4.018585884710217382e-01	-2.119827074129029647e-03	-2.185667074218501926e-01	-2.848840116179627777e-02	2.796927944433603153e-01	5.617756152261346170e-01	2.510159315850806760e-01	4.212663908216511821e-01	-1.280478334359323178e-01	-1.446278260728155463e-01	3.699490748140697449e-01	3.960869009024132192e-01	5.591096177853555060e-01	5.084508897227100199e-01	5.417904372129587198e-01	-1.096197451345240319e-02	1.729990128594781629e-01	3.021908451495555759e-01	4.009319753267276965e-01	5.053692746423346094e-01	4.399557664298378579e-01	6.038623368805741132e-01	3.404575954180821262e-01	1.000000000000000000e+00	5.029810385693863628e-01	6.920658128569319167e-01	5.510048116685488662e-01	5.456369777477502181e-01	3.028942290286201766e-01	-8.422023224899247498e-03	-1.219840595960950680e-01	4.917198266282626351e-01	1.894514443146638749e-01	4.356314427038904258e-01	2.175839246985841469e-01
-2.426245515963482494e-02	6.038645373618792972e-02	-1.064247411509825214e-01	-2.412586559908509731e-01	-3.087653215590711042e-01	-3.771686182841446633e-01	-1.656349293581778626e-01	-1.954941151452452563e-01	2.321276891232508868e-02	-2.545191239024459651e-01	-1.846450278639673315e-01	-3.468715244634832939e-01	4.689618859906423409e-02	2.218914518404613567e-01	1.101636293565333158e-01	2.937503330344757857e-01	-1.387695857782487163e-01	4.032722427644303692e-02	2.441349834399118013e-01	1.926547525103388878e-02	-3.343475727661729402e-02	-1.544952764993805794e-01	1.240980774658187874e-01	-1.027505332583732722e-01	3.272978557867452232e-02	2.297330276423550366e-01	-9.876249746871273993e-02	-2.798187353694208124e-01	-4.148088967795285353e-01	-2.740805133982069930e-01	2.811955927541642253e-01	-5.113477507828924074e-01	-4.991358160864981519e-01	-2.490377643469096902e-01	1.635767610778472714e-01	2.913499912453037521e-01	-4.372741395875321541e-02	-1.023058290292469252e-01	-3.100356567333659719e-01	-1.812140781506138554e-02	-1.167731991609443493e-01	2.752991822658461957e-02	-1.795446093101461804e-01	-2.315367131029778119e-02	-5.196116125556545645e-02	-1.541603838643013091e-01	-2.408768321992788841e-01	5.221442914192815643e-02	6.300952271368163993e-02	4.244296647142267176e-01	-2.439651415029233782e-03	2.291689750826399752e-01	4.705546453694643694e-02	7.043841201118426765e-02	1.786741710965666363e-01	2.849512049321676899e-01	8.294202337249685641e-02	-5.092737022088924537e-01	-3.328040034825011650e-01	-5.250746411050608575e-01	-1.868107710597174675e-01	-2.180199865776143442e-01	-4.375958628296467423e-01	-4.011844439137788321e-01	6.242194010284522754e-02	-9.590175384471846809e-02	4.056976776563218229e-02	-1.781680209019254890e-01	4.023917036769858457e-01	-1.476277108699216578e-01	2.236678187169104104e-01	-2.105878738419892371e-01	-2.512182604125504648e-01	3.790901709413744408e-02	3.218208630033433382e-01	2.636018251307277738e-01	3.706569402372969502e-01	4.977991242491955903e-01	2.784472949378437034e-01	2.808144092428632721e-01	3.787934019029154387e-01	4.163667779260726842e-01	1.922671894625170019e-01	1.889256393322755745e-01	3.044935948689697081e-01	4.393586845341058700e-01	5.285565493679997839e-01	3.625178947859131195e-01	3.571728924050169840e-01	3.744543405975372385e-01	2.978817683126357974e-01	3.947490595892700349e-01	-5.332895562160472336e-02	2.971767793680608061e-01	4.981226256668919855e-02	3.473171463606029574e-01	1.485819555998470209e-01	-1.964166742620759507e-02	1.987129183120379394e-01	5.456091876861046686e-01	-1.620472808392467989e-01	-1.918757870300707435e-01	-1.636296792535915368e-01	-1.142656560657522025e-01	-2.755107187842755212e-01	-3.123809341042986798e-01	-2.433491019593336802e-01	-1.795977309317638437e-01	-2.293440745560646477e-01	-1.966559739742549662e-01	-3.367612744366906830e-01	-4.566239438409480100e-01	2.817036200698510018e-01	-4.507335116163448951e-01	6.442433067863426177e-02	1.357099483562809461e-01	-1.102478594467210388e-01	2.244040428008408153e-02	-1.229067840545644968e-01	-2.726922897662011902e-01	-2.723598781727293860e-01	6.384553259338335285e-02	2.616772750868689296e-02	3.798605816463069412e-02	1.695503190002950189e-01	1.456190549690265790e-01	1.387477721627536076e-01	-1.486069327663884776e-01	-7.272222388175222929e-02	-8.720876485019986302e-02	-2.871598055127237425e-01	8.005259541524364919e-02	-3.811024850316285240e-01	-5.312812249998081215e-01	-5.015742564558628436e-01	-5.544025615053220779e-01	-4.485836514804981273e-02	-4.148967850168232968e-02	-1.618949495388710136e-01	-1.588046611606889758e-01	-4.490904424655469684e-01	-1.194550574745021909e-01	-3.081264008096173956e-01	-2.627229579549278382e-02	-5.991334947690919038e-02	-2.878414043702631764e-01	-2.065984882388932076e-01	1.640984339416592941e-01	-5.598895376334005886e-02	-2.684194426118345356e-01	-1.449206209771577991e-01	-3.589420380879127515e-01	2.827607131493349302e-01	2.646257699874463021e-01	5.366176025436806413e-02	9.724575197109595892e-02	2.411517150401842891e-01	4.005846718065427248e-01	3.679995693411186042e-01	3.587201032208195972e-01	1.390978644334120717e-01	1.404214621495728232e-01	1.145193319791313474e-01	-1.506623798732119601e-01	-2.412677081064210638e-01	-4.980673644791527299e-01	-1.336064330562553304e-01	-3.644826181044819036e-01	-1.365914679162946177e-01	1.016543498319306266e-01	5.649574315428838034e-01	1.755927394317432777e-01	3.683896622338802551e-01	-1.401921825926698284e-01	-1.896530740633635692e-01	2.558999776114669888e-01	1.396305917937905039e-01	6.611286587975975793e-02	5.476700226276297601e-01	3.592104040001912746e-01	-9.279621343316130783e-03	1.911717949763163671e-01	1.760428524690741126e-01	5.710220608564108291e-01	3.827951377333245198e-01	3.228549518015070285e-01	5.279667186540397683e-01	3.635230144573369238e-01	5.029810385693863628e-01	1.000000000000000000e+00	4.986848523362268359e-01	2.675600507025169272e-01	4.474072323424393982e-01	2.704912812992357751e-01	-5.820421654033874209e-02	-3.542393455513510175e-02	5.541929491112886907e-01	4.292364788959014410e-01	6.257668431959232391e-01	4.003234100808493179e-01
-2.580587348508296963e-01	-8.269698053799549864e-02	-2.063907400357718469e-01	-3.269051597559747835e-01	-3.973562624874146798e-01	-3.929033521346157465e-01	-2.347881739753025776e-01	-1.572774276404910743e-01	-1.646741513821980696e-01	-2.464638972266228745e-01	-2.567558845658666766e-01	-3.743963022851108380e-01	-5.077375287839890061e-02	1.427282233577063797e-01	-9.304344530520092249e-03	1.540452493387744759e-01	1.186214481960743972e-01	2.172152129635629078e-02	1.955962194129182430e-01	4.664852882363209469e-02	1.043804448738789303e-01	-2.702261329824136027e-01	5.103229217066266796e-03	-2.082491297466079749e-01	-8.945659934706262639e-02	7.231166712768395677e-02	-3.311461328022511363e-01	-3.980097440724089664e-01	-2.012463918601508084e-01	-2.023370150310973836e-01	3.552650754049205967e-02	-4.211955393544533632e-01	-4.377367196399761795e-01	-5.511539566699573400e-02	2.955842400158769645e-01	4.242637635873173774e-01	8.733929968461563720e-02	-6.612202173043944808e-02	-1.949681089418229263e-01	1.695621694271948754e-01	-8.649554102841369718e-02	2.763468211081900397e-02	-2.362270316702344206e-02	-4.064955931616905799e-02	1.095766331215989042e-01	-1.138696595063850014e-01	-1.685037624625931874e-01	1.444743731459496860e-01	1.208364728358072571e-01	2.567835773623566298e-01	3.828982541194298483e-01	4.455843878594726304e-01	-1.207162049032882850e-01	-2.297125612695578023e-01	2.047533982323980484e-01	1.408309729392446530e-01	-1.692236243226723572e-02	-3.057387464827887591e-01	-1.201801156698554217e-02	-3.244429631880567100e-01	-2.108210931452818848e-01	2.330086071386313074e-01	-2.482685030192260944e-01	-1.402729685188799369e-01	1.682060902368425620e-02	-4.027860603097913050e-02	1.133006198237839351e-01	-6.222555874843711116e-02	1.802306611129721181e-01	2.045149140938903529e-02	5.561414988027638673e-01	-2.599698432254817226e-01	-3.152963879472147624e-01	1.456094483086605162e-01	1.712379884570655875e-01	2.393482253959288153e-01	3.518545267257421338e-01	5.182953046708316247e-01	1.543157478524276038e-01	5.984395857675931518e-01	5.237900565598968550e-01	5.651855936987066897e-01	6.268551626764542473e-01	4.675427573773400236e-01	6.843724901369254709e-01	4.661717485285076235e-01	3.872748677617296464e-01	6.706503163601064132e-01	5.643294744457861833e-01	2.661636507367894366e-01	3.328404638986897091e-01	5.100053443513784535e-01	1.018879302128755243e-01	5.277178516172627010e-01	3.352762636572674815e-01	1.943609503215506518e-01	5.905581644093259308e-02	-2.279413692736330377e-02	2.156506187483931969e-01	4.280744386415483160e-01	-2.334032218699555183e-01	-2.947861747474000427e-01	-2.666424318017648898e-01	-1.933273818404262767e-01	-2.608966290591065440e-01	-3.258968454181420116e-01	-2.139463169212998117e-01	-2.183085207267819461e-01	-2.052691862593002403e-01	-2.124621623291522710e-01	-3.175464247553655972e-01	-3.167174585330578274e-01	3.864897429118331895e-01	-4.251573580673347341e-01	9.169908000725734976e-02	1.190394657570681414e-01	1.215837497061676986e-01	1.253031131921703289e-01	-7.734867748408906507e-02	-1.229761235562482208e-01	1.613881957798671968e-02	9.277696234006234388e-02	1.455762884608474417e-01	4.626189321255395198e-02	-2.754917701155739154e-02	-1.066554149891904280e-01	-1.670261763136404731e-02	-1.657917129058895656e-01	-1.991920068944613431e-01	-2.741440473595587179e-01	-8.626129491591699727e-02	-7.788285367661808289e-02	-2.922324695704556219e-01	-4.781503430453337145e-01	-2.982553673728221555e-01	-3.361992179396123270e-01	3.613473915374572354e-02	2.060660674329174435e-01	-3.008436621613767570e-01	-1.064555757975667594e-01	-2.854487891129074972e-01	-1.441462823625839218e-01	-3.946188273301712290e-01	1.103534978676625755e-01	-1.138830105023593692e-01	-1.527158687234913825e-01	-1.868327253128276300e-01	2.418184694907058452e-01	8.156509061677041234e-03	-2.523119749634580300e-01	-8.007577007643694456e-02	-6.432291927201522208e-02	3.191556534806034295e-01	2.779767935546365587e-01	-5.906631915355036594e-02	1.738915910356585715e-01	2.192567214736148851e-01	4.780233344976929644e-01	5.518303431399496084e-01	4.780307365910192452e-01	2.351187651273318746e-01	-2.045278691290063344e-01	-5.038186674668211629e-02	-1.751612779034266987e-01	-9.066557355700088916e-02	-1.655487805530299339e-01	-6.059924254791058951e-02	-1.186617897592453508e-01	-1.826572189474539032e-01	3.523410645663507812e-01	4.475381412711076923e-01	3.690201961248510548e-02	2.438296193935456380e-01	-1.979075868159446694e-01	-2.517170938361348309e-01	3.909503019571762550e-02	7.906490236842594888e-02	2.805217105701680591e-01	3.490506920673975833e-01	2.344712537724540635e-01	-1.476592315125103694e-01	6.142850121696298571e-02	1.900844568155314884e-01	2.986220259576568559e-01	4.573647656419355667e-01	2.958038190382829558e-01	5.276446079246943643e-01	2.997154153211506467e-01	6.920658128569318057e-01	4.986848523362267804e-01	1.000000000000000000e+00	3.586813396509465068e-01	4.511236103836754885e-01	1.653760619200247972e-01	-9.194785386488746326e-02	-1.790987419300673344e-01	6.544825863363761265e-01	3.575952507461206964e-01	3.224572427011678788e-01	2.292456465666593279e-01
-2.356661191537303413e-01	-3.736221432875772019e-02	-3.017527057571330329e-01	-1.773015068291466934e-01	-2.887505138272796756e-01	-2.270637776891094861e-01	-2.458548273611740054e-01	-2.135598552243993531e-01	-1.432521421247496263e-01	-3.607803388244332776e-01	-2.906849718500455482e-01	-2.439980223947847970e-01	1.438882311754060284e-01	4.981725642936300075e-02	1.531988446280791241e-02	1.256506843663794757e-03	1.472673302376545715e-02	-1.596960221340453789e-01	-2.884719790435394653e-03	1.088439092142774595e-01	7.097536715533969698e-02	-1.558357654121496350e-02	-8.980521619793684074e-02	-2.916323829877092155e-01	1.361953809071778931e-01	-1.745547900880422849e-03	-2.901191390960246586e-01	-1.772147163231033440e-01	-2.627028587310891172e-01	-1.788936702798344103e-01	-1.008841116203528510e-01	-2.642594944089077802e-01	-2.729123231485633405e-01	-1.500843303801221162e-01	-8.451372058720094116e-02	1.331760101931368234e-01	-6.292413877732787320e-02	-1.975884675291106896e-01	-2.016140966041587157e-01	-1.508484538523483243e-01	-1.517107853640269066e-01	-8.726015659706835847e-02	-2.408122543624103828e-01	-8.374954504173247327e-02	2.750672732535004716e-02	-3.813919417850013260e-02	-1.919071465600324378e-01	2.703772915887647232e-01	1.562864506665860298e-01	2.034602207421078723e-01	1.907125053748747467e-01	1.519669336056388986e-01	-1.314812814345802938e-01	-2.244512767892069272e-01	8.108301106909909794e-03	-3.747531204786960779e-02	1.401886177608583153e-02	-2.170062429415547112e-01	-1.459425343147809362e-01	-2.502065820267914686e-01	-7.563487853301825714e-03	1.650524712670682070e-01	-1.970780906145626898e-01	-2.124047131752033468e-01	5.385932941666911333e-02	1.504975940871993156e-01	2.246203823197335803e-01	3.890941580854924420e-02	3.025370237658761008e-01	7.479960193481675901e-02	3.769367589725960976e-01	-1.674455371882105081e-01	-2.468559413463263796e-01	1.133645754347484963e-01	2.529830974372973551e-01	2.319780377652224390e-01	-1.060386204860010347e-02	2.495300822167931254e-01	6.334897690188384667e-02	3.757004615564129013e-01	1.828044843414743104e-01	4.112508224661065026e-01	3.615672634032065513e-01	2.862132873766589092e-01	2.860485437131100039e-01	2.680208381935280659e-01	2.566464314664683721e-01	4.413701657571987291e-01	3.620754169589840421e-01	2.852763416814912412e-01	3.007797515697012147e-01	3.413098957160771163e-01	1.927102869842139687e-01	2.593749263376570746e-01	7.825483337240383974e-02	-2.349139902250254458e-02	-1.049531332083005336e-01	-8.769376778094531422e-02	1.431466293455941063e-01	1.670215807190661428e-01	-3.412459182066708285e-01	-3.323602500039293250e-01	-3.406358290646048226e-01	-1.068941622491742516e-01	-1.454012126988390718e-01	-3.024245332218921112e-01	-2.380817056448935598e-01	-3.291838259014908119e-01	-3.348971729984756007e-01	-2.489774415219605519e-01	-3.722712621458719728e-01	-1.560690076640867952e-01	1.374118489767838236e-01	-3.427076714234607024e-01	-7.002787098397963983e-02	-2.047163387455225025e-01	-8.186508041372261846e-02	-1.137285076515265198e-01	-1.233113781863232894e-01	-1.054915181710966293e-01	5.975301813479878647e-03	1.382802743404976976e-02	1.069726961953270522e-01	1.867613752438914212e-02	4.160766185722662713e-02	-2.095658911200856400e-01	-1.215681997965603750e-01	-2.447408825617606032e-01	-3.085259893895165306e-01	-3.015424187437098502e-01	-3.426465393561424488e-02	-2.534698986731398485e-01	-2.160986079852316444e-01	-2.219177968422003933e-01	-2.612529127467156376e-01	-2.341664129357123314e-01	-1.850239996417026023e-01	-2.056375337916928336e-02	-2.378163491360611170e-01	-1.609167642486639127e-01	-1.369169018534151239e-01	-2.580945084920038823e-01	-3.291354102670032700e-02	8.484328027158223595e-02	-1.731825783571616373e-01	-1.724559461273262040e-01	-1.024499989843155774e-02	5.331999117920215719e-02	-1.141462404250870172e-01	-5.346594719528775103e-02	-6.773954042044603996e-02	2.106880437768190450e-01	5.829425674002360891e-01	3.190562087523161061e-01	1.631159680771996079e-01	4.134560488321915583e-01	1.099316371339919829e-01	4.203283705335373877e-01	3.173622862127326028e-01	4.105562023142863559e-01	-7.141516238422651597e-02	-2.280100581878801713e-01	-5.640133483107137580e-02	-2.983980204061525976e-01	1.531559159470452791e-01	-2.455295333641745736e-01	3.365022824794376005e-02	-6.353445097535212471e-02	4.954706893241680316e-02	3.899053169330544133e-01	2.186743608438203590e-01	3.262297195306190223e-01	4.879277948221720784e-01	1.878102097719718533e-01	2.324110849033324822e-01	5.291077739079357301e-01	3.422801582731882508e-01	4.878187058558965949e-01	5.033456679837563508e-01	4.455427432271624189e-01	-2.566254129995597100e-01	3.940218234000197883e-02	2.730432992791090863e-01	1.814108895178589975e-01	3.722327392294814130e-01	9.140657366385691873e-02	4.288992917929088100e-01	2.796040099459038974e-01	5.510048116685488662e-01	2.675600507025169272e-01	3.586813396509465068e-01	1.000000000000000000e+00	3.034826509736204270e-01	7.859935312347493541e-02	-2.378032402184569738e-01	-1.569238711168473022e-01	1.698894210801787374e-01	2.601682186052383106e-01	2.604391983372909558e-01	8.840858838162954370e-02
-2.338589019281056905e-02	-1.504469400414998881e-01	-6.117843323479094791e-02	-1.951885199883935940e-01	-1.899997737176961077e-01	-1.537799151776103324e-01	-5.840090298232353781e-03	-4.194520390944696947e-02	1.504506231383155243e-02	-1.945170291660242301e-01	-2.084451968793720189e-01	-2.327997390196168692e-01	-5.800923546069800679e-02	8.366638057082870228e-02	-6.441261710248942507e-02	6.738384819881033938e-02	-1.244277677352739336e-01	-2.541519721400267717e-02	-5.229398913534493570e-02	-1.467051968272422013e-01	9.084007380708797319e-02	-1.144655135393915224e-01	3.574549946850678894e-02	-1.501391439674875372e-01	1.558962135386607051e-01	-1.352404046028203924e-02	-2.480609818227526575e-01	-1.305445105610466561e-01	-1.711271193084597797e-01	-1.150429291313562197e-01	-1.059658034595821127e-02	-3.287390592374521137e-01	-3.157985743548689661e-01	-1.342385804942734795e-01	4.762804236220856934e-03	1.632596560775242678e-01	2.048250494739842914e-02	-2.139563216690814618e-01	-8.952022997833526674e-02	-1.211034433506548956e-02	1.936018698664363283e-02	-7.768335668521805099e-03	-8.012881760306551915e-02	-1.925077991371059588e-02	3.390982300293084173e-02	-6.879466715806321908e-02	4.078269920294473605e-02	2.282933896297110188e-01	3.289419970748341249e-01	3.246082870539524490e-01	3.150238625084595401e-01	4.853994889784397637e-01	1.365451591930920416e-01	8.643053071061740367e-02	3.603484342721082617e-02	2.865357215111832279e-01	2.642018534037312433e-02	-3.927307062446671604e-01	-1.251426331178186191e-01	-1.452180873564434815e-01	-2.161139978392673799e-01	5.962809768367154789e-02	-1.630795216342250664e-01	-1.990894133038511038e-01	4.667842562205948981e-02	4.724999094449644499e-02	-1.099968571428782960e-01	4.238905150357382551e-02	1.515125103985940358e-01	3.539385699723197887e-02	2.573958317147753139e-01	-1.838696530288155828e-01	-2.188893651670540119e-01	-4.589543622321357388e-03	7.026020104815138001e-02	-2.408539943835006844e-02	1.231509338262396364e-01	2.736175773247164211e-01	5.736071811722927294e-02	3.994727538783632292e-01	3.693741607019803141e-01	4.010723332548546960e-01	4.487140634921956694e-01	1.653111163760891122e-01	3.948124366108491934e-01	2.371873883429946872e-01	3.933328351053574368e-01	3.963692507170765711e-01	2.993330378698838001e-01	3.854868687345177070e-01	8.553912540916612517e-02	4.206809618867916045e-01	1.098203126227468018e-01	4.490100250400312354e-01	2.930314783308470283e-01	4.427823580026913480e-02	1.437379441848393447e-01	6.558628100611074707e-02	1.763522606140321414e-01	2.844064281537470595e-01	-3.408092726069121559e-02	-2.235298814813818091e-01	-3.029120929631975434e-01	-2.401873048351718387e-01	-8.880114558773107014e-02	-2.026266907400333661e-01	-1.920802467047816597e-01	-1.221377940271402562e-01	-1.639480107724912705e-01	-1.269924738394312969e-01	-2.220237576470341645e-01	-1.604776337295450717e-01	2.540602667633867773e-02	-3.429880967519204349e-01	-3.449153758757179944e-02	-1.521730931827418309e-01	-1.727453184661193741e-01	-2.407895423609342778e-01	2.681331626468587848e-03	-2.144925568226504348e-02	-1.436552209642210642e-01	-1.360621804384909428e-01	-2.486861689343824733e-01	1.499883663214851282e-01	-5.294286964026022248e-04	9.072487919066568596e-02	1.487575532242592542e-02	-2.743484755349649418e-01	-1.011671693294199058e-02	-2.031721622516610704e-01	2.904441747129361123e-02	2.587721925553385649e-01	-9.718773186950960263e-02	-4.068844296158843354e-01	-2.141501926021750213e-01	-3.242335776881542508e-01	-1.541217556769501340e-01	-5.653530637149874194e-02	-1.458244295861545470e-01	-3.413637185970601617e-01	-5.011709194592890021e-02	-1.178463405373997297e-01	-5.894099603253357550e-02	2.864207629319360793e-01	-1.623057349778208869e-01	-4.518496427141943661e-02	-2.817698198164121995e-02	2.455561517157443252e-01	-8.013497382016940285e-03	5.724753184088298384e-03	2.274398443376120516e-01	3.506365462876746830e-02	3.693301302256000729e-01	3.960103576599345865e-01	2.148433709701059180e-01	3.887217174545186116e-01	4.532319023714215245e-01	6.712350532134421233e-01	3.904946909127440802e-01	4.271608814481949734e-01	2.172197039726725676e-01	1.810502334375894695e-01	2.495454079047134399e-01	2.014925270175133287e-01	-1.114182312773144001e-01	-2.341874693720773504e-01	1.087858720386022243e-02	1.890499575541581267e-01	1.002327456812687478e-01	1.562706105030743364e-01	4.483731004425909883e-01	2.101504077720720010e-02	1.900036134303804969e-01	-3.622926270480567035e-03	-1.410101273208207995e-01	2.796143979353037101e-02	4.808558317888706468e-01	1.734411973420403319e-01	4.908914663047997951e-01	1.338329238465279236e-01	4.605834067799254028e-02	3.851469698210173431e-02	1.278060847288520763e-01	4.078622289751833163e-01	1.644085303041560309e-01	1.143714124084230371e-01	4.060768427626245125e-01	3.467952295155625753e-01	5.456369777477502181e-01	4.474072323424394537e-01	4.511236103836755440e-01	3.034826509736204270e-01	1.000000000000000000e+00	1.697589310694104237e-01	-5.308179879834178105e-02	5.116210867917068972e-02	4.858734713740663902e-01	3.373450042510209301e-01	5.043850487613480427e-01	4.450845623240990978e-01
1.125693660136271312e-01	-4.414839949237314709e-02	8.366179115226761442e-02	1.538821172348199540e-01	2.087204885949484334e-01	2.128197567244649591e-01	9.862629629139872678e-02	-1.359124052567284857e-01	1.804734415393325631e-01	-6.844448696176973213e-02	2.973145620327655864e-02	-5.861627222992443764e-02	-1.731709934946702445e-01	-9.756050474495570057e-02	-9.892785057200390031e-02	-1.471150910011407020e-01	-1.958997960067570265e-01	-3.214251937770586931e-01	-1.688584084439542499e-01	-2.250193701147835956e-01	-4.353984056727520646e-01	-3.997163535515409483e-01	-3.263922260638527084e-01	-4.042523032014131434e-01	-4.053756073251717496e-01	-3.011766850711237176e-01	-2.530849907605202675e-01	-3.824257586966215983e-01	1.940743488769061231e-03	-2.299863721744943024e-01	4.252696724082103974e-01	9.393735968632842270e-02	-1.243587657471337399e-01	-1.538184704404243208e-01	-1.936175843588547052e-01	-1.050941092969628482e-01	-2.960136309571990143e-01	-3.383052419294124702e-01	-1.162814431120129527e-01	-5.068764568130527115e-01	-3.517770328557047743e-01	-1.733079415459981287e-01	-5.556259314011218198e-01	4.111621198232395108e-02	-3.287863842575963202e-01	-3.469114092014611295e-01	-4.220925540802037412e-01	-2.607128990696008786e-01	-9.893248911591717709e-02	5.200450767178445288e-02	1.660730273930602907e-01	1.304445469102295529e-01	1.583902811503954677e-01	-1.392360219849378411e-01	7.404835265145585932e-02	9.846033196237732876e-02	-1.405219027132132703e-01	-3.110180317037609943e-02	-2.062417502094434085e-01	-3.891121117479241082e-02	8.537272941129703252e-02	-3.291717690456499312e-01	-1.958628090821872836e-01	-1.652466753427249690e-01	-3.258050978662480612e-01	-9.105231901594894317e-03	-4.614367408055043002e-02	-1.257038574089703875e-01	1.053325774371170198e-01	-1.593099503228790487e-02	1.040651734551699924e-02	1.846726575232550682e-01	9.586381342449801224e-02	-1.450638626057445535e-01	3.471967909797559204e-01	2.545619816844327254e-01	3.604775124790384755e-01	1.648681314346849003e-01	5.184833646475788260e-01	2.003810208496283884e-01	1.525594247644096735e-01	1.108759320275420762e-01	1.779016719850683159e-01	6.365552851345065988e-02	2.575929023535140083e-01	-7.665212379068908621e-02	3.817327254603433140e-01	4.535060765506431640e-02	-4.336282081648144826e-02	5.101424496830580385e-02	-2.774701366541161840e-01	-1.457381837481862008e-01	-2.609557384061686469e-01	-1.296112391739054903e-01	-3.797647002064398758e-01	5.272947301788649677e-01	7.028828787152280322e-01	4.407064940463694680e-01	-1.769403758530977699e-01	3.726715357821817065e-01	3.184925898532468130e-02	-1.265899667244681503e-01	-1.939559359853983422e-01	-7.886633531198425362e-02	7.347156261073346795e-02	1.057093738129320365e-01	-1.152956157569418189e-01	1.557846384169499498e-01	-5.671570357640925292e-02	-7.760131084889834718e-02	9.087182726643906749e-02	-6.910253540769625835e-02	-2.345501495451286778e-01	-3.118234327633294667e-01	-1.766300518021036992e-01	-2.456373835468726174e-01	-3.800175962136688179e-01	-3.923077376281527973e-01	-1.030751718102126263e-01	-3.547168599166378167e-01	-1.102257584635959742e-01	-1.156156911688590860e-01	-2.522973270578338645e-01	-9.498293875641883321e-02	-1.451501493982475521e-01	-2.493295720061455834e-01	-2.020711083590945867e-01	-5.510280546072686692e-01	-3.526880668401982666e-01	-3.052734836172680266e-01	1.930285356522646600e-01	4.579688173472058477e-01	3.119938234434117552e-01	3.971202058970544485e-02	-2.132451827312467629e-01	-7.982050435556330148e-02	-3.698315718326989354e-01	-2.943112201669158545e-01	3.584148983702629132e-01	-3.716710646213673974e-01	-3.008064180669889343e-01	-6.465885789154052210e-01	-1.318003008688018729e-01	1.518191764365418861e-02	-2.915036033904137014e-01	-5.446877677013708396e-01	-4.072554349419477693e-01	2.563579023927585812e-02	1.895303572317779406e-01	-4.123726403741835300e-01	-2.276009989913478637e-01	-2.485939157300730284e-01	1.814846325345329803e-01	1.130311523032298399e-01	1.195765537984048998e-01	1.263207824691833514e-01	2.131675684503574197e-01	7.718404536708603492e-02	4.787997182982928202e-01	2.101353456399322750e-01	6.241673188645439213e-02	-4.313683821588225331e-02	2.277993767654653834e-01	3.984430608057871748e-01	3.462516162384157159e-01	-3.696462267902746457e-01	2.633102091308068271e-01	-3.897285891469537966e-01	3.382506842253919510e-01	1.705998880538848184e-01	4.215905812271433240e-01	3.124925334010352218e-01	5.335181437419430628e-01	-5.055673413273534256e-02	-4.039558978198590777e-01	2.015674349751226668e-01	2.563177347127656991e-01	3.297624772323306530e-01	3.607862022475320091e-02	5.603099459648269720e-01	5.013092844499773548e-01	5.943673256699204543e-01	4.290917579446637542e-02	6.764219416304390053e-01	1.458771486789194605e-01	5.723249413086787252e-01	2.521507701677399571e-01	1.097945760744707538e-01	3.028942290286201766e-01	2.704912812992357751e-01	1.653760619200248250e-01	7.859935312347493541e-02	1.697589310694104237e-01	1.000000000000000000e+00	6.166093304639437278e-01	4.434678112921570103e-01	2.318943086537991749e-01	-2.273498591617817699e-01	3.992521019487901834e-01	2.386197602940277607e-01
3.214229336544868754e-01	7.628004092563737959e-02	4.203643664494442489e-01	3.564091837173216648e-01	4.419102699581000104e-01	4.294073933963942213e-01	3.087162625550249895e-01	1.994518555816846284e-01	3.611230690515905839e-01	2.913749732476876297e-01	2.839924343989991273e-01	3.350397262704977730e-01	-6.898936550658057998e-02	-1.934419739919292502e-01	-1.405408779665828500e-01	-1.767898988494779056e-01	3.025929872446166471e-02	-1.894015489738931912e-01	-4.476476069840941430e-02	-7.189732547184925215e-02	-3.913233517081337043e-01	-3.431229355435133632e-01	-3.188468953627286995e-01	-2.012555769512811843e-01	-4.046748224869923249e-01	-3.423793202263930580e-01	-6.528859694796246282e-02	-1.646051973032507942e-01	1.949736710393683847e-01	-1.821468994401154173e-01	2.958645648535834782e-01	3.223099005085325319e-01	3.132877412233646686e-01	-1.646261717508985117e-02	-2.549840055993158328e-01	-2.219737680067851437e-01	-1.384146874153478202e-01	-3.019705204873425822e-02	-1.405148348671027801e-02	-4.155451659653101038e-01	-2.632812851943343024e-01	-2.318399524527710309e-01	-4.420229575827150370e-01	1.724647188704512280e-01	-3.113523393705282527e-01	-3.074072351535733771e-01	-2.494877683639101507e-01	-3.560023015694273041e-01	-2.232141392240257205e-01	-7.785221833613112374e-02	4.739010525412314101e-02	-4.594464367936142157e-02	1.339628437402785865e-01	-9.478638266486615060e-02	-4.277877796088997570e-02	9.884921052605950484e-03	-2.774117982003614369e-01	6.208789428392243875e-02	-2.708467090615813977e-02	3.013162259577943647e-02	2.436365568319716346e-01	-3.460577913571216691e-01	1.146624455794457466e-03	-1.044958675806896414e-01	-4.152067964418808543e-01	-1.664553405514196949e-01	-2.344410811489452406e-01	-1.825572070661909130e-01	-1.557516766469851099e-01	-1.808237353817425119e-01	-1.605575159437317989e-01	4.322307821075202505e-01	3.731120222854699686e-01	-1.900094908032647911e-01	-3.355404627314254040e-02	8.715211354279939204e-02	1.791575808225705779e-01	-5.246146669902997800e-02	4.150596823158922977e-01	4.301012016141958320e-03	-4.594417549554178498e-02	-1.100249569695207208e-01	-2.176356383875331299e-02	-8.389276991713887077e-02	-7.601010592093086424e-03	-4.003837546887465959e-01	1.171908220420910529e-01	-1.866759097809109202e-01	-3.737426970773616852e-01	-2.014424615208342817e-01	-4.384455893404956006e-01	-3.485672524997372457e-01	-2.753200690447943355e-01	-4.323935765311082702e-01	-4.935045328013050181e-01	4.084486381276892786e-01	6.512879752037056269e-01	5.462172631777307830e-01	-4.162975820377773917e-01	2.052924575763110174e-02	2.824058086593148054e-01	-9.558313296502139733e-02	1.134344189635963784e-01	4.989541623039250168e-02	1.884667654965657413e-01	4.143872341766347001e-01	3.444560663220737062e-01	4.830554477589649176e-01	3.100307023749631630e-01	1.020944979546916931e-01	5.279639902086930014e-01	2.120826832473826917e-01	-3.480093722595930528e-01	5.210712805363619700e-03	-1.252048165220749631e-01	-2.870122774777777996e-01	-2.669596963870938255e-01	-2.112218125592967011e-01	4.397532271639301160e-02	-1.246827870151043932e-01	1.757602092739541377e-01	-2.696746574530611493e-02	-1.658498808003576463e-01	-2.125869101921664395e-01	-2.287088472229465430e-01	-2.989966133217626387e-01	-2.869690758470238023e-01	-3.752583615497736558e-01	-1.920970104005741141e-01	-8.377516895851558343e-02	1.192907258796812864e-01	3.951920281756289288e-01	4.492993432399768339e-01	3.808408076195237135e-01	-8.912405191701611162e-02	2.447343733200558480e-01	-2.275384728272232815e-01	-3.098449859744503709e-01	5.723088588690861123e-01	-9.888562495858224666e-02	-3.772776166111185825e-02	-4.839716447477160899e-01	-6.175924798577848984e-02	-1.022235271891715203e-01	-1.909324641292048930e-01	-3.983986387204832558e-01	-3.006218450669637110e-01	-3.383946659051480232e-02	1.247918856753210126e-01	-2.885140999558923336e-01	-1.002316075002924883e-01	-2.251198194902637451e-01	-1.778210037714820779e-01	-1.465336707531806337e-01	-8.347768363260202329e-02	-1.114362755638042546e-01	2.542246116399781222e-02	-1.279097307236926329e-01	3.243892745122061716e-01	-3.482687898380125435e-02	5.446154134191698304e-02	-2.220592866239652283e-02	1.544481098458904411e-01	4.406085876730328477e-01	1.678709832760947318e-01	-1.825351700898083795e-01	3.460625648974980373e-01	-3.174696309390989679e-01	1.691806752152437698e-01	-4.350764214404408137e-02	1.887000271096588855e-01	7.204221087817207214e-02	1.195348066763292777e-01	-8.686318034646459130e-02	-3.011302066641538544e-01	-2.407229424513040311e-02	-3.714481323483967857e-03	9.331317715861113873e-03	-2.541504215086851648e-01	3.052160588310796063e-01	6.683051857905996096e-01	5.418972999354861875e-01	-1.496835114028975955e-01	3.454995492444806193e-01	6.631823531286872367e-03	4.423206313786960386e-01	-2.524144097605840464e-02	1.339516788218674502e-02	-8.422023224899247498e-03	-5.820421654033874903e-02	-9.194785386488746326e-02	-2.378032402184569738e-01	-5.308179879834178105e-02	6.166093304639437278e-01	1.000000000000000000e+00	5.320245999433949047e-01	-5.099803710556422703e-02	-4.031597868666573214e-01	-2.758388318696194594e-02	3.881902495941433329e-02
4.841480075319106180e-01	-1.113655999256037837e-01	4.469163277048301408e-01	3.217631284580375617e-01	2.823545870212657016e-01	3.934880063700207375e-01	4.523155992625673694e-01	3.020345567814687326e-01	4.073012232381245101e-01	3.683214511905473221e-01	3.437185373696621249e-01	3.440786161649008190e-01	-1.150812599196462949e-01	-3.000174654801279761e-01	-2.027896328408006765e-01	-2.360528317671445053e-01	-1.684242145309867711e-01	-2.344733369549643343e-01	-1.989970166375485960e-01	-2.740412334319538568e-01	-1.277795856000070451e-01	-2.236636694903020584e-01	-1.192309172732055611e-01	-1.635615787619054129e-01	-2.470137844772033742e-01	-2.914805766943216470e-01	-2.536539775385510467e-02	-4.369609818265516449e-02	3.213061799890892800e-01	7.854862760817148126e-02	7.761960316722732456e-02	1.526058758459289122e-01	1.336064237928967502e-01	-8.546645383649896510e-02	-2.876824714179093689e-01	-2.601471070123655416e-01	-1.376817277167124987e-01	-1.920859043232494845e-01	8.683151711932114714e-02	-2.533442218340922758e-01	5.556400807787351126e-02	-8.134630535238210336e-02	-1.162249006311664168e-01	9.890391076319020314e-02	-1.927073005636476266e-01	-1.865080079744138586e-01	-6.252427154112850938e-02	-2.892115970834431282e-01	1.231020592692657067e-01	1.488352738590290603e-01	1.998012861293028131e-01	6.683637916834879455e-02	3.679047864352932296e-01	1.932787139406134114e-01	1.663842263574566716e-01	2.637902917478380793e-01	-1.107053039788526705e-01	1.636700352671718872e-02	-5.561967206873182079e-02	1.307672392385002824e-01	1.071243076865572574e-01	-2.640861910211462216e-01	1.744512449089675662e-02	9.943242399366017392e-02	-2.170996706897460604e-01	1.475684427101618124e-01	-2.539174060508979092e-01	-1.004403248294012674e-02	-1.185893158177227236e-01	-1.029618947679325214e-01	-2.094725776127825401e-01	2.479413320299777290e-01	5.591885490735411246e-02	-2.118095103903855081e-01	1.192354503980194019e-02	-7.240700292561097484e-02	9.702774807077248209e-02	1.625637693054619859e-02	1.220481510458264612e-01	3.323655424416951248e-02	5.811795961199862567e-03	-3.276104046160102645e-02	4.552339120164897862e-02	-1.165228687132568441e-01	-1.063135286620535830e-01	-3.276548867996336711e-01	1.017819650922734825e-01	-2.586481971515524059e-01	-2.417796562050515685e-01	6.665449017977469193e-02	-3.510259928701486842e-01	-1.504417852688669233e-01	-1.607151055317683208e-01	-2.589560243875806966e-01	-2.815973584217761894e-01	2.770278117672452800e-01	4.267019208500193450e-01	6.842263646374193709e-01	-2.390120270361200394e-01	2.596728664952515156e-02	3.691854419240101493e-01	-3.316580114560563342e-02	3.732343707961633533e-02	-1.146401487238799255e-01	2.348797030240613037e-01	3.683658558219737866e-01	2.962301527118690880e-01	4.735255643822519067e-01	3.713538791858577714e-01	4.193283190160250196e-01	4.769674556908543583e-01	1.201378313169031570e-01	-4.074100549773414515e-01	8.900222424924186804e-02	-1.542345916200699441e-01	-3.859475476186214893e-01	-3.550172689229527112e-01	-3.411845782292556306e-01	-7.216226634124033729e-03	-1.963275707558559957e-01	-6.201412183729630018e-02	-1.879321529359419540e-01	-3.685863165822418908e-01	-9.276467688026841796e-02	-1.291226569769778343e-01	3.258457231202534915e-02	-2.654567093811167622e-01	-2.926269901154509023e-01	-3.271206191635895461e-02	-5.611163907011167823e-02	1.145103135494786456e-01	3.088252327340661463e-01	3.702465294438338494e-01	9.816758602653390120e-02	-7.329431158379945410e-02	1.285233325632031409e-01	-2.790449007132312920e-01	-3.614401097482084491e-01	2.675553799839411884e-01	-2.292049000964361816e-01	-7.505902675261928725e-02	-3.093840774491015688e-01	-1.263732206614637081e-02	2.300057058851540936e-01	-1.913877307690594332e-01	-1.589282602559347612e-01	-1.848216057990455241e-01	-1.232529053127041502e-01	1.851554704527022532e-02	-1.350126711084422282e-01	5.427171127693843078e-02	1.085763102399739562e-02	-2.030531612739909786e-01	5.837454120989039180e-02	1.613460943890106802e-01	-4.530926591544525567e-02	3.824842779331583814e-02	-1.021211085289079785e-02	1.994979730593466338e-01	-1.589174666955746329e-01	1.171101049836335423e-01	1.851353478663029239e-01	3.576706849339011396e-01	4.703693471764307521e-01	1.503576951477686441e-01	-1.998183445672937764e-01	1.393298944099043979e-01	-1.118642861248266007e-01	1.644852534329490357e-01	1.375460934747342323e-01	7.594067354982300677e-02	-4.110822466339981475e-03	1.341894908537915598e-01	-3.608328672321221755e-03	-2.413504189392897958e-01	-8.988448828299749893e-02	2.745022829746264770e-01	-3.063087322796592682e-02	-2.130760017401990003e-01	-1.349067159797207819e-03	3.226465734415875364e-01	1.335709842385216228e-01	-1.809760605854363047e-01	1.915044919765618858e-01	-1.609488437490313728e-01	1.142213199453687156e-01	3.552423023682244746e-02	5.678379286409444143e-02	-1.219840595960950680e-01	-3.542393455513510175e-02	-1.790987419300673344e-01	-1.569238711168473022e-01	5.116210867917068972e-02	4.434678112921570103e-01	5.320245999433949047e-01	1.000000000000000000e+00	-1.580852503822477162e-01	-2.699519218045999813e-01	-4.548775618499784762e-02	-2.955220672483312161e-02
-1.570515725883777081e-01	-4.505837280180613469e-02	-1.758946626657974799e-01	-2.805936688345800345e-01	-3.300093230572426206e-01	-4.066755542483138641e-01	-2.259782642682643949e-01	-2.711069144160048183e-01	-3.078596552516791804e-02	-3.452116598452535379e-01	-3.366072137943719733e-01	-4.925313881923374937e-01	3.001499861477008313e-02	1.965310812347688119e-01	1.318870425250664724e-01	2.595431533398688817e-01	-8.380773924299594543e-03	7.383403786152983872e-02	2.316341843909872078e-01	-2.779323553262877042e-02	2.146443405033429327e-02	-9.776302354445623455e-02	1.185733139525019658e-01	-1.277770253239113030e-01	1.066828455470514719e-01	6.012175186417115236e-02	-2.226365384227067534e-01	-2.323521754086982916e-01	-1.896097285088257922e-01	-1.698903719261800616e-01	9.196324669522561168e-02	-4.379163895235732573e-01	-4.321746249130633544e-01	-1.374362876749513351e-01	2.102515446540490773e-01	2.908595294764205197e-01	-1.371661741818060720e-01	-8.884807042021619639e-02	-1.989543184601914039e-01	9.776358801385184871e-02	-6.446779244475618620e-02	1.274469419775663970e-01	-9.071554447144668243e-02	1.319486926986805087e-01	1.007220933463814638e-01	-5.464038171857067000e-02	-6.385160450285395917e-02	1.459756621454404713e-01	1.139821255996874630e-02	1.595784123460838311e-01	1.688362156679001080e-01	2.999673470126805741e-01	-3.115606082290393875e-02	-5.830607706572780990e-02	2.096769218493528542e-01	2.960874563724618658e-01	7.350651926789728008e-03	-4.100604651570138315e-01	-1.649316247676992087e-01	-4.105223730680101490e-01	-2.458564565556639048e-01	5.379215972832945142e-02	-2.641052026670595021e-01	-2.041319776729060009e-01	-2.571198382296184873e-02	-9.557475772716851614e-02	-4.793029779962705572e-02	-1.226436132386688749e-01	8.823661819821734809e-02	-3.512230934211686001e-02	1.708220117041188146e-01	-2.744225242542195353e-01	-2.204292193944954736e-01	-4.031433754439382733e-02	3.976487256017344901e-02	1.908742265452467168e-01	3.221415922090951067e-01	3.693738893820805447e-01	1.720221622256630500e-01	3.155874232631460385e-01	4.055900841526138279e-01	2.846545807662295147e-01	3.399509502961510221e-01	1.317587457589200761e-01	5.308288666528716560e-01	3.816380844498115654e-01	3.514046449295341601e-01	4.205514013377508187e-01	3.484842503766044097e-01	1.794151711026274187e-01	1.855918959811448110e-01	3.269111703465150121e-01	3.762517590044926925e-03	3.487242436080757457e-01	3.037902084270366898e-01	1.861407444146344070e-01	1.340213923019140663e-01	2.638176390988867734e-02	2.011922667487180960e-01	4.031780998788873638e-01	-1.808823817669991951e-01	-1.106077420913954001e-01	-1.618012723032693501e-01	-1.305857817561558165e-01	-2.748290119138742660e-01	-3.529689885480185030e-01	-3.278392857547283157e-01	-1.920565884400086132e-01	-3.001762485974578953e-01	-2.257470091952774871e-01	-3.550117068160150713e-01	-3.803176835050510740e-01	2.357379046466718253e-01	-5.304189786308047827e-01	1.692845396118785872e-01	5.679179259258299028e-02	-1.305107965339677087e-02	-1.114614988906912213e-01	-2.208357508963699201e-01	-1.009781374694223993e-01	-9.626357297465634733e-02	1.503647919788265730e-01	7.168497783976936211e-02	3.601737588113016614e-02	1.445666159796057948e-01	-2.439113282957874884e-02	7.977250103229421851e-02	-1.470703027331250190e-01	-1.480367890669437303e-01	-2.117392762524191729e-01	-1.142483025948298481e-01	1.509264489425135580e-01	-2.809586147516216492e-01	-4.429053850348278476e-01	-3.190352756421854785e-01	-3.628847963568482826e-01	-4.985104978748530064e-02	7.954079623650547881e-02	-9.749235825135406375e-02	-1.224401832078826635e-01	-2.838056936575353295e-01	-1.203848812845913913e-01	-2.952271477531547283e-01	4.295900071731060393e-02	2.568832893999327058e-02	-1.245073222050314954e-01	-1.310523548826998952e-01	2.561606629994453987e-01	1.804592486284922193e-01	-2.890141649284135306e-01	-1.177139159246642780e-01	-1.692858816436682567e-01	2.500390480731687903e-01	1.942586736330899067e-01	2.279184077675085619e-03	1.202637857368760999e-01	1.676534983746790497e-01	3.456563575955989287e-01	4.485480527362364911e-01	3.624903081376458780e-01	2.884108354424745890e-01	1.033439993734886070e-01	8.229459823248679029e-02	7.323927579119872758e-03	-2.221755471422277028e-01	-2.976892484219814672e-01	-2.161096883122328241e-02	-9.937510176674844986e-02	-1.018305915773164566e-01	8.920169379405794297e-02	5.109169933849970757e-01	-6.066567199062510712e-02	1.224850031308307025e-01	-1.859565121760670681e-01	-1.816394466477342096e-01	-1.056175585162633752e-03	-6.015944902013792284e-03	8.449279205132717574e-02	3.352121894258494050e-01	2.265897681896564264e-01	-2.053109332469063575e-02	1.131960058355449272e-01	1.919911878447150000e-01	3.649468634982164228e-01	4.634388149921932487e-01	2.995309763767294853e-01	3.519845654529233370e-01	2.567080597432523370e-01	4.917198266282626351e-01	5.541929491112886907e-01	6.544825863363761265e-01	1.698894210801787374e-01	4.858734713740663902e-01	2.318943086537991749e-01	-5.099803710556422703e-02	-1.580852503822476884e-01	1.000000000000000000e+00	3.636266188642339192e-01	4.732222646878064820e-01	4.357104530570095058e-01
-1.865236630744513124e-01	-8.810060775051567483e-02	-2.095217881109981140e-01	-5.092134782893855682e-01	-5.761372300844845862e-01	-5.709736621889484054e-01	-2.831881719940421704e-01	-8.661909868016900993e-02	-1.164715039212587122e-01	-3.193074675417857389e-01	-2.277577184800830823e-01	-3.557339933419435551e-01	1.038843241224884639e-01	1.890438609492000877e-01	1.908554257800821330e-01	1.910697067459881382e-01	6.266336013787818238e-02	3.141424263613643575e-01	2.300167599819801512e-01	7.957074960849133682e-02	2.181925214774865229e-01	2.508074758716912211e-01	3.802090026378392440e-01	1.834093809408096909e-01	5.358442265067669963e-01	3.855012969370653630e-01	9.739603501309412881e-02	1.634250957412454741e-01	-2.770516248757682320e-01	-4.311941231790340084e-02	-8.574868479424667400e-02	-5.363986303927872346e-01	-4.120796398774098090e-01	-4.844525629495841090e-02	1.776052327755922589e-01	2.792181256450647076e-01	7.979426175125442500e-02	2.665889580353937582e-02	-1.495811593904614600e-01	2.687516589391360511e-01	1.308021394327368303e-01	1.566072604077009822e-01	1.638803038211852636e-01	1.561976361092114740e-01	3.361384213718051073e-01	2.708403853337572054e-01	2.212853867799105811e-01	3.362304201349640143e-01	1.824663096474252455e-01	4.595914958695961339e-01	-1.234508413807841876e-01	1.925966216485775762e-01	1.201601963754176244e-01	2.091611816480324626e-01	1.867498007514211966e-01	1.714418372581456851e-01	2.669611589779584682e-01	-3.597919733076128668e-01	-1.271076447061091075e-01	-3.854397629972876604e-01	-1.917839101127564727e-01	7.471996245124132296e-02	-1.465575040416443320e-01	-2.315712059303312031e-01	2.736420265689317177e-01	1.066094496298623517e-01	1.512764224216548228e-02	8.631207263639240068e-02	2.186503014675708068e-01	-3.809279507329088599e-02	1.631003011801497316e-01	-3.315235412485388333e-01	-2.514804976925884561e-01	1.446523816249316030e-01	5.215400363139983952e-02	-8.507859460359298853e-03	9.896221626890200351e-02	3.382185201738924230e-01	-1.297953425418753581e-01	9.611504679376144111e-02	3.015112160756714399e-01	3.460656501546613417e-01	1.490592095424217722e-01	3.511802884583598017e-02	1.304049658322591343e-01	4.747448140606109757e-01	2.493366365860124889e-01	3.609027506892066861e-01	4.179597219419002863e-01	3.077175992919621295e-01	4.229030925065836444e-01	4.824457861562827521e-01	1.609684147093037032e-01	5.094220148590131725e-01	3.702268707920361446e-01	-4.207257776656501275e-02	-3.502043230857276868e-01	-3.757097912472166512e-01	5.436385615425082252e-01	2.528764337268578077e-01	-2.977103369822540757e-01	-1.298533246192072332e-01	-2.540553531002582299e-01	-2.718880571657389944e-01	-4.587273623258374400e-01	-4.754837284215138182e-01	-1.711101759059546479e-01	-2.279179541197349501e-01	-2.831126438076558838e-01	-1.005658571106855109e-01	-4.316531100718886682e-01	-1.896009507100165359e-01	3.265821352044488424e-01	-1.739353137573826091e-01	1.803871513503915169e-01	1.666878596586789385e-01	7.064509296517815229e-02	3.167795072710922338e-02	-5.091783132626997999e-02	3.120140354652406814e-02	3.472805895925203112e-02	1.544635495374012124e-01	1.465785256360412347e-01	1.351313424684627562e-01	2.662978596710156021e-01	2.756710588151070063e-01	2.548680067450080911e-01	1.686987259653867643e-01	1.522463140464627440e-01	1.666680796745747539e-01	-2.825899757799830159e-01	-1.431492151256139600e-01	-5.480920618789199006e-01	-4.609036223714742531e-01	-4.183422413425825215e-01	-4.744276305985398734e-01	1.899515856212141696e-01	4.479223123331909501e-02	-2.602173852059944670e-01	1.548530393242602936e-02	-2.239107478578320209e-01	2.757801880292569674e-01	-1.202502633369113144e-01	2.010480555729861618e-01	1.690101908575390721e-01	2.044362356573746209e-01	2.629349058399600980e-01	2.547463298348626171e-01	-1.291039483319291470e-01	9.962686819304665542e-02	1.282723427289512441e-01	-2.177635362610809422e-01	2.146943566499061873e-01	2.625473398965108007e-01	-7.874821647176918904e-02	2.101129841793555886e-01	3.460375538137362272e-03	3.874457278316629227e-01	5.679957210145067381e-02	1.673959859035934750e-01	1.670459477449149632e-01	2.686215535786127817e-01	5.844189241192130485e-02	-3.603345819432717256e-01	-3.137889273173773419e-01	-2.261821478443997446e-01	-2.779289643986530556e-01	4.671497485497474837e-03	-2.700213036291831958e-01	-1.914349914629309007e-02	2.546162591482913351e-01	-6.253621955079283201e-02	6.820939271737294640e-02	-7.610157386401154855e-02	1.592750694798940048e-01	-3.633135679867407347e-02	-1.083272265481837471e-01	-1.519047478034743770e-01	5.030925783239870164e-01	-1.362616977494574833e-01	-3.847758748004697082e-01	-2.849023536679810564e-01	2.099623134332131713e-01	4.517477516647703389e-02	3.098079039846921012e-01	-5.339854675835511294e-02	2.567288189705775880e-01	2.530373114538574386e-01	1.894514443146638749e-01	4.292364788959014410e-01	3.575952507461206964e-01	2.601682186052383661e-01	3.373450042510208746e-01	-2.273498591617817699e-01	-4.031597868666573214e-01	-2.699519218045999813e-01	3.636266188642339192e-01	1.000000000000000000e+00	3.659714056510727231e-01	4.447589547308830049e-01
-9.559644701915256948e-02	2.847024476649832880e-02	-2.519390400154065124e-01	-2.550554172284278942e-01	-2.488310020216986107e-01	-3.236159456119764299e-01	-2.356049952733786090e-01	-3.865272054709361083e-01	-1.409058523655995487e-01	-4.234788295501730748e-01	-2.871852283194499256e-01	-4.735430151836501622e-01	9.087144241744608830e-02	1.314024784864032680e-01	3.411950726013655844e-02	1.575980726101890161e-01	-2.073113669914409263e-01	6.464128709440918052e-02	1.166118162908020978e-01	-6.651486703752271246e-02	-9.501194632118382943e-03	-6.861099808850028292e-02	4.948058145178896999e-02	-2.026015227823054210e-01	1.220448407732365736e-01	2.052837407575409112e-01	-2.009312098670917590e-01	-2.386782320779786692e-01	-3.274378645914448605e-01	-2.138644357140798147e-01	4.282822163284552008e-01	-4.372266106627645810e-01	-5.256076905148733269e-01	-3.359292886089336738e-01	-2.606411430390730491e-02	1.189168208330547982e-01	-1.236648551970168236e-01	-1.731609331897947524e-01	-2.222330961770200841e-01	-1.123898919631182297e-01	-3.236953259401738336e-02	3.081744640552284281e-02	-3.512162804057110121e-01	3.730250021512983988e-02	-8.050680062228693368e-02	-3.437192326038455287e-02	-1.683870012918922410e-01	1.012073323671899144e-01	1.151732569922174210e-01	2.740696023523397917e-01	1.488303732523109102e-01	3.314052154600988787e-01	1.045764844417267775e-01	1.233191715945698708e-01	4.026748176221805336e-02	2.175230778942388865e-01	1.372148078683037842e-01	-4.170999641609722253e-01	-4.137282000281260474e-01	-3.279013162727867359e-01	-2.352118885440599161e-01	-2.134275099034667889e-01	-4.112350248763659288e-01	-3.877384042831383271e-01	6.875527402908103436e-02	-4.256567549161847236e-02	1.340710264081181324e-01	-1.414108327067559456e-01	3.572323171122795404e-01	1.009478315416486444e-01	1.585825972205365253e-01	-8.519618159172233363e-02	-1.140476684326344747e-01	8.990431520328837078e-02	4.251684395003056394e-01	1.368051303019975906e-01	4.329204529004862523e-01	4.085388697828514215e-01	4.264950472767475853e-01	2.501526816634602191e-01	4.157460608398630963e-01	2.843032045919733908e-01	2.292158519468099898e-01	2.441270448579114793e-01	2.948649997610921503e-01	4.106258290545624079e-01	4.992495978595225536e-01	3.642807343070194048e-01	3.227403199740936923e-01	3.017626197066924920e-01	2.021305213149868218e-01	3.163897609429112689e-01	-5.526626980905795933e-02	3.481760206232685784e-01	2.862851020325185916e-02	3.135145128719625807e-01	2.349984403092633400e-01	-1.573114069278342686e-01	3.211966556755889157e-01	5.850368449649657743e-01	-2.594614919512463480e-01	-2.061549719279018311e-01	-2.664408793770461914e-01	-1.920323710021161479e-01	-2.455192681130034249e-01	-3.641341772930228315e-01	-4.407174074511143180e-01	-3.374876450173303621e-01	-4.114468700252164601e-01	-3.529381008416678234e-01	-4.290960259145519262e-01	-4.966472731588272849e-01	9.639366155835889238e-02	-4.933575455636661777e-01	1.144830129222740717e-01	9.644965705770479347e-02	-2.899525620254371772e-01	-1.964601281661668419e-01	-2.030481516542678166e-01	-2.716188620865059300e-01	-2.998392753345108241e-01	-1.812936168819187814e-03	-1.063497387719107429e-01	2.081167464671755674e-01	1.253213505176670739e-01	1.927986336103869047e-01	2.290445676025164579e-01	-2.023304655240035221e-01	-1.026435321980225662e-01	-1.964681547461921696e-01	-6.175043394033890437e-02	2.715503002656772802e-01	-2.906448521470371693e-01	-4.085349019845903595e-01	-4.296519830993814626e-01	-5.492778266015291289e-01	-2.484676145122186874e-01	-1.400023984821086864e-01	2.392542447392422694e-02	-3.584375865676227013e-01	-3.829521094549812044e-01	-1.660397918133802997e-01	-2.083973962521490086e-01	7.989636729552666849e-02	-5.508411477222571739e-02	-2.616223192102365980e-01	-1.985282453610086317e-01	2.521510469816693467e-01	-3.012346036277442976e-02	-1.677125804507044182e-01	-8.644323140933506122e-02	-2.564605119298949965e-01	3.649034263495213870e-01	2.461161612539913279e-01	1.395268400632775629e-01	2.132611935671276659e-01	4.518113701592593734e-01	4.099444819015709007e-01	3.193126065282917425e-01	4.498698677665234347e-01	1.248984416359475991e-01	1.610806602035590451e-01	1.941626672006114274e-01	9.816208373857789049e-02	-3.179979290767762784e-02	-5.056023108453943093e-01	-1.597182196118696329e-01	-1.859527858813678491e-01	1.373310891457536487e-01	4.158762540553967435e-02	4.569814711099768334e-01	3.037923671843490436e-01	3.962082300025255299e-01	-1.310489216004305235e-01	-1.490926949313048644e-01	2.278612024510448808e-01	3.008283342579291531e-01	2.018424067945027434e-01	4.608473192889463999e-01	3.531529665129649054e-01	1.198942180337513042e-01	3.343529478613279093e-01	3.402613338587392455e-01	6.543080929597853146e-01	2.694025708524310225e-01	3.651511880019962519e-01	3.753594872499132484e-01	3.321120102428136156e-01	4.356314427038903703e-01	6.257668431959232391e-01	3.224572427011678788e-01	2.604391983372909558e-01	5.043850487613480427e-01	3.992521019487901834e-01	-2.758388318696194941e-02	-4.548775618499784762e-02	4.732222646878064820e-01	3.659714056510727231e-01	1.000000000000000000e+00	5.135156251004796557e-01
7.153007605321712314e-03	-1.221223997401123668e-01	-6.020213536599555715e-02	-1.547777231819828792e-01	-2.350264975181077243e-01	-2.032525024509000688e-01	-1.012193647660694223e-01	-1.631806246708165931e-01	-3.498811407224324248e-03	-1.697213970788702675e-01	-1.051276012353017653e-01	-1.789741060091951108e-01	-2.061891691866959975e-02	2.663687732950243414e-01	1.617026370496640886e-01	2.064945404991969102e-01	-8.531872129396549098e-02	1.375484629175231510e-01	7.703866222814904907e-02	-6.659319816659765856e-02	4.642516785051165051e-02	-5.861417238578701949e-02	2.414164475094388584e-01	1.610238182543233948e-02	2.163642103055077870e-01	1.373305976870300982e-01	-5.147380336493204839e-02	-1.343382062948968170e-01	-3.110099393806915469e-01	-1.709208660359420595e-01	7.107054890113113921e-02	-3.387957169946290703e-01	-2.549389479417599191e-01	-1.014924646824027915e-01	8.055487544467140881e-02	2.359408933830779709e-01	-8.362068794567446839e-02	-1.298494408477511575e-02	-2.032415140105726381e-01	3.189729494774542345e-02	9.977495651738915727e-02	1.619237842685763706e-01	-1.244618562627887309e-01	1.524267014617783911e-01	4.583565163625822475e-02	-5.157881910083797483e-02	3.192879989950480474e-02	1.727862438371860210e-01	1.203866292403339977e-01	3.485296179207263423e-01	-9.266823860661410617e-02	1.433940475860369657e-01	9.407480065843350919e-03	4.624320462027083772e-02	1.152844758624131660e-02	3.185452112096315846e-01	-3.033428196310071837e-02	-4.722538608641643210e-01	-2.483414769513358489e-01	-2.311001616425110428e-01	-1.708631063576785958e-01	-1.124314859190418264e-01	-3.084389605241884547e-01	-2.323663811493018871e-01	-9.623632902434058056e-02	-1.287385767999536454e-02	-2.823183757959504825e-01	-9.962791670235167374e-02	6.662986896115283275e-02	-1.268381652258531722e-01	-5.871311679761185426e-02	-5.013949053087028013e-02	4.946797285786799087e-02	-1.946216053821555117e-02	-4.632458685299301743e-02	7.863024273581644893e-04	1.866697071497999960e-01	2.427408232691297962e-01	2.035187853139929504e-01	3.931668319211553686e-02	1.742020457085672047e-01	1.299754057291241383e-01	9.145662568128304262e-05	-1.087161467397251696e-01	9.600222196668181662e-02	8.362004444068894815e-02	3.493443276899404482e-01	1.741343076870583151e-01	8.818300333153648862e-02	1.410443589482426319e-01	3.144988788273832270e-02	1.527070579045536058e-01	-1.082164687255786906e-01	1.912245418508155825e-01	5.782884234646405719e-02	7.790232816275685646e-02	1.840652419586369382e-01	-4.073624893003220671e-02	2.338830964433158965e-01	2.258245368846995282e-01	-1.128281944954597910e-01	-5.481416358325721938e-02	-9.537863584713361653e-02	-1.050345986886119520e-01	-1.688977209572163352e-01	-1.386105094921158409e-01	-1.997458986207534537e-01	-1.048153954895537782e-01	-8.585319691268986086e-02	-1.983023707433763105e-01	-2.112202704635604278e-01	-2.075607783355523928e-01	7.704029396045838918e-02	-2.834149288221156637e-01	-1.283208939751697558e-02	2.031971253631468383e-02	-1.451255628234873196e-01	-1.474418159487189128e-01	-5.641045374919310268e-02	-7.469370547080421419e-02	-9.315124808354517671e-02	4.945904008394630402e-02	-1.162541935886542560e-01	1.851915406668643294e-01	1.493363241276660647e-01	1.730098059935336607e-01	3.681912659998577697e-02	-7.772315934289414363e-02	5.781838691966174198e-02	-1.710986419552423116e-02	-1.958396300807283552e-01	3.742396610538198387e-01	-1.747067791725235020e-01	-2.223870165349083328e-01	-3.935693937463056180e-01	-3.636078376728207884e-01	-1.175399876571640162e-01	-1.717697085648416111e-01	2.351027518771404146e-01	-9.341370432471199359e-02	-1.326226178109327913e-01	-4.106816496915936116e-02	-4.139557226260817679e-02	2.844957411641961878e-02	1.146346826753682213e-01	-4.483525156520830335e-02	-3.754485750058667026e-02	1.524731130609443541e-01	4.472849731917115379e-02	2.743543538169141913e-02	1.666253796871076387e-01	-2.834648116025647591e-01	1.147901821780747816e-01	3.373531565990176007e-01	-1.292859898355323660e-03	1.313602025466146517e-01	8.557712587576501995e-02	3.304133116833056216e-01	1.519918880429449448e-01	2.976820831960128033e-01	2.295149958559385417e-01	2.077634302565465607e-01	9.708331318973957569e-02	1.124339942386165386e-01	-2.283980795900166505e-01	-3.756788119922314650e-01	1.199156612994000531e-02	-7.077674633369659962e-02	-4.395258295331145801e-03	-3.759850556324925708e-02	2.876287085827141654e-01	-1.914927379090441140e-01	2.592715342513587234e-02	-1.785816687728542795e-01	-1.668299698869316339e-01	-8.834433245560770198e-02	-1.155600290482546554e-02	-7.814259765865559648e-02	3.515828239161376545e-01	6.559766773537878404e-02	1.657012430183099627e-01	1.444730263698599249e-01	2.085690611974809205e-01	4.527163976369898424e-01	2.845011545954112542e-01	2.461474840948024712e-01	2.051678299480390877e-01	2.559131979466870432e-01	2.175839246985841469e-01	4.003234100808493179e-01	2.292456465666593279e-01	8.840858838162952982e-02	4.450845623240991533e-01	2.386197602940277329e-01	3.881902495941433329e-02	-2.955220672483312508e-02	4.357104530570095058e-01	4.447589547308830049e-01	5.135156251004795447e-01	1.000000000000000000e+00
