1.000000000000000000e+00	1.257964111956838271e-01	2.944258082040875357e-01	4.517500492679262236e-01	3.431950979676769986e-01	5.141576683399291525e-01	2.585340765649081218e-01	-1.755455940971266671e-01	-1.593788150459407305e-01	-2.193510444927398162e-01	-2.880398998754711837e-01	2.527928533695104549e-02	3.263806972210381990e-02	6.244102932786026877e-02	1.028098065775192721e-01	-6.250925545696330195e-03	4.435178529745040926e-02	2.205008733182814776e-02	-4.485697138684563434e-02	-8.599000149887078837e-02	1.461182158546036614e-01	-1.593614823269474609e-02	1.544060169893730905e-01	1.420285458468870388e-01	-1.610675200182799804e-01	5.934032757998512764e-02	1.046789595405290263e-01	9.596535237700451471e-02	3.922057697396112985e-01	3.402383068890056372e-01	-2.122158781991785037e-01	2.070111320263080534e-01	5.333299427809204407e-02	2.244301024555198434e-02	1.347116590344856757e-01	1.527291069506727383e-01	-1.871006819965309251e-02	1.061107454252513405e-01	-1.857778930864091016e-01	1.879594937729772430e-01	1.372248673469340929e-01	2.121671885893768872e-01	1.455913907475208657e-01	-9.267711826024160882e-02	1.302621000767758153e-03	-6.110766642045342700e-02	-2.643040957585916506e-01	-1.167828992664135951e-01	5.564433019628618055e-02	3.713824236055604522e-02	8.223145557264423255e-03	1.998683766778493742e-01	2.371128763243184612e-01	1.516699682386264958e-01	8.475985701293906049e-02	1.217952764976665825e-01	-1.763315106656127840e-01	-3.272290337526017057e-01	-9.065670355990551599e-02	-2.613735804631360793e-01	-2.654821443379647428e-01	2.953815193238895631e-01	-1.814941280593799222e-01	3.191726034494965503e-01	-1.271379781440618861e-01	2.031335834490781422e-01	-7.386032794532609858e-02	-4.579191495384410948e-01	-1.596284274233981948e-01	-8.257912252154248067e-02	1.524460101948476032e-01	-1.917467950655767361e-01	-1.824614294660218961e-01	7.123036043929497317e-03	-4.800046316920114076e-01	-1.581707382068177903e-01	-3.010119670529220470e-01	3.852442383874592202e-02	-1.667418125982479682e-01	1.094562705243456169e-01	2.283592468442595044e-02	-7.041130532965733657e-02	1.516330815554575717e-02	-9.452469022990937081e-03	-7.230490191256062904e-02	-3.413324916047039692e-01	-3.754064629267434006e-01	9.714167561205783175e-02	-1.304062288685101101e-01	3.122933111436256709e-02	-1.116935929309768594e-01	1.084004678784041692e-01	1.058323784237787113e-01	-8.452910301775880264e-02	-3.226987312213299569e-02	-3.894791806204966345e-01	-2.413228535318562573e-01	2.240880049584585698e-01	-2.223102516564449960e-01	-3.502047804722194235e-01	7.085525378161657839e-01	-1.662206904401454244e-01	2.817740210663539080e-01	1.650592237821048858e-01	3.035655135525663351e-01	4.456451747573301758e-01	-1.898417265588513148e-01	-3.836559243211843939e-01	-2.448654243991293944e-01	-3.553347836220556166e-01	-3.669634856267206535e-01	-1.574159224072104457e-01	1.207773532922631760e-01	-4.022370983460303584e-02	4.976695181895817582e-02	-1.729942991583387213e-02	5.717754123288098372e-02	1.903894194530402970e-02	4.043312781348894908e-02	5.945934831066747479e-03	2.999393184813627447e-02	2.682960157095511805e-02	-7.711788911917632355e-03	1.512120892118546389e-01	-1.279646058532657449e-01	3.160909694405324155e-02	-1.627614641167470233e-01	7.402098354758376506e-03	7.185896028996892337e-02	4.284158468755383531e-02	2.047949674910537199e-01	-4.410994274496579104e-01	2.143420078720376099e-01	1.389050937330701119e-01	-3.362782460828334791e-02	-1.432993251015761069e-02	1.726509061508017528e-01	1.114121497078054829e-01	-1.402600294547316946e-02	1.576426655062694027e-01	-1.916302593840533142e-01	-8.091945456455031105e-02	4.775058616716554988e-02	7.495340213389330153e-02	4.103439195868997802e-02	-2.258885168659276882e-02	-1.049151271231223669e-02	2.960230406889164875e-02	-1.132004905312756216e-01	-7.357702537466873083e-02	-4.749425952693501207e-01	1.204122860193856115e-01	-9.885628676902785683e-02	-3.887924593260334155e-02	-1.934839663401941579e-01	3.887252240911135553e-02	1.264084627953781514e-01	-7.130442642722197022e-02	-9.057892241681966827e-02	-9.413431989190722271e-02	5.320602444473331721e-02	-4.793623590744653523e-02	8.857933735292977673e-02	2.687181326003914017e-01	-2.728865808762496736e-01	-2.306724739828791837e-01	-1.595378983761037706e-01	-2.120395274758220955e-02	-3.603985561447497349e-02	-5.110426334077754207e-02	-2.082253634193847180e-01	-1.164249104756436004e-01	-4.247720890074274669e-01	-3.879093868524804423e-01	1.144687828828415757e-02	-2.514026551344102356e-01	-5.100204638912998051e-02	1.251128927363791554e-01	-2.292022654956031025e-01	-2.803620355193760516e-01	-2.341441919036658381e-01	-2.961377112274300449e-01	1.025645143099834233e-01	-4.973184627198865559e-01	-1.156172604822406080e-01	-2.541972116978913898e-01	-1.136199788755987705e-01	1.862177125805605793e-01	-1.461596272501146376e-01	-3.444181297702716971e-01	-1.171600284301509143e-01	-1.329707490964379402e-01	-1.729937286007146302e-01	-2.592724821402841440e-01	-3.986414058994894316e-01	1.420663184251266253e-01	-9.059691688061159709e-02	-5.669730877238963324e-02	-3.570803980103040010e-01	-2.933427430333097052e-01
1.257964111956838271e-01	1.000000000000000000e+00	4.183543482323434648e-01	6.111353127543691643e-01	1.238105391618050666e-01	8.620108517003863269e-02	1.186453239660944792e-01	-7.615175277689444078e-02	-2.553076063643651139e-01	8.686968577535188196e-02	-4.444483370460554361e-02	8.825406031161114884e-02	-1.167188790810027438e-01	9.246379988399720459e-03	2.242489220096118563e-01	4.199605689736223002e-02	-3.072206624483105400e-02	6.962118088997197585e-02	-6.894665043208234034e-02	1.991786691543634968e-01	-4.030810909409803244e-01	-2.338731167942470768e-01	-1.171195462847321178e-01	-2.252042821778329484e-01	6.742741040230777749e-02	-2.239960572522244064e-01	2.070856799729792197e-01	-1.640086491325697393e-01	-2.384299203701378822e-01	1.043861058713550227e-01	1.280579463489905923e-02	-1.050913119946797897e-01	-1.941404777596156955e-02	-2.495851558266297954e-01	-4.438692330423838622e-02	-8.912635670404572830e-02	2.624234240408463564e-03	7.901103930154805555e-02	1.236178475687460809e-01	-1.706040234211203821e-01	-6.842602865835563375e-02	-1.553066783805404638e-01	-2.039498086531245924e-01	-4.246850036429129782e-02	-8.803745814731664399e-02	-7.166024164054739243e-02	-6.069126943854878664e-02	3.926766059506903161e-02	-1.458643680841947843e-01	6.524403894288859085e-02	-1.014249527253024002e-01	-2.200771112154742692e-01	-3.233189912841342301e-02	-3.507874602653241469e-01	1.818638909333341325e-01	-4.029775695214417031e-01	-3.639586428299642629e-01	-1.412212124432953297e-01	2.742215611625592464e-02	-1.128022655883973852e-01	-2.451183188704322835e-02	-1.112900110885138016e-01	-7.995613998154420254e-02	-1.293023392387249171e-01	-1.037227691395756039e-02	9.823118626225769978e-02	-4.761981249927391691e-01	-1.009702698790621717e-01	3.331107119058703686e-02	-1.728735207789527661e-01	3.236394451810405137e-03	-5.001768312442203546e-02	3.735147389915122879e-02	1.543493383543807496e-01	-2.350316590803247230e-01	-4.825293519943930215e-02	-2.783490736239773722e-01	-1.655381746170888069e-01	-1.255770968102424279e-01	-8.606213510106784648e-02	-1.055676481441351344e-01	2.366075852252113587e-01	-8.606865415302717565e-03	-4.507544909641544306e-01	-1.896641244824791850e-01	-2.674455546339163381e-01	-7.353922938043980229e-02	-2.191730180446167450e-02	-7.412390710525641746e-02	-3.014568381473427608e-02	1.155564947781848456e-01	-1.293254732418945563e-01	-2.187905841808514829e-01	-1.978598830935632547e-01	-1.049811442662085120e-01	-1.612883641506501209e-01	-9.037819817742033524e-02	-1.160006590164898294e-01	-1.941501361668737380e-01	-1.417743515383439734e-01	1.774482701650130223e-01	1.572028841007808986e-01	5.903811896526626191e-01	7.931279248098684898e-01	8.606219952843179033e-02	2.317941804324138988e-01	-1.637783936335160673e-01	-3.188252059551386491e-02	8.833300884254534358e-02	-2.843742559668127959e-02	-6.169432729573853108e-02	-1.502474896407405593e-02	-2.540962484963407882e-03	1.732615040466558842e-01	-5.647252594629966621e-02	2.672952928245807547e-01	1.096832853067978425e-01	5.541554133163930501e-02	-1.810321260184244441e-02	9.765599569482232012e-02	-8.769503233179674895e-02	-2.042266974665809046e-02	1.779591269815209986e-01	-8.762548107689133170e-02	-2.789615845859216847e-01	2.615527713927873546e-02	-1.021632234355388524e-01	-3.199289320452720076e-01	-4.983191373790661627e-02	2.618014391110484729e-01	-1.744523990118277690e-01	-8.185375178502847515e-02	-1.959413141463643426e-01	2.462910427213838016e-02	-2.603158090215942910e-01	-2.574138276358678423e-01	-9.627291211900218526e-02	-4.171991035955866650e-03	1.931122994597964451e-02	5.498788166712682834e-02	1.114985208334213496e-01	-1.297173498782439871e-01	-1.732135602468966307e-02	-1.168519139133814277e-01	-3.449154973066064223e-01	-2.997681271642371748e-01	-6.800729775444439018e-02	-2.497308564349651483e-01	-7.909572360099140220e-02	-6.364209736508266713e-02	-1.618331941374113458e-01	-1.778553828314015650e-01	-2.593254706949383315e-01	-1.359656396821537494e-01	-1.916247125170925381e-01	-2.342290946593826584e-02	-1.898320089711154623e-01	-1.941250393729309354e-01	-6.802716318744646273e-02	-6.066402734736401486e-02	-1.521150917597055008e-01	-2.509554614372485615e-01	-1.076063218847570085e-01	-1.260706511581506095e-01	-4.717381460472137022e-01	-2.821747046063604603e-01	2.073556227966379117e-02	-2.362636552394340728e-01	-1.112083947428955250e-01	1.153267652270886234e-01	-4.230511881976812827e-01	-4.202875438933513230e-01	-3.430733734948390734e-01	-3.093908352764236924e-01	-3.113205830936908725e-01	-1.405625418154418937e-01	-2.862586091997914028e-01	-1.669410174689477944e-01	-1.475128782885659975e-02	-1.249870934169703685e-01	-5.714811157863548124e-02	-1.835646117166896407e-01	9.917910232981887175e-02	-2.330510782527349944e-01	-1.784892852558716270e-01	-1.971210949968737469e-01	1.435128577111428050e-01	1.302849818820924974e-02	2.070838932327584078e-02	-4.632100952917136971e-01	2.385133670483681467e-01	-3.647292211694666553e-02	-2.218625102299523755e-01	-2.456610554111461342e-01	-2.786093037555206764e-02	2.258728251156933153e-01	-1.758041362459460133e-02	-1.453043338113270688e-01	-5.072428214455044354e-02	-1.735866456465617602e-01
2.944258082040875357e-01	4.183543482323434093e-01	1.000000000000000000e+00	4.371997315821400942e-01	-7.956692113986595094e-02	7.604750786942519880e-02	2.448847337121221601e-01	2.507083376420491394e-01	5.943574948783456394e-03	3.751118541281467933e-01	3.177643161737322419e-01	4.308480004290785037e-01	1.843355860497000731e-01	2.315614302294450588e-01	3.600508235203774277e-01	2.522791300475524801e-01	1.799100495621367701e-01	2.566531489420150192e-01	1.583862948024669093e-01	1.888241545882456129e-01	-2.386035143180950113e-01	8.097060420515136969e-02	7.985073370684749039e-02	-4.024257703451711299e-02	1.558193281422479981e-01	-5.636348053626769050e-02	2.134724023007399663e-01	2.230104955727663374e-01	-3.011906284383480403e-01	-1.947567016851910748e-01	5.445569418258753430e-02	-1.467551803173448577e-01	-2.145919046822839654e-02	-5.663114058482799917e-01	-1.514152216246985039e-01	-4.801866306883771640e-02	-1.055265706898961126e-01	-3.749573017380867374e-02	2.336156911376924827e-01	-1.323110778129608089e-01	-1.858142095895199131e-01	-2.061941547441074607e-01	-8.800979726358400257e-02	2.061619210529243851e-01	2.035882689560623016e-01	2.650601986856463421e-01	-1.086654094787538188e-01	-8.643124493714783585e-02	-8.849362197102432492e-02	2.465783135955059435e-01	3.669715268426072124e-02	9.044146403724442895e-02	-8.263655001004421852e-02	-1.932467282571928846e-01	9.967681740811379365e-02	-8.182882255846538055e-02	-5.508835058280509012e-01	-4.540282459979452234e-01	-3.837289899613555155e-01	-3.781023416455491781e-01	-8.061057456623389739e-02	-1.481722254050906740e-01	-1.676806132374153782e-02	-1.475968813021166226e-01	-2.605264308060033507e-01	2.788502736583577390e-01	-4.494903686331688242e-01	-2.881045176234853789e-01	-3.885701260347152464e-01	-7.920407875849620749e-02	-1.065971138324007805e-01	2.156303855669932101e-01	-1.081191321566808000e-01	8.464363408834110758e-02	-3.954119114983628558e-01	-2.886987829121617222e-01	-2.082541668340556207e-01	-2.197211842760845441e-02	-1.548721243762159472e-01	1.439725453431384972e-01	-4.366534500596316176e-02	2.295971545580015039e-01	-2.015184812078891774e-01	-1.885968172191284375e-01	-2.617180405305281066e-01	-2.063355682004025526e-01	6.732063999851825575e-02	-1.428842244679984497e-01	-9.167116170825212462e-02	3.866926284493187732e-02	-7.724694773528205383e-02	9.084709854909710225e-02	-1.049718604035249914e-01	-8.290639321341205419e-04	-1.808939992456653351e-02	-3.484490062552604850e-01	5.574182969854606096e-02	-2.947900506730528614e-01	-1.702851155500801350e-01	-9.906334742520853109e-02	2.477314029660362960e-01	-5.053352625548834104e-02	7.047090472332088185e-01	2.464407159406817038e-01	-1.324917142255316593e-01	4.093785014210307716e-01	3.024288152997051116e-01	1.148615437294645547e-01	5.118860758257800514e-01	1.713056341956382678e-01	1.330175320950535423e-01	3.079140375914640182e-01	2.695714965713568723e-01	3.737289915540950025e-01	1.332246028255407999e-01	4.538785659712292198e-01	6.359941916647113280e-02	3.863822867600606448e-01	2.185461117213824134e-01	3.724628687809629080e-01	2.138272658888522026e-01	9.255584109574857554e-02	2.257049518602328442e-01	7.969759277113501461e-02	-1.797979624756226302e-01	7.328158324438066584e-02	6.506509518070519027e-02	-2.721094682561369105e-01	6.116355013899297394e-02	1.829200693714930770e-01	-2.792927341583602008e-01	-1.709222090110354697e-01	-2.119019882964060242e-01	1.290694649569363306e-01	-2.969051941442810150e-01	-3.648472666208109616e-01	3.911722922799111719e-03	5.067798245918785083e-02	-6.523557260337520258e-02	1.420980702072092705e-01	2.620655695414627617e-01	-1.154921958155699785e-01	4.996352435753098446e-03	-5.037310969788452025e-02	-1.212440300321586256e-01	-1.505311816378835932e-01	1.914325442874164895e-01	1.102084424363870413e-01	1.560445560968511669e-01	3.209993571233237253e-01	-1.822400749658321384e-01	-1.588411550341112255e-01	-2.229000498757434667e-01	3.877532933670693738e-02	-7.239187646963571310e-02	2.541030398697441961e-01	3.121036529329119374e-02	-2.096707117205559925e-02	1.402710972131196165e-01	-1.504391316430702362e-02	-2.485119400126526990e-01	-3.163688218312813438e-01	-3.951495342693052137e-01	-3.764534160126357665e-01	-4.534305558627161892e-01	-1.909727665414938103e-01	1.016246198769720221e-01	-1.276095022798515721e-01	-2.015882576751174826e-01	2.387923986962368073e-01	-2.591659865771095417e-01	-2.609709996383900998e-01	-4.511307455198765304e-01	-2.956335344754134620e-01	-1.772985748646697113e-01	-1.261625656185119959e-01	-9.084698722728595799e-02	-5.141923359654782671e-02	8.431558058940680223e-02	-2.765597639098285598e-01	1.867459823755171222e-01	-1.620616080017159566e-01	9.193687186522815635e-02	-2.661572867796000996e-01	-2.747371499904155412e-01	-1.751138952970880125e-01	2.531660853295550906e-01	1.572842739771703469e-01	-1.899046347465249973e-01	-2.809442818826307642e-01	-1.869303818514571336e-01	-3.737949869100715139e-01	-3.120076001326395690e-02	-3.263648316231836377e-01	2.680655535151901109e-02	-2.056011729617673311e-01	-2.428009421654148681e-01	-1.459148879800334642e-01	-1.838673143100820195e-01	4.592900456436862372e-02
4.517500492679262236e-01	6.111353127543691643e-01	4.371997315821400942e-01	1.000000000000000000e+00	3.931203020942859450e-01	5.556283871458370660e-01	2.101610348645648607e-01	-2.933815347982137722e-01	-1.984656928666297115e-01	-1.980584429542538993e-01	-3.083829358679188171e-01	3.356239428922792173e-02	-1.497597021683920171e-01	-1.574450833916749047e-03	7.861246002419433609e-02	1.263358424595036056e-01	-4.954407950396959998e-02	1.778975961315322485e-01	-1.497266612557676159e-02	-2.835906852208115725e-02	-2.276183473469505503e-01	-2.360757142517707630e-01	4.722798334898809652e-02	-1.347853236637717167e-01	-9.467077994545079755e-02	-1.473849387666604782e-01	1.060445949958994105e-01	-1.897486439645580392e-01	-5.792141541317728792e-02	2.685852088721581432e-01	-1.545155431614110009e-01	1.868723359566331066e-01	2.970225554751024233e-01	-1.230307735935340652e-01	-9.395054909151541456e-02	-5.189238835661788563e-02	-9.517946931066131877e-02	2.863908795862399326e-01	-3.980975186290956758e-02	-1.564589517181016465e-01	4.318974490194627674e-02	-5.054487328131868767e-02	-1.441369013289076073e-01	-1.829891453084085962e-01	-1.471089736223782640e-01	1.558152325918083642e-02	-4.048258647655416098e-01	-2.323014341638365010e-01	-2.178268517280659844e-01	-3.894716571199870192e-02	-1.224397645742197338e-01	-6.556457020626065653e-04	-4.186370276370929636e-03	-2.349168956997191027e-01	2.662457514113409918e-01	-1.349561240997193545e-01	-4.756548435473422765e-01	-3.552490866517374890e-01	-2.123158232683326763e-01	-3.088893358252003396e-01	-3.872825632559804415e-02	-1.665374246035697114e-01	-2.874477519588043983e-01	-1.447009199823574011e-01	-2.444968006560042928e-01	-2.165458283590857361e-02	-4.833185410601825716e-01	-4.305398216306455805e-01	-1.621833306144159770e-01	-2.748515838265678246e-01	-1.629505515148033795e-02	8.078645354851721194e-02	-1.252460857230703120e-02	2.162496996676920302e-01	-4.712466058947869518e-01	-2.945080963940945873e-01	-2.468624390188779993e-01	2.619066181718786301e-02	-6.677592758454649335e-02	-1.016143585003184413e-01	-2.564057075594426693e-02	-6.009175946188499012e-02	8.728135163503621119e-02	-3.839457049879085870e-01	-1.370401639684203088e-01	-3.218969326407887799e-01	-3.508254862103618033e-01	-9.536682471778816506e-02	-1.709513025147879339e-01	-1.160912727688279827e-02	6.370847788302037851e-02	-1.248415844381650652e-01	2.940483704185998734e-02	-1.725735696257632845e-01	-1.478341487799400278e-01	-4.672980717937051942e-01	-2.432742955149005126e-01	2.318862703997168206e-02	-1.999774252576396461e-01	-3.587881338088120264e-01	5.873691324352976473e-01	1.581651474195104254e-02	6.477585777531804645e-01	6.001784119143599439e-01	4.932528672736361530e-01	6.960280913842963324e-01	-2.828308806226271788e-01	-2.849525398653633967e-01	-1.345418383371658200e-01	-3.078663242829191571e-01	-3.747328255242773909e-01	-1.774708641429665334e-01	-2.073300799341277773e-03	6.481185145167886463e-02	-2.100759411175180669e-02	8.975099222891382011e-02	-7.488270974115920735e-03	1.290031327067611699e-01	-2.234283184518333701e-02	1.038259788503351488e-01	-2.389015370980834135e-02	-5.154848319694738806e-02	-1.595985558704338114e-02	9.268884117997722161e-02	-1.545927443635741472e-01	2.565106676410516123e-02	-2.469076715722992033e-01	-3.014807558639028828e-01	-8.118316297107813773e-02	1.224648412143964776e-01	-4.123053714961107119e-02	-3.630458222398417756e-01	1.514150974066681421e-01	2.201811765627333106e-01	-1.353899606127051680e-01	-9.258725183725692587e-02	-5.273970761328949236e-02	-7.606689258717459767e-02	7.515898864396598766e-02	1.231243764205311592e-01	-3.952293603437595504e-02	-2.224947978943562221e-01	-1.145082112013750819e-01	2.724438116198899494e-03	-8.316028135384324893e-02	-3.044743396294852800e-01	-4.358802057271694147e-02	-1.494912705313695966e-01	-1.183641117596263975e-01	-1.169539515839960048e-01	-4.691931451402316378e-01	-2.001718237580462634e-01	-4.585815689229706393e-01	-2.410833508862407493e-01	-4.055437681135221628e-01	-2.013380925486318862e-02	4.954068219884100871e-02	-4.701972947750377579e-02	-7.632398630266255812e-02	4.419271247999252694e-02	-4.694013981577072753e-02	-2.025043502272446116e-01	-1.059435301765353360e-01	-1.645348396243316580e-02	-4.814369910197329183e-01	-2.935594244120823260e-01	-7.911468694060781737e-02	-3.071306671324241511e-01	-2.965915156822225840e-01	-7.747509674614432018e-02	-4.853557474939036442e-01	-4.183386334800413553e-01	-4.889095798101983914e-01	-4.318655249813432295e-01	-4.016923433093768092e-01	-3.711690445919684223e-01	-1.975812231033301503e-01	-1.771756137225543037e-01	-1.711817689108946772e-01	-2.771549906374225491e-01	-1.582835125512670471e-01	-3.896968475762466744e-01	2.397485944444938677e-01	-5.013586455034894085e-01	-3.327810317344864766e-01	-2.410496788292509351e-01	-1.470593806613198773e-01	-3.524776059562059055e-02	-1.901725476633288892e-01	-4.776637927839259556e-01	1.426984980192732289e-01	-3.678096484897889207e-01	-2.823925063838795824e-01	-2.544888109752254102e-01	-3.185715305548370568e-01	2.506206429704216365e-01	-4.898626772703831150e-02	-7.714371517960895430e-02	-3.060118654086321222e-01	-2.840987684657637069e-01
3.431950979676769986e-01	1.238105391618050666e-01	-7.956692113986596482e-02	3.931203020942860005e-01	1.000000000000000000e+00	7.433981089251122665e-01	1.820413126499378920e-01	-7.097066997772726038e-02	-1.453513666252978509e-01	-1.723363710939167792e-01	-2.547209942711547437e-01	1.980163018802540142e-01	-2.466890202336852467e-01	-3.327513508580151602e-01	-2.973284975878678904e-01	-1.759826060673875259e-01	-3.239532301028923422e-01	1.162162109183516867e-01	-2.254234876659002296e-01	-1.435414891548731919e-01	-1.478966163019598823e-01	-3.263825615564999172e-01	-1.550102479566261016e-01	-3.402130298277444287e-01	-1.577417047420743290e-01	-2.727036638372112298e-01	-2.427535759469272580e-01	-3.156445780307993720e-01	2.998517782205712412e-01	6.057309086321316371e-01	1.253084636499488258e-01	3.610730600539611146e-01	3.731690860649620745e-01	2.457261096748282470e-01	-2.698710744065917905e-02	-8.837821782185414921e-02	-3.869900288632051755e-03	2.341958152449339914e-01	-1.765097148137040051e-01	5.004156178405361503e-04	7.128992809046844070e-02	-6.328917685894136502e-02	-2.499326926050803588e-01	-1.434198828209110599e-01	-2.826405371362241126e-01	-1.892151904378633620e-01	-1.769248926188063120e-01	-1.060736152334770671e-01	-3.034881040501961613e-01	-2.438542056621271770e-01	-2.255915173302099341e-01	-1.355801987443401024e-01	-3.396853673970570003e-02	-5.850468583761337521e-02	1.731274269546198008e-01	-2.062684587442526196e-01	1.410549934202453004e-01	-1.129134399481322992e-01	2.996625974455742122e-02	-7.100434337361757886e-02	1.036026835631278509e-01	-1.157627115174377497e-01	-4.252515342909979901e-01	7.921900280208948875e-02	-1.026668890991467714e-01	-1.534125889519874497e-01	-2.069435484711812656e-01	-2.237037059742822964e-01	2.692466713681852114e-02	-5.015336545848153582e-01	-1.474046853872219287e-01	-9.422593587488525824e-02	8.263979196582850462e-02	-1.877653541073689980e-01	-2.592947559575882188e-01	-1.673317805500395272e-01	-2.340242327232905650e-01	-1.255435007889091868e-02	-7.676373238310239822e-02	-2.268802494080056908e-01	-3.355335698195661964e-02	-3.151285529171314881e-01	-1.471506856166193145e-01	-3.336164901691769935e-01	-1.897628430293022139e-01	-3.484943563848735826e-01	-3.149584673813619617e-01	-8.644863764518938287e-02	-4.740611098934957579e-02	-8.454016057472542311e-02	5.442630234464359423e-02	-4.100239310192175801e-01	6.318606126376315191e-02	-4.249787519910654954e-01	-4.396065342565763645e-01	-1.079194084856778674e-01	-3.701759019066852563e-01	2.768061909700252898e-01	-3.132476666774973162e-01	-3.843230097901442210e-01	5.209727642569139672e-01	1.146597789049280530e-01	3.950098270415283719e-02	1.122624302009776615e-01	7.490003577055005524e-01	5.275113965664137705e-01	-9.858371641447141731e-02	-2.113259228807151113e-01	-2.720014083070820821e-01	-2.472182948755511367e-01	-2.220016317740649281e-01	1.181077984726408708e-01	-2.584148240385711892e-01	-2.248232445871960750e-01	-1.826620416265691826e-01	-3.305783387624928182e-01	-3.587805355842801219e-02	-3.044762864428710580e-01	-1.946071070709203266e-01	1.918406083088774897e-03	-2.157531655020119843e-01	-1.769520907959458156e-01	-1.947169881080360043e-01	-1.940318948312649006e-01	-2.258631501940716879e-01	-2.888933091510982876e-01	-4.611696295774527221e-01	-2.516987961841039567e-01	-3.402520112619945580e-01	-2.173311481327763472e-01	3.640697855460520715e-01	5.412367068291316918e-02	5.543760939660520304e-01	3.801709098479074678e-01	2.794604983159762468e-01	3.217660698756232840e-01	-2.561186996588766043e-02	-6.156918039914764662e-02	2.405655677375383994e-01	8.244107322685961803e-02	-7.329027406021837443e-02	-1.187902242735798253e-01	-2.735727849720128758e-03	-3.598562136129079270e-01	-2.332475560913838675e-01	-3.771382887193428513e-01	-2.181709804200921143e-01	-1.300160179626485280e-01	-1.809651920236496347e-01	-3.086250803803848863e-01	-2.562522208784124844e-01	-5.325469726504789697e-02	-2.193251148594214384e-01	-4.712124672932932468e-01	-3.998744553776209520e-01	-1.284341602435866425e-01	-1.118050871009829556e-01	-1.969766397812128811e-01	-1.946963056653980284e-01	-8.690037135258484036e-02	-4.747572469517347821e-02	-1.596933093247992694e-02	7.631012206818992005e-02	3.401319105753571326e-01	-6.332483658699759876e-02	-2.290165442198711931e-03	3.663949342615498844e-02	-1.905865514715138487e-01	-1.280179634745876316e-01	-1.551633274101619497e-01	-3.483552863549198020e-01	-1.642468144471695701e-01	-1.656003651418962996e-01	-1.560079996083829634e-01	-3.873821575618426050e-02	-1.377793719019655694e-01	-2.481347918268256014e-01	-1.979001119629540673e-01	-2.121959082123133777e-01	-4.838712833942693942e-02	-1.773565985501103226e-01	-2.709405426733986766e-01	1.585852341568531054e-01	-2.714269033990466817e-01	-5.148618325780383864e-02	-2.498509180774806382e-01	-2.616618940871077159e-01	-2.167544791194397358e-01	-1.624372171940011989e-01	-3.447212069735225426e-01	-9.063348544241571492e-02	-8.395670998340992730e-02	-3.950516813804540450e-01	2.671635327954408612e-01	-3.757947138176369606e-01	3.195657477603422447e-01	4.096866782849500725e-03	-1.264400066902145459e-01	-2.405009831158866906e-01	-2.824823983950174866e-01
5.141576683399291525e-01	8.620108517003863269e-02	7.604750786942519880e-02	5.556283871458371770e-01	7.433981089251122665e-01	1.000000000000000000e+00	4.234625389777717519e-01	-3.468732089287611675e-01	-1.186364134431920209e-01	-4.144219179386107177e-01	-4.415911216804472295e-01	-3.523169437784043345e-02	-1.688205895979692783e-01	-2.320495214371962600e-01	-2.056478161625380496e-01	-2.706289296353040635e-02	-1.408946326950229755e-01	2.392073646156174516e-01	-1.299010839221315661e-01	-1.578153374882310112e-01	-9.371532312580388435e-02	-2.385046032949971750e-01	-4.656705504211693797e-02	-2.523802489548833128e-01	-2.566667497606668902e-01	-1.996067212457184881e-01	-1.967478579849193665e-01	-1.660064935342223935e-01	2.754961847835000754e-01	4.500218715313812345e-01	-1.433540946107655090e-01	5.355774275075440016e-01	5.765710461738220438e-01	3.173724254993684490e-01	4.986769174187194453e-02	6.561826717766723431e-03	1.157085949118668022e-01	3.576882152433880635e-01	5.556881695790051069e-03	1.449427209864973150e-02	1.104734535066622531e-01	-7.977860780415456377e-02	-7.887095188371030796e-02	-1.313867675767965149e-01	-1.047828148140185628e-01	-9.900927772894813073e-02	-3.119664696042150354e-01	-8.429258302416413329e-02	-1.832911090440662027e-01	-6.595946728462291631e-02	-1.478096511803073387e-01	2.480504532102977347e-02	-3.112328627782725080e-02	1.488818522641459016e-02	1.348201172045228047e-01	-8.882421995041461793e-02	-3.628362382651578039e-02	-1.722018704348732832e-01	1.586858944379011815e-02	-4.644948575576107047e-02	2.275723325696738519e-01	2.952094979842120187e-02	-2.783944026644658010e-01	2.248472659554463793e-01	-1.593680130091739561e-02	-6.533625972002778115e-02	-2.612817151782175218e-01	-3.197961479278630947e-01	6.410803880329207609e-03	-4.019319982246997713e-01	1.089507640824090851e-01	3.460028032234806206e-02	4.361384260566959770e-02	-1.385696373223908352e-02	-3.605967103074078084e-01	-1.474861777050002487e-01	-3.388546994372050869e-01	5.698725578790891227e-02	-3.492319144005516518e-02	-1.527860032702900162e-01	5.754691689586454578e-02	-2.283267933022410934e-01	-1.013621494481225932e-01	-2.265139018625823009e-01	-1.687752133081253658e-01	-2.567299704765736434e-01	-3.672345046152083459e-01	-5.556523886293811970e-02	-1.133749304341558628e-01	8.463631570995328035e-02	1.524031684125615876e-02	-2.032890343906613717e-01	1.423951442052681926e-01	-2.320920670161895349e-01	-2.368455896429619012e-01	-3.167468233608456418e-01	-2.803543539998380463e-01	3.605554763271278107e-01	-2.246408596700432969e-01	-3.547408253626306296e-01	7.447957936035657367e-01	-6.199129657485678152e-02	1.938095994266910704e-01	1.059635621675021483e-01	7.352683964048892795e-01	6.634741214153823119e-01	-2.588577123856574680e-01	-4.264459328757341239e-01	-4.094381920928762408e-01	-4.945555118204656986e-01	-4.845016402552486667e-01	-1.220265927072290563e-01	-1.715982525393189018e-01	-6.155102642791631523e-02	-8.512754721555962356e-02	-1.757869095972169060e-01	-1.413301290973062452e-01	-1.182670107659398590e-01	-1.708294743599507726e-01	1.492114110845861874e-01	-1.468526060642361963e-01	-1.433991688948059173e-01	-1.605863795619463519e-01	-7.583193236675345172e-02	-1.403875588487817072e-01	-2.223020032636975341e-01	-4.043123121489528016e-01	-2.618788508405579529e-01	-2.949847956352577572e-01	-1.970831360883686934e-01	2.463951748191330338e-01	-2.396667605436988147e-01	5.824792550925973478e-01	4.689412160243736083e-01	1.971625097309042673e-01	2.895954226608460913e-01	-5.217379014776934304e-02	-9.291458387624433601e-02	1.615001353730930456e-01	1.547732082912784135e-01	-2.681215519145879050e-02	-2.047949948167053502e-01	8.771824920117125834e-02	-1.545203986598593926e-01	-1.077716350778277904e-01	-3.162895288499008029e-01	-5.042457627142411802e-02	7.019207488559715651e-03	-9.099278222172058062e-02	-1.760883105203667198e-01	-3.910197698585513582e-01	-5.216634735988610189e-02	-1.770805128623588465e-01	-2.253214418502119676e-01	-3.511374258324067577e-01	6.530032151749602665e-02	1.011928241286927932e-01	-1.129650683925373794e-01	-2.028302130264754977e-01	4.949811476915844111e-02	-6.270303557599302136e-02	-2.256349145501123504e-02	2.242391205018356981e-02	3.475319375601158556e-01	-1.755098116683382059e-01	-3.857038542275930543e-02	1.536417842739707385e-01	-2.213311261917750572e-01	-1.282991473355867273e-01	-4.327796715262793165e-02	-3.367900583811655468e-01	-1.784601484783399916e-01	-3.212755706724792493e-01	-2.400509365435691267e-01	5.403484710836196610e-04	-1.709550322848704396e-01	-1.843259280802124755e-01	-2.644754701224941423e-03	-1.945905490592093334e-01	-8.091122073896364619e-02	-1.130536729871214618e-01	-3.350680973327929690e-01	2.058202317395144421e-01	-4.382186560347822724e-01	-2.316101885238254846e-02	-2.610266053727130497e-01	-2.000137891830883752e-01	7.088514199410807237e-02	-1.306027255090784212e-01	-2.926858595394229989e-01	-1.237489453790663885e-01	-2.046588230775418793e-01	-2.946935615425441135e-01	1.012603016785669496e-01	-3.497714896711842658e-01	4.647634362662875218e-01	-1.076359945619814046e-01	-9.874968672405874670e-02	-3.444650831575232219e-01	-4.073088231420369243e-01
2.585340765649081218e-01	1.186453239660944931e-01	2.448847337121221601e-01	2.101610348645648885e-01	1.820413126499378920e-01	4.234625389777718074e-01	1.000000000000000000e+00	-1.572377127823596510e-01	1.283732592183381982e-01	-1.901342871695524683e-01	-2.429124058424455071e-02	-1.159450395464932115e-01	1.488628889822654344e-01	4.080072138768604806e-02	1.164001673693746686e-01	1.393554223547500415e-01	4.574587660029805908e-02	1.661789695196185523e-01	5.334267397706580344e-02	3.153627936359577888e-02	-1.942960075307911538e-01	3.895262697594759072e-02	1.209996993298073989e-02	6.288177753074218612e-02	7.910014527782570359e-02	8.438342324992946508e-02	1.445619150288399990e-01	3.469351260084638233e-01	-1.098734217870370455e-01	-1.007963885076500199e-01	-1.745662712009533879e-01	2.325674278976352927e-01	2.594092209370156832e-01	-1.196367296404128311e-01	1.144622448660449071e-01	-3.186888883414280144e-02	3.121413644399494147e-02	3.369749169272046041e-02	3.614728513005130983e-01	4.386968008937933150e-02	-1.326753234554298166e-01	-5.436224974172716023e-02	2.093134212333189470e-01	2.934942809580116108e-01	3.079813626925764214e-01	2.291814656856310806e-01	-8.432312196449801706e-03	1.922119684541785944e-01	6.941703329549708812e-02	1.693836767028910339e-01	-8.463578062092137755e-02	-4.621091514709473741e-02	-1.288912972865333406e-01	-5.016506867691404581e-02	-1.298957158494111475e-01	-1.577136976022748827e-01	-2.926437640966252363e-01	-1.531316578338819678e-01	-3.312372096692121209e-02	-2.034452397312943098e-02	2.645825359947133193e-01	1.629403473463920948e-02	6.079481657167126046e-02	3.233930385203584446e-01	4.081128860214459225e-02	-2.975326395010174582e-02	-2.838461914184010060e-01	-1.126503391589528807e-01	-9.697158916636003378e-02	-1.748870584702399145e-01	1.965993491686072459e-01	2.614638063893541253e-01	2.143762948665391826e-02	6.600473567414852361e-02	-1.553043261809041731e-01	1.573563106936854694e-01	-2.951216409750266334e-01	-1.718099414962103583e-02	-1.140268464822262982e-03	6.931335148475423202e-02	9.851851801730983349e-02	2.115234992732254737e-01	-1.999981676618302340e-01	-1.365236756892331260e-01	-1.489489932117314952e-01	-4.668531835117083195e-02	-3.151881434081450772e-02	6.663188322920039763e-02	-6.534309933042900531e-02	1.896527333347259314e-01	1.257455145883154546e-01	6.515952623345809547e-02	-1.032955678524834914e-01	-8.235111527094453321e-02	-6.226107154218671509e-03	-5.090124029274356587e-02	2.759505686663160651e-01	2.531421056547398241e-01	-1.614838715337134634e-01	5.699927294480229556e-02	4.074791418618531336e-01	-2.118776895310010289e-01	2.033141153688328429e-01	-1.543736599060277492e-02	8.628129731979199135e-02	2.456619329808806818e-01	-9.162667452634282172e-02	-1.094518898381582617e-01	-1.933158358890735284e-01	-1.758681070163809756e-01	-2.157991021534585441e-01	-8.666027919837021587e-02	-8.634446763152264781e-02	3.014347287476015214e-01	9.400784021304728344e-02	1.356522352193687553e-01	-1.419402402656441131e-01	8.210627451591551162e-02	-1.533490200757500477e-01	2.873431961271912805e-01	-1.524842103303555678e-02	4.549891830325896933e-03	-6.400497683430754481e-02	-8.682899216980279056e-02	-9.925168848970622459e-02	-1.151021544842049070e-02	-6.740904801821412384e-02	-1.617070473527676966e-01	-7.343666749625134271e-02	8.116169302210413106e-02	-2.526278926072088593e-01	-2.132200247727949194e-01	1.672063436680016058e-01	2.605886886688911219e-01	-2.266983462336982502e-01	-1.772119385908067779e-01	-7.249071294338382820e-02	-9.604215577803580650e-02	-7.984199903380537200e-02	4.290469740703472395e-02	2.087348348286668931e-01	-1.264677568423308029e-01	2.245636574823280107e-01	-1.249536842392051789e-01	-7.883731380969463687e-02	-7.568492318839707689e-02	3.757447639069205758e-01	1.879006068077845870e-01	1.814729622968689615e-01	3.005919038283638156e-01	-7.438673366098250486e-03	-8.735799326070976811e-02	8.403041885736307892e-02	1.610717788607502199e-01	7.177580753050289905e-03	3.377121845681407830e-01	-1.183843355844675302e-02	-6.732279358531344238e-02	-1.325374695961330784e-01	9.246646057972257582e-02	-1.743643468267758734e-01	-1.314919593777517659e-01	-1.541743103855303665e-01	-9.182274972419218750e-02	-2.483752695034167346e-01	-9.719995714004148191e-02	2.736997684000125886e-01	-4.651573872564367107e-02	-1.529277618998516053e-02	2.935875872687415122e-01	-1.784741304156858555e-01	-2.333946948905619989e-01	-2.133280700055871504e-01	-5.805470885200837705e-02	1.053233448254146110e-01	1.986100662487722684e-02	-1.809123576766478170e-01	1.111957794762675339e-01	1.882396024434770387e-01	4.336459559544984799e-02	2.484715284231220622e-01	-8.655167805473215625e-02	2.055533535592447836e-01	-1.249560670484497343e-01	1.527642323292868476e-01	-3.321543773432385910e-02	8.044553949363311696e-02	1.611181949142010128e-01	5.519281150248958601e-02	-6.487050718220366274e-02	-1.815139598511000818e-01	-1.628234687577282402e-01	1.544033022879734950e-02	1.260107148471110439e-01	2.027196982489735677e-01	5.053667515892500406e-01	-1.888634812595078039e-01	-1.303010748776528838e-01	-1.706610987404922897e-01	-9.098015872520520686e-02
-1.755455940971266393e-01	-7.615175277689442690e-02	2.507083376420491394e-01	-2.933815347982137722e-01	-7.097066997772726038e-02	-3.468732089287611675e-01	-1.572377127823596510e-01	1.000000000000000000e+00	3.538571785885434862e-01	7.740877977609270655e-01	6.998783434891726607e-01	6.458201184540146578e-01	3.724700482054457695e-02	-7.917153055362023684e-02	-1.130876263843562379e-01	-1.593775372151632064e-01	2.040404472985167875e-02	-9.244277610354034724e-02	2.179526714539127205e-02	1.933162334251022352e-01	-1.476332760294833679e-01	-3.150425284453603481e-02	-1.250728635276138478e-01	-7.599142479936391026e-02	3.140539280189029725e-01	-2.989312125567702115e-03	-1.208925940134716048e-01	2.877417880478447959e-02	-9.049574634820824193e-02	-3.182527739554381202e-02	5.265853098710480129e-01	-3.203688061471479664e-01	-3.847238343222362245e-01	-2.933783848545892248e-01	-1.276870505598874384e-01	-7.971484633337258541e-02	-8.819604753238403927e-02	-2.555638947598302124e-01	-7.749815734155753033e-02	-2.512729290781508251e-02	-2.424048255820562825e-01	-2.180842739323194876e-02	-1.768196167881732617e-01	8.768737660667279277e-02	-8.517127680492388164e-02	1.395464212302848228e-01	2.697333695906757312e-01	-1.984899520393270111e-01	-1.265964459651742757e-01	-3.391652914687567355e-01	1.246152279009112990e-01	-1.781264983808148600e-02	1.722611559997829292e-02	-9.868638933469291163e-02	-3.854462111217077987e-03	-4.673103634766358899e-02	7.112346470979060732e-03	1.344423045999669150e-02	-8.450086466478498592e-02	-2.825339368596598358e-02	-1.134436881183762680e-01	-2.083323139767013499e-01	-8.000042678548122121e-02	-1.820475637825055282e-01	-2.416976560153030196e-01	-6.574044491339330054e-02	-1.364015879761292238e-01	-4.687389714922126846e-03	-2.736338731630124643e-01	-8.005777919099835160e-02	-4.775565010196443083e-01	1.597265817632800844e-01	8.306041781860273865e-02	-1.696556967974056640e-01	1.344654682458577555e-01	-3.423751307658364773e-01	1.806835153566951901e-01	-2.020840639692313701e-01	4.969707307241710836e-02	-1.067497189850614564e-01	-1.842703529548513353e-01	-1.294584504582962925e-01	-1.571635895639596214e-01	-1.898978430467531120e-01	3.682739498808364209e-02	-5.121093467297153923e-02	3.282866616139094029e-01	-2.485361679603688423e-01	-1.016803503280899468e-01	-3.223365188534746406e-01	-1.779030860080835219e-01	-1.251741115633740187e-01	-2.226825020741674543e-01	-1.872992743939272051e-02	-1.155904207049981702e-01	2.752282378993616274e-01	1.398839796765882215e-01	-4.200904761826931844e-01	-7.180852879049058612e-02	2.183903976098569844e-01	-3.794917535251065011e-01	3.628043914173144091e-01	-3.253873382538965270e-02	-6.769794763375068525e-02	-2.705020342972470071e-01	-1.632720245803962744e-01	7.223258218986970958e-01	6.344995941815053664e-01	7.615115103247362960e-01	7.369284901991897119e-01	7.806774759229549998e-01	6.494475869272838819e-01	-9.160930033589399779e-02	-1.329366232417584226e-01	3.229678505072674372e-02	-5.986053402277644736e-02	2.795290668028818648e-02	-1.097110639250752639e-01	7.697453146212408781e-02	-2.442795508546245428e-02	5.023509262316205176e-02	-2.942489971687460223e-02	9.256325532669890110e-02	-1.312294900639871253e-01	-8.851810083178543453e-02	3.364616538096127513e-02	1.108437486930538424e-01	-1.246669204111984230e-01	-1.236257327408646009e-02	-1.673623010840118719e-01	1.911703606403468078e-02	5.324311737466130845e-01	-1.596073619821760381e-01	-6.353267330346501485e-02	-2.706730779272494697e-02	-1.575928055905079783e-01	-7.044278473529358431e-02	1.080709796671477756e-02	1.414106160807863249e-02	-1.391350335671725225e-01	6.377420362611734006e-02	7.675241010436704980e-02	-2.645335812330971703e-01	-1.799697855457461915e-01	-1.664479829857863080e-01	-4.585122928904943745e-02	-4.564410794327129067e-02	-2.041346675187097684e-02	-3.345758283101017000e-02	1.393060538150943661e-01	2.722306139857196272e-01	2.312155112775248628e-02	-8.234953740740852401e-02	-4.358707407201751344e-02	2.232297394151435896e-02	-1.396570362747345806e-01	-4.306659206532090917e-02	1.023951315319053812e-01	1.283334655942326430e-01	4.801404380357018192e-02	-3.913788410140824764e-02	-9.615418390831062534e-03	-1.417327754056463274e-01	-2.083555590298061810e-01	1.455725879253311761e-01	7.069188035804351011e-02	-7.786239590196980531e-02	6.672834850403519535e-02	-2.376754062699011280e-02	-5.549666756348885233e-02	3.665330580081616052e-02	9.247873438568487980e-02	1.304176754443212571e-01	1.030126362192970435e-01	-9.068579596334872331e-03	-3.113766955967802938e-02	-2.142349444314705850e-02	-2.549524066452943938e-01	1.717096907541288894e-02	-1.429878917453293041e-01	2.936061116239113145e-01	1.789022089620908029e-01	-4.592983651568102038e-02	4.208046885782001367e-01	-8.267945087101431778e-02	9.693261268941819053e-02	-1.261012434468413400e-02	-2.683941009131974864e-01	-7.928798174379263208e-02	1.584309564485379684e-02	-7.464831507264675647e-02	-1.154423760015930861e-01	6.754892753003152728e-02	1.574071288966497062e-01	2.291576045826526353e-01	-4.956403540314343603e-01	9.931210464636908153e-02	3.206843723383470332e-03	3.431505578225997888e-01	4.619676264863220583e-01
-1.593788150459407027e-01	-2.553076063643651139e-01	5.943574948783456394e-03	-1.984656928666297115e-01	-1.453513666252978509e-01	-1.186364134431920070e-01	1.283732592183381982e-01	3.538571785885434862e-01	1.000000000000000000e+00	4.190450206040091108e-01	4.004682295753647647e-01	3.434551518192592856e-01	-7.055374063216306169e-02	-2.155600948912807791e-01	-2.683744397482797917e-01	-1.421886316642405057e-01	5.254078831696419594e-02	-1.100802771796173807e-01	7.987669931793862921e-02	1.162932872763036696e-01	1.967467622349789447e-01	9.625690158912583727e-02	8.440999621013259291e-02	8.636785350293768593e-02	2.592877982744218324e-01	1.654770547455363394e-01	-3.341114933172374402e-01	-8.337524469441841279e-02	6.535524230883885122e-02	-1.673638245828651394e-02	2.284861343728140093e-01	-1.421983508419771280e-01	-2.180132523641977460e-01	-1.136115179859640556e-01	-1.270944333491136335e-01	-6.611483403174960027e-02	-5.637939727255132649e-02	2.848869295674874569e-02	-1.592028455897762373e-01	5.035770709453712274e-02	8.982214569754898292e-02	1.537064975518919741e-01	2.513514303498859057e-02	3.572883340804878377e-02	6.648992749512483424e-02	1.181251297046557666e-02	1.278794697515104606e-01	-1.334998756020723543e-01	5.493894542702047745e-02	-1.047539510532818352e-01	1.537025964244943983e-02	4.508956277490232256e-02	-8.403787423552383506e-03	-2.995700902383172104e-02	-1.172923175689165320e-01	2.491309714094520900e-02	-9.146459028438824745e-02	-5.555412192983575324e-03	-1.409751131586059192e-01	-7.493517741556766920e-02	-4.497462241156045815e-02	-6.301192551091641669e-02	-3.625599363555952193e-02	-8.911177966948971574e-02	-2.201240082498251149e-01	-2.305777325632627217e-01	-6.147554519980440169e-02	-1.401667035920042825e-01	-1.370041058713364623e-01	5.697672826388913703e-02	-1.204169659336329634e-01	1.188121564076100312e-01	3.262017872842518096e-02	1.810130500799561268e-02	1.142552924513764653e-02	-1.657454514499293596e-01	9.733532797158873928e-02	1.372496075891091183e-01	1.779538592277769837e-01	1.158686241081998830e-01	-1.546090357839156049e-01	-9.867018677502421842e-02	-1.068296229146846882e-01	-1.088945041776161610e-01	-8.439079638131076130e-03	1.850309166484000178e-02	3.439040487973883675e-02	-2.330529504233737337e-01	3.459436417819554410e-02	-1.183088287114468923e-01	-1.472960722559537583e-01	-1.505752721665185034e-01	5.706430987739778173e-03	-3.949649807847196992e-02	-2.616158729239951783e-02	1.568042041606723114e-01	2.870884543036647529e-01	-6.297216019320660274e-02	-8.164262720229170656e-02	1.085089831803843080e-01	-1.763130489268341650e-01	2.572560653502257710e-01	5.044774392506068406e-02	-7.079207254345741551e-02	-7.386268027340331388e-02	2.935170134838897132e-02	3.198633079106678601e-01	5.159973142882324781e-01	3.608692665901220287e-01	4.461771210714343683e-01	4.273751536125221517e-01	2.391683462605906640e-01	-1.712046838573696439e-01	-1.212022350981082353e-01	5.536170467243103216e-02	-1.122084329238668410e-01	-7.228966523469762540e-02	-4.897445674906377583e-02	-6.854898081744657812e-02	-1.543753384006237017e-01	1.232968160924766549e-01	4.575775597545479745e-02	6.033166726010294467e-02	-4.071682586516778973e-02	1.909974415980434936e-01	-2.197882458994691868e-02	-9.795835068684510469e-03	-6.258008108371630740e-02	-5.028244555442792224e-02	-3.597970778865742791e-01	5.568746579899145482e-02	1.988627753271771381e-01	-1.638257009224607930e-01	-1.762300375238178840e-01	-1.561335630209305381e-01	-1.048848150855175299e-01	-1.611600585827034082e-01	-9.879649440427624996e-02	6.970737882039339250e-02	-3.503902068012464815e-02	-2.579866208772273878e-02	-2.240207508013138810e-02	-2.731108372183416733e-01	2.332874724473024339e-02	5.324584751308971547e-02	-2.754446360526581830e-02	1.151523355903852491e-01	1.076919061375636311e-01	3.446613916836482883e-02	1.417760455772479888e-01	1.159740405119359108e-01	-2.296185548739272664e-02	-9.734033129230908188e-02	-7.562628900769234608e-02	-1.094491558274711812e-01	-3.594479269955119100e-02	7.018755531856080143e-02	6.682029320373317205e-02	5.200643856357486244e-02	8.108688140159953095e-02	1.184146754764151127e-01	-1.847885100799973382e-02	-1.885406477001292935e-01	3.260948134343585880e-02	4.851219276939424535e-02	-8.530106391634596774e-02	-1.751102683866078424e-01	-8.053753060235992189e-02	-9.223994230529267147e-02	-7.130779973037637554e-02	-3.855037883065532550e-02	2.032631194497449764e-02	1.644021700629355251e-02	1.232277765884326470e-02	-1.496253695533237005e-01	-1.906208618046175696e-01	-8.253053242434551379e-03	-1.125401574673483840e-01	-9.267923205113393070e-02	-1.752538360556271380e-01	8.690220752850473518e-02	-2.599826644603649064e-03	-6.321127175497771866e-02	1.791027281999237053e-01	-1.967097729847689935e-01	2.835146183889916335e-02	-2.040350242189061802e-01	-6.803495102068450595e-02	-1.991486476316095267e-01	7.384405125102867784e-02	-1.928088074870607238e-01	-1.247929083633047137e-01	-8.658970475469680850e-02	5.473763548226788511e-02	2.118712305877281099e-01	-1.488837728106955083e-01	-1.014362334035016217e-01	-4.037987102231860304e-02	1.487964913345454776e-01	2.041371994477723106e-01
-2.193510444927398162e-01	8.686968577535188196e-02	3.751118541281467933e-01	-1.980584429542538716e-01	-1.723363710939167792e-01	-4.144219179386107177e-01	-1.901342871695524683e-01	7.740877977609270655e-01	4.190450206040091108e-01	1.000000000000000000e+00	8.313057639302745550e-01	7.481960514910931392e-01	1.386173870745531778e-01	-1.571725132884916470e-02	6.108440035875856849e-02	2.900481640863494109e-02	2.019194851990678830e-01	4.055232731986561923e-02	2.724711101881277520e-01	4.279538958376234992e-01	-1.321922499573267018e-01	-2.157365697381427236e-02	-1.008189877982877160e-02	-1.659007848873559343e-01	3.801912368090010763e-01	-4.502294907767483145e-02	-1.327596388514133141e-01	-5.837180224657640554e-02	-1.647780596439195056e-01	-1.184151034583490747e-01	4.971556285587640511e-01	-2.640263287081649479e-01	-4.047065840000716452e-01	-4.331488700732699648e-01	-2.918237436829033693e-01	-1.381484591004773776e-01	-1.459695782172311107e-01	-9.586207494166189280e-02	-9.011191749144850660e-02	-1.266147006687787235e-01	-1.580550224866174303e-01	-1.183516651639278938e-01	-3.313757072317019547e-01	2.012948561912364098e-01	-8.664668700981457972e-02	6.356437643829014605e-02	1.752500702656679399e-01	-2.096603523076515097e-01	-1.333074259426151598e-01	-1.316801722511051209e-01	-1.746741246563023042e-02	-8.162389685832958930e-02	-1.357730070172870618e-01	-1.548199975453203037e-01	-3.089189719559956235e-02	-1.268265386586516774e-01	-1.785143694284373750e-01	-1.945096475740039701e-02	-1.794899913675457037e-01	-2.128327774516035886e-01	-1.472616939824769600e-01	-2.836610046735164592e-01	-8.501851529192948342e-02	-3.694135205728890647e-01	-3.339680368414871814e-01	-1.247901258567116027e-02	-2.042650506803141697e-01	-4.696344771622980308e-02	-2.593488082109590143e-01	-8.584272082602571741e-02	-4.821203119977177098e-01	2.318747442225895794e-01	8.488364218946199691e-02	-1.311323425756497074e-01	6.649592376630437951e-02	-3.448246400257504729e-01	1.982668917974913791e-01	-5.728306552312438515e-02	1.090005903538821402e-01	1.174923332266114735e-02	-2.914850097820861352e-01	-1.799172512056756296e-03	-2.041866853727485331e-01	-2.722964175314810942e-01	-1.456835506558004090e-01	-9.426447503975171616e-02	2.700376367762177265e-01	-3.436461049035096638e-01	-3.211306942156947480e-02	-2.242965869856725358e-01	-1.807890328503751753e-01	-1.976964318422770872e-01	-2.756861739021932989e-01	-5.552174177816225631e-02	-1.489809536022796421e-01	2.602385153021974928e-01	2.450875777305950298e-01	-4.635911215242556338e-01	-1.600328996498097955e-01	1.332358073216225736e-01	-3.566433439201673883e-01	3.237530932258227412e-01	1.943447004148537993e-01	1.307923175378980229e-01	-2.861049189709206075e-01	-6.589176645643952945e-02	6.659050505030442713e-01	7.782042654948063687e-01	8.507031507202919007e-01	8.565851136798386944e-01	8.543856064103492187e-01	6.906183895517942206e-01	-4.186266649281294994e-02	-3.741210414845477089e-02	1.309261623708243283e-01	1.931921163996764279e-01	1.808423309858634143e-01	1.358094488618886431e-01	2.164363594385186884e-01	-7.858478483934640962e-03	3.232862103081065586e-01	2.216671497343788433e-01	3.935138087635747239e-01	-6.713398264305306395e-02	-1.003749544663002924e-01	7.747514057716686775e-02	2.273635580187654270e-01	-2.324334759028400532e-01	-7.718441472551765270e-02	-1.249887006255583910e-01	-7.079498683950585791e-02	4.105121126984252466e-01	-2.048833449777944515e-01	-8.685973147145317763e-02	-1.583328009307750639e-01	-2.314093792475983014e-01	-1.126909713419928794e-01	-2.500430749918398313e-03	9.756426037052617906e-02	8.296649994228742775e-02	1.190227040207835207e-01	-5.037197358384442117e-03	-3.369224002078981539e-01	-2.379700526867247201e-01	-2.028464322400339304e-01	-1.541372649849293008e-01	-6.595755249266575804e-02	-2.219278089569939015e-03	1.096144537315612844e-01	1.260285977998826523e-01	1.447242989672120062e-01	-1.522962208129883532e-01	-1.957042369799142922e-01	-9.461245629761314002e-02	-7.131856336456209901e-03	-1.289063101127706779e-01	-1.442725589311008583e-01	-9.034396797143531832e-02	1.259607453649073672e-01	-8.516426795861899157e-02	-1.128690586254731398e-01	-1.501032653917992177e-01	-2.621750545094565510e-01	-2.740307851187644417e-01	3.915846178712933945e-02	-9.617110613843936340e-02	-1.358743219951835390e-01	-7.835237281197038328e-02	-1.411958316728565421e-01	-5.027231799143145469e-02	-1.594941304931246084e-01	-5.210832388198167325e-02	-1.764958435720611479e-02	-3.369616200733564076e-02	-1.480153479705074160e-01	-1.177020922709550582e-01	-1.006830340608237256e-01	-2.500131348333822223e-01	-2.551118145792980602e-02	-2.709056159939560171e-01	3.627209763982852664e-01	1.573957331194895115e-01	-5.083115119489717629e-03	2.525784118721007276e-01	-2.577142990848705906e-01	3.858623272780613289e-02	5.757403865577763458e-02	-2.200196602410115498e-01	-2.254006180365893397e-01	-8.733770153006853443e-02	-1.425518501329939569e-01	-1.845123938161157273e-01	-7.284483301478834882e-02	3.416549725097105250e-02	2.996278337783042645e-01	-5.273177982254734220e-01	-1.838863616041237770e-02	-1.123777713064829653e-01	2.344196325275781645e-01	3.528032084951397973e-01
-2.880398998754712392e-01	-4.444483370460554361e-02	3.177643161737322419e-01	-3.083829358679187616e-01	-2.547209942711547437e-01	-4.415911216804472295e-01	-2.429124058424455418e-02	6.998783434891726607e-01	4.004682295753647647e-01	8.313057639302745550e-01	1.000000000000000000e+00	6.004792944195587179e-01	2.888892589536614652e-01	-3.358369186182802446e-02	8.909222574497363545e-02	9.727183727178365102e-02	1.806667672045565998e-01	5.474723241958192460e-02	3.615697928439177700e-01	4.676205864119084010e-01	-7.480546328963720570e-02	1.398651820254008249e-01	4.395223704758793870e-02	-2.678209226496526194e-02	4.947949136416843752e-01	1.312611313139442487e-02	-1.476005231982122426e-02	1.277759453569881909e-01	-3.282834473043262924e-01	-3.134956279115584388e-01	4.495870088343148496e-01	-1.714990348709130030e-01	-2.996805096484886355e-01	-4.530099693632358981e-01	-3.101165966363039761e-01	-2.583681239284914555e-01	-2.253174115253279985e-01	-2.056671907265511245e-01	9.512579202077239837e-02	-1.149565538171477275e-01	-1.871820648698725997e-01	-7.665820033036099823e-02	-2.002079188368735274e-01	4.020427082989963541e-01	1.095533586198259163e-01	2.539279061552685013e-01	2.293773530685523920e-01	-1.452480664501666907e-01	2.657622444977212478e-02	-1.130714103709741167e-02	-9.140738029809564180e-02	-2.031507662777285173e-01	-1.682087673054829535e-01	-1.750863522999313582e-01	-1.058126203361291345e-01	-1.096560728897806036e-01	-2.253773088877485953e-01	7.024731090563943181e-02	-2.283236080395755763e-01	-1.874516174835859361e-01	-8.392126319303082338e-02	-3.085941314982895145e-01	4.428225093408383328e-02	-3.159392363342893861e-01	-2.794318600702840882e-01	-3.305591221822869186e-02	-1.594058737735410680e-01	9.561938975767607374e-02	-1.954732866007118097e-01	-2.087586296919654791e-02	-4.912080142666879756e-01	4.399736426042766824e-01	1.189399358378423893e-01	-2.135218607431051130e-02	1.944782833302741432e-01	-2.267877524663840516e-01	3.033973591812046400e-01	-4.412737771180655355e-02	1.725090576725509528e-01	-1.289457598795710168e-02	-3.151355206122749553e-01	1.124400087360913347e-01	-2.529480171899718965e-01	-2.093245119861136261e-01	-1.711017700753081905e-01	2.753144990232753164e-02	3.635024885587039289e-01	-3.973172189840881163e-01	2.207791745767332531e-02	-8.325923622312324246e-02	-5.839347904286330826e-02	-1.292484673669714312e-01	-3.608372753940519151e-01	-4.522575727916496729e-02	-9.352265537531895268e-02	3.506379025151209472e-01	4.370472637814872274e-01	-4.665153331941511161e-01	-1.670452615576698274e-01	2.560175262534600260e-01	-4.193457176444173040e-01	1.984223251933163734e-01	7.226017398280101811e-02	-5.496835227825889320e-02	-4.499315026568422304e-01	-1.798918443674896173e-01	6.681035147303553412e-01	7.640600844992727625e-01	7.524286852036382589e-01	8.329789117332275783e-01	8.253686853250989941e-01	6.023077822137912207e-01	-9.469599998509228844e-02	1.361589672702528397e-01	2.069072291826874743e-01	2.419841936251583281e-01	1.443971591507048347e-01	1.706615385021126030e-01	1.732930255952999377e-01	9.019328382543972955e-02	3.300963992542459979e-01	2.834231539055122595e-01	3.905402229299925754e-01	3.128521958739290815e-02	-1.309104600191577338e-02	1.267496658219091910e-01	3.666140470305583321e-01	-1.578293191542494145e-01	-6.290787555225943462e-02	-6.993410204268403485e-02	-2.770363722290249409e-01	3.852100906100491828e-01	-1.961469980810974234e-01	-6.049824012214297109e-02	-1.830921571256242941e-01	-1.921508099155371241e-01	-1.288122896675132079e-01	-4.595078263155604609e-02	6.553247403160582241e-02	5.732371167239865006e-02	2.277437357472943680e-01	2.960449974894123829e-02	-1.621326660302163103e-01	-2.800959693804132566e-01	-6.998741294467723806e-02	-3.291310741829306385e-02	1.624599811905879099e-01	1.439864718028948387e-01	2.478400486513699097e-01	2.839200811560350646e-01	2.732916109712627550e-01	-1.979663771999896626e-01	-1.581925530545630065e-01	7.187686968130035936e-02	1.214082882983300582e-01	2.859952440483879907e-02	-2.654171995720625010e-01	-1.515183186268770077e-01	8.717286333365166506e-02	-1.677875723515569184e-01	-2.589396380087912175e-01	-1.953155868138538032e-01	-2.507726639227038645e-01	-4.174151207778042938e-01	1.635693828813501727e-01	-5.285579231445125536e-02	-1.650092526899655382e-02	1.658455174168698559e-02	-6.909144842576285528e-02	5.115616209776376738e-02	-8.142084316902181707e-02	1.249299284749371807e-03	1.260776620897150202e-01	1.323998037812738615e-01	-1.490571628270564476e-02	2.887544226350170426e-02	-1.100311890687074023e-01	-1.539716699481266937e-01	1.147951611517792903e-01	-8.762506931125338405e-02	5.788559830142342433e-01	3.506888089139277853e-01	6.992842130058636585e-02	3.364844703431592587e-01	-9.002097628592087286e-02	2.306697578817914207e-01	1.548289573679422493e-01	-2.007416270170157557e-01	-1.952845941434305232e-01	4.718820664100802087e-02	-2.824465277678505082e-01	-1.070103672459718630e-01	2.833651709714768430e-02	1.251380654236512735e-01	4.456020648759226876e-01	-4.831213078021185936e-01	-5.599301917120258487e-02	-1.380478337519323029e-01	2.145396704456817294e-01	3.975255048563215987e-01
2.527928533695104549e-02	8.825406031161114884e-02	4.308480004290785037e-01	3.356239428922792173e-02	1.980163018802540142e-01	-3.523169437784042651e-02	-1.159450395464931977e-01	6.458201184540145467e-01	3.434551518192592856e-01	7.481960514910931392e-01	6.004792944195586069e-01	1.000000000000000000e+00	5.092330799472179204e-02	-5.204461265191389491e-02	-1.712301235115989972e-02	7.473852262359373388e-02	1.040401361138100916e-01	1.576076888073955906e-01	1.632656289380300940e-01	2.476648148685905715e-01	-1.549984012346936058e-01	-1.330777800598001714e-01	-1.784528389984819663e-01	-3.243684586436941797e-01	2.325138497951515504e-01	-2.045737666567169211e-01	-3.298283191921166368e-01	-1.380588034746699777e-01	8.623371232882419413e-02	1.741566461360758433e-01	4.609854137374463368e-01	-1.455554413071634412e-01	-2.267903360030571747e-01	-3.163920431417866497e-01	-3.060312810294842367e-01	-6.574510162589571050e-02	-1.295865891816664894e-01	3.936632765787852900e-02	-1.964071518458653243e-01	-1.730779075569977843e-01	-1.475409738261266035e-01	-1.761814846530396494e-01	-4.311992562558964459e-01	-1.175980523965238292e-02	-2.227482234926977667e-01	3.240571181223745895e-03	-9.387951663241411726e-02	-2.988193886319137071e-01	-2.671683867828234527e-01	-2.401623945555114437e-01	-9.208098297258282550e-02	-3.327020651697326636e-02	-1.422289208065673173e-03	-1.198836908996929740e-01	1.605134765225181559e-01	-9.808708048742617591e-02	-1.462710364409300356e-01	-1.913670633820249711e-01	-2.801641317270659459e-01	-3.513842838290315296e-01	-1.565410223755022701e-01	-3.111996169555884539e-01	-2.768030195066921162e-01	-2.845944091170290458e-01	-4.700740794643186171e-01	8.681439243911538315e-04	-2.977959775972288670e-01	-2.860053010756901104e-01	-3.489271221432082015e-01	-3.042132060411084638e-01	-5.124705253352660472e-01	1.304823763764125788e-01	1.095725535155307184e-01	-2.555094919625446326e-01	-1.415559275209709311e-01	-4.543144215970758015e-01	1.049617039976029620e-01	-4.920837501507728529e-02	4.020755461312743723e-02	-2.290803651642663724e-02	-1.753627970854853835e-01	-1.348156182030565975e-01	-1.863902499044050309e-01	-2.807598297195182391e-01	-1.174189075421389200e-01	-2.646741683286274460e-01	2.699103177291919259e-02	-3.133741834785827018e-01	-1.442285831779252514e-02	-3.298707356207736807e-01	-2.049494322520200584e-01	-3.200193435560146349e-01	-2.401443880844069123e-01	-2.145207299212116836e-01	-3.318407173547900380e-01	1.260177594449828900e-03	1.112455178833659207e-02	-2.408632143267798453e-01	-2.024763022478901775e-01	-1.272808535253016071e-01	-2.655807925408721487e-02	3.465345239325135496e-01	3.353169643468841832e-01	1.565171757072326975e-01	8.588495462803609481e-02	2.492628688528923941e-01	5.870187004610607495e-01	5.626256713101471796e-01	6.743585153648273822e-01	6.198822454391935688e-01	6.571156485494066279e-01	7.338664729151856969e-01	-4.462172788311791205e-02	-1.548420878132212852e-01	-2.963035782399701251e-02	1.823925244887977110e-02	1.367210088547595181e-01	1.619248643116664305e-02	1.712279033831775876e-01	2.193295388963184198e-02	2.083306309671990042e-01	8.886644647069463776e-02	2.298251662943591178e-01	-1.973860275682370879e-01	-1.353151513634592573e-01	-2.372891809225459447e-01	-8.817926104763028350e-02	-4.107905277015365120e-01	-2.165730275501782931e-01	-3.251583784872344451e-01	1.861101051633707038e-01	2.879996637468699161e-01	-2.773997907188856596e-02	8.924715004008766661e-02	-3.695889117065741941e-02	-6.239719726180925630e-02	-9.410501308966792711e-02	2.299476599097263069e-02	1.780008575471542231e-01	1.852988174848766711e-01	6.811267543651684797e-02	-6.709788202180372307e-02	-3.391660318843744415e-01	-3.005268599322813428e-01	-3.504706992541227750e-01	-4.343311184049882812e-01	-2.359868832451717247e-01	-5.972230169313480497e-02	-1.061642918475964037e-01	-7.039404855547790052e-02	-1.424330609817442694e-01	-1.493548589947741034e-01	-3.816760616679335527e-01	-3.210863042314089921e-01	-3.218408053416941250e-01	-2.068000309475023502e-01	-1.014429186811063172e-01	-1.349319907739537083e-01	2.710528127625884756e-02	-8.002556286768762461e-02	-4.684727283620747362e-02	-6.369469419099776930e-02	-2.549914211170267730e-01	-3.675995158335350343e-02	-3.567093379796359293e-02	-9.421548393399667432e-02	-1.894247299356075220e-01	-1.945009765585829220e-01	-2.460271602286545622e-01	-1.517399975655543409e-01	-2.050769596094799141e-01	-8.022513214949564264e-02	-1.652882219772334738e-01	-1.909980133401998625e-01	-2.116858446284428374e-01	-2.580342272081340149e-01	-2.036544319099879152e-01	-2.674965183398768098e-01	-2.646243402000543199e-01	-3.356445468446047631e-01	1.456637900068825653e-01	-9.434376370516306398e-02	2.586885364987939750e-02	2.762927393154970910e-03	-3.426704579958545493e-01	-9.792362062454748606e-02	-1.054858200425505682e-01	-2.201748905767035025e-01	-3.176656955218691292e-01	-2.588599240236994503e-01	-1.665985567360719899e-01	-2.939030244719099128e-01	-2.916922055751445808e-01	5.755101013944020948e-04	6.722276936853201039e-03	-3.651263366004245392e-01	-1.641559276534794443e-02	-1.234373413102602263e-01	7.120987686132469741e-02	2.368334357475777308e-01
3.263806972210381990e-02	-1.167188790810027438e-01	1.843355860497000731e-01	-1.497597021683920171e-01	-2.466890202336852467e-01	-1.688205895979692783e-01	1.488628889822654622e-01	3.724700482054457695e-02	-7.055374063216306169e-02	1.386173870745531778e-01	2.888892589536614652e-01	5.092330799472178510e-02	1.000000000000000000e+00	2.522139994362170290e-01	4.692702822625633430e-01	5.936091652024375609e-01	4.051540146384688401e-01	5.235727284813841420e-01	7.347207158796797977e-01	5.099010426776149352e-01	2.857577226767003542e-01	2.317751458443937929e-01	3.360774294076696589e-01	2.968448081207148981e-01	2.179948110982756482e-01	-3.690814351283649292e-02	2.367054119232543385e-01	3.518689252634590314e-01	-1.830630799089792426e-01	-2.989385208861418675e-01	-2.458247504537141581e-01	6.184948614154815033e-02	-7.548590524122741896e-02	-2.090494140791984146e-01	-2.293030136769979577e-01	-1.695430638336059836e-01	-1.462826939276248850e-01	9.564334087587053612e-02	1.464927487357259306e-01	-1.565569527189832610e-01	1.843661882050007528e-01	1.907031753482208436e-01	5.948783088176111400e-02	5.851792296258194748e-01	4.310148295370385130e-01	5.765926624490101959e-01	-1.947599226412339013e-01	1.252575348005527667e-01	3.393380290905859131e-01	4.101252392181390372e-01	-2.325644326650339877e-01	-2.346624437001163799e-01	-1.745022028289117677e-01	-9.508979532476978525e-02	-1.366687357469340836e-01	8.056576084268249338e-02	-2.451905271722818747e-01	-1.120557343399658234e-01	-1.775579334715497171e-01	-4.375814659854018185e-01	-4.293545073845607407e-02	-2.724462616144568070e-02	1.805133257052395426e-02	-5.136936121244364828e-02	-1.914557863806075066e-01	3.380748775515179938e-01	2.065326635129949642e-02	-9.263836196529148803e-02	-2.050101234389603844e-01	-1.666363698013064235e-02	-1.418644803131778598e-01	3.155551573816141042e-01	1.623013898239350841e-02	1.851550757151659843e-02	-5.051497614242771855e-02	-5.052185229253314952e-02	-9.835521857859556849e-02	3.295214461322063318e-03	-6.604799818976023890e-03	9.852358050539301859e-02	-2.550540757476473797e-01	2.881846171737815210e-01	-2.307093163836212157e-01	2.523605172116829762e-02	-2.586540474622776586e-01	-1.525227713730518964e-01	-9.852510653291743359e-02	-1.618321575713690674e-01	1.057614418151200247e-01	2.743800464889843416e-01	1.893960918565500140e-01	3.110901030484376079e-02	-2.538077150507847546e-01	2.260686964645821501e-02	4.425432878155311639e-02	-7.859854906752240800e-02	4.806214550550327175e-02	-2.298709610484082899e-01	-2.307662296995848517e-01	-1.358125210456608001e-01	-7.661033936547204624e-03	-2.670438699426558316e-01	2.163177689765966027e-02	-1.839663030533409405e-01	-2.000475314544900018e-01	-2.255727273483892209e-02	1.413501234762734593e-01	1.036130236835592217e-01	1.386027816010478031e-01	1.417767801031948882e-01	1.261009010184084844e-01	1.059275604157287332e-01	2.002887874108372768e-01	4.376155138508989184e-01	6.819299257877530218e-01	4.661940169451360139e-01	3.327933671475818977e-01	5.584361896884215692e-01	3.128323792668065151e-01	4.209660770682194242e-01	5.500574828009250350e-01	6.407350056471112776e-01	4.909599256364930997e-01	3.432717749516168149e-01	-1.253857640453275024e-01	3.491986670526742165e-01	4.737521479804837621e-01	7.475163827062164534e-02	-1.174308096332940532e-02	1.613691201524936614e-01	-2.282026146610563744e-01	-2.275931875123194947e-01	5.205431532445045639e-02	1.992004609967934492e-01	-1.650367282032330352e-01	-4.145939309296821362e-02	-1.365484916241749931e-03	1.625726171816642140e-01	4.693048608547314982e-02	4.258491197780155391e-01	3.426394729360101032e-01	-6.479115613615307745e-02	2.312192781130907940e-02	-2.008741044716110674e-03	1.316786078236190094e-01	1.025955453467882750e-01	4.140121614040678799e-01	6.020989461511855323e-01	4.175265499668984193e-01	3.386367451650713067e-01	-1.039520549981473169e-01	-9.855654572864330776e-02	4.126647548008971489e-02	2.160531626351724632e-01	1.556516514008201846e-01	1.844900548994969636e-01	-3.278022101470809413e-01	-3.999739833269620459e-01	-2.893664500460874645e-01	-2.944986551827657451e-01	-3.956190832716036665e-01	-3.331825587679865253e-01	-2.725749621743561169e-01	-3.075109308424996413e-01	7.484478996015429819e-02	-5.968974423791659212e-02	1.798659009741365167e-01	-4.611328180586021092e-02	-6.530978173246188012e-02	2.092877997515139588e-01	-7.670404826846106972e-02	8.631079652028385545e-04	-7.031187160984837814e-02	8.384625102885984171e-03	1.906825816674119767e-01	6.608845557003026339e-02	-1.272063377967770081e-01	9.961622933804929747e-02	1.062603928556363764e-01	-2.088884887229258691e-02	3.621263109289504234e-01	1.360866571833435623e-01	1.759597574714539259e-01	-1.870226324648791572e-01	1.593775258606602852e-01	-4.301437879354650523e-02	8.125892338517405611e-02	1.501631679310719558e-01	-2.450335065075051610e-01	-1.193693276560493510e-01	-3.337102980440108113e-01	-5.359588248105443681e-02	-6.875366133534632773e-02	-1.404114033112016102e-01	8.214760900417553136e-02	-1.596703517715287179e-01	-1.839114075333383447e-01	-3.112238329350874855e-01	-2.648458585478719041e-01	-9.178317312986469800e-02
6.244102932786026877e-02	9.246379988399720459e-03	2.315614302294450866e-01	-1.574450833916748831e-03	-3.327513508580151602e-01	-2.320495214371962600e-01	4.080072138768604806e-02	-7.917153055362023684e-02	-2.155600948912808068e-01	-1.571725132884916470e-02	-3.358369186182802446e-02	-5.204461265191390185e-02	2.522139994362169735e-01	1.000000000000000000e+00	7.087988730947356597e-01	5.332552966669570349e-01	4.645952552633119681e-01	1.466680432754074170e-01	1.960925325884549375e-01	1.896238249407877080e-02	-1.366279601932114118e-01	1.723742771718183575e-01	2.209465398327048469e-02	2.988024662191700043e-01	1.329723162723817353e-01	3.894422837345676847e-01	3.431760025782439882e-01	4.805691804859789085e-01	4.709525598279330587e-03	-2.525299927154041613e-01	-3.645118367680784399e-02	-1.680426424450179312e-01	-2.167230444183074756e-01	-2.990684255274817516e-01	4.267220280371838981e-01	6.050443694782847714e-01	2.534453927441136512e-01	9.507535687483811837e-02	-6.628282502276582056e-02	2.536745317441270187e-01	-1.942560472123130988e-01	1.149543852002843924e-01	1.102442735571814297e-01	6.154981132111678709e-03	-3.884601231003573241e-02	1.748115436470203676e-01	5.470666800370167608e-03	2.920418932569998280e-02	3.007950005361068047e-03	9.347310023949860491e-03	1.572889516264198984e-01	2.019389354433584194e-01	1.306088753750881681e-01	1.921082729530451394e-01	3.941940795422662486e-02	3.389683583058779592e-01	-2.026017235389650228e-01	-1.985919551950989792e-01	-5.012973606246370201e-02	-9.407065750345801336e-02	-2.699562850371715617e-01	8.258005564553608235e-02	1.230959314559479101e-01	-7.451455964886096427e-03	-1.935634661122718481e-01	1.434964517984140542e-01	4.057145954927868226e-02	-1.695092793845976997e-01	-3.890191026253521089e-01	1.495027545569788119e-01	5.045938713119290514e-02	5.988802460377479903e-02	-1.474969953532818678e-01	-5.446680941359050010e-02	-1.664193291720466039e-01	1.644488508219371994e-02	3.020376003547079261e-02	-1.553442146335672347e-01	-1.714884905238392709e-01	1.096519356098916292e-01	1.284232220953835935e-01	1.770054286584482051e-01	2.586386012007313440e-01	2.280844285040140307e-01	2.293124623433615838e-01	-8.693928765493722302e-03	3.814534712211418294e-02	2.774298786105552361e-01	-1.144067705555882608e-01	-1.242166691494722974e-01	-2.325838056742258186e-01	4.097546481724770873e-01	9.109648866529570024e-03	2.506141115714876078e-01	2.010509311592493242e-01	-1.040377673629687277e-01	1.993377554614020608e-01	-5.864830987037002868e-02	1.525331161475775577e-01	6.586372325679107353e-02	-3.284334745353396229e-02	-1.750364593596008544e-01	8.633737430433599536e-02	-9.018018794806081928e-02	-2.559395148610294490e-01	-1.068885637253481069e-01	-8.108046326781598312e-02	-1.307223526588109641e-01	3.430404930650880063e-02	-6.119437357701468239e-02	-8.375986846493750637e-02	-9.611141039980770906e-02	7.167858511351178352e-01	1.930798086586187623e-01	9.272161383922318534e-02	3.640341380157980367e-01	3.750043138167751811e-01	3.828485529429946910e-01	5.634541812408521144e-01	2.127952142786850298e-01	2.425048779818130829e-01	1.564035020051236236e-01	6.294705808627593102e-02	1.074773501581050422e-01	1.660735019575546034e-01	2.103212132239275778e-01	3.073843569205336190e-01	1.990846612231275681e-01	4.806545575953514726e-01	3.244801481079204186e-01	-1.292846873808719821e-01	-2.685883934738932388e-01	-2.505291240903820826e-01	1.011437247192776556e-01	-1.799543356456003718e-01	-3.992131821667423419e-01	4.742835015251273822e-01	5.388634232183043826e-01	-2.516057739700806595e-01	2.649641180556306375e-01	1.719180507244147116e-01	3.639154814888455602e-01	8.612805082944600954e-02	3.830201899163452328e-01	1.100162380076630253e-01	1.419301272680966453e-01	-5.764916342728869381e-02	8.226509491879523128e-02	-2.445806654415285872e-02	5.858692554607535657e-02	1.629316615855720685e-02	9.940234505924755437e-02	1.360296862367767756e-01	2.647977741185432721e-01	8.863514278782338995e-02	-4.011693661089606178e-02	1.669614349221875960e-01	1.416081998541073028e-01	6.882501061490266248e-02	-1.927932281269476023e-01	9.526600260474069048e-02	1.324539822583876425e-01	-2.167564784853151794e-01	-1.025965242386145948e-01	-2.430229179119157701e-01	3.243605611192906107e-02	-1.504774089566024431e-01	1.244187108041914652e-01	-3.167935350682406920e-02	2.198143840260690512e-02	1.188408758864636650e-01	-6.293697139620441083e-02	-2.029515208796670300e-01	-7.494796933270747585e-02	-9.629561426818669667e-02	-1.125636498166025096e-01	3.134231293343688052e-02	2.383469297394567171e-02	6.778691446007707212e-03	-2.076011082178132738e-01	2.950921006334330035e-02	-1.305628023715354746e-01	-2.477288345755876975e-01	-1.113757529062772283e-01	-2.121180127145697591e-01	6.253808194146545651e-02	7.551701791077460035e-02	1.857273315092660415e-01	6.561996450643176049e-02	-4.341306030806676292e-02	2.488805712979357543e-01	-2.805504855033204570e-01	2.932850733075395566e-01	-2.701782862205551750e-01	1.565437155047511852e-01	-2.405821104592343121e-02	1.601509760853075670e-01	1.801530943347777192e-01	6.770744945728528023e-03	1.335185431559940961e-01
1.028098065775192721e-01	2.242489220096118840e-01	3.600508235203774277e-01	7.861246002419433609e-02	-2.973284975878678904e-01	-2.056478161625380496e-01	1.164001673693746547e-01	-1.130876263843562379e-01	-2.683744397482797917e-01	6.108440035875856849e-02	8.909222574497363545e-02	-1.712301235115989972e-02	4.692702822625633430e-01	7.087988730947356597e-01	1.000000000000000000e+00	7.440083600477708226e-01	4.840010393716472348e-01	4.667778771146415817e-01	4.666299412420826243e-01	3.936206940084388539e-01	-4.812669858239761872e-02	2.684436398649246991e-01	1.140271646077521267e-01	2.504269622936621809e-01	2.021208546080745239e-01	7.517515973405676510e-02	5.530138439094648417e-01	3.694716150629275830e-01	-2.687894360202157107e-01	-3.903672850163414920e-01	-1.654288396039297893e-01	-8.182829670950510226e-02	-1.354801662566275933e-01	-4.308063024836736310e-01	1.085589111220457148e-01	2.042398987257498799e-01	8.170263366657463944e-02	2.380735501034002000e-01	1.941630326291611253e-01	-3.524488388887567908e-02	-1.302730366347390756e-01	-6.938791146214326466e-02	-1.264783929472859114e-01	3.234887898125741734e-01	1.953630294861614380e-01	3.521816061967930067e-01	-1.459762216257849687e-01	8.889262122025760882e-02	-5.135142465736286521e-02	3.057820702119712353e-01	-2.299058568152623772e-01	-1.454680651876089359e-01	-1.026438713907556616e-01	-7.524271359733175624e-02	7.109586913911039585e-02	4.715272264151997017e-02	-3.758549815530748961e-01	-2.777006636861328315e-01	-1.170976835307766112e-01	-3.236802698860442584e-01	-5.272112709227243926e-02	-1.685714363440396768e-01	-5.053762108149079807e-02	-2.130614181435588617e-01	-2.839457496732789021e-01	3.090452065616818844e-01	-1.429899482819748935e-01	-1.455915821041612879e-01	-3.249746089125975512e-01	-6.959695870769805337e-02	-2.790861254140011502e-03	1.410350507767506589e-01	1.387257854737402318e-01	2.665452216125280618e-02	-2.715971143455677694e-01	-3.243351500693075068e-02	-8.892522253052907721e-02	-1.515718871104419496e-01	3.639515501230739924e-03	3.286818870353673538e-02	-1.050602309382124566e-01	3.131759396471464063e-01	-5.375799909905863705e-02	-1.190440835821926328e-02	-1.747528227892068686e-01	-1.813827892368550798e-01	-9.715352292421132463e-02	-2.642469149126866132e-02	-8.323058359647762805e-02	9.596759339213331574e-02	-2.133698766203284691e-02	1.392964288949714302e-01	-3.388762798055193204e-01	-9.104653911588463100e-02	-8.614168463794380504e-02	-2.085203513069735781e-01	6.132303482485020746e-02	-2.077724620750330542e-01	-1.662974098562657321e-01	-1.392232220259790876e-01	6.291359171930406557e-02	-2.397408449657425777e-01	2.524702680576669800e-01	3.321767841551023087e-02	-2.875442655846713880e-01	4.055597246110351217e-02	-6.387447535803909837e-02	-6.237622738541703793e-02	1.117552559638182313e-01	-9.902263137609888452e-04	-5.986566521623187115e-02	-8.203532651876010995e-02	6.078770084419611308e-01	5.955144739493738459e-01	2.989191772986741769e-01	6.687608498382325850e-01	4.763046094147243559e-01	6.444204646941039671e-01	5.047648305632413956e-01	4.923047889503608943e-01	4.722149192412801177e-01	4.807189293556649035e-01	4.742307057156291972e-01	2.598238922157678488e-01	6.814806915289908784e-02	2.213758656183103801e-01	4.086365622593138847e-01	1.755744112862586415e-01	4.004985866460575861e-01	5.715527929949604236e-01	-3.567218620265030782e-01	-3.150440555919522545e-01	-1.626752050652195691e-01	2.007769742357213005e-01	-2.870486067246739714e-01	-3.026945483620023802e-01	2.980012516044420745e-01	3.842052044699564295e-01	1.084234993658638874e-01	4.711173817834242716e-01	4.035481902930000975e-01	1.591374550414511591e-01	4.871574992222211381e-02	2.659336398478495678e-01	4.515994163544297807e-02	3.802974365003177620e-02	2.203960125044478469e-01	3.344773310637204067e-01	3.458942298198089960e-01	2.364938905334876273e-01	-1.151418342710508053e-01	-2.697530971759999341e-01	3.014480300093919096e-02	1.783235877436572525e-01	-2.087855741751035166e-02	1.361807723372943368e-01	-2.259200102071156069e-01	-3.088426757073706730e-01	-2.262010105713838926e-01	-3.273260364339487527e-01	-2.826926822057244659e-01	-2.226893012380317949e-01	-4.001678091958909000e-01	-2.802078703302833262e-01	-2.160233613325200641e-01	-9.283298490158671534e-02	1.574745145372200839e-01	-1.531699022035616364e-01	-2.379652692470773656e-01	1.233095894551078237e-01	-1.439773164394884675e-01	-1.995577105318813993e-01	-1.975502879321211214e-01	-7.932438005750978849e-02	-8.121799022390585598e-02	-5.839641501202812862e-02	-2.419372548354537245e-01	6.057124266406962304e-02	1.102090270952870432e-01	-4.964421272673012753e-02	1.830289279893802246e-01	6.291107376926423356e-02	-5.217373726065532846e-02	-2.567493817238268861e-01	-3.700984500329652926e-02	-1.268653853944925851e-03	1.360991459708861540e-01	3.053192862418412923e-01	-1.383433439112708718e-01	-2.149775127716290757e-01	-1.099550091342685609e-01	-1.468344636473985498e-01	-9.148807286457541488e-02	-3.104995866889420641e-01	1.137509975996450345e-01	-2.607230047650905408e-02	-1.358633562769130110e-01	-1.547001123055540273e-01	-2.386785454113834193e-01	-4.584805739994678858e-02
-6.250925545696331062e-03	4.199605689736223002e-02	2.522791300475524801e-01	1.263358424595036056e-01	-1.759826060673875259e-01	-2.706289296353040635e-02	1.393554223547500415e-01	-1.593775372151632064e-01	-1.421886316642405057e-01	2.900481640863494109e-02	9.727183727178363715e-02	7.473852262359373388e-02	5.936091652024375609e-01	5.332552966669570349e-01	7.440083600477708226e-01	1.000000000000000000e+00	5.622657334053124956e-01	6.692052821061933443e-01	7.059025792254762788e-01	4.440930429983911965e-01	2.494792382581885112e-02	1.537055711821397053e-01	1.021377469703973889e-01	9.108448191032038344e-02	1.235176447895090651e-01	-1.142419242486542169e-01	2.388010220820296070e-01	2.206926563002696018e-01	-2.036570854771472261e-01	-2.840147388426743080e-01	-1.882524053175559930e-01	1.786758406035668656e-01	1.158384671176280883e-01	-2.382229000184317436e-01	-1.662858005674050232e-01	5.161645903714934258e-02	1.005709245908095392e-02	4.256351433030027831e-01	2.526619633963125833e-01	-2.716409739563532821e-01	-5.844806358068205254e-02	-1.324574885996106510e-01	-2.592965750161184135e-01	3.060393821614847409e-01	2.436490476808749195e-01	5.318414377607463273e-01	-3.624597591774177952e-01	4.593806524273273684e-02	-6.177909312194968666e-02	3.223260813982833373e-01	-3.049502283841302175e-01	-1.038005209730953754e-01	-1.742338492387476567e-01	-9.735621516512336926e-02	2.802365368287959221e-02	1.044989650635604755e-01	-3.735669504967178423e-01	-2.234453668409372151e-01	-2.175432073650233056e-01	-4.256107180704275517e-01	1.353631953337529892e-01	-2.467380628768460760e-01	-5.909711629691061230e-02	-3.088485617710122200e-01	-3.020721255125587978e-01	2.205311886728129889e-01	-1.436045259827970488e-01	-1.881092973829785464e-01	-2.941830451718168149e-01	-1.401029593220628477e-01	-4.068872890923930924e-02	3.726159633544069427e-01	3.329592475127822193e-01	2.181096055026880698e-02	-2.062797278812227852e-01	-9.060277991436811729e-02	-3.965043307556224972e-02	-1.269323668640519875e-01	2.277212669060321992e-01	3.253042163070360426e-03	-3.281620209929793364e-02	2.410260850236630448e-01	-1.595182630653626810e-01	-4.640476543335091131e-02	-2.788398627929218887e-01	-1.293608625521157629e-01	-1.490236725893494818e-01	-2.167493152907667420e-01	-7.699632141997347912e-02	1.663004402501538359e-01	6.339896743242388888e-02	-4.079913477219728260e-03	-3.042863542861525827e-01	-9.879747741026242980e-02	-1.743049900367376059e-01	-2.451018993448685346e-01	-1.331938342528810569e-02	-1.629674954439232215e-01	-2.013185292128966408e-01	-1.745877903310376622e-01	5.396764574647520962e-02	-2.086085698542350930e-01	2.308377000184109185e-01	-5.602720666745984041e-02	-6.805209656921699934e-02	1.716266210003505599e-01	-7.738281581067670001e-02	-3.131317842665129469e-02	8.101609207357288178e-02	1.110818830997561436e-02	-1.058271215605295114e-02	1.164386456135967952e-02	3.535742896112921141e-01	5.427907696188524200e-01	3.966228835030559674e-01	5.861035399353781150e-01	3.627882324951309800e-01	7.449128491253724782e-01	4.847038005952958306e-01	5.577950002573366373e-01	6.440237858167914275e-01	6.476602782348001019e-01	5.187302066309819049e-01	2.355498334883919520e-01	7.767360465479675180e-02	1.918985409047101751e-03	3.132200405193701909e-01	-7.427808594474893944e-02	7.466357802555953493e-02	2.355680798674967269e-01	-3.162497032449815837e-01	-3.222822578791328385e-01	4.729163137108047255e-02	3.320869804869647779e-01	-2.316218462239070519e-01	-8.084211096474359926e-02	-6.440402999060022664e-03	1.782790678505319082e-01	3.093329425614977368e-01	6.423427514440984698e-01	4.438991389548512800e-01	-6.833782380761005415e-02	-1.043748407940293943e-01	2.585552713876921871e-01	1.004631853751141862e-01	-1.457504169523400894e-01	2.672571108518184690e-01	4.425061512580508172e-01	3.277041437712268634e-01	2.693220502076033029e-01	-2.525251044959390678e-01	-3.973403067997125504e-01	-8.281898648185950784e-02	1.038661559763885550e-01	-1.946040561274846592e-01	1.962212848064279203e-01	-1.353927523030265534e-01	-2.820721955694670546e-01	-2.941152503104964566e-01	-1.679935536890629910e-01	-3.915214134041373195e-01	-2.016424864338375589e-01	-4.142260829424712631e-01	-2.542270312375226049e-01	-7.430803103105805552e-02	-1.161088374101122977e-01	2.568352493988682594e-01	-3.606733125889629576e-01	-3.483807322914548865e-01	2.717964652222304434e-02	-1.940244250001790238e-01	-2.109818109624651550e-01	-1.644676049543665475e-01	-5.742038484182625940e-02	-4.321819501041259531e-02	-7.186204576495940077e-02	-1.788440504850385970e-01	1.058819655195166742e-01	3.777132303165269683e-02	-5.222055012959013823e-03	2.918212071070932501e-01	1.194614641927869841e-01	6.144322470266215530e-02	-2.824759159218588334e-01	5.459739190425030170e-02	-9.088949648092994882e-03	1.606640100492358336e-02	2.547130027990553436e-01	-2.184904013940761891e-01	-1.807179597331727838e-01	-2.407720626151734211e-01	-2.562152640705223083e-01	-2.330432280209909501e-01	-2.540597999899525949e-01	6.991505532674312240e-02	6.993912603692697960e-03	-2.319496445639533388e-01	-3.010048811264980917e-01	-3.145526306732291388e-01	-1.518136018367431395e-01
4.435178529745040926e-02	-3.072206624483105400e-02	1.799100495621367701e-01	-4.954407950396960691e-02	-3.239532301028922867e-01	-1.408946326950229755e-01	4.574587660029805908e-02	2.040404472985167875e-02	5.254078831696419594e-02	2.019194851990679107e-01	1.806667672045565998e-01	1.040401361138100916e-01	4.051540146384688401e-01	4.645952552633119681e-01	4.840010393716472348e-01	5.622657334053123845e-01	1.000000000000000000e+00	4.507301135956794935e-01	6.118484209988612754e-01	5.085570032850591504e-01	-3.561209792533179264e-02	6.412054885096439560e-02	5.985422513883389278e-02	3.994346656337582901e-02	2.699297101158051326e-01	1.374432773784926842e-01	5.092109377381325887e-03	2.359581922958083056e-01	1.018566626882739384e-01	-1.026972652898751615e-01	1.682177907209568835e-01	-8.520181722492652099e-02	-1.825128439581568951e-01	-2.392972389154541801e-01	1.730025866755403319e-01	4.019741892066313049e-01	4.410741804648652953e-01	4.851255559943360440e-01	4.121952623706475610e-02	9.658686704802997569e-02	-5.341420696753114775e-03	-1.772134756466652375e-02	-1.602776074601302558e-01	3.004777376308315762e-01	-4.097185707713943414e-02	1.962833425396922626e-01	3.014419145088768903e-02	-3.609306843590266711e-02	-6.170936989202247674e-02	8.436328172369832179e-02	-1.028906038371637244e-01	-9.231080793421980041e-03	6.161427209295868013e-02	2.235376072129545977e-01	-2.255783187652274369e-02	2.275443411862572429e-01	-1.154728432018169298e-01	-1.859780028495677806e-01	1.011991968911709894e-01	-2.043928625671944388e-01	-3.271491079263956145e-03	7.272352908660116924e-03	1.360786803821766044e-04	-8.934825907996234162e-02	-2.363812798106246227e-01	1.597743515543226522e-01	-1.373390705811003941e-02	-2.394946849063862848e-01	-2.771022780824062837e-01	-6.070488991824464498e-02	-4.711198511024617536e-02	1.474369076449340288e-01	2.185497837555331058e-01	6.824170593940186158e-02	-2.564367930424821251e-01	-9.798321830041689662e-02	-9.305593737483761063e-02	-1.205706941640936475e-01	1.145441566101569192e-01	2.451250140699657021e-01	-1.262145079161837713e-01	1.630783395679752112e-01	-3.765827529475380270e-02	2.627306921477462129e-02	-7.265184790249326618e-02	-1.474986114163975570e-01	-1.159413959871528205e-01	-1.041700703088924568e-01	-6.158737422468114203e-02	-1.274947122000386068e-01	-3.230835342053132164e-01	7.541930024203195859e-02	-1.123492222159788445e-01	6.168937844995293907e-02	-2.686273329072798310e-02	-2.335319582702061192e-02	-1.163653627497116504e-02	-7.273221710839974929e-02	-7.579755525470209532e-02	1.130308819815284763e-02	-7.977960651466955988e-02	1.199754716162614171e-01	1.676368122834027419e-01	-3.958646067693035592e-02	-1.602675823994399174e-01	-2.920301547577594178e-02	1.133200768562305644e-01	1.483502011145414745e-01	2.442339822507926805e-01	1.771906763594588707e-01	1.944424768936874326e-01	1.047606444907771411e-01	4.698070988569018058e-01	2.444457305958805116e-01	4.506100434332662719e-01	5.714905657463927868e-01	5.690104281398139507e-01	6.072865720530707945e-01	7.317536211012058978e-01	3.801645363845035930e-01	6.697191590320225041e-01	5.993199809153880731e-01	5.872019767644641730e-01	8.358629350007880376e-02	1.779621859730936284e-01	1.658139230588608348e-01	3.606066975334155100e-01	-2.904750070040150109e-02	1.991633811956780575e-01	2.489365290322315474e-02	-9.033397911515035628e-03	-4.013058163285161684e-02	-1.296591738997181220e-01	1.728789915809376687e-01	-2.862966538750317258e-01	-2.761729226231321999e-01	1.501714479797233437e-01	4.096626087049225484e-01	2.234358415661535091e-01	6.923336957272436809e-01	4.475531744557577629e-01	1.829822273982370795e-01	-1.712560808140133339e-01	2.625911758262556850e-01	8.655834385345841098e-02	-7.552853946460154344e-02	3.475595162610396055e-02	3.481622966195693780e-01	4.353321737910456068e-01	1.391263357210045237e-01	-1.315142293608828061e-01	-1.194769906190505104e-01	2.783318692622133508e-02	8.840521479445292985e-02	-5.103884316953142403e-02	-6.174569348165329791e-02	2.251482076949879590e-02	-1.628910328482111314e-01	-2.438782534213827791e-02	-1.650807872537518317e-01	-1.697340805100909164e-02	-2.771542062718643923e-02	-3.423483784862527135e-01	-5.367794884649867981e-02	-2.265456165163796109e-01	-1.070098808834981374e-01	3.344733502226475419e-02	-2.284619706782832216e-01	-1.605440051515333311e-01	-1.025686491243241877e-01	-2.362218733016187011e-01	-1.920511994089068863e-01	-3.535328307508094348e-01	-2.262496695782642564e-01	-3.235819608087306398e-02	-2.665841708814399857e-01	-1.368002874292991167e-01	1.445740991990931146e-01	-3.162446773285682577e-01	-3.098904948019677308e-01	2.008743826158226331e-01	-4.359467736000268573e-02	-5.295818514005347366e-02	-2.530679510108949648e-01	-1.395207555540381172e-01	-1.351944263436014870e-01	2.736863798000801346e-02	3.026659029656436073e-01	-1.408259447993965852e-01	-1.502926404164797447e-01	-2.311233100902096351e-03	-3.437922492286460407e-01	-1.531902569687601245e-01	-3.193474474596206258e-01	1.010059141158020923e-01	-1.113572872339278763e-01	-1.161402120143043420e-01	-6.670148771880923810e-02	-3.459236014291686145e-02	2.639671244864728178e-02
2.205008733182814776e-02	6.962118088997197585e-02	2.566531489420150192e-01	1.778975961315322485e-01	1.162162109183516728e-01	2.392073646156174793e-01	1.661789695196185523e-01	-9.244277610354034724e-02	-1.100802771796173946e-01	4.055232731986561229e-02	5.474723241958192460e-02	1.576076888073955906e-01	5.235727284813841420e-01	1.466680432754074170e-01	4.667778771146415262e-01	6.692052821061933443e-01	4.507301135956794935e-01	1.000000000000000000e+00	6.293765517196947545e-01	4.803122725284288408e-01	-6.432578387260591557e-02	-1.499349014068860342e-01	-2.265765357274448707e-02	-2.083421474361272507e-01	6.988202387375583302e-02	-3.930413457900360230e-01	-4.472042466332836613e-02	8.415278689341744445e-02	-1.029860134571873309e-01	-4.158131098565930744e-02	-7.277853586677389408e-02	2.967530970169865445e-01	2.723338530137006663e-01	-1.021246664505419816e-01	-2.443325952624308406e-01	-6.948913641098168614e-02	1.383484728283908005e-01	5.258222103133018965e-01	2.692088194578410310e-01	-3.340474984317122198e-01	5.902065880628362682e-02	-2.293245760899640662e-01	-3.171576376437166278e-01	3.516245365031422376e-01	1.774343298817453174e-01	4.391112327637778368e-01	-3.207888189757582831e-01	5.127070536860019179e-02	-1.793025127633874338e-01	2.399332981058336367e-01	-4.847825086106355430e-01	-3.046446218546317586e-01	-2.071291017313742211e-01	-2.037397356448671926e-01	-2.110377925166606952e-02	-2.906947384414906160e-02	-1.833002463932558446e-01	-2.159922167369621449e-01	-5.968425226991092708e-02	-3.331388836986304836e-01	3.313103977203538109e-01	-2.177452660630330716e-01	-2.207105412694868873e-01	-2.206390553849347236e-01	-2.792419024588549958e-01	1.932542801156736656e-01	-2.166965406161322494e-01	-2.267895363083607396e-01	-2.120406363829213658e-01	-3.495313351501214694e-01	-1.197370425026265672e-01	2.260132381413321734e-01	3.305761259178291445e-01	-6.799658133944538885e-02	-3.301115070679585539e-01	-2.256149789213327539e-01	-3.001999738979023169e-01	-1.387722762423751477e-01	1.100412575692562706e-01	-6.123110927256627395e-02	-2.846622615610328588e-01	3.063128547121489811e-02	-3.032935188980678820e-01	-1.651912478590003841e-01	-3.293102319549373047e-01	-2.828857209837304376e-01	-2.234135638895937415e-01	-3.449471706068481525e-01	-5.704943377866060483e-02	1.744661689277025307e-01	3.775985397141768535e-02	-2.790408653481467049e-01	-2.942381975058002697e-01	-1.802075911345885073e-01	-2.531454875755341227e-01	-2.771880326219270940e-01	-2.933853351963824352e-01	-1.368671823405547272e-01	-2.489551546530065218e-01	-2.719460321975074035e-01	2.036236254612927288e-01	-3.745451558448692486e-02	2.650714706711917446e-01	-4.157070261540362494e-02	2.167291068758250006e-01	3.442897999551852162e-01	8.391123866815711208e-02	8.947103598409067438e-02	1.261973994855608572e-01	5.409048010051495381e-02	-1.720728837180273210e-02	9.673925131782790121e-02	2.141051207493611941e-01	4.630277761053734342e-01	4.348359858013577384e-01	5.329201282553431840e-01	3.540683355849001401e-01	6.013255299826859579e-01	3.513011445340656902e-01	7.359956588108917952e-01	5.276730318277726983e-01	5.513279942112202514e-01	5.176365837163037220e-01	3.717837663091211331e-02	-1.992445050288816077e-01	-4.980465266363549859e-02	1.256263991687667503e-01	-2.447252873077659929e-01	-2.392820072878355242e-01	3.450023109749230515e-02	-1.253634668723996662e-02	-6.105965846077457404e-02	2.913994350444354398e-01	4.805648378605812399e-01	1.262083999006784370e-02	1.567562143482910397e-01	-6.461353074701420285e-02	1.719571328471398985e-01	4.362032494245178249e-01	6.690696526374976250e-01	5.587031517867860897e-01	-1.585474755407257352e-01	1.166614211049339656e-02	-1.020874079258470429e-01	-1.504998580638423622e-01	-3.254832845446646306e-01	2.680371013171142791e-01	4.194142539675049242e-01	4.368838326482495926e-01	2.477092514993461669e-01	-2.362480588622760946e-01	-2.891723577786971533e-01	-5.567059537565334504e-02	-1.068183045673283954e-01	-1.797826198809379661e-01	1.055640199594193446e-01	-2.834452400936592897e-01	-4.621104249248925155e-01	-2.889378670913731462e-01	-1.554469978651365214e-01	-3.978696597177956984e-01	-3.570939725073404292e-01	-4.308270848612463233e-01	-1.019717116962816500e-01	-7.597115268916523889e-02	8.493005789097174407e-02	4.938965220647997256e-01	-3.485318108399997894e-01	-2.240934380806576809e-01	4.437974694786774033e-02	-3.310236701512014879e-01	-1.042055178342664590e-01	-2.313847485616764010e-01	-8.988256008751800696e-02	1.227085304197558929e-01	-3.101660666300046568e-02	-3.096670691857871804e-01	7.777469215178864359e-02	2.979698125165998902e-03	-1.011037325932141739e-02	2.761719881987031999e-01	-2.445424053976629278e-02	2.484986919029318619e-01	-3.290142238123030527e-01	1.183633250579647772e-01	-1.760962828291255389e-01	-3.938003642714195396e-02	1.784220873719439271e-01	-2.769405422755616408e-01	-2.209908196819705961e-01	-3.205275699324865446e-01	-1.751641032828051003e-01	-3.673970718699522964e-01	-1.190544662658351016e-01	-6.851226024612921961e-02	5.403992171461815403e-02	-2.335465876323227774e-01	-2.571399247107816199e-01	-2.986805950470035609e-01	-1.283508940642850427e-01
-4.485697138684563434e-02	-6.894665043208234034e-02	1.583862948024669093e-01	-1.497266612557676159e-02	-2.254234876659002573e-01	-1.299010839221315661e-01	5.334267397706581038e-02	2.179526714539127205e-02	7.987669931793864309e-02	2.724711101881277520e-01	3.615697928439177700e-01	1.632656289380300940e-01	7.347207158796797977e-01	1.960925325884549375e-01	4.666299412420826243e-01	7.059025792254762788e-01	6.118484209988612754e-01	6.293765517196947545e-01	1.000000000000000000e+00	7.027688521070526440e-01	1.443313794882385703e-01	2.447341895098269909e-02	2.225908374297473069e-01	7.503410698757843889e-02	2.390977029294672762e-01	-1.536223803844227465e-01	3.198245634219929606e-02	1.148695399740653489e-01	-1.938125630647823394e-01	-2.521067076618155878e-01	-8.278599472899762779e-02	1.498687841485686345e-01	-1.497701651529549996e-02	-2.011134033248941633e-01	-3.403654598848885882e-01	-1.538438075917474279e-01	-4.455339922350926712e-02	4.267445896357344171e-01	8.587143211849132540e-02	-2.681114383350213792e-01	1.942838669392065731e-01	5.084936701546744625e-02	-2.166950689624122794e-01	4.781267613567193875e-01	1.835238454563958843e-01	4.509636149127704829e-01	-2.565018477114123785e-01	-5.295229520339113372e-02	5.404298199923920909e-02	2.552351036868509837e-01	-4.294706806228691942e-01	-2.639951534970750302e-01	-2.397566009921264785e-01	-6.193632111679568675e-02	-9.205082646988724249e-02	4.441131885650212441e-02	-2.798721577904808577e-01	-7.569699965111649498e-02	-1.497522097841566535e-01	-4.574885894386468421e-01	6.152564142445565015e-02	-2.039008980259431059e-01	-8.987120964007995483e-02	-2.823220956839403439e-01	-3.308516906984936834e-01	1.130300586880232522e-01	-1.061070797263412857e-01	-1.564873450924961495e-01	-1.529954240664529175e-01	-1.166460568344910576e-01	-2.200861986450123320e-01	3.400854383472517450e-01	2.498372940002019926e-01	3.200963454137993602e-02	-8.294344940830220003e-02	-1.394863660021335161e-01	-4.679607405204634293e-03	4.236845820576441712e-02	2.389069135635673302e-01	4.319944591428937983e-03	-3.212584659565068668e-01	1.127272474843640793e-01	-2.534750086396463375e-01	-1.239598881206868397e-01	-3.099718942916162567e-01	-1.897459236906212654e-01	-1.347699519279560720e-01	-3.528055513636192408e-01	9.622781078155095980e-02	1.747624155481434238e-01	1.000055057304083950e-01	-1.782305086530451832e-01	-2.955446384071996335e-01	-7.836344845601077302e-02	-1.144208629399836724e-01	-3.081737539761408851e-02	-1.017743954784793708e-02	-2.604597773302630981e-01	-2.975627629563387666e-01	-1.333090099399862616e-01	-7.313454384912518313e-02	-6.860075806391724429e-02	1.479865448831630126e-01	-5.139565799928286910e-02	-1.122336327062206374e-01	7.110104883596432557e-02	1.169947712768183989e-01	2.422709903899786521e-01	2.132482946714580052e-01	2.896551884253867337e-01	2.648028063931994192e-01	1.495230676652343216e-01	1.224900015492313421e-01	3.743859825226493743e-01	6.504833853329035076e-01	5.392477290330233153e-01	4.312679595006418398e-01	6.845900119280136087e-01	4.369381992192802877e-01	4.488126325466514355e-01	8.088200540322275645e-01	8.679351586809933572e-01	7.122115359320442263e-01	2.305513171433906383e-01	-2.600673151326451590e-02	1.950606154547248339e-01	4.174208104843556422e-01	-1.085511188126631471e-01	-1.164195946341812504e-01	3.559272135891553002e-02	-1.941758911345408400e-01	-1.139266236526428194e-01	1.231637837395243990e-01	2.423255247064922402e-01	-1.717144549695138467e-01	3.611970456232060922e-02	-1.350125873608268579e-01	9.009308579458261135e-02	3.559219756413981584e-01	6.595411883046217172e-01	3.684819735676734820e-01	-1.346576210482782754e-01	-1.612986710207569563e-01	1.757769416429824172e-03	1.178858614912850072e-01	-1.350310503001717621e-01	2.707357862168033313e-01	5.139069784251489859e-01	4.965900099927782474e-01	2.385522049502409314e-01	-2.027315228517984347e-01	-3.224374690676661270e-01	-1.579425408719179469e-01	2.586235434568535940e-02	-8.364367471006019239e-02	-1.550617346346444894e-02	-3.091186204434962503e-01	-4.455904512399425088e-01	-2.520164243958410988e-01	-1.953004880190734871e-01	-3.816578799881842898e-01	-3.316609336711325851e-01	-3.340516179527636687e-01	-2.968125468003243728e-01	6.286923401339976347e-02	-1.397796862291991737e-01	1.822141129269036208e-01	-2.884556614725752310e-01	-2.146488889767473873e-01	-5.281074208480936866e-02	-2.833699872632229888e-01	-1.435997731124359911e-01	-1.401579854761421384e-01	-7.661067630554055374e-02	3.363905005659875713e-02	-9.999680698996475658e-02	-2.142210596224709551e-01	7.243663928824879694e-02	-2.436317621312438994e-02	-9.502928851937557375e-02	3.678842833303703763e-01	1.667918083417172792e-01	1.415399207449123953e-01	-2.280498905193661108e-01	2.740711689426924072e-02	-6.617424342287483996e-02	-6.060693056599281148e-02	4.006169653130220443e-02	-3.286831118241618221e-01	-1.682054622336327521e-01	-3.297642352526927167e-01	-1.324391614067703671e-01	-2.462366288520842772e-01	-1.695445645050419059e-01	9.936708368276209180e-02	-1.944661118393075927e-01	-1.925874996987644028e-01	-3.322615058129677057e-01	-2.289972514336375831e-01	-7.170166265214077128e-02
-8.599000149887078837e-02	1.991786691543635246e-01	1.888241545882456129e-01	-2.835906852208115378e-02	-1.435414891548731919e-01	-1.578153374882310112e-01	3.153627936359577888e-02	1.933162334251022352e-01	1.162932872763036557e-01	4.279538958376234992e-01	4.676205864119083455e-01	2.476648148685905715e-01	5.099010426776148242e-01	1.896238249407877080e-02	3.936206940084388539e-01	4.440930429983911965e-01	5.085570032850591504e-01	4.803122725284288408e-01	7.027688521070526440e-01	1.000000000000000000e+00	-1.824022251755517054e-03	-4.875446378518317678e-03	1.323199854264313913e-01	-1.188563262069577096e-02	3.241855281484732898e-01	-1.138719809997570248e-01	7.680847734710433139e-02	1.513693756862345002e-02	-1.803703178348620706e-01	-1.406942074050349656e-01	2.199681026716339416e-01	1.479490075283036721e-02	-1.648641356515505585e-01	-2.561034588526446831e-01	-1.500839558222220316e-01	-1.408155297129971839e-01	5.374563414002399286e-02	3.166145516813888006e-01	4.441689332961190617e-02	-7.518027686179289126e-02	1.267593873802621840e-01	-4.840189453981486034e-02	-3.047918490274834635e-01	5.022224028770960746e-01	4.886405203635353633e-02	2.385729531228806544e-01	8.986851527316720364e-03	-7.431968353008464034e-02	-4.657772275235515236e-02	1.565658710967866851e-01	-4.756486338620495302e-01	-4.725504876687887101e-01	-2.509199815849714188e-01	-1.718068820095822458e-01	-3.390035306682046695e-02	-2.417385549863228789e-01	-2.115283531800997707e-01	3.172598244424992137e-02	4.456012240358941945e-02	-3.178081711749224936e-01	5.268456095558079338e-02	-2.462297822560099436e-01	-2.113414820386573523e-01	-2.780210145266827637e-01	-2.114256636520103483e-01	4.040629901454547736e-03	-1.833775694113375931e-01	-8.989646920009777831e-02	-1.784304912430996481e-02	-2.487693996505249971e-01	-3.439664713632176740e-01	2.223640530305951712e-01	3.302911406837339969e-01	-3.877975975046867030e-02	-6.946598374274461085e-02	-1.187839972943029593e-01	-4.493525834957058651e-02	-4.712707460170052071e-02	2.651670484122751748e-01	-1.220156664702173460e-01	-5.393953862845671798e-01	1.169835678796723316e-01	-2.808391786310359683e-01	-3.612187863822610701e-01	-3.619053438967348435e-01	-3.074096927455062245e-01	-6.584529279765753695e-02	-3.291343560443555361e-01	1.533705954676437277e-01	6.633745627898177122e-02	-2.353437126355996389e-02	-3.587902294925102153e-01	-4.084285000397332444e-01	-2.568057000406369084e-01	-2.375327428421772913e-01	1.584812788117156146e-01	4.340086613540281718e-02	-2.805604881193248246e-01	-3.888272437876819643e-01	-8.627604817723270869e-02	-1.416451307061282472e-01	2.439788946430378469e-01	1.503277308886899755e-01	1.769635160549919428e-01	-1.970860905371741023e-01	3.886996578105332036e-03	3.021357495660687564e-01	4.317898439837629110e-01	3.943289498277513516e-01	4.381186636640970189e-01	4.528549647848816306e-01	3.129192498687243251e-01	1.037654285370908230e-01	3.352345417725970389e-01	5.144451527213477204e-01	5.698515278048716937e-01	5.240815276393896438e-01	5.226051656021517555e-01	3.612484716230794368e-01	4.102400568544266046e-01	6.490550020958263389e-01	6.962204565049061600e-01	8.235515094829135574e-01	1.552209681426140742e-01	-7.167117533596277512e-02	2.867722396512821237e-01	4.072231747844071714e-01	-8.105115451010777572e-02	-1.499440666162580010e-04	1.365882238378140767e-01	-1.410291646887788519e-01	1.877018688736948604e-01	-5.488049801842211084e-02	1.485625518210418605e-01	-3.065933613950065917e-01	-1.368094433271013766e-01	1.798498177982524662e-02	2.140603221397408273e-01	4.147023951629109084e-01	5.400134922666196546e-01	5.250549304923303184e-01	2.449401497346464021e-02	-1.214470190676124467e-01	-1.257698714853046351e-01	-1.021454778590374923e-01	-1.343170396982506787e-01	1.637161633808896788e-01	3.553646722081982845e-01	4.918554554323608663e-01	1.707584174558463841e-01	-7.784157747642669878e-02	-3.070905492787532332e-01	-1.587247531251875510e-01	-1.302453985929675484e-01	-5.106175510235669984e-02	-1.334631847310395192e-01	-5.060667260489624120e-01	-5.837150655181948533e-01	-3.306210140503295092e-01	-3.295164104091542479e-01	-3.241436502207363790e-01	-4.180670727235725193e-01	-3.663935367309187341e-01	-2.467340139670380628e-01	-3.748464641573354128e-02	-2.805240479109724072e-01	1.075998370765983980e-01	-2.638271512484565706e-01	-2.002980565923411782e-01	-9.770754935061778945e-02	-4.391739003555474863e-01	-2.423652048706420314e-01	-1.604625384008997180e-01	-1.570889341520416704e-01	-7.703000415574375037e-02	-1.849938129218571259e-01	-4.095224123821802342e-01	-9.223201689813077808e-02	-1.541328500500387388e-01	-1.516796256869528126e-01	3.654027901993900929e-01	2.286945774430728939e-01	7.424177159650943714e-02	-1.162548103075413813e-01	-2.230982934685319177e-02	-6.832367735794518671e-02	-2.224984247750750460e-02	2.730022598522547153e-02	-2.432748514055793621e-01	-2.711602105647834549e-01	-2.503560912063601540e-01	1.723691423394903190e-03	-3.446770200433780795e-01	-8.997927433785470053e-02	2.133735832188671244e-01	-1.645483839465595177e-01	-1.590531361112910436e-01	-3.218175236506790049e-01	-3.484509457660212896e-03	-3.246028300975121322e-02
1.461182158546036336e-01	-4.030810909409803799e-01	-2.386035143180949836e-01	-2.276183473469505225e-01	-1.478966163019598823e-01	-9.371532312580388435e-02	-1.942960075307911816e-01	-1.476332760294833679e-01	1.967467622349789447e-01	-1.321922499573267018e-01	-7.480546328963719183e-02	-1.549984012346935780e-01	2.857577226767004097e-01	-1.366279601932114118e-01	-4.812669858239761872e-02	2.494792382581885112e-02	-3.561209792533179264e-02	-6.432578387260591557e-02	1.443313794882385703e-01	-1.824022251755517054e-03	1.000000000000000000e+00	3.760543827551361962e-01	4.066869009400681523e-01	5.186890337275250618e-01	2.228033754281740636e-02	1.347225094832363301e-01	4.923769906533358165e-02	7.748708876114936139e-02	1.276512077895113340e-01	-1.292514127390368035e-02	-3.241570769827453180e-01	-9.299745189601152373e-02	-1.431809109695052207e-01	9.989625103680292717e-02	-1.592015559787536561e-01	-1.374595030465081136e-01	-2.403191606664952795e-01	-9.823342392112800747e-02	-2.110224044201912119e-01	8.332338140758692446e-02	4.734677633164588451e-01	4.468383020770524960e-01	2.981661581501304226e-01	7.418505953034747191e-02	3.246654806867807497e-01	2.070111176472370085e-01	-1.163063046341432510e-01	-2.249361925770640078e-02	4.614710114944012842e-01	2.452468190616534649e-01	-1.705968792038060206e-02	1.010090558224101542e-01	1.015767653563499351e-01	1.455244528627873957e-01	-1.989987540648139319e-01	2.981549037653733469e-01	4.340040641744200706e-02	-1.550566815740681281e-01	-1.838252589313404406e-01	-2.777493974470095495e-01	-2.769969501443970139e-01	1.812800294158993519e-01	-2.491061888814024653e-05	2.619899817602761374e-02	-1.041242197165511835e-01	1.525578471820278892e-01	3.438258727961422956e-01	-1.061598837744567175e-01	-8.345329336840613677e-02	1.989782274840020682e-01	1.787599098779481255e-02	-1.095254911100874695e-01	-7.762583118471809429e-02	1.835264848884612110e-01	-1.026306925754124355e-01	-2.924075557851503124e-02	7.464581649606730034e-03	1.783254660173071160e-01	-7.589982532459466080e-02	1.905071738092307676e-01	-1.339376213715838815e-01	-2.676863314572215657e-02	-4.073588124343563432e-02	3.063635438087501384e-01	-1.296728999866333387e-01	-2.092636105448298853e-02	-2.929490747799700090e-01	-1.214024405978100241e-01	1.571698246829541235e-01	1.624455704985805771e-01	6.030427974601100527e-02	1.596989977855249876e-01	9.246969578528702050e-02	3.986828553073031023e-02	1.350025865137848557e-01	-2.321970701248290136e-01	-1.380115769792263913e-01	1.664604543401128345e-02	-1.657029280741190436e-01	-2.991720421166901289e-01	2.299982869696197765e-02	-1.854954761843379818e-01	-1.795622589152240933e-01	-2.846405033493453196e-01	-7.209283158752370115e-03	9.828112836960369025e-03	-1.327645728695726335e-01	-8.647859393684309559e-02	-1.439075561618430588e-01	-1.305858825596213912e-01	-1.130611426570700545e-01	-1.564653261115217797e-01	-2.037748359309687505e-04	3.464360371502546443e-02	2.790918248982538485e-01	-1.587580681993196741e-01	8.225028168062321898e-02	7.462411516127284705e-02	3.093956700233849166e-02	-1.105401938208065704e-01	1.509961585845377430e-01	2.033941327540314259e-01	9.748638591486366578e-02	4.042320239578802710e-01	1.546472705053946461e-01	1.908165553683160154e-01	5.955780502453753011e-02	4.586216081046657345e-01	1.477468684348806349e-01	-3.955914679892549163e-02	9.135404520026046971e-02	-2.615385195442837540e-01	4.650137020122007553e-02	-1.394855118052987508e-01	8.690959977929389735e-02	1.518201401578784804e-01	8.248966945871744061e-02	4.540503789930409179e-02	-2.696395101053984319e-02	2.450212561647155396e-02	-1.372515425798170874e-01	5.351331769963076773e-02	1.051342162924269984e-02	2.951919671385735411e-01	5.365787422922038141e-01	4.494715233315972891e-01	2.924347759581507611e-01	3.715928840999566662e-01	1.176799340819784101e-01	1.927727452001769259e-01	-1.085003888996598914e-01	1.766475326782155630e-01	4.913570667452636653e-02	6.974030597039013180e-02	1.364836053294392060e-01	5.991331537705393145e-02	3.165869500553822324e-02	-6.676596162579943872e-02	-2.482733744244196850e-01	-1.269179273876315794e-01	3.288437587522988204e-02	6.182844298439135050e-02	1.736447601856937473e-01	8.709479011890386424e-02	1.903024521874569219e-01	-9.496853850669145780e-03	-1.461404005395443018e-01	1.028516280146697937e-01	-6.786133183905981858e-02	-1.058854913847530749e-01	1.734532346692456428e-01	1.731064785139592999e-01	1.156837043312874402e-01	9.418194420328188099e-02	1.472195718562749611e-01	-4.760758770619198470e-04	1.578019512331118590e-01	4.456329851738155545e-02	-9.074397140018018726e-02	-1.017218617753904569e-02	-1.628700905532327881e-01	4.784672280932560084e-02	2.043708955450960346e-02	-1.997574763488174643e-01	7.907616532964270584e-02	-1.220582064030651670e-01	-2.568840170837185521e-01	1.829805574357264153e-01	-3.540572540084528375e-01	9.205535992455976535e-02	-3.217863288719201020e-01	1.135698904353368288e-01	-9.851129636696215330e-02	-1.207380897423397936e-01	-3.158628965454965964e-01	-2.890602910968582129e-01	-2.725093987729509393e-01	-2.734911949968695799e-01	-3.826509242687766710e-01	-2.394219306989571749e-01
-1.593614823269474609e-02	-2.338731167942470768e-01	8.097060420515136969e-02	-2.360757142517707630e-01	-3.263825615564999172e-01	-2.385046032949971750e-01	3.895262697594759072e-02	-3.150425284453603481e-02	9.625690158912585115e-02	-2.157365697381427236e-02	1.398651820254007971e-01	-1.330777800598001714e-01	2.317751458443937929e-01	1.723742771718183575e-01	2.684436398649246991e-01	1.537055711821397053e-01	6.412054885096439560e-02	-1.499349014068860342e-01	2.447341895098269909e-02	-4.875446378518317678e-03	3.760543827551361962e-01	1.000000000000000000e+00	4.517380728527372047e-01	5.351926409807425955e-01	3.328394294006059018e-01	3.883997060236955567e-01	4.209408592587560172e-01	3.398623317935973720e-01	-1.857048041528031046e-01	-3.663331698477390042e-01	-1.641145224587960416e-01	-2.019353656129694030e-01	-1.492444016727708656e-01	-1.164223702931673349e-01	1.617088787444511400e-01	4.099634445163195806e-02	-4.971174529512158158e-02	-2.746758324147268171e-01	1.728570598563229088e-01	2.608743431207985464e-01	6.696246911169086158e-02	1.666499058129629340e-01	1.912082577499251423e-01	3.259720233263512235e-01	5.056622151710297164e-01	2.879574758290850967e-01	1.159050864203070019e-01	-9.785806416232652183e-02	2.218902414726063865e-01	3.996435705017365447e-01	1.459296797053613870e-01	1.934548385446702989e-01	6.969848567662745298e-02	2.402522086538638468e-01	-9.180009055669258178e-02	3.266333567317056263e-02	-6.071349488902613722e-02	-1.204691418259912911e-01	-9.862115341352309383e-02	-1.225792564273782831e-01	-1.545474081578506464e-01	5.760974129507605984e-02	9.237500527069347767e-02	3.072080484548453047e-02	-6.185087910217541146e-02	2.570365341198714293e-01	2.094803147749091377e-01	1.063334431207600267e-01	-2.219176970546223870e-01	2.059206369309969087e-01	8.457888428062235175e-02	1.690648171359100393e-01	-1.724144460263816736e-01	2.858862312119678228e-01	-2.810769513317189217e-02	-2.001848467046136656e-02	5.873713679074553384e-02	1.950451967276625176e-01	-1.481809747328793336e-01	2.050634945797361330e-01	1.006259057417753650e-01	2.962484617130221043e-01	-3.505809602130788988e-02	2.056629288721829873e-01	-1.567587151911075116e-01	1.799191878323464777e-01	-3.736965543526077349e-02	4.328904318513465688e-02	-1.040691282293947501e-01	1.468514716481345017e-01	-1.259170987850423418e-01	1.953822171835469801e-01	-8.975088623997233561e-02	4.103751746679779738e-02	2.759020233219412754e-02	-1.438698548666968446e-01	2.283965944942699666e-01	-8.611215419357400036e-02	7.849496814360572283e-02	-1.108280132957690546e-02	-1.100987989082788110e-01	-2.452179977607083783e-01	-1.934551450372524184e-01	-2.486820328995780760e-01	-3.305463911277526923e-01	-2.014970451842900689e-01	-6.867608354815176244e-03	-3.273812929196166094e-02	2.486321238238136874e-02	-7.294468830181627395e-02	-5.834556375746177692e-02	-3.276395126897319737e-02	2.387803359895579736e-01	4.071346635979074535e-01	4.717765890238641985e-02	9.688895905943870068e-02	7.493411366005245378e-02	1.792910250076727441e-01	1.767215392660438922e-01	1.595953536815399032e-02	8.073908573727757443e-02	2.779396936079464933e-02	7.884003256954846828e-02	5.594744734591220459e-01	4.900016890958089344e-01	2.955020756123506454e-01	3.981324446945818107e-01	4.522196252736579991e-01	4.919647217870161682e-01	3.264052216755632396e-01	-2.754133894765692925e-01	-2.202992674277508001e-01	-2.390190985081609432e-01	-2.236031379523703844e-01	-1.052913766958202130e-01	-1.770757459986991023e-01	2.419933348980025933e-01	8.150899249499438115e-02	-2.257080950723159840e-01	-9.857648911546976894e-03	1.329971600877900562e-01	2.879635492190058543e-01	1.271487154840794942e-01	3.254479526456480198e-01	3.434253008091056603e-01	4.195319011451436042e-01	3.973054979810569654e-01	3.472201664889499328e-01	2.670373081713338648e-01	3.105053266440573334e-01	1.654716368270532367e-01	-1.610281624491044505e-02	9.053398151707282848e-02	2.720256789847484979e-01	2.293914112050415843e-01	4.231257992716208061e-01	5.375411477392418730e-02	-5.895309501016249808e-03	-2.773217980876932151e-02	-2.731346862322767688e-01	-6.778584728853691288e-02	1.063596995592162447e-01	1.127652784342077774e-01	-1.141317961576311518e-01	2.279129065903089460e-02	1.902881147702452716e-02	-7.959793592569532061e-02	1.573202785430077577e-01	-7.981519213453563966e-02	2.164842095272871969e-01	1.539411867550571911e-01	7.194292359821734262e-02	1.128646789851386056e-01	2.101141441860948089e-01	6.502023829128088239e-02	9.823648169850102141e-02	1.336402411876194685e-01	1.484206366014071965e-01	6.410052376433642007e-02	-4.911326601436125788e-02	1.785524073539953294e-01	1.365441182721530700e-01	-7.738621792965826029e-02	-4.712465851420154922e-02	-7.743679232445929532e-03	1.402747507611888378e-01	2.365240072729980769e-01	3.809738259483790301e-01	-7.912699355950932045e-02	1.568268095050314170e-01	-2.377567940720354822e-01	-4.850034136483972330e-02	8.336563259093106304e-03	-1.759701012005805421e-01	2.388527465527556706e-03	-1.282546675820812332e-01	-2.299562980317498562e-01	-4.885888164669411476e-03	-1.706024584814742062e-01	7.898589121347500408e-02
1.544060169893730905e-01	-1.171195462847321178e-01	7.985073370684749039e-02	4.722798334898809652e-02	-1.550102479566261016e-01	-4.656705504211693797e-02	1.209996993298073989e-02	-1.250728635276138756e-01	8.440999621013257903e-02	-1.008189877982877333e-02	4.395223704758793870e-02	-1.784528389984819663e-01	3.360774294076696589e-01	2.209465398327048469e-02	1.140271646077521406e-01	1.021377469703973889e-01	5.985422513883389278e-02	-2.265765357274448707e-02	2.225908374297472792e-01	1.323199854264314190e-01	4.066869009400681523e-01	4.517380728527372047e-01	1.000000000000000000e+00	4.941130750230969815e-01	1.854055126839056489e-01	4.164543537952043462e-01	2.807711375256334296e-01	1.821869737038788184e-01	-1.119454684994867361e-01	-2.186697892166772905e-01	-3.358873992044808521e-01	4.132975026949905345e-02	-9.281342057049692118e-02	-1.776710122651638593e-02	3.128085309884732091e-03	-8.234971997252986398e-02	-1.510416756516007597e-01	-8.623577678866493901e-02	-1.040091782441099205e-01	2.184433860134278871e-01	4.179421441103199908e-01	3.937898366506936143e-01	2.481561105271372358e-01	3.294025974400857093e-01	3.612200932282022547e-01	2.370045671890171068e-01	2.533246352047323693e-02	-1.009425750044493919e-01	3.734948867707214015e-01	3.071816288142001361e-01	3.081802316659283669e-02	1.334729242258786974e-01	-1.851987506650606408e-01	2.767656760676537320e-02	-2.739430739043207663e-01	5.572503099148074651e-02	-1.426040121345277245e-01	-1.800310669464628976e-02	-7.915539175662490712e-02	-2.358533258665754806e-01	-3.627876451169401717e-01	1.164131632669277300e-01	1.662793348298673493e-02	2.957571096250576764e-02	-1.192132460607835537e-01	1.598265981319652029e-02	2.298206692485542102e-01	-8.039421060606746772e-03	-1.229655685168570683e-01	3.124413935128753650e-01	-2.552424434112155263e-02	1.372164159753598012e-01	-2.576643114718876193e-01	9.587955667218094058e-02	-3.945329609310195551e-02	-9.763384504735724001e-02	-2.143691775317053266e-02	2.497240581995248954e-01	-2.142606325831112879e-01	2.560635713068283303e-01	-1.776575511356830728e-01	6.601929895853396457e-02	-6.220564849068722230e-02	1.203754031419858872e-01	-2.524229114599540469e-01	3.282553160527260788e-02	-1.369741168682333532e-01	-1.024158536199589048e-01	-2.815878166045567010e-02	3.752207519319806228e-01	3.201799957334762643e-03	1.409216772790689576e-01	1.189685996806203322e-01	1.422692516847635924e-01	1.748583369859300629e-01	-1.265065766255674962e-01	1.436139898733187481e-01	-1.971149167850626271e-02	-2.471233634489816422e-01	-2.334469092615381325e-01	8.741023375320815247e-02	-3.919775398988589732e-01	2.578121209849177850e-02	-9.178866326783109708e-02	-4.239463512645692822e-02	4.852245868538351825e-02	-3.207314241594488857e-02	-8.144591511467142581e-03	-3.735085136178009635e-02	-4.150083597630995630e-02	-7.826622451809493730e-02	-1.023185481332974378e-01	9.647425903924632118e-02	2.055504149285597160e-01	3.875975045467881519e-01	5.561028098099356221e-02	1.942140289096751793e-01	2.199768767251168988e-01	2.150401007736761905e-01	1.204199120296404850e-02	2.398732026593929367e-01	2.463222175102094680e-01	2.216319252868555745e-01	4.721364128876169297e-01	-2.451053673869614882e-02	5.576954296606437822e-01	5.052022788014003396e-01	3.489122961535351952e-01	2.050675300471253848e-01	1.381894883846643274e-01	-1.935763063023736574e-01	-3.205666841701819703e-01	7.221339577684489364e-02	-5.472020230991601897e-02	1.258357042232502096e-02	1.422732946721753586e-02	1.359733332144169304e-01	6.997618077019118754e-02	-1.305151744888199683e-01	1.092708047462511434e-01	-7.989257556636795987e-02	1.600870469164965004e-01	6.822341506874500701e-03	3.423547436547176581e-02	3.357786022058364406e-01	3.794328826452681436e-01	3.068429692516415619e-01	3.176728927883530340e-01	2.926583093581336392e-01	2.115715899690681356e-01	3.755736413409412749e-02	5.287196443370989485e-02	1.460679721335663046e-02	1.711990888412742162e-01	2.045793098369241558e-01	1.756337605568295268e-01	3.017751130150288924e-02	-9.395691543723506955e-02	-1.062581906478574784e-01	-2.523124343478762577e-01	-1.183253024771947631e-01	-2.039776787019531301e-01	4.376321539151054735e-02	-1.806079176876935199e-01	9.257644670970384404e-02	-4.675442802237936291e-02	-1.676105424597296722e-01	1.145383272927969071e-01	-6.367730706139496100e-02	-1.106498772621303389e-01	-1.223451735049114423e-03	9.741907302655246348e-02	4.205789283386040384e-02	7.575525232898831784e-02	7.994735830068809557e-02	-2.377666697454811420e-02	2.356555534953319875e-01	5.992919454559129250e-02	8.754185488818222449e-02	-1.643572427567093763e-01	5.614567574407323784e-03	-2.091970324706728460e-02	-4.480540167398047724e-02	-1.685778476908335599e-01	-1.310092804303037428e-01	-6.227052388747793266e-02	-5.290994651823239386e-02	-4.164601221604776610e-02	-3.101468285930987778e-01	6.025912235378577675e-02	-2.432651938597195362e-01	-4.072762061699433667e-02	-4.709458134406522417e-02	-6.689047333142118801e-02	-1.031051033312636867e-01	-1.045092407578935984e-01	-3.378849263221825883e-01	-2.705892216525667138e-01	-4.029709155389796238e-01	-1.928519328163827706e-01
1.420285458468870388e-01	-2.252042821778329207e-01	-4.024257703451711299e-02	-1.347853236637717167e-01	-3.402130298277444287e-01	-2.523802489548833128e-01	6.288177753074220000e-02	-7.599142479936391026e-02	8.636785350293768593e-02	-1.659007848873559343e-01	-2.678209226496526194e-02	-3.243684586436942352e-01	2.968448081207149536e-01	2.988024662191700043e-01	2.504269622936621809e-01	9.108448191032038344e-02	3.994346656337583595e-02	-2.083421474361272785e-01	7.503410698757843889e-02	-1.188563262069577096e-02	5.186890337275250618e-01	5.351926409807425955e-01	4.941130750230969260e-01	1.000000000000000000e+00	3.114450184542296718e-01	6.207752661201191291e-01	5.107134859095976420e-01	5.509255873350109578e-01	-7.638915828249856488e-02	-2.517622294746079681e-01	-1.883099564532656200e-01	-3.040926096246079902e-01	-3.208273366621227085e-01	-1.847401713162918901e-01	3.048658370435923248e-01	1.850463066660170686e-01	-6.854132280999138127e-02	-2.420514531392261026e-01	-1.679676858898022374e-01	4.609420979921541317e-01	3.259500888940267127e-01	6.467943454269855508e-01	6.105240760230609132e-01	2.091037699262068283e-01	3.729115281356615297e-01	4.163790600934821340e-01	1.776479257557484204e-01	3.070394328936795411e-02	4.687334500304975449e-01	1.429070095604657586e-01	1.725997757107627373e-01	7.534484421564195678e-02	1.121815939288974828e-01	1.169995666773443466e-01	-1.959490489397456292e-01	1.672544071082043005e-01	-1.315411430405437343e-01	-1.362569351252384264e-01	-9.152231776441270561e-02	-1.135452362638655066e-01	-3.468758556490685319e-01	2.118352020154771476e-01	7.559882693507341545e-02	2.268235363706008201e-01	-5.142354350879320413e-02	2.946397228229296825e-02	1.978584802620702576e-01	-8.872802983502717233e-02	-2.307210054051730685e-01	3.164233823475722795e-01	-6.577263015280905567e-02	4.098360588759378254e-02	-2.629930346136915564e-01	2.219949047986214397e-01	-5.365206735963918422e-02	1.140645449036856302e-01	-2.173871205087184177e-02	5.268213992069913088e-02	-2.259274967726128958e-01	9.813650248105747209e-02	-6.450683749904184694e-02	6.899170765742497491e-02	1.384408901339113096e-01	2.214772775435391305e-01	9.681965677872023113e-02	-3.702028088286003077e-02	-1.416016689171571419e-01	1.328133049909037966e-01	1.490995557438829500e-01	6.634771609231480960e-02	-7.161451042283628089e-03	3.793522330814439458e-01	7.464871425869543109e-02	1.574016682928051358e-01	2.944827408103712352e-01	-9.497303441210235009e-02	1.384655076420222564e-01	-5.833659494486226338e-02	-5.382871795718655039e-02	-1.834586979818190675e-02	-8.476004486714079633e-02	-1.615686585953730880e-01	-1.600609164521539229e-01	-2.622111751435746707e-01	-2.844754772655145314e-01	-1.891209218652802893e-01	-9.791976450207801053e-02	-1.701217578210396097e-01	-1.130522955662849327e-01	-1.653784426774997096e-01	-1.265754962098695202e-01	-2.505593862375537495e-01	2.931618708510016491e-01	2.047745074107894525e-01	2.947772328630085537e-01	-2.303383862633541848e-02	1.572229473314403769e-01	7.647704878998293210e-02	1.533114770124629211e-01	-4.174899603510935642e-02	7.252666076251387817e-02	9.930341217504545792e-02	-5.969451891849830022e-02	3.388018679049880078e-01	2.027290361840061172e-01	5.211536868000279377e-01	3.326840675354431620e-01	6.752204313783057854e-01	5.766318990803890321e-01	3.314774648014907621e-01	-1.628518062595045723e-01	-2.287052153869185978e-01	-2.161200382828326605e-01	-1.895211245488025720e-01	-1.179662124594305639e-01	-2.555478449054086609e-01	4.268144659943464703e-01	2.929254266176301025e-01	-2.973253938312952482e-01	-8.282337980837319036e-02	-6.879428913310513087e-03	4.043702910216813162e-01	2.175196503460672115e-01	3.629411618679407869e-01	5.162822133977164052e-01	6.741075784110871494e-01	4.093387414538224300e-01	3.256225003964779430e-01	1.503373754042012789e-01	3.579952703700886030e-01	1.424114799945624399e-01	2.467471037752229923e-01	8.603894046639844195e-02	2.457663755471181655e-01	3.340951348131248611e-01	2.984587318314648602e-02	2.015758777320146924e-02	9.156143637189298468e-02	-1.655649709827395066e-01	-2.534561175433775460e-01	-2.422325516600830168e-03	7.058781411197281169e-03	7.117454124789920900e-02	-1.875062688198683714e-01	-9.464344450823383714e-02	-9.892009680565239799e-03	-1.706426172407045638e-01	3.457298450363137099e-01	2.073313442733211096e-02	-6.749399927307971059e-02	1.114765636804537358e-01	2.933167151901859906e-02	2.347988211044936373e-03	7.171285305767327589e-02	4.909621703697090479e-03	-6.390640802277584853e-02	9.031619578776488300e-02	-1.368790358005576024e-01	3.126167342233605179e-02	-1.219743892063551161e-01	-5.194870713971314058e-02	-6.230338953439157335e-02	-1.884639100659816491e-01	-1.120412571367504495e-01	-5.513492939726329090e-02	-6.933112427775696418e-02	-1.951634889179764132e-01	9.942718724141770548e-02	-1.999146713944149334e-01	1.445064158909905444e-02	-1.012687317622885386e-01	-3.936722327764700935e-02	2.216601645828060185e-01	-1.472405515500095907e-01	-1.090972308088839493e-01	-1.652847286527829862e-01	-1.300804352886438808e-01	6.515142163888175408e-03	-1.426257904007878496e-01	3.213775901930043116e-02
-1.610675200182799804e-01	6.742741040230777749e-02	1.558193281422479981e-01	-9.467077994545078368e-02	-1.577417047420743290e-01	-2.566667497606668902e-01	7.910014527782568972e-02	3.140539280189029725e-01	2.592877982744218324e-01	3.801912368090010763e-01	4.947949136416843752e-01	2.325138497951515504e-01	2.179948110982756204e-01	1.329723162723817353e-01	2.021208546080745516e-01	1.235176447895090651e-01	2.699297101158051326e-01	6.988202387375583302e-02	2.390977029294672762e-01	3.241855281484732343e-01	2.228033754281740636e-02	3.328394294006059018e-01	1.854055126839056489e-01	3.114450184542296163e-01	1.000000000000000000e+00	3.527273426644172427e-01	1.758939709910634641e-01	2.355287183452585975e-01	-1.956422817466372255e-01	-1.644071446510524670e-01	4.003245545152870899e-01	-2.202732651375442774e-01	-2.802392819062540230e-01	-2.963168437708827430e-01	2.399903995332527684e-01	1.738029261261836711e-01	2.191050634470844694e-01	2.466057738387325690e-04	-3.638672367859734080e-02	3.260250427846866361e-01	5.497167657718547880e-03	2.533018627202475170e-01	9.926902113790293802e-02	4.559778967233906188e-01	5.207755975246210894e-02	3.300813010509993095e-01	4.700640017917077640e-01	-2.882657842146734151e-01	1.207125170963872229e-01	-1.159968958861602034e-01	-7.499496921680416650e-02	-1.779373925181869653e-01	1.985556367456839111e-01	-4.695534192080182134e-02	-3.799386685429420596e-02	-1.046271790877127267e-01	-9.970126926039021842e-02	-2.639078847836649061e-02	1.363224952311452298e-01	5.678095223113133194e-03	-1.809806018141371098e-01	-8.148688399877747346e-02	-2.793834678915097305e-02	-1.560904252923276878e-02	-3.028275207175054051e-01	1.209005333817079059e-01	-7.321374214781470324e-02	-7.072172962391889105e-03	-4.561221978393042997e-01	8.001004157564484826e-03	-3.931921369079585116e-01	3.115878566873536148e-01	1.218655001376406505e-01	2.675570795510725519e-01	-7.757916760251101773e-02	-3.222475405826886741e-01	-2.953390152487334053e-02	-2.038435017660883142e-01	-9.896080166874114681e-02	-9.223645920487100192e-02	-3.431354389852842024e-01	-8.238583981976528581e-02	-5.372371247120029392e-02	-1.730499501547070607e-01	-1.028291872139833613e-01	-6.056815082355457985e-02	1.155855587647154625e-01	-2.760448848597640836e-01	-1.276640424321028311e-01	-2.186666157163966728e-01	-2.236685794930881044e-01	2.369358736665828219e-02	-2.929855859031256227e-01	-5.978086260621253561e-02	-2.928511912601795483e-02	1.233411083971875516e-01	1.582646782082335335e-01	-3.277358395538094160e-01	-1.009104960246658411e-01	2.250041444498101229e-01	-3.109031366111394412e-01	2.407914242560332818e-01	1.682766354558629107e-02	-2.075072068305721870e-02	-2.594586797436502779e-01	-1.984767988275105421e-01	1.292210258336027873e-01	3.582862291925023590e-01	3.282340657856026023e-01	3.980797196645523006e-01	3.901878224475925361e-01	1.616528707630118245e-01	1.926804956642948485e-01	1.837082431438436525e-01	2.269168431169608924e-01	1.569509328394659842e-01	3.562591472190748676e-01	1.275484892961352146e-01	3.426059235923901714e-01	1.698241468371041174e-01	2.794194724348159076e-01	1.939717500654919990e-01	2.569242576041408932e-01	1.481215346516984166e-01	1.727357025740521579e-01	3.215755214468801748e-01	4.320027319384097675e-01	1.143316796924478684e-01	3.167561499652298274e-01	1.097656189369309448e-01	-1.587680779090246130e-01	2.730555899185435620e-01	-2.077685284431590451e-01	-2.670946752673375099e-02	-1.501888452772966731e-01	-3.057342633254446218e-01	2.176749146622879993e-01	2.782763239450773418e-01	-9.733808069331731372e-03	1.593908611338470394e-01	2.773120302097981105e-01	4.559186872402948842e-01	-4.962576962989991361e-03	2.346168958189510587e-02	7.189873861038875713e-02	1.553802225031434558e-01	2.067374845871433608e-01	1.815158958178854365e-01	3.317902284294024784e-01	2.356606239568239392e-01	4.235066765934396016e-01	3.425076472711964526e-02	-7.927178469757381607e-02	3.166484824598067571e-02	2.079687081797430281e-01	-6.954248587023122152e-02	-1.456065010898955903e-01	-1.062720869360860715e-01	-2.207323026864157767e-01	-3.065137080954090099e-01	-1.046433407866072668e-01	2.696637057157873565e-02	-1.590565240296737404e-01	-2.588639194123305565e-01	-7.862418248377335550e-02	1.541303067116342185e-01	-8.095596240679044098e-02	1.708428680039137115e-01	-2.632318288455817723e-02	4.717379094905205933e-03	-1.370586738447584496e-01	-3.422347102751404496e-02	9.608666861494960520e-03	1.378042362159683787e-01	-2.223942526551165796e-02	-1.273429842579120452e-01	-8.029000910339928465e-02	-1.526971797347027038e-01	-1.383587582833876450e-01	-2.638506004295854690e-01	3.855297511248473308e-01	4.311170654130443147e-02	1.071459683487446975e-02	1.384533421058625202e-01	-2.118479977465140274e-01	7.422512008201875844e-02	-1.904505816438301635e-01	-1.575210603406937138e-01	-2.635820795624223556e-01	-1.160720715041331924e-01	-7.724169404498835989e-02	-2.762928718848197129e-01	-3.079414601656406056e-02	-1.089465209201202940e-02	1.479288897888981491e-01	-1.495796728830567079e-01	-5.859888178016345317e-02	-1.494812492943194994e-02	9.403367073835397494e-02	3.360105667840614374e-01
5.934032757998512764e-02	-2.239960572522243787e-01	-5.636348053626769050e-02	-1.473849387666604505e-01	-2.727036638372112298e-01	-1.996067212457184603e-01	8.438342324992946508e-02	-2.989312125567702115e-03	1.654770547455363117e-01	-4.502294907767483145e-02	1.312611313139442487e-02	-2.045737666567169211e-01	-3.690814351283649292e-02	3.894422837345677402e-01	7.517515973405676510e-02	-1.142419242486542169e-01	1.374432773784926842e-01	-3.930413457900360230e-01	-1.536223803844227742e-01	-1.138719809997570248e-01	1.347225094832363301e-01	3.883997060236955567e-01	4.164543537952043462e-01	6.207752661201192401e-01	3.527273426644172427e-01	1.000000000000000000e+00	2.784140022570329442e-01	4.889799678010526840e-01	1.177250061953295790e-01	-1.222177970157085486e-01	1.242891479133197002e-01	-2.727313752789342072e-01	-3.427964155518552491e-01	-1.152851225632059856e-01	6.167262962078486899e-01	5.459939602196572928e-01	2.767385606010097088e-01	-2.837064293189308639e-01	-2.803427378229026989e-01	7.448571483684792716e-01	9.656438344887303959e-02	5.205028710247739943e-01	5.327533224850997673e-01	8.560005688198057960e-02	1.567232185809143766e-02	1.833045927978195835e-02	4.525949107209597533e-01	-1.166275088663920045e-01	2.684807449662242052e-01	-1.578175888535697791e-01	3.738452976254731941e-01	3.638831570502201740e-01	1.580825789344251220e-01	3.317576560156821897e-01	-1.639749608864112806e-01	2.205033077002558906e-01	5.586049191790985052e-02	-2.591361772097433222e-02	1.567511012298046513e-01	1.356501737835413279e-01	-3.755258275855257177e-01	2.788819761775068740e-01	1.078379482467308054e-01	3.491606400162244883e-01	1.103096869592255086e-02	-1.264389654705402877e-01	2.724568029086377186e-01	-7.354004956009516092e-02	-2.906247817464036043e-01	3.215625583532538134e-01	-6.522311083806046905e-02	-2.813324934693413326e-02	-3.365453534497908072e-01	1.574852363699917948e-02	-8.828144724220587589e-03	3.449324661641256506e-02	9.659703986215698035e-02	5.899930500259823601e-02	-2.694902214632065029e-01	9.882715585818098447e-02	-1.790820242690292427e-02	-7.340037350556652407e-02	2.501898203944140087e-01	2.631681904975424202e-01	2.488968260636411634e-01	8.764316996329707399e-02	4.199277064018554217e-02	3.316281048663821673e-01	-8.441438699531145229e-02	-2.230012697597570925e-01	-2.928513202154641726e-01	3.840339179994212149e-01	2.498757010502007381e-01	2.964519205131280755e-01	3.342101369562923696e-01	1.494630813121325952e-01	3.229316601460857639e-01	7.976098448425252008e-02	1.324983750218445000e-01	1.848355837725980944e-01	-1.289380002040044770e-01	1.226370910095400842e-02	-2.024823370053779326e-01	-1.676948281336031743e-01	-2.621251503631479296e-01	-2.750289469999778191e-01	9.474327924035918363e-03	6.602890097081252473e-04	-4.935061375238887493e-02	-3.473847923018572037e-02	1.707207011061674315e-02	-1.088081217830940001e-01	3.441753112128492220e-01	-1.419564400807288851e-01	5.299179608389358205e-03	-1.006598043876104909e-01	1.904448496299442350e-01	-9.255138399996491738e-02	2.799420983373333005e-01	-2.103157672139629453e-01	-4.873013749593884530e-02	-1.124106497574074714e-01	-1.462328220763434161e-01	1.324903325006333843e-01	2.590467847922671707e-01	4.268131631728114828e-01	3.565866217206968836e-01	4.536288467152139736e-01	5.951064959712890623e-01	1.342788334592680266e-01	-6.573913765567291657e-03	-2.583324924963997099e-02	-2.890978652309292296e-01	-2.691972069847307081e-01	-7.666121183519501725e-02	-3.928271249676619781e-01	5.390167199223584449e-01	3.982885310832955383e-01	-3.835632468692959374e-01	-1.194175390940267062e-01	-6.791461209555756107e-02	5.993627948094584212e-01	1.646124831676049061e-01	2.308294385338722776e-01	3.298440192399433313e-01	5.138940012219396225e-01	-1.687257408525448879e-02	1.106933614887802703e-02	7.213855916041768401e-02	1.131090965516645119e-01	3.321859275258595146e-01	3.688055273101114584e-01	1.844047231294349831e-01	3.095088962482805406e-01	3.409626206695438033e-01	-8.342678985390501734e-02	3.440915549668751572e-01	3.261718637270479282e-01	5.628281758308809751e-02	-1.857040939347857911e-01	3.161705595774108590e-01	2.538817713602282145e-01	1.484766342766059011e-01	1.777743804946452580e-02	-1.703604410432350835e-01	1.368558202357762765e-02	-4.315865449047091018e-01	4.639157798608810057e-01	2.034179092977392855e-01	-1.635880113250370305e-01	2.128821261538673404e-01	9.277274326674349314e-02	-3.822161266199548130e-02	2.565859257032373358e-02	-3.867248400123753788e-02	-1.054759166332602804e-01	3.298556586165045101e-01	-1.057452498093899018e-01	-1.076814318476772558e-01	-3.173978860285492920e-01	-1.032745052778086953e-01	-1.551389825323503668e-01	-2.840331520445056879e-01	8.101968271875396865e-02	-2.312354413043238577e-01	6.491771660243610131e-02	-9.083871564908758967e-02	-1.603426475770032555e-02	3.092074791715448967e-02	1.328688961362531062e-01	1.811706029451020383e-01	-1.095230163141619473e-01	3.833669422359105572e-01	-5.086748639835450558e-02	7.483263124101129093e-02	-4.104106929197089831e-02	1.227153494937764378e-01	2.502555808247323155e-01	1.668093100699182263e-01	2.488131118995146607e-01
1.046789595405290263e-01	2.070856799729792197e-01	2.134724023007399663e-01	1.060445949958994105e-01	-2.427535759469272580e-01	-1.967478579849193387e-01	1.445619150288399990e-01	-1.208925940134716048e-01	-3.341114933172373846e-01	-1.327596388514133141e-01	-1.476005231982122599e-02	-3.298283191921166924e-01	2.367054119232543663e-01	3.431760025782439882e-01	5.530138439094648417e-01	2.388010220820296070e-01	5.092109377381325019e-03	-4.472042466332836613e-02	3.198245634219929606e-02	7.680847734710434527e-02	4.923769906533358165e-02	4.209408592587560172e-01	2.807711375256334296e-01	5.107134859095976420e-01	1.758939709910634641e-01	2.784140022570329442e-01	1.000000000000000000e+00	4.018545729343445672e-01	-3.963434387148895288e-01	-3.809374919944463200e-01	-2.216173281660890060e-01	-2.314325047783084011e-01	-1.998310137526387864e-01	-4.559566439089319800e-01	1.362658623342953568e-01	-5.061137266454613509e-02	-1.962633763338930415e-01	-2.033803174625360977e-01	2.499407845240553816e-01	1.006998270729001083e-01	-1.607493582015393774e-01	9.051636793333464950e-03	1.247572389013692079e-01	2.366932275928473606e-01	2.894036734273923162e-01	3.522516745426725882e-01	-3.238595855494628278e-02	8.581394194080683990e-02	6.482968413795921203e-02	3.080534727874696399e-01	-5.409912266358436056e-02	-1.526228288730308025e-01	-1.429404565306066077e-01	-1.682546486683734466e-01	7.300484055609390843e-02	-1.491912735430388215e-02	-3.946399481302467760e-01	-3.021082465094006020e-01	-2.339284413793643602e-01	-1.900810368942714157e-01	-3.150808503900510982e-02	-2.000047768498635636e-01	3.240794762395898115e-02	-8.834398429670503594e-02	-6.396294653918631334e-02	1.493895105015601577e-01	-1.620722699562843760e-01	-2.992862009299240150e-02	-1.407495357510348821e-01	2.757466666831756910e-02	1.963780637480230101e-02	1.057467501991588843e-01	8.480503080178149189e-03	1.580751896614635277e-01	-1.347658016494158173e-01	1.435473951885667399e-01	5.693270452226517793e-03	-1.070671788844690941e-01	-5.295534015293666685e-02	2.457423064782717284e-02	-5.068372755564214127e-02	2.179729018296999443e-01	1.849542755081240442e-02	-9.688105105293498553e-02	-5.767084572345859694e-02	-8.250987183896511812e-02	7.376256213180889913e-03	1.697959514251523236e-02	-5.412645896580535465e-02	1.861995963043578117e-01	1.413309582243717499e-01	2.101599854289665503e-01	-2.076276472437720844e-01	-8.326484203472946100e-02	-4.353518377999436237e-03	-1.029512133218361963e-01	2.058109961848833269e-01	-1.054625631889644782e-01	-8.632228846765178931e-02	2.388897808437770096e-02	5.862094538548894007e-02	-2.193799154767434034e-01	5.654281282178238305e-02	5.756464166862049203e-02	-3.340248428749179599e-01	-4.221566373576327025e-02	-1.268877243291313961e-01	-2.048627129363684296e-01	-5.627718997080063956e-02	-1.526857887773493683e-01	-1.957057355211569150e-01	-2.679066243027159455e-01	3.627710885095127291e-01	5.440052409198358196e-01	2.191128424562600041e-01	3.679387728915469724e-01	1.678499521196356037e-01	3.105865697179429064e-01	1.312857860326978043e-01	2.427070229407995994e-01	5.581215376601955658e-02	9.794461368965130810e-02	9.665368534633086983e-02	4.354875507666474688e-01	9.403616830934959092e-02	4.947728162566787380e-01	3.888458803711421496e-01	5.135334366029756792e-01	5.854314611372017918e-01	8.717529462630154713e-01	-4.636538203289540250e-01	-2.396463180856691078e-01	-2.447313622432994440e-01	-6.704262431123887700e-02	-4.361563510848309178e-01	-4.562098111695510050e-01	3.519313160324289425e-01	1.419467313614773962e-01	-7.311818763501305718e-02	-8.886525578648514501e-02	2.127262663821142263e-01	2.366873491932514340e-01	1.693786638620018159e-01	1.846653958093656123e-01	2.169222335492153042e-01	3.857691713717689153e-01	4.401641390225833339e-01	2.006080901124215610e-01	2.612119996644470254e-01	3.420294105191392653e-01	1.340346711947409952e-02	-2.362978043233940895e-01	-2.245400507011858712e-02	2.654405352495441961e-01	2.006108320748770657e-01	2.605741731235772241e-01	-2.136753732897782310e-01	-4.392147747776406486e-02	-1.312447315289454464e-01	-2.198843126963285488e-01	-1.831205705217952007e-01	-2.341483348647230844e-01	-1.816567074617901345e-01	-3.595365230033874537e-01	-2.456429008019805349e-01	-2.657883915975711719e-01	1.030897254934301233e-01	6.788254238980909183e-02	-1.063858488502298361e-01	2.004102084084389834e-01	-1.153368598781833315e-01	-3.103381125414794717e-01	-5.624693300639899834e-02	-9.800346925482637805e-02	-1.630870350079441644e-01	5.767567724559286187e-03	-1.443546358696134457e-01	-8.935183447197272977e-02	2.523706636743469622e-01	1.520334816172625170e-01	9.582929965574667197e-02	1.701593620825139208e-01	-1.028338805262987432e-01	-4.536743014546548020e-02	6.226180334759914142e-02	6.583253367553222601e-02	1.540788153217074186e-01	1.815264576938712127e-01	-4.047099331327125293e-02	-1.460874153556007971e-01	-3.230510197603427697e-02	-1.168511549203730682e-01	1.335768033893856011e-01	-1.009523307653447249e-01	1.539657964434241466e-01	4.397684154402727724e-02	-6.862240150945269658e-03	-2.062630179753164109e-02	-1.028813375785394418e-01	1.176067270203584869e-01
9.596535237700451471e-02	-1.640086491325697116e-01	2.230104955727663374e-01	-1.897486439645580392e-01	-3.156445780307993720e-01	-1.660064935342223658e-01	3.469351260084638233e-01	2.877417880478447959e-02	-8.337524469441842667e-02	-5.837180224657640554e-02	1.277759453569881631e-01	-1.380588034746699777e-01	3.518689252634590869e-01	4.805691804859788530e-01	3.694716150629275830e-01	2.206926563002696018e-01	2.359581922958083056e-01	8.415278689341744445e-02	1.148695399740653489e-01	1.513693756862345002e-02	7.748708876114934752e-02	3.398623317935974275e-01	1.821869737038788184e-01	5.509255873350109578e-01	2.355287183452585975e-01	4.889799678010526840e-01	4.018545729343446227e-01	1.000000000000000000e+00	-1.140936635166051177e-01	-3.654983390657062792e-01	-5.029575157790648621e-02	-2.005535728233289183e-01	-1.635008133186724999e-01	-2.388218110605584976e-01	3.630499723120071409e-01	3.288494932099438883e-01	1.747796528548249961e-01	-3.097725514128512603e-01	2.388256899319595450e-01	4.111162837423438798e-01	-1.494609273392310568e-02	2.787955728928898091e-01	5.163496192244521055e-01	2.733549250042630052e-01	3.907951106570612398e-01	4.511460087152944776e-01	2.463116918723730342e-01	2.139059378245042609e-01	2.904481734465487186e-01	1.878959294076943676e-01	2.429032151735407707e-01	1.872273696722097647e-01	5.235652299424913697e-02	2.532111189928428208e-01	-3.772886085406935153e-01	1.744641818678422940e-01	-1.283082819955242981e-01	-1.402470674874059242e-01	-7.183779427214254110e-02	1.960612907256450294e-02	-4.968548904251718357e-02	2.473701453453365506e-01	2.984093433645386151e-01	3.965089437447839038e-01	1.424553918255614948e-01	5.242757418144781967e-02	4.498037489338999745e-02	-5.953873324851607571e-03	-2.622159310306981239e-01	2.362048609052663228e-01	3.831236944747742901e-02	1.172283501816630685e-01	-2.652386720147399402e-01	-4.407676987606868810e-03	-4.175960680713816653e-02	1.816007153618110770e-01	-1.494094867790613512e-01	-9.495650569310731814e-02	-3.041090642871770444e-01	1.511610106730628678e-01	3.084330684159061059e-02	2.757067183095904817e-01	-1.338658990914839107e-02	3.346347271649791066e-01	1.148045169511765079e-01	7.028581857605761818e-02	1.672761090850997390e-01	2.528746310775238926e-01	-8.524123894580072983e-03	1.335858856556135510e-01	-8.964274767729914217e-02	4.108975937716873861e-01	-4.261805915367651056e-03	3.244824153870026207e-01	3.746185337826928308e-01	2.013349075003854037e-03	2.281047874641495277e-01	1.147027889060068390e-02	7.024610789769866748e-02	2.260200934822292895e-01	-5.160120588065331831e-02	-1.676426516961574686e-01	-9.405232645722511053e-02	-2.966010869136770922e-01	-3.595034914961052208e-01	-2.471498628839505218e-01	1.162324067758331164e-01	-6.229396594484198219e-02	5.600720972837628167e-03	-6.077874756754340912e-02	-3.140410124133821007e-02	-1.004547617867423623e-02	3.305185399653061684e-01	3.221435089410322750e-01	2.261261247864680690e-01	1.580630214338934192e-01	9.773073358525569132e-02	1.103189428513406262e-01	2.221651859218386205e-01	2.480826671720809673e-01	2.321789510788621960e-02	7.967158508793426019e-02	-5.555767652212951352e-02	1.194449099962259682e-02	1.794057709212829380e-02	2.973632407050324500e-01	2.920532721956536348e-01	3.637165862457582000e-01	3.259189455049619211e-01	2.810881378261467778e-01	-1.617337307524487067e-01	-6.772522582388146306e-02	-2.123591087030708147e-01	-2.468428079686874402e-02	-9.038920566271196888e-02	-3.142895503711440330e-01	3.599196921168051899e-01	3.094631109676327929e-01	-3.784385466271606990e-01	-9.257987713400668908e-03	2.534997622604627798e-01	3.545457722568720604e-01	5.262807293183120461e-01	6.482777310656377689e-02	1.579653451869680036e-01	4.061818583552167516e-01	4.038268181452729921e-01	2.997057950418370864e-01	1.864271751846965364e-01	4.733658051119710719e-01	2.479014670583710445e-01	3.077399130813745498e-01	2.894724922088026120e-01	4.865503823798619232e-01	4.329218037186995383e-01	1.794748447093080235e-01	1.373235071830886389e-01	1.001897849491012182e-01	2.069834821098540459e-02	-9.442850475945989419e-02	-1.370537266587702752e-01	8.136865180295066446e-02	4.023287176173514362e-02	-1.707830936821586876e-01	-1.710774933490232241e-01	1.281866928309279841e-01	1.442909606797220801e-01	4.345617307878761326e-01	3.093909298489707638e-01	1.126523969411512421e-01	1.553743556740820042e-01	5.438500008102251787e-02	-6.713292995941891328e-02	9.663727278989461822e-02	2.864620101478391190e-01	1.930858022471152180e-01	1.318501975983329133e-01	8.896029895432945589e-02	2.476684256743937329e-01	-3.326122065222925084e-02	1.873224094781925364e-01	-2.560876499660319841e-02	-1.950826045367238526e-01	2.316943360385929560e-02	1.643002714736669367e-01	-3.129019132077091869e-02	1.768164565944883582e-01	2.356837603090461419e-01	6.906817900703267343e-02	1.542670259191888937e-01	-1.177549553512199088e-01	-4.238723076498290138e-02	4.563614991574450608e-01	-6.643954896150598699e-02	1.000302121254801335e-01	-6.896043517053469796e-02	-1.043134879747337380e-02	7.693731093806804866e-02	9.669543651076788898e-03	2.405707014289211743e-01
3.922057697396112985e-01	-2.384299203701378822e-01	-3.011906284383480403e-01	-5.792141541317728792e-02	2.998517782205712412e-01	2.754961847835000199e-01	-1.098734217870370455e-01	-9.049574634820824193e-02	6.535524230883885122e-02	-1.647780596439195056e-01	-3.282834473043262924e-01	8.623371232882419413e-02	-1.830630799089792426e-01	4.709525598279329719e-03	-2.687894360202157107e-01	-2.036570854771472261e-01	1.018566626882739384e-01	-1.029860134571873309e-01	-1.938125630647823394e-01	-1.803703178348620706e-01	1.276512077895113340e-01	-1.857048041528031046e-01	-1.119454684994867361e-01	-7.638915828249856488e-02	-1.956422817466372255e-01	1.177250061953295790e-01	-3.963434387148894733e-01	-1.140936635166051177e-01	1.000000000000000000e+00	7.252593007112421164e-01	2.128364700209307847e-01	-1.432137500948827726e-02	-1.499399114298160807e-01	3.265267797451417153e-01	3.300375764016104663e-01	4.817565327059986080e-01	3.633008586248994698e-01	1.997495576296871300e-01	-4.822383370771923805e-01	3.969656967690712301e-01	2.209608031356497526e-01	1.791717338544560334e-01	2.465259938764535058e-02	-3.614244979049853201e-01	-3.685954639008409695e-01	-3.147878489603458951e-01	7.645427595774412222e-03	1.385074456631011502e-02	9.542277515621568063e-03	-3.233660883777746409e-01	1.218333058151989806e-01	1.992481979381482693e-01	3.810727402097412453e-01	3.586764489250321986e-01	-3.179354638067211775e-02	2.482428115958625892e-01	4.069222100492870253e-01	-7.138198151787568391e-02	2.339091926167321256e-01	6.294412495690837606e-02	-2.115240330818450587e-01	4.810348815283611579e-01	-5.877766147600270441e-02	4.067201444729787174e-01	1.229519183009389859e-02	-1.360867038377775416e-02	1.917989509809583104e-01	-3.716567430495258950e-01	3.363735309877607244e-02	-6.069848175588871825e-02	9.389421129845455793e-02	-4.717648046824317598e-01	-1.832214084329204795e-01	-3.546634420650991992e-01	-2.800963444439895089e-01	9.366229198094569441e-02	-2.108785561542884934e-01	-4.855278044038373320e-02	-1.785913827335773030e-01	2.042143041457905317e-01	7.766519774905139561e-02	-2.617474542748580713e-01	2.014869093718074933e-01	9.806882027435404048e-02	2.483252244087298943e-01	-2.493290593717235049e-01	-3.485003942073111594e-01	2.281307470962674611e-01	4.264424588864750010e-02	-2.390514816134625686e-01	-3.234558093535432888e-01	-6.434876233924440025e-02	3.576145689378648074e-01	2.924648449496322633e-02	-4.048478751850634327e-02	-1.150209896916849633e-01	-2.352596281209058393e-01	5.137280927674848785e-01	6.533151774032787407e-02	-1.640106428381368220e-01	2.942502914878807885e-01	3.135377454324460023e-01	-1.719719992405614739e-01	-3.357225088195823614e-03	4.118974743341956013e-01	8.716742942222316382e-02	-1.063440238073820460e-01	-1.094078158492677588e-01	-2.486399059581240745e-01	-1.666241790791972710e-01	-1.200336169208135184e-01	-3.400247966700799956e-02	1.315914718697411556e-01	-4.446260329964458191e-01	-1.301462419184872543e-01	-2.985232476250220257e-01	1.723643451437829321e-01	-2.347127494130386294e-01	1.410212248768926702e-01	-2.379931020284928034e-01	-5.614669163487219505e-02	-1.175046522191132703e-01	-1.291480010815611590e-01	-1.722581248463168624e-01	1.952866701122362228e-02	-1.672646056660090919e-01	-2.968011768490488311e-01	3.283497965252632489e-02	-1.055321446163791713e-02	-3.726665601351871193e-01	7.771441779051410093e-01	2.452392711442028667e-02	7.501531901259064772e-02	-9.616447171723940812e-02	1.424229416894095823e-01	1.434238059726541253e-02	2.902913236149146647e-01	3.431869955057578747e-01	-4.319766112406212694e-02	1.764542850619846837e-01	-1.465052733281150543e-01	1.973239922970499716e-01	-6.451055523003746892e-03	2.762507891792722117e-02	-1.555137646588180267e-01	-9.801241775824594271e-02	-4.189751588088937995e-01	-2.736228856888870964e-01	-3.319920481829458092e-01	-3.363032405343645004e-01	-2.357901800476838450e-01	4.199712871060581332e-01	1.500296666067415241e-01	-1.446633362108238896e-01	-1.078899199334489856e-01	-3.341217173137051022e-01	1.896080768211452494e-01	1.114462322371136821e-01	3.736904105957319921e-02	-3.676410463915820437e-02	4.786497661840491968e-01	2.893193924615135026e-01	1.937491265218549974e-01	7.061098581865280499e-01	-1.339597143903769050e-01	-3.817618331350849936e-02	-3.889822280995507420e-01	5.891480549396235084e-02	1.907532018215611080e-01	-2.908145471823765371e-01	-3.416960677996849077e-02	-2.045373284573129627e-02	-3.103002147182609693e-01	-3.201786650768277953e-01	6.078266023711686311e-02	-3.163126378847231912e-01	1.337786559105479979e-02	1.252806487978635752e-01	-5.345512197255400944e-01	-2.885882099982655102e-01	-4.766951180264767385e-01	-4.296654731069184940e-01	-1.239206240037679790e-01	-2.469844168688615782e-01	-1.443693258239984456e-01	-2.956760107762735346e-01	-2.476165575551434461e-01	6.544262835937575407e-02	8.560838429086434220e-02	-1.858477649247816110e-01	1.763724278304579229e-01	-7.209405042645603001e-02	-9.972826938097381633e-02	-1.257216238541395137e-01	-2.958094465672019280e-01	1.131886573148680186e-01	2.061385763487222078e-01	1.609267044844421013e-01	7.281204226120455147e-02	-6.538809929564545764e-02
3.402383068890056372e-01	1.043861058713550088e-01	-1.947567016851910748e-01	2.685852088721581432e-01	6.057309086321315261e-01	4.500218715313812345e-01	-1.007963885076500199e-01	-3.182527739554381202e-02	-1.673638245828651394e-02	-1.184151034583490747e-01	-3.134956279115584388e-01	1.741566461360758433e-01	-2.989385208861418675e-01	-2.525299927154041613e-01	-3.903672850163414920e-01	-2.840147388426743080e-01	-1.026972652898751753e-01	-4.158131098565930744e-02	-2.521067076618155878e-01	-1.406942074050349656e-01	-1.292514127390368035e-02	-3.663331698477390042e-01	-2.186697892166773183e-01	-2.517622294746079681e-01	-1.644071446510524670e-01	-1.222177970157085486e-01	-3.809374919944463755e-01	-3.654983390657062792e-01	7.252593007112421164e-01	1.000000000000000000e+00	3.069687405784368162e-01	1.967467124654163815e-03	-5.016701142347782796e-04	2.468069622487760739e-01	9.860094413805756131e-02	1.900431503758891749e-01	1.827874908095101503e-01	2.167270528974238608e-01	-4.206308404694290015e-01	1.933074640960432689e-01	1.816654714952490868e-01	6.678193963364426056e-02	-1.586893226280877145e-01	-3.725272960753005513e-01	-4.235914437240878017e-01	-2.632989601686158143e-01	-8.800842094515048952e-02	-2.269962024383043175e-02	-1.612188352588505291e-01	-3.690415392210412149e-01	-2.238519623709711234e-02	-8.704522550187686336e-03	2.413728642148247616e-01	1.085941372405472560e-01	1.193665522783585037e-01	-6.273721095020596758e-03	2.620336652914271314e-01	-1.559416494701240385e-01	1.062292127182089263e-01	-4.313697350753142173e-02	-1.290765131513069985e-01	2.335692470720391045e-01	-2.445434335824049066e-01	2.199584776664208763e-01	-5.619744060091570043e-02	-5.080622492216952009e-03	-1.196293421178585004e-01	-4.139423661539784471e-01	7.111854231871227172e-02	-2.981105321775948669e-01	-9.814257704735945831e-02	-4.126019246596647205e-01	-6.917364017905811013e-02	-1.938946479812505008e-01	-3.593575739489037746e-01	-6.691030325763659692e-02	-2.501603552606160297e-01	-9.052902021106755404e-02	-2.066303196473128490e-01	-2.109469767265092707e-03	9.830634867391954690e-03	-3.215800429374368608e-01	5.024337160609933239e-02	-2.060391219757164161e-01	4.602043302342154196e-02	-4.301752826602348034e-01	-4.305494528075553551e-01	5.746794311792174231e-02	-4.749252982098823087e-03	-2.716510461681851396e-01	-1.633951715899133739e-01	-2.923617283895824648e-01	2.087190966263505754e-01	-1.991719709284112960e-01	-2.336190774653449653e-01	-2.298545586392602147e-01	-3.970335596900907982e-01	3.458201209343326754e-01	-1.036480970375644461e-01	-3.160262388466267280e-01	3.308672756058694819e-01	5.280400629667507673e-01	4.978987221311483025e-02	3.021659951060150506e-01	6.607626393015794131e-01	3.336631085555630261e-01	-1.101606258280038719e-01	-9.902693574676245392e-02	-1.921599986961168849e-01	-1.581347950114002365e-01	-1.189040468936034545e-01	7.678605901147145252e-02	-8.458092470096016668e-02	-4.297628420562422669e-01	-1.554735526799456979e-01	-3.333795344407677330e-01	9.522511295152551181e-02	-3.095502790921500491e-01	3.116283002687251103e-03	-1.707614908175983381e-01	-1.821346367662200205e-01	-1.773237194846251086e-01	-1.572333841826966117e-01	-2.286329027276256254e-01	-1.466882778532172527e-01	-2.116108229408440178e-01	-5.229219981069316292e-01	-1.810765124562422335e-01	-1.909826985102499874e-01	-3.552381008437837107e-01	7.374667966657463269e-01	1.563137252959303225e-01	1.563197932714312233e-01	-4.118552922015752960e-02	1.377549380356430653e-01	9.164444222159418008e-02	1.085904374582263854e-01	1.624084338775190761e-01	8.002443244337345551e-02	1.113263861662654730e-01	-8.294406548053701034e-02	4.208646699231241572e-02	-9.037113855056708167e-02	-2.162735646581170901e-01	-2.819671381993846815e-01	-3.072933492717213610e-01	-3.899716180666808474e-01	-3.693980985228048630e-01	-3.548593770355101817e-01	-3.284646509367245559e-01	-3.113943214305865959e-01	2.771342570531830640e-01	-7.901977144328029001e-02	-3.948871065018160764e-01	-2.792729434703355440e-01	-3.266724298839261964e-01	3.781137967757402379e-02	1.891379646668771980e-02	-3.845340358815280829e-02	-2.967935254096629692e-03	2.796460461110788498e-01	1.001643516745074486e-01	1.952856915885806677e-01	5.479579265547167566e-01	-2.643861101693353310e-01	-1.185097821937029366e-01	-2.847953670346528576e-01	-9.627377096974901183e-02	6.448850009190687516e-02	-2.745923206633346658e-01	-3.316499167121020886e-01	-2.126142436101958189e-01	-3.681988360550825790e-01	-3.976380171133646058e-01	-4.728256338934481995e-02	-2.949653001553446119e-01	-1.292570999656987019e-01	-1.044344754352684174e-01	-5.088825706565897056e-01	-2.709424154903083415e-01	-4.623010804548941532e-01	-4.889265882822459997e-01	6.764261849363313595e-02	-3.256173527526486922e-01	-1.530854884307018826e-01	-3.329820176382952135e-01	-2.905258410285737058e-01	-1.117699256154911919e-01	7.806107614617859708e-03	-4.158920573283310662e-01	1.677478116379321482e-01	-6.978069236879538839e-02	-2.666780232453686006e-01	-8.928014914050738660e-02	-4.365978051191654052e-01	1.041277528770220284e-01	1.362487201544828608e-01	4.651946025336124030e-02	5.093976415881972149e-03	-1.451670563376574186e-01
-2.122158781991785037e-01	1.280579463489905749e-02	5.445569418258753430e-02	-1.545155431614110009e-01	1.253084636499487980e-01	-1.433540946107655367e-01	-1.745662712009533879e-01	5.265853098710480129e-01	2.284861343728140370e-01	4.971556285587639956e-01	4.495870088343148496e-01	4.609854137374463368e-01	-2.458247504537141581e-01	-3.645118367680783705e-02	-1.654288396039297893e-01	-1.882524053175559653e-01	1.682177907209568835e-01	-7.277853586677389408e-02	-8.278599472899762779e-02	2.199681026716339416e-01	-3.241570769827453735e-01	-1.641145224587960139e-01	-3.358873992044808521e-01	-1.883099564532656200e-01	4.003245545152871454e-01	1.242891479133197002e-01	-2.216173281660890337e-01	-5.029575157790648621e-02	2.128364700209307847e-01	3.069687405784368162e-01	1.000000000000000000e+00	-2.626726169628613161e-01	-2.613841445110689499e-01	-2.194002175344816619e-01	1.947899864762498157e-01	2.539850477720215771e-01	3.368634829284606891e-01	-5.929172014317374458e-03	-1.640074380075889071e-01	2.823501807516909934e-01	-1.767835830573976919e-01	-1.011016139333390657e-01	-2.275416685540065653e-01	3.478676194928383147e-02	-3.972484762084471099e-01	-1.044393346351993879e-01	5.043928661627805621e-01	-1.595638984624765666e-01	-2.542356387982102617e-01	-4.165858546430795117e-01	3.412942159800013038e-03	-1.645563245346382264e-01	1.330363557268800789e-01	6.655458966192562276e-02	3.985327040210965427e-02	-1.081604934976496957e-01	2.040198060903423705e-01	3.518547324839758211e-02	1.227896664687644773e-01	1.668806518572575059e-01	-1.556072686252713694e-02	-1.315818770384790115e-01	-8.793032819392136712e-02	-9.317628783387754687e-02	-9.479661626646995742e-02	-1.244221334310998545e-01	-1.586587752278117436e-01	-1.446295455721489584e-02	-1.833975152988150392e-01	-1.759689362003351576e-01	-4.351579617578045789e-01	-1.949899614761701344e-02	1.848582417741201078e-01	-1.809778365156876900e-01	1.338299175315345139e-02	-1.206712719193784866e-01	5.584053762601751125e-02	-3.097975267337879091e-01	8.083564350465595461e-02	-1.322520517678422436e-01	-1.770148823774220781e-01	-1.817685070759054722e-01	-5.517637488144871462e-03	-2.408978989265274373e-01	1.314729875486339572e-01	-9.323264071338348280e-02	2.650123388929162549e-01	-1.809082890574738589e-01	-1.221223246459516160e-01	-4.477637593560818141e-01	-3.990688707556375725e-01	-2.147682696502722088e-01	-3.510335770540525674e-02	-1.009027646894630342e-01	-2.103240587287773244e-01	3.125224425329137801e-01	4.423723142369924421e-02	-5.956780342567844638e-02	1.838911932258202597e-02	3.503568215159059140e-01	-3.472510810016685712e-01	7.457891867281246645e-01	-4.973729080910877648e-02	2.940327690362017077e-02	-1.094841910949080205e-01	-1.420845050222595551e-01	4.061970786160278291e-01	5.103207496485727690e-01	4.639231733223507792e-01	5.171745304270261023e-01	5.758774556928778487e-01	4.971987169939391937e-01	3.956957763512496118e-02	-2.039363046296528148e-01	-1.980799943930546536e-01	-1.789909419070622940e-02	2.169772774226414735e-01	-1.388326559530267956e-01	2.154769292671004643e-01	9.924268274869146519e-03	3.751049211318745885e-02	-6.246357981761996303e-02	8.353681853816043168e-02	-2.675018526209796410e-01	9.355209994063311274e-02	-6.218291615918244974e-02	1.925601110299055008e-02	-1.352454647953704181e-01	5.998825023082265256e-02	-1.769052523128973042e-01	2.692939920286822608e-01	7.364269717672776716e-01	-2.575731006553549363e-01	-7.954474841241607197e-02	-1.047666673479902555e-01	-2.658339944235003083e-01	1.725210091272081081e-01	2.461882310428336329e-01	1.668427445177553536e-01	3.700865573294320060e-02	3.221593841689912030e-01	3.639982387695001043e-01	-9.400674846977619126e-02	-2.180743590390235853e-01	-1.745771556458627916e-01	-1.136779274382357513e-01	-2.893940811465086083e-01	-2.868996005375280545e-01	3.161202846458332355e-02	-3.533883140758404401e-02	3.310141316360851182e-01	7.174290804793466425e-02	-1.995280903096742151e-02	-1.679818611980229137e-01	-3.091565421483726504e-03	-2.693061914186606343e-01	-8.657345124515052059e-02	6.415910300799375354e-02	1.153368448787666506e-01	-3.207967341776118975e-02	9.613702197768533853e-02	1.028695156665934002e-01	-1.097204724459519970e-01	1.094723712553370282e-01	-1.155062559004546574e-01	-5.180855940250876993e-03	-1.262635642678740233e-01	5.189273396168102293e-02	8.927693923656007668e-02	-1.741145688411791514e-01	-1.605322157920678061e-01	-1.854360967510343405e-01	-5.769864087156754973e-02	-8.768800031927859173e-02	-8.709252201409740934e-02	-1.340620142683722205e-01	-1.391357433618689299e-01	-2.157181922351443792e-01	-2.697456755834359288e-01	-1.668816452122799110e-01	1.147403774972599738e-01	3.630616348921947983e-02	-1.308864051267917550e-01	2.910230557786512295e-01	-1.514814221069280820e-01	2.773743629187872678e-02	-3.485031064449392590e-02	-1.898551300872456937e-01	6.937160514688757440e-02	-9.549333431215603629e-02	1.273599043163167743e-01	-1.617071619069336552e-01	3.417438416949420549e-02	9.189910699843689690e-02	1.792845894821369357e-01	-2.421988061873253661e-01	2.352843500793534715e-01	1.840200279736665945e-01	5.289315957901228327e-01	4.507863547224617018e-01
2.070111320263080812e-01	-1.050913119946798036e-01	-1.467551803173448577e-01	1.868723359566331066e-01	3.610730600539611146e-01	5.355774275075440016e-01	2.325674278976353204e-01	-3.203688061471479664e-01	-1.421983508419771280e-01	-2.640263287081649479e-01	-1.714990348709129753e-01	-1.455554413071634412e-01	6.184948614154815727e-02	-1.680426424450179312e-01	-8.182829670950510226e-02	1.786758406035668656e-01	-8.520181722492652099e-02	2.967530970169865445e-01	1.498687841485686345e-01	1.479490075283036721e-02	-9.299745189601152373e-02	-2.019353656129694030e-01	4.132975026949904651e-02	-3.040926096246079902e-01	-2.202732651375442774e-01	-2.727313752789342627e-01	-2.314325047783084011e-01	-2.005535728233289183e-01	-1.432137500948827899e-02	1.967467124654163815e-03	-2.626726169628613161e-01	1.000000000000000000e+00	6.528706909849121276e-01	4.546586447620655780e-01	-1.632728080685200145e-01	-2.008682343110253787e-01	-7.094195423928176258e-02	2.983369416398013452e-01	1.768563085206611152e-01	-2.218691327863882290e-01	3.570347094900669111e-03	-1.465060636040539099e-01	-1.125973707292504261e-01	4.555077979705566410e-02	1.822074952179261395e-02	-7.574608829458900905e-02	-2.673046777131771745e-01	-1.297504119626088082e-01	5.779145163773449084e-03	8.774139918851056597e-02	-2.358565668380934732e-01	-2.294053273109607563e-02	-2.185081219705485855e-01	-1.139340297310546535e-01	-4.999618869252778902e-02	-4.950998380269470978e-02	4.563893706909488007e-02	3.633432115555895181e-01	1.227569113048194022e-01	1.499676971410905668e-01	2.797353083516846972e-01	-3.366207193460982183e-02	-1.005001260523541023e-01	8.363657421622679947e-04	1.085423215637586064e-01	-4.246974644808279575e-02	1.350369765492037688e-01	1.593970196317864296e-01	1.798205505237103763e-01	-1.005703081036083829e-01	1.066561516658584702e-01	3.265661864462446884e-01	1.982192531959781900e-01	3.625159235416685038e-03	1.923673735770607962e-01	-1.296715940475065276e-01	4.098992473776137679e-02	8.641568355686882197e-02	2.848617620736351719e-01	-2.785515732925402110e-01	-4.739643416932260572e-02	-1.730554044751037857e-01	-1.161058905030736693e-01	2.743020309892710284e-02	-2.226378480589945308e-01	2.052072384455642384e-01	-1.789793432196342890e-02	-2.080884929085742852e-01	-1.578965271941046578e-01	3.434204609866974289e-01	1.099492993223629422e-01	-1.062544299778256235e-01	-3.710161424440445305e-02	-3.161919559396410978e-02	-6.017578673462551514e-02	7.141043201665976670e-02	-2.798591360283709389e-02	7.021869324064383688e-02	-1.080307810326416734e-01	-4.503932623193029894e-02	3.103967947718456744e-01	-3.671303533454949863e-01	-2.953033490734019786e-02	-1.189919694657247812e-01	3.244006089975294271e-01	2.583301611699796996e-01	-2.378008517514520193e-01	-1.990633136365745903e-01	-3.436133381268862697e-01	-2.121827546639523387e-01	-2.557716998060123315e-01	-1.711496499609071464e-01	-3.055238029223756868e-01	-4.439938234805245604e-03	-3.398840572268745086e-02	-1.813466110094898165e-02	-2.130235110904983298e-01	4.053371601435878935e-02	-1.899492566070154487e-01	1.140221082284686854e-01	1.077136954231431611e-02	7.169994330419300621e-02	9.647151131181523620e-03	-8.170665905024056264e-04	-1.911129530460057291e-01	-2.000925558485268929e-01	5.911502644019236974e-02	-3.588103619457235216e-01	-4.731496687330419282e-01	-2.377023488746465574e-01	-1.080283649275137481e-01	-1.689945957584177427e-01	6.827403156334770351e-01	4.739614765354530079e-01	3.415009128897391610e-01	5.624755027102812388e-01	-2.736693554571346665e-01	-2.803953596634509160e-01	2.676258278355943543e-01	1.729731007491663586e-01	-1.168029664693767400e-01	-3.521573285052934654e-01	5.329901999384340644e-02	-1.468159133606022904e-01	-1.659701193596797505e-02	-2.109966576607185396e-01	2.316454937994219185e-02	8.252968765801638185e-02	-1.967302917135866150e-02	-1.176854734156295434e-01	-1.157511607195452069e-01	-2.126746057842343884e-01	-1.206902238473478613e-02	4.038398012793575909e-02	-1.647963922837692163e-01	1.941910884595962339e-01	6.008260907295508331e-03	-2.058937621789787287e-01	-2.570148316197193861e-01	3.026259251813388437e-02	-2.609072598193410419e-01	-1.526692957872708700e-01	1.911326236767341494e-02	4.676186776486304653e-02	3.968275817881544709e-01	1.691956495000570826e-01	2.980808605926553723e-01	-1.115955344377278224e-01	-5.027505668880374173e-02	-3.506916327944637618e-02	-3.245753442460429239e-02	2.339133621570484989e-01	2.182374298990619188e-01	2.273658389150539638e-01	2.534979006306429250e-01	1.913882946490489678e-01	5.184859453206470958e-02	2.039670246642915352e-01	1.749512864331735640e-01	1.647995259635282317e-01	2.676074343309062242e-01	1.872613778887098346e-01	1.911683649652002603e-01	1.250053973809719596e-02	2.258960952665443889e-01	1.533123966964774487e-01	-1.059516131059490829e-01	-2.912735851839729634e-02	-9.867901418550897863e-02	1.744091595378886861e-01	-2.433751783147430903e-01	8.531568271972089779e-02	-1.263968999902720936e-01	2.887147444087328485e-01	-6.476412448486175422e-02	2.890528846351025360e-01	-1.513923476583773908e-01	-1.650385550805613388e-01	-2.295612041308612294e-01	-3.759864301858173441e-01
5.333299427809204407e-02	-1.941404777596156955e-02	-2.145919046822839654e-02	2.970225554751024233e-01	3.731690860649620745e-01	5.765710461738220438e-01	2.594092209370156832e-01	-3.847238343222362245e-01	-2.180132523641977738e-01	-4.047065840000716452e-01	-2.996805096484886355e-01	-2.267903360030571747e-01	-7.548590524122743284e-02	-2.167230444183074756e-01	-1.354801662566275933e-01	1.158384671176280883e-01	-1.825128439581568951e-01	2.723338530137006663e-01	-1.497701651529549996e-02	-1.648641356515505585e-01	-1.431809109695052207e-01	-1.492444016727708933e-01	-9.281342057049692118e-02	-3.208273366621227085e-01	-2.802392819062539675e-01	-3.427964155518553047e-01	-1.998310137526388142e-01	-1.635008133186724999e-01	-1.499399114298161084e-01	-5.016701142347782796e-04	-2.613841445110689499e-01	6.528706909849121276e-01	1.000000000000000000e+00	4.120038405185017516e-01	-1.610781299028151425e-01	-2.602875275957388101e-01	1.889886374269092104e-02	2.546128063233107919e-01	3.634619297490733758e-01	-2.751121057465061304e-01	-1.624226150198112423e-02	-2.198846004821555788e-01	-1.312300720477239113e-01	9.232315245028134554e-03	1.148883175240835719e-01	-3.857993144126870694e-02	-2.569337785535938390e-01	9.162762834789914268e-02	-1.399766716858505400e-01	1.517072492605333889e-01	-2.010401329053362329e-01	-2.101498745891254918e-02	-2.491609041139633551e-01	-1.070909218675060587e-01	2.981344457782463334e-02	-1.061647403197538975e-01	2.028096401102354174e-02	2.249689193815892219e-01	-5.004081881451001232e-03	1.475919635949205500e-01	4.787118295990032690e-01	-1.315108827865934804e-01	-9.066409208152537147e-02	-2.518834483827483983e-02	2.094160876234189561e-01	6.777405989128862168e-04	-1.059472242482104552e-02	1.685913669896189626e-01	1.884115303064683722e-01	-1.345534084881809811e-01	2.724857330387516208e-01	2.695112310152605328e-01	2.093885557329853986e-01	1.826505365083210819e-01	8.672584881119206612e-02	-1.865811684360102127e-02	-8.085902258682803323e-02	6.622207032255382486e-02	1.630341729812263551e-01	-2.518561890229453759e-01	2.048873290637213684e-01	-2.662755852626218916e-02	-1.668340522517265945e-01	5.603202164505553112e-02	-2.753235479453057244e-01	1.462345994081834244e-01	-8.311017100346877740e-02	-1.492242521429231750e-01	-1.390629123229661923e-01	2.830688402546646110e-01	2.381634838448626335e-01	-1.643996698808539159e-01	6.587598372740345598e-02	-1.195216911636489548e-01	-1.997764733044784802e-01	-1.552553886045724973e-01	-1.850716108405662530e-01	1.413151553165185870e-01	-1.110796417811556192e-01	-9.416550617631132269e-02	3.064784796724266402e-01	-3.294404972607525295e-01	5.578861038894002145e-02	-1.093015820038572700e-01	3.427835230454344129e-01	3.134779811467083843e-01	-2.787030751623600366e-01	-3.779454428602827543e-01	-3.524396074092289721e-01	-4.377754363973376805e-01	-4.270625546186880839e-01	-2.505993436587620748e-01	-3.169653695275297389e-01	1.092880012121379696e-01	-1.823574562354300099e-01	-4.924442468735450856e-02	-3.919848107382146174e-01	-4.553893187460122775e-03	-3.211893412691501082e-01	1.328429036089951720e-01	-1.556560859679721187e-01	-9.857915002197030485e-02	-1.980149285164019002e-01	-1.209814121785283414e-01	-7.917908638036821878e-02	-3.184932455681062091e-01	-2.065337654418030189e-01	-3.344595503317400187e-01	-4.812452326964070104e-01	-1.722269161089662326e-01	-1.755683834290627521e-01	-1.633322681263647547e-01	4.978912331546662129e-01	4.575046356555512173e-01	2.904909716034902445e-01	5.390092630983612798e-01	-3.562947789901239060e-01	-4.020871167523976664e-01	2.086734719083732370e-01	3.918225580439826418e-03	-1.905076325698290551e-02	-3.934803944809405207e-01	1.462672394080047344e-01	-9.298882832298596690e-02	-1.486053482379550220e-02	-2.396897616152688648e-01	8.081348550289449428e-02	4.248213946143879899e-02	3.504784055187417074e-03	-1.197666669256265692e-01	-1.128952051400518020e-01	-2.331166007138574803e-01	4.251372193897106494e-02	-2.077801193564045301e-02	-1.558186322415582026e-01	2.722739301393545253e-01	6.920610543835443995e-02	-9.482054128287717432e-02	-7.474201112132630720e-02	2.082203163645079680e-01	-3.030813687761582109e-01	-3.184080202478197646e-02	7.345044747463730372e-02	3.566301266621865751e-02	2.270909830801067786e-01	1.901435970195887448e-01	4.407653538341189114e-01	-1.810156808653255178e-01	-9.680981769690885641e-02	6.756106113362150833e-02	-9.456427741436842366e-03	1.122046765122083345e-01	1.620157277040463473e-01	1.951835081244690240e-01	1.935435881135133263e-01	2.632518817644808884e-01	3.657079748764761884e-02	2.073795072287037966e-01	2.169727269578455298e-01	2.956911236246704267e-01	1.769847232198751841e-01	1.079082420449136992e-01	2.967223435028061851e-01	-9.507225585966853909e-02	2.764252151292426740e-01	1.106749602427589824e-01	5.150721624773525742e-02	5.192678867836263146e-02	4.971284348496375627e-02	1.142056722547149933e-01	-1.976961776273358506e-01	5.028256032664465275e-02	-1.365435967966052155e-01	1.501504549034073099e-01	-1.925919270000960581e-01	2.869733735222799176e-01	-2.470799191228345293e-01	-1.635116343356621260e-01	-2.808436472224221103e-01	-3.757646750420176596e-01
2.244301024555198434e-02	-2.495851558266298231e-01	-5.663114058482799917e-01	-1.230307735935340652e-01	2.457261096748282470e-01	3.173724254993684490e-01	-1.196367296404128172e-01	-2.933783848545892248e-01	-1.136115179859640556e-01	-4.331488700732699648e-01	-4.530099693632358981e-01	-3.163920431417867052e-01	-2.090494140791984146e-01	-2.990684255274817516e-01	-4.308063024836736310e-01	-2.382229000184317436e-01	-2.392972389154541801e-01	-1.021246664505419677e-01	-2.011134033248941633e-01	-2.561034588526446831e-01	9.989625103680292717e-02	-1.164223702931673488e-01	-1.776710122651638593e-02	-1.847401713162918901e-01	-2.963168437708827430e-01	-1.152851225632059856e-01	-4.559566439089319245e-01	-2.388218110605585254e-01	3.265267797451416598e-01	2.468069622487760739e-01	-2.194002175344816619e-01	4.546586447620655780e-01	4.120038405185017516e-01	1.000000000000000000e+00	1.671001460966209662e-01	8.031187138396150837e-02	2.772635171908233165e-01	1.047047751648149533e-01	-6.438274728678744507e-02	1.169257494539743814e-01	2.592547566130990466e-01	1.394132736178994580e-01	8.295737630271413088e-02	-2.414621831500185778e-01	-1.038823201296656673e-01	-3.175975051494311363e-01	1.343353015604028047e-02	2.410424387730849757e-02	9.192431022480727909e-02	-1.126689517993119671e-01	8.338008417836968722e-02	1.859307335564859553e-01	1.215224876932888415e-01	2.711995207272197561e-01	-1.683424679290438652e-01	-4.420238785355082994e-02	6.233621078949594940e-01	5.850342201633927930e-01	5.139509186306554511e-01	4.972176878937727973e-01	1.098514645591811834e-01	4.399925399943543369e-01	1.050227555316485956e-01	3.439340453427511823e-01	4.336712314756166475e-01	-1.021924200487793893e-01	4.384827085585298323e-01	3.430580531472819938e-01	3.636936180785422801e-01	1.792664014202878797e-01	3.754492518502410836e-01	-1.607027357724482297e-01	-5.474305404722294710e-02	-4.262852803709368116e-02	3.239566794832722807e-01	4.676401345799872933e-02	-1.409614920171982366e-01	5.203113128691206485e-02	-5.779919409330374486e-02	-2.441710616533701028e-01	1.599894069202016100e-01	-1.723862607480722287e-01	6.135017459154656905e-02	2.669159363331486956e-01	3.878270059481658816e-02	2.696180003537906877e-01	-5.754905419522111237e-02	1.422552135345644675e-01	-1.195768976119447324e-01	1.197718234097784745e-01	-9.033140797398014205e-03	-1.110277622891624183e-01	2.310544048136373707e-01	1.352029523753904838e-01	8.861296534914436807e-02	2.510629489444738197e-02	-2.570322838276174471e-01	2.467369290114540259e-01	1.296005174796000525e-01	-3.774339507951325612e-02	1.917617684408248757e-02	-1.373803421566556771e-01	-4.462203733103225489e-01	-1.475490895921160173e-01	3.051999914608103381e-01	-1.956607855998571677e-01	-3.840115079359070482e-01	-3.246111351512575571e-01	-5.206856941983512010e-01	-3.808074333962458979e-01	-3.237385382522030564e-01	-2.533627083973329919e-01	-3.230881807005530071e-01	-3.436112567026133324e-01	-2.436511124162930031e-01	-4.688552458997666816e-01	-2.454564552827585289e-01	-3.802748883640550415e-01	-2.631801523823399935e-01	-2.618699308017717331e-01	-2.981944029539079222e-01	-2.041158668796261288e-01	-2.499972257065347647e-01	-1.710254895288242372e-01	-2.433732689196655558e-02	-2.170953169642577119e-01	-1.973803295880183772e-01	-7.275984377935759695e-02	-3.189665578615812902e-01	-4.457812370694249626e-01	3.090186587798271489e-01	-5.061317379311425224e-02	3.459722276991754053e-01	-2.827298543606997575e-02	5.378222132014744972e-01	6.134841264540870087e-01	-1.590496377816499329e-01	-1.350452944465057592e-01	-3.308499547214219239e-02	-7.862820166523963594e-02	-3.215001136112548008e-01	-8.344143873820988877e-02	1.145137374307701600e-01	1.537302361792006709e-02	-1.004370404749346975e-02	-6.438912848314445880e-02	-2.223098177429705669e-01	-1.684140137973858808e-01	-2.949661008351293634e-01	-4.028790017711387228e-01	6.785281493421189969e-02	2.769315289390538171e-01	2.328382198290351313e-01	2.643288550908499610e-02	1.534113341554542952e-02	-6.311874444604601009e-02	2.357396770427103161e-01	-1.290151988596329596e-03	-1.568851315564040172e-01	1.436300823698111462e-01	9.806475721915630661e-02	3.257755373171769553e-01	5.088031993105337492e-01	4.835797488982367387e-01	4.542630690212573485e-01	3.550417797332867664e-01	3.164846175364822729e-03	1.128086563178099244e-01	2.839006858421628809e-01	-8.910749578178815689e-02	2.664662016829191793e-01	4.788372100513378915e-01	3.554522949092423501e-01	3.571372574234326081e-01	3.868807916534728886e-01	2.513532017878095659e-01	3.051927105653338135e-01	3.217260579893801986e-01	-5.688293963429866956e-02	9.545609690835095418e-02	-1.537123729644379599e-01	-1.670988284912393318e-02	1.217513729952664561e-02	6.163431326485850625e-02	2.461607630119594659e-01	2.117361923079200126e-02	-1.059162484011587219e-01	-3.773878514624943309e-02	2.149545965998012897e-01	2.620290762830979059e-01	4.677754971722815347e-02	3.836162596513043588e-01	-1.949675573400940984e-02	8.785669872666669600e-02	-2.936647918172775040e-01	2.327995847305099619e-01	3.644823388471352121e-02	4.584817185086404595e-02	-1.275678845329622675e-02	-3.034073533642066556e-01
1.347116590344856757e-01	-4.438692330423838622e-02	-1.514152216246984761e-01	-9.395054909151541456e-02	-2.698710744065918252e-02	4.986769174187195147e-02	1.144622448660448932e-01	-1.276870505598874384e-01	-1.270944333491136335e-01	-2.918237436829033693e-01	-3.101165966363039761e-01	-3.060312810294842367e-01	-2.293030136769979299e-01	4.267220280371838981e-01	1.085589111220457148e-01	-1.662858005674049955e-01	1.730025866755403319e-01	-2.443325952624308128e-01	-3.403654598848885882e-01	-1.500839558222220593e-01	-1.592015559787536561e-01	1.617088787444511400e-01	3.128085309884731657e-03	3.048658370435922693e-01	2.399903995332527684e-01	6.167262962078486899e-01	1.362658623342953568e-01	3.630499723120071409e-01	3.300375764016104663e-01	9.860094413805756131e-02	1.947899864762498157e-01	-1.632728080685200422e-01	-1.610781299028151148e-01	1.671001460966209384e-01	1.000000000000000000e+00	7.975889083913461075e-01	6.889798751324492931e-01	7.036449561859311856e-03	-2.376977322979119400e-01	7.946019865935085580e-01	-1.934592848508449869e-02	3.206160982848230145e-01	3.657236866886958149e-01	-2.015424651505782691e-02	-2.225692442270213456e-01	-2.052728189216939392e-01	5.073824480155786354e-01	-3.535458183022620327e-02	1.695837855321984458e-02	-2.756178718000346639e-01	2.792963606733706028e-01	1.944792943730877521e-01	4.329250935431970260e-01	3.893452857489345664e-01	-3.651659832631689445e-02	1.115899286372666471e-01	3.204500092913780684e-01	1.078477172540672491e-01	5.572670072803167507e-01	4.659567065388670049e-01	-2.006100434725623105e-01	4.161803171665328094e-01	3.147738771551596149e-02	4.881690478964124114e-01	1.638753465401995568e-01	-3.208451355743883321e-02	2.329636767759708238e-01	-7.769904487486120268e-03	-1.445416299753464751e-01	1.320515466391936621e-01	1.320254070912768585e-01	-2.335307286389535775e-01	-2.044772739019837249e-01	-3.936901836466029370e-02	-9.546066545758177813e-02	1.026800807612971433e-01	-2.095853700337231562e-01	-1.804924494875025931e-01	-3.242706405335175623e-01	-5.703582136438622302e-02	1.573934132322670626e-02	-1.087173026671483939e-01	3.078767652900555873e-01	1.983064939287605133e-01	3.167907250049844525e-01	5.316250585524608628e-03	2.669649509765963449e-03	4.530183373371376998e-01	-6.643592802493476779e-02	-3.271703686751494256e-01	-4.076563649831509983e-01	2.627156502682779782e-01	2.117324709401738614e-01	1.530040197571027050e-01	1.751659879320824065e-01	1.230451341734728893e-01	8.175825015366611909e-03	2.351720359481429545e-01	2.116751154828672710e-01	1.921242066929884362e-01	6.066184500667104636e-03	1.162208556693360567e-01	-2.652514708869743165e-01	-1.061470082191085379e-01	-6.389593608534915870e-02	-2.801792894143897428e-01	-1.776564970416500411e-01	-2.800378674031949733e-01	-2.305765589002240490e-01	-2.884288406732703480e-01	-2.182405301607601156e-01	-2.117557628190788466e-01	4.781597513801609800e-01	-1.121372136941869019e-01	-1.322742431589873646e-01	-7.285783875262821785e-02	2.732497451726351723e-01	-1.836067290711451139e-01	2.599009483215276028e-01	-3.941062917795810916e-02	-1.897491119973651885e-01	-2.745704640378446859e-01	-1.958747236458891483e-01	-6.163846146981665636e-02	2.336621122503939330e-01	2.521267392954925635e-01	1.300704224796559172e-01	3.641381615565563723e-01	5.630741854168826999e-01	1.461307608813457448e-01	2.387950986014824584e-01	6.665654385670619075e-02	-1.663695712944389671e-01	-5.805805890751231796e-02	3.830114038473311083e-02	-3.067521957914636777e-01	6.476733276929154126e-01	6.086145742507568235e-01	-3.287412503661123475e-01	-1.940043434462842067e-02	7.425107445699015429e-02	6.610197522185288221e-01	2.900513387378845787e-01	2.609662246105665107e-01	2.957681913589757863e-02	3.024104348535902598e-01	-2.115124812808147070e-01	-1.398293320877482537e-01	-7.242653378717994750e-02	-1.430146027476535409e-01	3.060826839759268059e-01	4.413938259156175437e-01	2.785471226275361700e-01	1.131393505890448542e-01	2.320659835049135311e-01	-1.935355245980758254e-01	2.458789905967002920e-01	1.680836136626115140e-01	-2.599518049467055766e-02	-2.032655821310532240e-01	3.726641048219619390e-01	3.908059195115723417e-01	1.575147389613144044e-01	3.029992672767675699e-01	-2.456829760511517746e-01	2.080750640214449054e-01	-2.301731703919515371e-01	3.805893379818237054e-01	2.315674066148244448e-01	-7.571581568056544309e-02	1.360549461493429091e-01	1.017840846137581245e-01	-1.387686423609635344e-01	9.024140879755690112e-03	1.769014269927098038e-02	-1.615220816435298523e-01	7.210936609575947787e-02	-1.156886527811467821e-02	-2.776228579009897279e-01	-2.759025983356231393e-01	-1.870698075688811690e-01	-2.922176027056279102e-01	-3.257178011033116660e-01	5.918099745106911516e-03	-1.940010405341720812e-01	-9.885904823639606043e-02	-9.553841775455200469e-02	8.872148412410624241e-02	2.155749553040417488e-01	1.443660209618655155e-02	3.679405051696804652e-01	-8.362843094923227971e-02	2.486235927179613336e-01	-3.798355433415135513e-02	-4.640124293927089250e-02	2.574452333824761574e-01	2.294750083269208041e-01	3.798533918546885269e-01	2.282434559643939931e-01	1.194105746851305133e-01
1.527291069506727383e-01	-8.912635670404572830e-02	-4.801866306883771640e-02	-5.189238835661788563e-02	-8.837821782185416308e-02	6.561826717766723431e-03	-3.186888883414280144e-02	-7.971484633337257153e-02	-6.611483403174960027e-02	-1.381484591004773499e-01	-2.583681239284914555e-01	-6.574510162589571050e-02	-1.695430638336059559e-01	6.050443694782848825e-01	2.042398987257498522e-01	5.161645903714934258e-02	4.019741892066313049e-01	-6.948913641098168614e-02	-1.538438075917474279e-01	-1.408155297129971839e-01	-1.374595030465081136e-01	4.099634445163195806e-02	-8.234971997252985010e-02	1.850463066660170686e-01	1.738029261261836711e-01	5.459939602196572928e-01	-5.061137266454613509e-02	3.288494932099438883e-01	4.817565327059986080e-01	1.900431503758891749e-01	2.539850477720215771e-01	-2.008682343110253510e-01	-2.602875275957388101e-01	8.031187138396152225e-02	7.975889083913462185e-01	1.000000000000000000e+00	7.221049364310582197e-01	1.354510772483582259e-01	-3.408612868341386326e-01	6.761126527829838251e-01	-6.220493239968932428e-03	2.542360951186026785e-01	2.125507067867719313e-01	-1.836942862596926407e-01	-3.297186576862549678e-01	-1.770524219504827357e-01	3.114969428174442223e-01	-1.291540120316712337e-01	-6.934095006457119403e-02	-3.259066885475062070e-01	3.206115086840286010e-01	3.672616599035194995e-01	4.414539071261659453e-01	4.886985226047494968e-01	-1.190570224957418488e-02	3.264959168985298588e-01	2.536677229849601534e-01	-8.550476710644368261e-02	3.748343735738739468e-01	2.506393688680113030e-01	-2.817877952272616615e-01	4.013795193122292049e-01	6.057808632093483747e-02	3.714141823990803615e-01	-1.668816403268971044e-02	1.225749876907734209e-02	1.824600139380423980e-01	-2.436582210477892529e-01	-2.980702460948431720e-01	1.199439352708648737e-01	4.445892520097394912e-02	-2.669824927887710642e-01	-1.976575974298283300e-01	-1.631548006087769620e-01	-2.407717652770642314e-01	-4.209046689468120758e-03	-1.692344238831919034e-01	-1.728673298579976592e-01	-2.874504957096678526e-01	7.125787699884571225e-02	7.378743206657573106e-02	-1.387717786405190667e-01	3.728076839663455044e-01	2.653798598874214099e-01	3.833988916442118700e-01	-8.019947186584365506e-02	-4.987208031208801434e-02	4.170840418209671441e-01	-9.436638537926905768e-02	-4.077081080436218419e-01	-5.140992368119661204e-01	2.752010661694883620e-01	2.725660333132952640e-01	3.058843560740469036e-01	2.121146055614074877e-01	-2.067551852083578806e-02	-4.662685669851164560e-02	2.310251587853367206e-01	2.590482418644342588e-01	1.261576976642046766e-01	1.496767651210101358e-02	2.042124282471599050e-01	-1.127776672404743885e-01	-7.432047556609971961e-02	2.922996412009658956e-02	-1.766468119247223689e-01	-1.068100713941418090e-01	-1.650927045360120471e-01	-9.539471401898344527e-02	-1.571549384320848342e-01	-9.629840212102412644e-02	-7.968940764187359971e-02	6.113407173523528471e-01	-2.188961755867992187e-01	-1.327590760445411522e-01	-3.403624985718858159e-02	3.827243787408827758e-01	-4.001057653681908827e-02	5.056463166854440194e-01	-4.319227531552127103e-03	4.102891334968366416e-03	-1.164826147116028165e-01	-9.692057801392356398e-02	-1.463402371591354667e-01	2.216115901457082482e-01	9.439772483894361133e-02	8.529009263700858268e-02	2.161582027921996607e-01	4.765171280525378195e-01	-2.083436046663898755e-02	4.031137804825878357e-01	3.052498662235396745e-02	-2.038938347862450096e-01	-6.987768991422253773e-02	5.145773155953970585e-02	-3.077072846593715827e-01	6.376803542886638754e-01	6.782250669305502910e-01	-2.672783206322314475e-01	1.936259370290349946e-01	8.625099743491324022e-02	6.277547615146733540e-01	1.637924446866243777e-01	3.210507936104375903e-01	8.014018471934560364e-03	1.390085802909836465e-01	-3.689850562562682623e-01	-2.016129713933485224e-01	-1.580061350548224164e-01	-1.784186350241942220e-01	1.312219841641985019e-01	4.438822107366556247e-01	1.584097886557921941e-01	9.446854452925829149e-02	1.051695850393787324e-01	-2.848262403750296823e-01	3.990106849931646660e-01	2.610493481327621490e-01	7.339903858316550178e-02	-1.522044461056265563e-01	4.470156285989669853e-01	4.522373307449855107e-01	6.433894894728690861e-02	3.875680843152669586e-01	-3.186481411154244991e-01	1.676245556316551255e-01	-3.334891809281284036e-01	2.842888761128382624e-01	1.808182771670728550e-01	-1.607634771641530125e-01	1.269039605473283316e-01	5.636543403037023309e-02	-3.018049471498909231e-01	-1.552819672020367692e-01	-6.671541703081231012e-02	-2.685343228936717952e-01	1.311440057242269641e-01	-3.899399387264422794e-03	-3.896695288078334540e-01	-4.078264399798325890e-01	-2.444879626516517079e-01	-4.082356973324055560e-01	-3.413146832573177858e-01	-1.091086412981042836e-01	-3.138747259671863521e-01	-1.780304379593745934e-01	-1.217317523836033144e-01	1.282126215450259954e-01	1.546584025030587617e-01	-5.587673610704563254e-02	4.321099086505077458e-01	-2.333560642429163834e-01	2.315349015077544648e-01	-1.962198063329962938e-01	-7.435291575207864101e-02	1.282693380593673826e-01	2.744692830929240102e-01	3.609019528562221191e-01	2.233943237424430017e-01	1.807804869887409127e-01
-1.871006819965309251e-02	2.624234240408463564e-03	-1.055265706898961126e-01	-9.517946931066131877e-02	-3.869900288632051755e-03	1.157085949118668022e-01	3.121413644399494147e-02	-8.819604753238403927e-02	-5.637939727255133343e-02	-1.459695782172311107e-01	-2.253174115253279708e-01	-1.295865891816664894e-01	-1.462826939276248850e-01	2.534453927441136512e-01	8.170263366657462556e-02	1.005709245908095566e-02	4.410741804648652398e-01	1.383484728283908005e-01	-4.455339922350926712e-02	5.374563414002399286e-02	-2.403191606664953073e-01	-4.971174529512158158e-02	-1.510416756516007597e-01	-6.854132280999139515e-02	2.191050634470844416e-01	2.767385606010097088e-01	-1.962633763338930137e-01	1.747796528548249961e-01	3.633008586248994698e-01	1.827874908095101503e-01	3.368634829284606891e-01	-7.094195423928176258e-02	1.889886374269092104e-02	2.772635171908233165e-01	6.889798751324492931e-01	7.221049364310582197e-01	1.000000000000000000e+00	3.206500473399786499e-01	-4.942284746962659348e-02	5.482322709452239762e-01	1.044816661887728176e-01	8.062640363969633683e-02	4.437601213075623163e-02	4.855014982137842439e-02	-2.514079346335376663e-01	-1.718317335515094357e-01	4.525954049571042082e-01	3.716411498116797829e-02	-1.489944642879145187e-01	-2.081466101667749369e-01	1.277130802696538614e-01	1.214777315208438874e-01	2.926002380379366663e-01	3.809225516863110061e-01	-1.080786424488282133e-01	9.529542811767993671e-02	4.406930624223274195e-01	1.124979692960709210e-01	6.164576128102852159e-01	4.320875170468942983e-01	1.167091172196017546e-01	3.640260903076636412e-01	2.322038085743145103e-02	3.834018019500890495e-01	1.614389148310364230e-01	6.048824071610069825e-02	1.372116955786296943e-01	-2.572554248047655492e-02	-1.141689715722805920e-01	1.154910976198277907e-02	1.683739317568157257e-01	-2.589874428978111709e-01	6.492144324569243397e-02	-1.351161810109952899e-01	-1.690372789608647064e-01	6.275004620108221021e-02	-3.862340289889489298e-01	-2.747770904802304126e-01	-1.810219268026376227e-01	-4.487750642764928161e-02	-6.398976595388913835e-02	-5.806864136990872588e-02	4.965484227822113128e-02	1.454655768657364401e-01	8.901529774079441903e-02	-1.024851040144324071e-01	-2.263014319882665146e-02	2.058811639963305795e-01	-1.421497905424882746e-01	-3.003044442607364917e-01	-4.028082670496748730e-01	-2.049986624649900377e-02	1.840406180616535048e-01	1.090266325479471027e-01	1.297852621502682002e-04	9.173685938826717234e-02	-1.969712632758307824e-01	2.547216624613033442e-01	8.548916372011472475e-02	1.453089863332904241e-01	-3.320303712608451557e-02	2.861444156704500141e-01	-1.437105913893623188e-01	-6.915374889767342270e-02	4.128289383450351596e-02	-2.263790845162789167e-01	-1.125773003557952456e-01	-1.098499035947406444e-01	-9.696834890975358778e-02	-1.375944074377362103e-01	-6.470474136208953508e-02	-4.357436185507360810e-02	3.717390464516180937e-01	-4.188766101203162534e-02	-8.566945844670249832e-02	6.958669638196662843e-02	3.573018310388411667e-01	-1.751262802717837644e-02	3.921606712398935657e-01	1.732931902589593398e-01	3.404564271258800345e-02	1.000196297282423229e-02	8.389665349835798147e-02	-2.683601369276891746e-01	1.513454118585594033e-01	-1.974411825112743456e-03	8.562428846450720332e-02	3.547248412398546630e-02	2.063963475721837526e-01	-1.043280639482607880e-01	3.587516099662209079e-01	2.453598085291156805e-01	-1.021467660640685698e-01	4.088354165485487413e-02	1.462886593372804411e-01	-7.997528191181671464e-02	3.561955077709387796e-01	5.094194519018466760e-01	2.972133356472199481e-03	3.075060684869921346e-01	2.973117318906022821e-01	4.947653848292150602e-01	2.262842459699555275e-01	1.382527193721453107e-01	-1.001881622717396420e-01	-2.114125854240493652e-02	-2.750456152212922833e-01	-1.038738892869138092e-01	1.182880709019220877e-01	-1.498209929383327588e-01	2.553881219948074821e-01	3.120500201059445700e-01	2.797415958428890459e-01	8.288310079274020803e-02	8.487034824706470026e-02	-1.906152924664083204e-01	2.521810244782545785e-01	3.603618925931532935e-02	-2.550474776791995454e-02	-7.811999307502376366e-02	1.970809370124300963e-01	3.433077369260945089e-01	7.138706199275278441e-02	4.188001121867824250e-01	-1.960081499356897961e-01	2.810648474387779649e-01	3.495649628751175408e-02	1.318758190860065405e-01	2.346025698389411496e-01	-5.111437683950158239e-02	1.201123214298720557e-02	5.707850029449056811e-02	-2.096425254474076627e-01	-2.580370070939659588e-02	1.374831772955055487e-01	-7.318066982328964853e-02	7.279040987912363536e-02	1.995478710396369759e-01	-3.249148910264708090e-01	-2.106005040939445960e-01	-1.146219743950160908e-01	-2.710384653956543488e-01	-2.361970257041518806e-01	-7.148978839442091116e-02	-3.511086385559338691e-02	-2.565375382685758376e-01	-1.295838882433301802e-02	1.827489942244151233e-01	1.900842198523016446e-01	-7.548020707297850573e-02	2.329290124948070750e-01	-5.556063863558451110e-02	2.810113804101595572e-02	-1.168823580971942583e-01	-5.228524092258240996e-02	2.261462819972333005e-01	9.898897082799096303e-02	1.582820172379709456e-01	1.963217571018066043e-01	6.533415959774890869e-02
1.061107454252513405e-01	7.901103930154805555e-02	-3.749573017380867374e-02	2.863908795862398771e-01	2.341958152449339914e-01	3.576882152433880635e-01	3.369749169272046041e-02	-2.555638947598302124e-01	2.848869295674874569e-02	-9.586207494166189280e-02	-2.056671907265511245e-01	3.936632765787852206e-02	9.564334087587053612e-02	9.507535687483811837e-02	2.380735501034002277e-01	4.256351433030027831e-01	4.851255559943359885e-01	5.258222103133017855e-01	4.267445896357343615e-01	3.166145516813888006e-01	-9.823342392112799359e-02	-2.746758324147268726e-01	-8.623577678866493901e-02	-2.420514531392261026e-01	2.466057738387325690e-04	-2.837064293189308639e-01	-2.033803174625361254e-01	-3.097725514128513158e-01	1.997495576296871300e-01	2.167270528974238886e-01	-5.929172014317374458e-03	2.983369416398012897e-01	2.546128063233107919e-01	1.047047751648149533e-01	7.036449561859310989e-03	1.354510772483582537e-01	3.206500473399786499e-01	1.000000000000000000e+00	-8.818041941430050656e-02	-1.482055455826384871e-01	1.212480820104068074e-01	-6.503540574378849359e-02	-4.089570467403122467e-01	9.882066024090007880e-03	-3.219040234266786205e-01	-1.936060276837993713e-02	-2.677556270743555733e-01	-5.186540437216316524e-02	-2.669829901282212425e-01	-4.185754332221824914e-02	-4.336191388338387909e-01	-3.111952557010043141e-01	-3.597808642182163258e-02	-1.509959655313072302e-01	2.189066926105572020e-01	-1.324509087745650258e-02	-1.033495594903732079e-01	-8.153998226163371166e-02	1.136307278153931427e-01	-1.385679390340538164e-01	2.222645200081696526e-01	-1.675148150315131923e-01	-3.376414009523932558e-01	-2.211068262964009379e-01	-2.624345937384178762e-01	1.392699703980271493e-02	-1.830604919030325017e-01	-2.661605108074756032e-01	2.836077480614831135e-03	-3.430931177719627745e-01	4.014821539687415258e-02	4.210373321293154475e-02	4.173605009084447315e-01	-1.161610391182397485e-02	-3.005588871014175378e-01	-1.103969754194944475e-01	-2.410823075332811927e-01	-8.474215189975994877e-02	2.641124201897782076e-01	-1.466216727681124155e-01	-1.462131585451793558e-01	-1.672430575521861029e-01	-1.004281428982150143e-01	-3.023768296018564672e-01	-1.849614721451488530e-01	-3.045163929732183083e-01	-3.920781101393825963e-01	-2.946483066773067927e-01	7.009769978479207797e-02	-9.026544895015940762e-02	-6.244693996774184491e-02	-3.163910426105299156e-01	-1.000653786786634414e-01	-3.654956139215377320e-01	-3.871617554988471821e-01	-1.853694922210482876e-01	-3.301159949623377332e-01	1.117554137020640714e-01	-2.458167367765319855e-01	-3.143720426179561489e-01	2.630360471438360492e-01	4.420146354522193344e-02	2.590515234767479802e-01	7.843628518579262576e-02	4.304245077343102355e-01	4.085869640154863869e-01	-1.932736004082953596e-01	-1.290671978142253762e-01	-9.584737942443988246e-02	-1.144341416702575609e-01	-1.731347396362845903e-01	-1.362071208244685916e-01	1.740502450333670792e-01	1.103402634684010619e-01	2.396145414586519917e-01	2.808550007914586977e-01	3.707382895754072760e-01	3.552475547331279682e-01	2.978405824144482739e-01	2.893503464559695204e-01	4.716770673397182034e-01	4.174912346408496955e-01	3.797023841852441017e-01	-7.430233152555230924e-02	1.617538846974735101e-02	-8.038562267559870578e-02	-3.586435693508174816e-02	-1.998775447320802479e-01	-1.015125567749293745e-01	-9.400514033596055197e-02	1.088581001724218678e-01	-1.779798994036831394e-01	3.180513605495927654e-01	4.361180680032363255e-01	-6.886119279707866858e-02	1.499129122935184966e-01	-5.269804082159502967e-02	1.866509916710655526e-01	5.283897935035977156e-01	6.992189043599404963e-01	1.960440938912638709e-01	-1.381469313352879646e-01	-3.168743295070616250e-01	1.577939714958645490e-01	-8.259452722082519238e-02	-4.222528131024693154e-01	-1.397804623485019160e-01	1.880876133430653685e-01	1.957271840893652914e-01	-1.791813599533699231e-01	-4.065824212890299938e-01	-3.754455582060199914e-01	-1.920177086281938394e-01	-3.645220999951834240e-01	-4.612416426825404203e-01	-1.818191574270913435e-01	-2.159308163969542449e-01	-3.989994032966731052e-01	-2.760833634927682967e-01	-9.590220396488036148e-02	-7.718210385168668142e-02	-1.763816042787629823e-01	-4.199688893389014743e-01	1.486380776838629736e-01	-1.208430630217722374e-01	-8.319044550919324488e-02	1.356861728575621817e-01	-5.653344518581495670e-01	-4.391706105908703694e-01	-1.521577140640268111e-01	-4.511821067056338563e-01	-2.567447554651152708e-01	-3.176414100989184419e-01	-2.581669489280972729e-01	-1.967049405936498740e-01	-3.970950657334183509e-01	-4.039871603031596758e-01	6.344148776560180891e-02	-3.915224372092859784e-01	-1.913500298716620807e-01	-5.586825562834320247e-02	-2.375184616168408980e-01	4.743243572249345591e-02	-4.631219813650092054e-01	-1.826825215357097132e-01	-3.326210891646464995e-01	-3.587582011440929586e-01	3.805466836302837802e-02	-3.018997256345792857e-01	-3.578796374611029063e-01	-9.630657908687767499e-02	-2.777671019149505760e-01	-5.487295587632143867e-01	-1.477279618162141428e-01	-2.024397273042093659e-01	2.122624228002240876e-01	-2.230082945249174109e-01	-1.671565543485132588e-01	-3.068446015833388163e-01	-3.919826100642177513e-01
-1.857778930864091016e-01	1.236178475687460809e-01	2.336156911376924550e-01	-3.980975186290956758e-02	-1.765097148137040051e-01	5.556881695790051069e-03	3.614728513005130983e-01	-7.749815734155753033e-02	-1.592028455897762373e-01	-9.011191749144849272e-02	9.512579202077239837e-02	-1.964071518458652965e-01	1.464927487357259306e-01	-6.628282502276582056e-02	1.941630326291611253e-01	2.526619633963126388e-01	4.121952623706475610e-02	2.692088194578409754e-01	8.587143211849132540e-02	4.441689332961190617e-02	-2.110224044201912119e-01	1.728570598563229366e-01	-1.040091782441099344e-01	-1.679676858898022651e-01	-3.638672367859734080e-02	-2.803427378229026434e-01	2.499407845240553816e-01	2.388256899319595172e-01	-4.822383370771924360e-01	-4.206308404694290015e-01	-1.640074380075889071e-01	1.768563085206611152e-01	3.634619297490733758e-01	-6.438274728678744507e-02	-2.376977322979119400e-01	-3.408612868341386326e-01	-4.942284746962659348e-02	-8.818041941430050656e-02	1.000000000000000000e+00	-3.690215491622651500e-01	-3.839780853838026808e-01	-4.451447052776863478e-01	-8.143680179295621768e-02	2.966640641577714121e-01	5.341818459818802323e-01	3.822654960480869613e-01	7.971243033708927395e-03	3.514495054312246625e-01	4.340249774334020531e-03	5.036202932313442737e-01	1.956025794409528562e-02	-4.981360035508182460e-02	-2.403653280597898567e-01	-1.687820761439809691e-01	-1.438750772506450226e-01	-1.914752257535627389e-01	-1.908108206432788112e-01	2.419175346195918952e-02	-1.195191490996961869e-01	1.348744154664204276e-01	6.488167679176048974e-01	-1.420658070728005040e-01	3.722563176559092191e-01	6.566144669717634968e-03	3.615347255786220404e-01	2.057888312614068460e-01	-1.657830429383513882e-01	3.856874974956812641e-01	1.302295350910561977e-01	3.106680359237034769e-02	3.492958904427506672e-01	3.111009444686275716e-01	2.919563854297100303e-01	2.371104209644333272e-01	9.959286434670629184e-02	1.906336502239263098e-01	-1.882858807298549153e-01	-1.448250067097955340e-01	1.462875548556501759e-01	4.250747570031121296e-03	2.487278364594777136e-01	4.454283519478519082e-01	-3.464455862590762880e-01	1.315460469831777023e-02	-3.397939012267884307e-01	3.011196486643369918e-01	2.935230176730094231e-01	-1.638119138865117841e-01	-2.777714373063805975e-01	4.317678703230973802e-01	2.086485388812445441e-01	8.889553043251668951e-02	-2.881212254705954323e-01	5.645322594165735203e-03	-1.096491095545130620e-02	-3.318544597866174978e-02	1.250026034408921738e-01	-7.256862295216284786e-02	-8.281854274117815204e-03	2.208850966353104461e-01	-9.718290752892694284e-02	-2.505301607601566061e-01	4.015689453284684851e-02	-1.109704779481639481e-01	-2.758440104609337085e-01	-9.496972274164537653e-02	-8.765315282316042678e-02	-8.210430166943770425e-02	3.712856885194497185e-03	-8.528125613407611105e-02	-1.240556642085973993e-01	-6.626358869906129323e-02	-1.857691763148808795e-01	5.836161737406819761e-01	-7.432737024537359148e-03	3.071917841553031270e-01	-2.914596112219622337e-01	2.229837919520889500e-01	-1.579889750463321640e-01	4.282931169675335270e-01	-1.754374977443012851e-02	6.849064516474027975e-02	6.519014666144985759e-02	1.468108944069238669e-02	-4.276428814591626965e-02	-1.778360633327654983e-01	6.500603549535233228e-02	-2.034618583282907511e-01	-1.979160814825307591e-01	2.381302383938034006e-01	-5.398010525149791183e-01	-2.645071831571440754e-02	-5.562269099014437862e-02	1.043703462252687647e-01	-1.273705000250568431e-01	4.059406724093048840e-02	-4.232667633205814961e-01	-3.531425367637416324e-01	1.057706763768651997e-01	-1.233929309643136581e-02	3.593939557991183698e-01	-3.141732377858690861e-01	2.545191329779373235e-01	-2.685111586206220119e-02	-1.164338528441775655e-01	-7.863852626667167112e-02	5.319724452910956636e-01	2.181579494291120691e-01	3.353458206362229244e-01	4.870056726415161186e-01	2.007978886255292472e-01	-2.870492655602435161e-01	2.756754381708860224e-01	4.379062722057786572e-01	1.748502168304023330e-01	6.628705224890077963e-01	4.179437958831408451e-02	1.019754581929312003e-02	2.616936546034156000e-02	2.898293507511103817e-01	-4.821508864923251814e-01	-2.089344061171861944e-01	-1.339366503603077740e-01	-2.821054803510655296e-01	7.981259069048390886e-02	7.412382792725365210e-02	6.880944104737708455e-01	-7.611505282139181816e-02	1.171876613308357601e-01	5.032340635602672307e-01	6.349378207435435288e-03	-4.384855361778795813e-02	1.993442287714601857e-01	2.910392697234995829e-01	3.523495563681643405e-01	5.594873717831873039e-01	1.042937275746471659e-01	3.697042520889341488e-01	5.893719058257226306e-01	4.901064939359033867e-01	4.370414679832903548e-01	3.965943779772984068e-01	1.757354690554282783e-01	1.854756334381428839e-01	5.606077068136794406e-01	1.739143301081059190e-01	5.359672781845393752e-01	3.295040536462787162e-01	2.357813744267616418e-01	2.104382782552843834e-01	-3.162467926716157618e-01	1.300773540784218862e-01	1.061964752540918433e-01	2.997302230044844931e-02	2.580087662082762301e-01	1.318389310947273574e-01	-3.328362459299524234e-01	-2.490301857513170514e-01	-1.158460204204551924e-01	-3.467615772472112251e-02
1.879594937729772430e-01	-1.706040234211203821e-01	-1.323110778129608089e-01	-1.564589517181016187e-01	5.004156178405362587e-04	1.449427209864972976e-02	4.386968008937933844e-02	-2.512729290781508251e-02	5.035770709453712274e-02	-1.266147006687787235e-01	-1.149565538171477275e-01	-1.730779075569977565e-01	-1.565569527189832610e-01	2.536745317441270187e-01	-3.524488388887567908e-02	-2.716409739563532821e-01	9.658686704802996181e-02	-3.340474984317122198e-01	-2.681114383350213792e-01	-7.518027686179289126e-02	8.332338140758693834e-02	2.608743431207985464e-01	2.184433860134278871e-01	4.609420979921541317e-01	3.260250427846866361e-01	7.448571483684792716e-01	1.006998270729000944e-01	4.111162837423438798e-01	3.969656967690712301e-01	1.933074640960432411e-01	2.823501807516909934e-01	-2.218691327863882290e-01	-2.751121057465060749e-01	1.169257494539743814e-01	7.946019865935086690e-01	6.761126527829838251e-01	5.482322709452239762e-01	-1.482055455826384871e-01	-3.690215491622651500e-01	1.000000000000000000e+00	2.619945687662440514e-01	4.844971726917010613e-01	4.562290656109343479e-01	2.692092473362676236e-02	-1.166180602063735527e-01	-1.388273017163036416e-01	5.576248972336689258e-01	-6.074128278190025348e-02	1.948172080008642726e-01	-2.223000581009285659e-01	3.030642294303725892e-01	2.161015880761898156e-01	2.801818390641352408e-01	4.103159786678717835e-01	-2.592367914130161988e-01	7.423376620715922691e-02	3.293602266136211321e-01	4.526046911157066699e-02	3.854812886713842035e-01	2.945613822689143180e-01	-3.628282509993410732e-01	4.920279728161893185e-01	5.151402251724481601e-02	5.513266208070276564e-01	1.134902490578370282e-01	-5.952319067813733461e-02	2.395228513492382305e-01	-1.047470442553938702e-01	-1.640098651730681478e-01	1.920801631033281498e-01	-4.554431141343934925e-02	-2.416194867970237192e-01	-3.693161177991657884e-01	-8.066453468543595406e-02	-1.425600304756738379e-01	7.008625727781302162e-02	-1.577890959139420790e-01	5.784813982303549894e-03	-4.121633910569068582e-01	3.200029306288858927e-02	-1.214429528316087886e-01	-1.358156326251757084e-01	1.609318957172909126e-01	2.111766735139628537e-01	1.595752134181268045e-01	-1.242650240144560492e-01	-8.725370137924390312e-02	3.792077240663193627e-01	4.667933030728567412e-02	-2.067325330947653306e-01	-4.011051622457027510e-01	1.963813533186078431e-01	2.858144313483773624e-01	2.060518484999171729e-01	2.188167405128084719e-01	1.228758200547551693e-01	7.957911027725417252e-02	2.300858223253152424e-01	2.463403579514185371e-02	9.259713312736334023e-02	-1.673638217186294852e-02	2.081981937309239916e-01	-2.701711041190572038e-01	-1.431712601125626760e-01	-5.484479907298663026e-02	-2.625064310339782492e-01	-3.212480550462793599e-02	-1.201158438700228731e-01	-1.501335075025100607e-01	-1.475992146802446725e-01	-5.641781545781055646e-02	-7.607992281599595952e-02	3.864516495962712628e-01	-1.862917749126948297e-01	-5.942767705694482205e-02	-2.007276311949313385e-01	3.015907654692512319e-01	-2.461612630597287965e-01	2.854870405592300764e-01	-1.479607399145616842e-01	-1.548888397397326089e-01	-1.893864414864845913e-01	-1.346066272659067475e-01	-5.339524696296640838e-02	1.361312826913508300e-01	3.495383085212035446e-01	1.749078528688685907e-01	4.377011138265354817e-01	5.062239671585094802e-01	3.631096003328029148e-02	3.499442369013094356e-01	1.552196673282183192e-01	-1.779180161945508043e-01	-2.214555094439040195e-01	1.199067220315488125e-01	-2.462580912863926441e-01	7.049317698498872575e-01	5.777650860765582985e-01	-3.656846805756963636e-01	-3.447313310528551250e-02	4.083508606053382062e-02	7.417381833368112964e-01	4.122216515340859644e-01	8.990221227504281709e-02	1.044874348927463670e-01	4.125593480956383230e-01	-1.385348296744542129e-01	-1.265935395968429134e-01	-2.768386019316278895e-02	-2.935161417347993337e-02	3.153994559121233721e-01	5.796914520966071072e-01	2.507236836405615787e-01	1.562291537950842024e-01	3.358330524395513050e-01	-2.108843256901788976e-01	2.151247946261942434e-01	1.651962092128657078e-01	-5.387858190033460032e-02	-3.087672979732037915e-01	3.054090566524347850e-01	2.936086870522691683e-01	2.483162388980917901e-01	2.900564365189019500e-01	-1.948028487920499263e-01	1.558746992608684157e-01	-3.505414683991353031e-01	5.397966513501993857e-01	3.593078860732539237e-01	-1.858930106485469635e-01	7.999931326320118552e-02	1.109267945718505760e-01	-1.513904968901805814e-01	-2.251065796584355780e-02	9.800271763976990680e-02	-1.298728845565791101e-01	1.596815647373392155e-01	-4.629201368705655739e-02	-2.846000575158022516e-01	-3.384964731077506617e-01	-1.888128670278668153e-01	-3.166819225406096172e-01	-2.981950603336314121e-01	-3.117358611493938753e-02	-1.818542298980803662e-01	-1.321921739054635336e-01	-1.515654163416298994e-01	1.303275163257540913e-02	7.119160189917510262e-02	-1.366550727957314450e-02	1.485109808692502142e-01	9.849240040852275113e-03	2.704463535038268973e-01	-1.969550203764169546e-02	-9.565687724388784174e-02	3.388077504328764616e-02	1.191279590997180449e-01	2.225196125641105138e-01	1.495510788582960215e-01	1.162541662957080196e-01
1.372248673469340929e-01	-6.842602865835563375e-02	-1.858142095895199131e-01	4.318974490194627674e-02	7.128992809046844070e-02	1.104734535066622669e-01	-1.326753234554298444e-01	-2.424048255820562547e-01	8.982214569754898292e-02	-1.580550224866174303e-01	-1.871820648698725997e-01	-1.475409738261266035e-01	1.843661882050007528e-01	-1.942560472123130988e-01	-1.302730366347390756e-01	-5.844806358068205948e-02	-5.341420696753114775e-03	5.902065880628362682e-02	1.942838669392065731e-01	1.267593873802621840e-01	4.734677633164589006e-01	6.696246911169086158e-02	4.179421441103199908e-01	3.259500888940267127e-01	5.497167657718547880e-03	9.656438344887303959e-02	-1.607493582015394051e-01	-1.494609273392310395e-02	2.209608031356497526e-01	1.816654714952490868e-01	-1.767835830573976919e-01	3.570347094900668677e-03	-1.624226150198112076e-02	2.592547566130989911e-01	-1.934592848508449522e-02	-6.220493239968932428e-03	1.044816661887728176e-01	1.212480820104068074e-01	-3.839780853838026808e-01	2.619945687662440514e-01	1.000000000000000000e+00	4.964645960732174124e-01	2.852082203419722961e-01	4.994817825291816143e-02	9.168111677347166866e-02	2.070401933136661616e-03	2.358109898309235231e-02	3.918349939333898996e-02	2.839475651533288625e-01	9.654882291114200155e-02	-7.224068570092781472e-02	-8.147255684220393313e-02	-1.545890531067030393e-01	4.675193783899311145e-02	-3.157848824241367702e-01	-1.924850060906479685e-02	2.083304147040262733e-01	5.481058512434031776e-02	1.040861119531951429e-01	-1.258683443241581379e-01	-2.493056035846831220e-01	2.990781602889022173e-01	-1.578643507540401225e-01	1.560204803473536350e-01	-5.218761319355449263e-02	-2.663275151923699333e-02	2.204909011573369382e-01	-1.063520299516729634e-01	4.250852798648695891e-02	6.804277501198160993e-02	-3.620860578629406246e-02	-2.072771660664290416e-01	-2.473268180410795603e-01	-2.654672575156807532e-02	-8.771584081755735840e-02	4.494836989140140598e-02	-1.779003819057369540e-01	2.640144805048337817e-01	-2.150034709218439366e-01	1.540150607172995068e-01	-2.234198126850528709e-01	-4.775925060741854217e-02	-6.083551472148718275e-02	6.356550604698149587e-02	-1.296339285480316295e-01	-2.269056286328158811e-01	-3.517587998445513842e-01	-3.598209651320648673e-03	2.746573839747210588e-01	1.610834897170726476e-01	1.122012400818095113e-01	-1.280854706982891278e-01	2.993651302154953231e-01	3.366382872012675664e-02	1.021699563453619675e-01	-1.486767825941100463e-01	-2.111732549316425178e-01	1.742541938548773373e-01	-1.769008690091879166e-01	-3.084773197750982354e-01	1.500428515176905064e-01	-2.323065873682193805e-02	-5.512784323565273620e-02	2.891309656187353045e-03	2.040166867185838340e-01	3.834325737097350056e-02	-1.283275915402684042e-01	-9.424145772912033425e-02	-2.379028753091553816e-01	-1.730436002904972570e-01	-1.364213078736608853e-01	-1.158752484219746082e-01	-3.223472381959467670e-02	-8.343591232180543049e-02	2.397380812011607187e-01	-1.721164055648150282e-01	1.742822541008034742e-01	-4.643978888069565797e-02	8.422706589797518406e-02	-1.106748361630595923e-01	1.295948828697452149e-01	2.224959109174933225e-01	1.307705144042863032e-01	7.355451213356339890e-02	-1.337089882649587225e-01	2.433948420179989081e-01	7.810014540059963262e-02	2.303925482341694364e-01	-9.171858933300287842e-02	-1.975648030130409960e-01	2.695086804969908378e-01	-1.061504391016932086e-01	1.016912505733505584e-01	-7.020595383168046211e-02	2.591529712307465982e-01	2.563605921546504018e-01	1.429761831821150242e-01	1.048146075281421730e-01	-2.330221781943478399e-02	1.800621005322875501e-01	-6.708409793844727353e-02	1.675938683660173345e-01	2.183321876216467727e-01	-4.969975972089545058e-02	2.064543086028303442e-01	2.853381389960945036e-01	1.358390243961392005e-02	1.253276764824273748e-01	8.083012987788974757e-02	-8.782436331248473504e-02	-7.413178904045009121e-02	3.155954868534177060e-01	-1.764954165565187777e-02	-1.065634132701165360e-01	8.222365433630074438e-02	-2.250073238986924906e-01	-1.416307843036038461e-01	-1.652393021881424784e-01	-1.724356749657909582e-01	-2.774655418455458378e-01	-2.730410463155108491e-02	-7.268285384309244868e-02	2.236203757626887556e-01	1.946456397786419379e-01	6.197169581995789003e-03	5.316252026944738585e-02	-1.098679075935766192e-01	1.232124467827897252e-01	9.702947756592007755e-02	-2.811655974239251066e-01	-8.013201147849202677e-02	2.762997858533204273e-02	-8.267011392993413310e-02	-2.250850465146427698e-02	8.775153684319772496e-02	-1.041404282817866428e-01	9.437851656790131535e-03	2.375277111445386630e-03	-2.062459955097799280e-01	-1.991106550678032883e-01	-2.402538153697757195e-01	-2.453375886903681191e-01	-3.898083431101003610e-02	-3.648034069052438211e-01	-8.013914598261201450e-02	-3.214948083289883574e-01	-2.754339196269611767e-01	-1.818394460916325159e-02	-2.675050181851290620e-01	-1.100166785688846266e-01	-1.189212200854479484e-01	1.686110368277372040e-01	-1.521512356287504919e-01	-2.068593239573914833e-01	-3.171585301206298335e-01	-4.313138710636468809e-02	-1.867915674631257517e-01	-2.067231569714517436e-01	-2.441011554468977829e-01	-3.010377301111474835e-01
2.121671885893768872e-01	-1.553066783805404361e-01	-2.061941547441074885e-01	-5.054487328131869461e-02	-6.328917685894136502e-02	-7.977860780415457764e-02	-5.436224974172716023e-02	-2.180842739323194876e-02	1.537064975518919463e-01	-1.183516651639278938e-01	-7.665820033036099823e-02	-1.761814846530396494e-01	1.907031753482208436e-01	1.149543852002843924e-01	-6.938791146214326466e-02	-1.324574885996106510e-01	-1.772134756466652375e-02	-2.293245760899640662e-01	5.084936701546744625e-02	-4.840189453981486728e-02	4.468383020770524960e-01	1.666499058129629063e-01	3.937898366506935588e-01	6.467943454269854398e-01	2.533018627202475170e-01	5.205028710247739943e-01	9.051636793333464950e-03	2.787955728928898647e-01	1.791717338544560334e-01	6.678193963364426056e-02	-1.011016139333390657e-01	-1.465060636040539099e-01	-2.198846004821556066e-01	1.394132736178994858e-01	3.206160982848230145e-01	2.542360951186026785e-01	8.062640363969633683e-02	-6.503540574378850747e-02	-4.451447052776864033e-01	4.844971726917010613e-01	4.964645960732174124e-01	1.000000000000000000e+00	5.684999264212462489e-01	3.348306800188785570e-02	2.949987155602837308e-02	1.337383676757885609e-01	2.332269766093932883e-01	-5.662855600689715302e-02	4.813409841812049672e-01	-1.880505494988651827e-01	2.038455924617768866e-01	8.668831303408967848e-02	2.601284701938116339e-01	1.057314611636220453e-01	-1.874195983578154368e-01	1.546962844046575747e-01	5.854015444608937774e-02	7.044712644441093741e-02	1.181254599305900932e-01	1.326619736525012742e-02	-4.514553866358512191e-01	3.599526360602843256e-01	-3.622743696417283360e-02	3.482721481131424435e-01	-6.436057802997287303e-02	-6.514914487072959171e-02	2.508236215176228856e-01	-1.061857600103551513e-01	-1.570980594085976956e-01	2.486132212125342911e-01	-1.263203006137445794e-01	-5.373272255891895638e-02	-3.098491770848991189e-01	2.021752486403698146e-01	-2.074824649896232776e-02	-4.064324262778343938e-02	-8.852187457138691040e-02	1.070673923656416948e-01	-2.877137518955057982e-01	-9.213445019401080016e-02	-1.217523061781873722e-01	-1.333066726904996446e-01	1.878340810947679018e-01	1.635244658339708446e-01	1.683653087083573363e-01	-9.981474391431215121e-02	-2.308979290815384167e-01	1.615128956077440947e-01	1.269434850489133959e-01	-1.524720941082285397e-01	-1.010156173256924854e-02	2.472343034677744467e-01	1.326317046333080063e-01	1.344802063746983467e-01	2.888496467879590468e-01	-1.254376496139639717e-02	-5.949087794692175385e-02	4.555631070013387539e-03	-1.102502068170444494e-01	-1.220385602170726003e-01	-4.675905366725351814e-02	-7.784682021078954961e-02	-1.688227153659097035e-01	-1.114206469063244304e-01	-1.937781712938667486e-03	-1.637231713870903049e-01	-1.308390992210153869e-01	-1.114944053516773170e-01	-1.828625721972991502e-01	-1.109185926118530230e-01	-8.879226127836689630e-02	-2.192007548157966224e-01	5.784007826819331788e-02	-2.451533833750314251e-01	2.033238996917067776e-01	-3.204562315022316255e-01	1.542782208382133535e-01	-2.277325566431759318e-01	6.978352060151780945e-02	-3.047965667336450246e-01	-1.364353965899128655e-02	5.680985825125391825e-02	-1.255400585311850503e-01	1.293392918142015902e-01	1.069292489023555663e-02	3.732049603890447709e-01	1.392243437172922538e-01	3.647095448254115690e-01	2.461366884913967767e-01	-1.299817095034800363e-01	1.283612706666471537e-01	-1.566186828469844916e-01	9.953087559181085769e-04	-1.170713035626151227e-01	1.908727045446578785e-01	5.017009262221097665e-02	2.624868424346687434e-01	2.840775157945188978e-01	-2.878364794904206270e-01	-1.990198331273758045e-02	-2.911161899453838520e-01	3.111107557681197511e-01	1.417357180597468846e-01	2.174518644077413909e-01	3.378405183638227838e-01	4.209358534840542121e-01	4.821996154668587234e-03	1.451276664739669098e-01	-4.014586736636682751e-02	2.359113599671945616e-02	1.460201441551242929e-01	4.537218393588410281e-01	7.153191381497497892e-02	1.175297261648687863e-01	2.682012186708455648e-01	-2.175551650794898539e-01	8.993733435085612959e-02	4.637437585728827749e-02	-1.571161220002031955e-01	-1.823370201249265299e-01	1.192092033596250655e-01	1.316970964961546864e-01	3.032256144110506146e-01	9.846304982217375656e-02	3.739420650954280306e-02	1.589822113294169781e-01	-3.316573676150775807e-01	3.987239726482183499e-01	1.561990908722025728e-01	-1.866853051736470093e-01	1.378940919847876923e-01	2.418149299839857380e-01	1.285804532546810756e-02	1.161768339344290829e-01	1.067473313505555577e-01	-1.155254395300116671e-01	1.870393293800524104e-01	-1.336939431210869000e-01	-1.281727890518926938e-01	-2.923686487292358471e-01	-1.604599244121881485e-01	-2.507220764595669005e-01	1.572895524205904227e-02	-1.545511256135052025e-01	-1.437200495524681987e-01	-1.136281989393241598e-01	-3.455752528319051553e-01	-1.544910817942771186e-01	-1.411149606379482890e-01	-2.254033629804297334e-02	4.375507179134766750e-02	1.093166800321217214e-01	1.372873095334159188e-01	-1.114325122235122201e-01	-2.843898915077480161e-01	-1.017521990600301907e-01	-6.985886040030785289e-03	1.818398954204974299e-02	-1.536997114804665165e-01	-1.348322846767576744e-01
1.455913907475208657e-01	-2.039498086531245924e-01	-8.800979726358400257e-02	-1.441369013289076073e-01	-2.499326926050803588e-01	-7.887095188371030796e-02	2.093134212333189748e-01	-1.768196167881732617e-01	2.513514303498859057e-02	-3.313757072317019547e-01	-2.002079188368735274e-01	-4.311992562558963904e-01	5.948783088176111400e-02	1.102442735571814297e-01	-1.264783929472859114e-01	-2.592965750161184135e-01	-1.602776074601302281e-01	-3.171576376437166278e-01	-2.166950689624122794e-01	-3.047918490274834635e-01	2.981661581501304226e-01	1.912082577499251423e-01	2.481561105271372358e-01	6.105240760230609132e-01	9.926902113790293802e-02	5.327533224850998783e-01	1.247572389013692218e-01	5.163496192244521055e-01	2.465259938764535058e-02	-1.586893226280877145e-01	-2.275416685540065653e-01	-1.125973707292504261e-01	-1.312300720477239113e-01	8.295737630271413088e-02	3.657236866886958149e-01	2.125507067867719035e-01	4.437601213075623857e-02	-4.089570467403121912e-01	-8.143680179295623156e-02	4.562290656109343479e-01	2.852082203419722961e-01	5.684999264212463599e-01	1.000000000000000000e+00	1.064163671385466720e-01	3.190860806258887239e-01	1.359948569157659604e-01	3.781086542893738467e-01	1.680159231887982108e-01	6.680320141267990230e-01	1.652310647479238517e-02	4.785737721481995721e-01	3.088863232800860281e-01	2.047296068962028426e-01	1.335372248129375050e-01	-2.817931894536300774e-01	1.509300628507668773e-01	1.464523416936352185e-01	6.892694841903081182e-02	1.498775567317505719e-01	2.488705441033035592e-01	-2.627016571348855245e-01	5.552880610127448602e-01	4.101707410006789623e-01	6.296013499059444074e-01	3.479366659372733483e-01	2.228242101215353876e-02	3.486676858799575562e-01	1.187298265399791691e-01	-8.765558609433192483e-02	4.426832139374198283e-01	1.243176300539353546e-01	-8.499964857049903399e-02	-4.625063145515411200e-01	1.416516708866696894e-01	1.136282337119525615e-01	2.222385709520059149e-01	-5.548811702094412490e-02	1.219860010222051094e-01	-3.605669760364353382e-01	1.632350857445247772e-01	1.138777488312431307e-01	4.353366442122949542e-02	1.859952083662660960e-01	3.840235573682659331e-01	2.612749074168204122e-01	2.394743383886186183e-01	9.396990994075662962e-02	4.575605326889014557e-01	1.275119546108596513e-01	1.584406826386603184e-01	8.197624463416232354e-02	6.139863102404283790e-01	3.290457114774068548e-01	4.766591475058332694e-01	7.123530041375463195e-01	2.984428696746109499e-02	1.540428570420400434e-01	7.757676973050924019e-02	2.235801110354368182e-01	2.328850728935507042e-01	-3.313177625314037839e-02	-2.031072386597731205e-01	-2.102688856153531738e-01	-2.414722335214145033e-01	-2.360596412447610315e-01	-2.734786349336596478e-01	-1.863244229617171399e-01	-2.638414997191255162e-01	-2.910768118797247839e-01	-2.965794315763511935e-01	-2.676930629206513146e-01	-3.544592987684002661e-01	3.797173950290444466e-02	-1.297066964002964451e-01	6.944612938893654497e-02	-2.559247178126028421e-01	-1.915217545247504816e-01	-2.744534331953740747e-01	-1.378471110075767947e-01	-1.866104946867071235e-01	-2.410736010556701059e-01	-2.155809981483791660e-01	-3.713667514991188523e-01	3.204514148838813123e-03	-4.743187864174928936e-02	2.709830759502294129e-01	7.502627669708848701e-02	3.772680743018590466e-01	1.851822664371777227e-01	-3.108955143659491299e-02	-2.173580989957921497e-02	-1.668624288750018281e-01	-1.087424447932695271e-01	-2.205157213019570683e-01	1.754042056633014213e-01	-1.002412816089866127e-01	2.056703524241693670e-01	1.111317360892482009e-01	-5.301896890368913429e-01	-3.305887194289185982e-01	-2.344907657691844283e-01	2.316825193922991688e-01	4.553000686383503193e-01	9.458866762111546589e-02	2.864942718563886492e-01	6.189157625655538064e-01	2.526452601753163552e-01	1.182161646510755809e-01	1.865944188875796189e-02	2.402160312349304050e-01	2.989489673906050027e-01	5.921803213518319620e-01	3.324827510784510998e-01	4.125505835451599435e-01	5.304450522181552996e-01	5.208642573234176926e-02	2.898602384508104923e-01	3.628555851376527586e-01	6.519111499668868437e-02	1.212935232835732173e-02	1.307069391394048985e-01	1.214155058906954965e-01	2.792882594302641408e-01	-5.446634225589413320e-02	-5.125519836219123021e-02	2.820412757977674989e-01	-6.407796859719297466e-02	6.043483338183305298e-01	4.685488812002150394e-01	8.061643441213536820e-02	2.859007738117856356e-01	3.127313761548269344e-01	5.834229310596453916e-02	1.992800528001647253e-01	2.791447952154243461e-01	1.884880842173588256e-01	3.420900095271834918e-01	-2.265194209075391957e-02	2.138167941913952652e-01	-6.517829284164952663e-02	-1.260294416608366830e-01	-1.300955058516828633e-01	-1.095200380728992701e-01	4.560576051308885825e-02	1.036184316504650399e-01	4.869981915265628181e-02	-5.201802551101698119e-02	3.615298378447127925e-02	1.075255272679032925e-01	2.339705058750098376e-01	5.304113817190494323e-02	1.595100105540167290e-01	5.390060888863676958e-01	-3.838538330977114832e-02	-3.214471372979313402e-02	2.756389617087569299e-02	-2.312323637004982946e-02	1.647402340543143717e-01	4.090849856124090939e-02	-1.145370430691590793e-02
-9.267711826024160882e-02	-4.246850036429129782e-02	2.061619210529243851e-01	-1.829891453084086517e-01	-1.434198828209110599e-01	-1.313867675767965149e-01	2.934942809580116108e-01	8.768737660667279277e-02	3.572883340804878377e-02	2.012948561912364098e-01	4.020427082989964096e-01	-1.175980523965238292e-02	5.851792296258194748e-01	6.154981132111678709e-03	3.234887898125741734e-01	3.060393821614847965e-01	3.004777376308315762e-01	3.516245365031422376e-01	4.781267613567194430e-01	5.022224028770961857e-01	7.418505953034747191e-02	3.259720233263512235e-01	3.294025974400857093e-01	2.091037699262068283e-01	4.559778967233906188e-01	8.560005688198059348e-02	2.366932275928473606e-01	2.733549250042630052e-01	-3.614244979049853201e-01	-3.725272960753005513e-01	3.478676194928382454e-02	4.555077979705566410e-02	9.232315245028134554e-03	-2.414621831500185778e-01	-2.015424651505783038e-02	-1.836942862596926407e-01	4.855014982137842439e-02	9.882066024090007880e-03	2.966640641577714121e-01	2.692092473362675889e-02	4.994817825291816143e-02	3.348306800188785570e-02	1.064163671385466581e-01	1.000000000000000000e+00	4.317390644095453478e-01	3.953998116565157761e-01	2.553427606867570421e-01	9.601079390760156040e-02	2.479897542404475574e-01	3.409436237606238151e-01	-1.566987594249129312e-01	-2.447611289668802093e-01	-1.687728534982966544e-01	-1.182221770114031817e-01	-1.800108866048250045e-01	-2.315379722509144089e-01	-6.963824255542987174e-02	1.555507310853298554e-02	1.292342046086554785e-01	-1.364856391121131995e-01	1.123747709847780774e-01	-6.998377571297148547e-02	9.918008138062074652e-03	1.141380580195039407e-02	-6.467337137434284178e-02	2.879945486835968071e-01	2.315608462162516493e-02	1.617341406482988020e-01	-2.104188368634432871e-01	-7.940247530314746560e-02	-1.879493320987061511e-01	3.167532642399784049e-01	1.483522085678093128e-01	1.111432922546821689e-01	-1.872457931136349216e-02	-4.866160192476536028e-02	-1.262818528576856447e-01	-7.340322318488579079e-03	2.529961699662514399e-02	7.454204532384524351e-02	-3.016688735091238582e-01	2.344437659939751228e-01	-3.718206615899877776e-01	-1.005838251971489378e-01	-4.736660744099036036e-01	-2.077969658335099973e-02	5.789495947892463884e-02	-1.705976388863041648e-01	8.891500836602277136e-03	2.216139506986485597e-01	1.166997384816006733e-01	-2.590666929391983661e-02	-2.639853765129370755e-01	-1.505668770116535271e-01	-5.472831659496758816e-02	1.272665291217433270e-01	1.167878292100699850e-01	-2.839636056863846236e-01	-3.235435232342304124e-01	4.584282108574356390e-02	-9.950408596343814083e-02	-1.487495473242775312e-01	-2.818840510224980209e-02	-2.412852030933180236e-01	-3.011462961738035071e-01	-7.686053868188436056e-02	1.665751525128442156e-01	1.940797788917127120e-01	2.348307547287325769e-01	1.943814593532018908e-01	1.966575270980116530e-01	1.692938013744299530e-01	5.440544158361753507e-02	5.307256619426713451e-01	5.632725787397827588e-01	5.064934808277163913e-01	3.066279078323398966e-01	4.345314132133533125e-01	1.686041832156718323e-01	4.687668153797156512e-01	4.352903382328754400e-01	4.707230245854642225e-01	4.945840882459111576e-01	2.690476771439892500e-01	-3.211398680203787076e-02	3.399919851910427337e-01	4.998951245282927114e-01	8.390169752708151463e-02	3.700737485584634084e-02	2.175397220193057146e-01	-3.456954284665322841e-01	1.767041619648263354e-02	1.946224811284752096e-02	7.815973354784945537e-02	-1.282554377649548494e-01	-1.228912035881353088e-01	-1.151682391758570428e-02	1.148068397021257681e-01	9.343221884986423198e-02	2.703033467869941364e-01	4.962100383413293181e-01	6.007481550059320941e-02	7.709710837815948736e-02	-1.810832916272781534e-01	6.601730522102033927e-02	2.360485973136726701e-01	4.614516077876994471e-01	5.545822831339324299e-01	7.542857250544917624e-01	3.865047564461156493e-01	2.640060903880499521e-01	-1.258783892831024653e-01	1.580693016615367097e-01	1.672765369437163308e-01	2.494677000058826699e-01	3.021693384130023641e-01	-3.204071648286468399e-01	-3.737451975037487384e-01	-2.320825866375305357e-01	-3.013188792796918092e-01	-4.300134959805326784e-01	-3.044056712006803500e-01	-2.419752941779075017e-01	-3.556347905389681818e-01	2.424858381935233315e-02	9.376989866171031585e-02	2.869898668848737122e-01	4.893825574755219371e-02	-5.381543500484704812e-02	2.929533021736321352e-01	-1.950232607315431355e-01	3.240396566404440265e-02	-1.852492505157244188e-02	2.206558988254064546e-01	2.010003064845509446e-01	1.514450363697651680e-01	-1.075661622885880769e-01	3.901684467673095791e-02	1.969031017175479070e-01	-1.507529257675665688e-02	4.202728453477547754e-01	1.915485417022932679e-01	1.878237147990791667e-01	-2.738982366154425058e-02	1.132891197340943484e-01	-3.124333221524273289e-03	2.118128667507331864e-01	6.017143969984067864e-02	-2.083555760839929383e-01	-3.734439616868068246e-02	-4.316343103365268274e-01	-4.378157558714823594e-02	-1.024184339107083452e-01	1.689367651517954816e-02	1.658497406334140667e-01	-1.143790254867215195e-01	-3.538868894373935481e-01	-3.351779993704945837e-01	-1.714827638938864751e-01	-5.549649371380376700e-02
1.302621000767758153e-03	-8.803745814731664399e-02	2.035882689560623016e-01	-1.471089736223782640e-01	-2.826405371362241126e-01	-1.047828148140185489e-01	3.079813626925764214e-01	-8.517127680492388164e-02	6.648992749512483424e-02	-8.664668700981457972e-02	1.095533586198259302e-01	-2.227482234926977944e-01	4.310148295370385130e-01	-3.884601231003573241e-02	1.953630294861614380e-01	2.436490476808748917e-01	-4.097185707713944108e-02	1.774343298817453174e-01	1.835238454563958843e-01	4.886405203635353633e-02	3.246654806867807497e-01	5.056622151710297164e-01	3.612200932282022547e-01	3.729115281356615297e-01	5.207755975246210201e-02	1.567232185809143766e-02	2.894036734273922606e-01	3.907951106570612954e-01	-3.685954639008409695e-01	-4.235914437240877461e-01	-3.972484762084470544e-01	1.822074952179261742e-02	1.148883175240835858e-01	-1.038823201296656673e-01	-2.225692442270213178e-01	-3.297186576862549678e-01	-2.514079346335376663e-01	-3.219040234266786205e-01	5.341818459818802323e-01	-1.166180602063735527e-01	9.168111677347166866e-02	2.949987155602837308e-02	3.190860806258887239e-01	4.317390644095453478e-01	1.000000000000000000e+00	5.748326050026639766e-01	-2.960291349809376221e-02	3.056731495979656543e-01	3.673042669406007543e-01	6.801188356119909351e-01	6.087871716933925675e-02	7.929195696537030824e-02	-1.404715819015929512e-01	-5.787203275999187185e-02	-3.565465371489578983e-01	-9.289030133269353395e-02	-1.831332007701329811e-01	-1.073145552296594918e-01	-1.966827154997640159e-01	-1.971856806231810366e-01	1.632690745304991309e-01	1.177328290257482479e-01	3.053159826812293920e-01	1.358368849527479827e-01	1.971161878681132185e-01	2.859535177499136216e-01	7.624019985079573403e-02	1.903957584597337771e-01	-4.535326847538734968e-02	2.216508784184115788e-01	2.137687307179908514e-01	2.570474547825773448e-01	-7.718309564624042940e-02	2.537498724971690711e-01	-2.166755653177032323e-02	1.039754566490583843e-01	-1.666340244413079819e-01	7.119121991800228533e-02	-1.103217624726546137e-01	2.475786188987953995e-01	6.692155792252510449e-02	4.498736408650269025e-01	-3.541068105538743294e-01	1.638970610726573907e-01	-4.173036666468004086e-01	1.454737731864938488e-01	4.316112541658544827e-02	-7.591722702840207615e-02	-2.318485765938289866e-02	5.410839793218716887e-01	2.505678830374952759e-01	1.964024900987129119e-01	-1.464472821229335919e-01	1.283476631007866298e-01	1.643817465734922212e-01	-1.827324657785473760e-01	1.111402932579185626e-01	-9.675478601524439837e-02	-1.363377927624474795e-01	-4.141618626949968018e-02	-1.731861353618323676e-02	-3.786806419698415249e-01	-1.101655721633889619e-02	-2.188953604635432704e-01	-3.073831509522552685e-01	-8.811970847285606478e-02	-8.791946303068173124e-03	-9.472899783521444850e-02	1.143990015241496327e-03	-1.391793348755083759e-01	-1.222924076149781297e-01	-8.086433776613802249e-02	-8.574938340032857431e-02	5.747078499603897050e-01	2.509594227808444877e-01	2.005800967242121757e-01	-1.506857372090692482e-01	2.769903636219231968e-01	-8.515276690163542384e-02	3.173957478753594574e-01	8.890988181807364665e-02	1.876685639568789477e-01	1.016435293911426702e-01	2.819255547284380548e-01	-6.001221060229244147e-02	1.307525151881954451e-01	2.362629818138476945e-01	1.723499114270634347e-01	-1.666382888558990208e-02	1.949540563276530580e-01	-4.114082682554835446e-01	-2.111959029632571039e-01	-4.669182908704618690e-02	-2.876771947126977383e-02	-5.102245261830201661e-02	2.034150415610272086e-02	-1.778502594067536413e-01	-1.939566644868656597e-01	-1.319020801368843698e-01	-2.759614509375508257e-02	2.414775592991450226e-01	-1.310728554551842118e-01	3.276992783558788092e-01	6.239925475243749547e-02	2.213657151836583015e-01	3.203579756998944927e-01	7.506690987277335747e-01	4.697429620916193094e-01	3.694916488928059461e-01	6.500256541106392838e-01	1.255026543438273468e-01	-2.062046540942372164e-02	2.308156156380175572e-01	4.004470092825113681e-01	3.185061046733650425e-01	6.714411175389618514e-01	6.203442365075785558e-03	-4.578323321963604503e-02	-7.652709238178352635e-02	-5.751848821573550541e-02	-4.701795009748176435e-01	-2.468998809694785412e-01	1.779776158869078931e-02	-3.141782004783151283e-01	5.519690846058628031e-02	1.722079354597045101e-02	4.299129129686562467e-01	1.298113650831676791e-01	1.085557650512646438e-01	3.836959324938057359e-01	9.198164390419195924e-02	9.185435679848588664e-02	1.076175771531742986e-01	2.303973012672550502e-01	3.121840866128832159e-01	3.999993333705458287e-01	1.469636157889188111e-01	1.629503541190081006e-01	4.694292066057552670e-01	2.934216493466621500e-01	3.210942601422986931e-01	2.636959669009683038e-01	1.421762772482538240e-01	1.518247650139822099e-03	4.079041145543137459e-01	3.733353846727031217e-02	3.550777947363930598e-01	3.953555125120066238e-01	-7.734060214865087768e-02	1.631201803470395673e-01	-4.742033822837369295e-01	1.567254691568926162e-01	6.000128326395715028e-02	-4.192597209958025956e-02	5.573723317758831619e-02	-6.653971853815888494e-03	-4.395171795954329053e-01	-3.362227695250156190e-01	-3.116982640805877613e-01	-1.375125756112602071e-01
-6.110766642045343394e-02	-7.166024164054739243e-02	2.650601986856463421e-01	1.558152325918083468e-02	-1.892151904378633620e-01	-9.900927772894813073e-02	2.291814656856310806e-01	1.395464212302847951e-01	1.181251297046557840e-02	6.356437643829013218e-02	2.539279061552685013e-01	3.240571181223745895e-03	5.765926624490101959e-01	1.748115436470203676e-01	3.521816061967930067e-01	5.318414377607463273e-01	1.962833425396922626e-01	4.391112327637778368e-01	4.509636149127704274e-01	2.385729531228806544e-01	2.070111176472370085e-01	2.879574758290850411e-01	2.370045671890171068e-01	4.163790600934820785e-01	3.300813010509993095e-01	1.833045927978195488e-02	3.522516745426726437e-01	4.511460087152944776e-01	-3.147878489603458951e-01	-2.632989601686158143e-01	-1.044393346351994017e-01	-7.574608829458899517e-02	-3.857993144126870694e-02	-3.175975051494311363e-01	-2.052728189216939669e-01	-1.770524219504827357e-01	-1.718317335515094357e-01	-1.936060276837993713e-02	3.822654960480869613e-01	-1.388273017163036416e-01	2.070401933136661616e-03	1.337383676757885609e-01	1.359948569157659604e-01	3.953998116565157206e-01	5.748326050026639766e-01	1.000000000000000000e+00	-8.909321562330625721e-02	1.138554723296625187e-01	2.063884311605438393e-01	2.776104243322347620e-01	-7.273647017224386946e-02	-1.470710499950778904e-01	-5.418167552129186937e-02	-2.299690908270820289e-01	-2.262141126133805358e-01	5.890811014534644979e-02	-3.977530111623379105e-01	-2.909789381487569715e-01	-3.241437550619065133e-01	-3.300059960176682239e-01	1.530128427424619075e-01	-1.203370492338919073e-01	9.545443363580528862e-02	-4.607019376072070405e-02	-1.828026452038148397e-01	1.052236506552614026e-01	-2.411474209840663852e-01	-1.362588939068788974e-01	-3.188846967725420534e-01	-6.393371369142033904e-03	-1.936660962071528047e-01	4.778736304431873139e-01	1.472395162085471942e-01	2.140257225439745337e-01	-1.803469108524355102e-01	-9.513544231209659918e-02	-1.753765010915459832e-01	-2.134102170750125926e-01	-2.567141460106638334e-03	-3.590487491064423692e-02	-1.228936691788776320e-01	1.718906003461692089e-01	-2.745284709411487944e-01	-1.126318724976341640e-01	-2.319735761927497752e-01	-1.173362808991250811e-01	-2.058383840379574697e-02	-3.041746195866578129e-01	-1.205430815112986526e-02	2.192265898331864082e-01	1.506525415481201335e-01	9.370202282336720367e-02	-3.694404806389138263e-01	-1.655095891036103065e-02	1.315420220254446930e-02	-2.068640595035223517e-01	2.030085744343046103e-02	-2.545280253787405300e-01	-1.953817778439788377e-01	-5.046951721578446515e-02	-7.320262947906303053e-02	-7.018602000425074039e-02	8.638744824526563282e-02	-1.880256424272626070e-01	-1.497124767289115532e-01	7.356232008967975022e-02	1.002538626560294244e-01	6.079902893884035070e-02	1.863960822022280306e-01	1.008816115031258009e-01	8.977922451508650592e-02	6.889530921735614877e-02	7.510923465343546934e-02	5.559420136683087543e-01	4.897508500247721441e-01	2.792666344941234224e-01	1.167835946755687165e-01	4.209281629837673400e-01	1.925271797110940375e-01	5.166611406521308680e-01	3.452107424409870395e-01	3.629417228480762980e-01	2.158528775896050855e-01	3.006559309252782031e-01	-8.801238812790736915e-03	2.296447857980838392e-01	2.607344501538881865e-01	1.305852999399280678e-01	1.190229635252046253e-01	2.301720015039617484e-01	-3.135923401513713293e-01	-7.900205100993322460e-02	1.282808027412348818e-02	1.544781670073736013e-01	-1.433343235854862008e-01	-1.533493523081659315e-01	-5.988705783833950247e-02	5.340678854061571557e-02	1.774617334754489614e-02	2.263117813199967132e-01	3.987224838639313873e-01	8.108956138572423131e-03	1.197132886656635392e-01	1.139058380547952054e-01	2.145062776471390875e-01	1.819604919867505999e-01	6.765062119344112945e-01	5.226210783628922885e-01	3.518969099557223146e-01	7.317827413360947775e-01	7.645574152603148987e-02	-1.078725283911765864e-01	1.618205715234195124e-02	2.396619234008126598e-01	1.938649208190688089e-01	3.374694104715264542e-01	-9.348853570434176308e-02	-5.414352219139650924e-02	-2.705600100930460328e-01	-3.824047551080015511e-02	-4.747295683645097464e-01	-2.533187334004922131e-01	-2.554125296976476056e-01	-4.249027002498699246e-01	-7.042728983672728871e-02	3.560013673271141682e-02	3.658015974589689523e-01	5.717183035173724857e-03	-1.258107555033145808e-01	1.607193919204604471e-01	-1.449063316850703609e-01	-1.495116167083488934e-01	-7.666977191511487044e-02	7.919848529962011940e-02	1.468179146252459877e-01	5.767809041620333005e-02	-6.771594757359822303e-02	-4.710381385842257046e-02	2.427939798899127755e-01	6.942699849116694411e-02	4.168872458956555116e-01	8.894028052091729197e-02	2.004174710247396685e-01	-6.357926641834375781e-02	2.144112241646159156e-01	-4.551184058747061861e-02	-1.529619916922773069e-02	1.088432458180458723e-01	-2.273302800982403560e-01	-9.853895278957303105e-02	-3.905191507578224530e-01	-2.138686630524414267e-01	1.637516339055438905e-02	-1.659729510633411315e-02	4.985886103212994885e-02	-1.661219741163404706e-01	-2.796607430530669847e-01	-2.689120355177791466e-01	-2.770568343641610087e-01	7.645281285430721718e-02
-2.643040957585916506e-01	-6.069126943854878664e-02	-1.086654094787538050e-01	-4.048258647655416098e-01	-1.769248926188063120e-01	-3.119664696042150354e-01	-8.432312196449801706e-03	2.697333695906757312e-01	1.278794697515104606e-01	1.752500702656679399e-01	2.293773530685523643e-01	-9.387951663241411726e-02	-1.947599226412339013e-01	5.470666800370167608e-03	-1.459762216257849687e-01	-3.624597591774177952e-01	3.014419145088769250e-02	-3.207888189757582831e-01	-2.565018477114124340e-01	8.986851527316720364e-03	-1.163063046341432649e-01	1.159050864203070019e-01	2.533246352047323693e-02	1.776479257557484204e-01	4.700640017917078195e-01	4.525949107209597533e-01	-3.238595855494628278e-02	2.463116918723730342e-01	7.645427595774412222e-03	-8.800842094515048952e-02	5.043928661627805621e-01	-2.673046777131772300e-01	-2.569337785535938945e-01	1.343353015604028221e-02	5.073824480155786354e-01	3.114969428174442223e-01	4.525954049571042082e-01	-2.677556270743555733e-01	7.971243033708927395e-03	5.576248972336689258e-01	2.358109898309235231e-02	2.332269766093932883e-01	3.781086542893738467e-01	2.553427606867570421e-01	-2.960291349809376221e-02	-8.909321562330625721e-02	1.000000000000000000e+00	8.369558776945139333e-02	2.334552585998980467e-01	-2.069112435202400679e-01	3.432047421224537209e-01	4.750322051619063762e-02	1.794128177819662995e-01	1.466068019108392184e-01	-3.182202265277910835e-01	-1.219911097916711595e-01	4.185799499850810790e-01	3.469813043107915496e-01	5.245522045430150992e-01	5.959996815408009629e-01	-7.244297171644160926e-02	3.076559542935333180e-01	2.962512574744221028e-01	3.262345755718601414e-01	3.073104424689770964e-01	-7.082123591723919753e-02	2.538160690717998214e-01	4.274560314811527983e-01	-6.094259522135592883e-02	3.199936387798482107e-01	-5.960996946621840292e-02	-9.384521664009283504e-02	-8.554316250620516704e-02	-5.813954329008990058e-04	2.447678556173082665e-01	1.247546180765076868e-01	-6.908352901754297171e-02	-2.242959351215675079e-01	-2.387334131548443372e-01	-9.740392657218075595e-03	-1.042330600326415307e-01	7.044799272648353573e-03	-5.730293724685908696e-02	1.302672345822649957e-01	8.218195422114163429e-02	2.498548257198389133e-01	4.160988362014735875e-01	1.111038577147909628e-01	-1.398606323052061506e-01	-1.511218539973176456e-01	-3.012255001184555026e-01	2.166679385700098492e-01	1.401118348471154518e-01	2.165680498096131390e-01	2.681878274445800847e-01	4.685961354797012479e-01	1.675408318463994517e-01	-4.474498715611737593e-02	8.358594201683865188e-02	4.910403390221987352e-01	-4.729473539609674870e-01	2.658671872582262785e-01	-3.088045499118798332e-01	-2.060145734701368248e-01	-4.316341693888958719e-01	-5.426766565672720422e-01	1.087698005031600135e-01	2.074626303306791320e-01	1.421010872792209945e-01	2.198243999046880504e-01	2.798565200295881628e-01	1.057580007765407115e-01	5.565836570150610452e-02	-7.683716280493357864e-02	-1.249061842847980774e-01	-1.014575430655737659e-01	7.377727619002914794e-02	-2.587915395833464416e-01	8.975366450849679711e-02	-8.072304434755166180e-02	-1.258738822687387460e-01	-1.564219669604366147e-01	-6.816551364767013677e-02	-1.860663648908671142e-01	6.430539900125716024e-02	1.900159225064398383e-01	2.222883772516424106e-01	1.828231167720255068e-01	2.145687475941554789e-01	-6.041664257201298516e-02	-4.700759892041848909e-03	5.221417597777867625e-01	-2.895066370864652350e-01	-1.651831799778913368e-01	1.125451769103497368e-01	-1.917268252653182847e-01	1.929555434424087834e-01	2.305623632581616789e-01	-2.040834087055209134e-01	-1.648512576276474906e-01	1.198766758641609670e-01	4.971285762088565319e-01	2.617915566517726167e-01	-6.519092721717943684e-02	5.836436132122361370e-02	3.859862340716030404e-01	-4.475060238725590139e-02	-1.235982408211509370e-01	1.820893165721534646e-01	1.449552128673499973e-01	7.542714777413394023e-01	3.995839885338554054e-01	4.092706192610202631e-01	2.602201153476326190e-01	4.683758770104565206e-01	-7.401358084508058433e-02	1.330323743431754968e-01	2.011241879687958867e-01	8.981375478961375891e-02	-4.228317722648656379e-02	7.562865847431750332e-02	1.857427246989042380e-01	1.390678029851148967e-01	-1.438762554392932110e-02	7.902960814298125303e-02	3.688172572626186585e-01	3.080421512844657914e-02	4.544334349839933007e-01	4.158347869427228560e-01	-1.165761523740856988e-02	1.926613452173940866e-01	2.122125270800535868e-01	2.453384738014156852e-01	3.708315147160795577e-01	2.976005862839427030e-01	2.412105302381538641e-01	2.799394722798887458e-01	-5.800661262687871597e-04	1.029706933430736548e-01	9.078764001629550245e-03	1.194963135420184230e-01	1.064673310041701348e-01	-2.421173046469262680e-01	4.328914710829689927e-01	9.008186983183845420e-02	8.450786621966224765e-02	8.392249439075036288e-02	-1.316246121368802868e-01	1.762176765288948066e-01	2.835982632842911633e-01	5.854321415548195684e-02	1.754413187639957683e-01	3.593463287098888070e-01	1.647390230598532734e-01	2.308199261246306477e-01	-1.095741732115860512e-01	3.746998143591530328e-02	1.327484850438147845e-01	3.635301110044905082e-01	2.488291745932417198e-01
-1.167828992664135951e-01	3.926766059506902468e-02	-8.643124493714783585e-02	-2.323014341638365010e-01	-1.060736152334770532e-01	-8.429258302416413329e-02	1.922119684541785944e-01	-1.984899520393269834e-01	-1.334998756020723543e-01	-2.096603523076515374e-01	-1.452480664501666907e-01	-2.988193886319136516e-01	1.252575348005527667e-01	2.920418932569998627e-02	8.889262122025760882e-02	4.593806524273273684e-02	-3.609306843590266711e-02	5.127070536860019179e-02	-5.295229520339113372e-02	-7.431968353008462647e-02	-2.249361925770640078e-02	-9.785806416232652183e-02	-1.009425750044493919e-01	3.070394328936795411e-02	-2.882657842146734151e-01	-1.166275088663920045e-01	8.581394194080682603e-02	2.139059378245042886e-01	1.385074456631011502e-02	-2.269962024383043175e-02	-1.595638984624765666e-01	-1.297504119626088082e-01	9.162762834789914268e-02	2.410424387730849410e-02	-3.535458183022620327e-02	-1.291540120316712337e-01	3.716411498116797829e-02	-5.186540437216316524e-02	3.514495054312246625e-01	-6.074128278190025348e-02	3.918349939333899690e-02	-5.662855600689715302e-02	1.680159231887982108e-01	9.601079390760156040e-02	3.056731495979655988e-01	1.138554723296625326e-01	8.369558776945139333e-02	1.000000000000000000e+00	2.237563544069185451e-01	3.607373172102293357e-01	7.207118333623052653e-02	-1.207258490671428847e-01	-2.416759899922943378e-01	-1.509971819438504503e-01	-2.729042916521544626e-01	-8.454740108533262410e-02	5.560641282018365106e-02	5.003231415089721273e-02	3.574894321438439136e-03	1.109310258629321311e-01	3.025346089378794789e-01	2.851769155537635658e-01	3.269770965274949037e-01	2.586813945177403595e-01	4.900693915858835847e-01	1.616341666241985497e-01	-1.617521987603985981e-02	2.347608517528307071e-01	4.041752764706285639e-01	1.365113528258458941e-01	4.896007860399033684e-01	-1.467591850853945112e-01	-6.999257674368622451e-02	-8.947783478252895051e-02	8.174178446665453235e-02	6.027157255338503328e-01	-2.600202865679523412e-01	-6.013355928556010643e-02	-8.508765330270716409e-02	1.704123863892132440e-01	3.655246197564661625e-01	5.004001707416729783e-01	-2.257863000936651265e-01	1.025605236077646726e-01	-1.383937812449707871e-01	2.036663290228384743e-02	9.394563682473162924e-02	2.157424747423568878e-01	2.116270544973371248e-01	2.897416098875966739e-01	4.060264285323282873e-01	1.047381440441416678e-01	1.575410136006079320e-01	9.750888760632573510e-03	9.372026708673140971e-02	-4.915908790231043012e-03	8.801555196574559550e-03	1.592013139473143213e-01	-7.050074514088726374e-02	4.233724724315657967e-02	-9.183508288294058713e-03	-1.325170324095123753e-01	-2.185468436775328191e-02	-5.661272149013270999e-02	-1.413713023557090775e-01	-1.692475589977585071e-01	-9.614784760685801679e-02	-1.817684968745864604e-01	-2.009883330740490082e-01	-2.268616121175878186e-01	-2.350299934763697973e-01	-1.651953009967541963e-01	-7.103731032115757904e-02	2.538622546598727769e-01	5.504424876277649176e-02	1.348293496431882399e-01	-1.933123279297450647e-01	-8.224293208431937216e-03	-2.168869974720586402e-01	7.856056615790006636e-02	-1.653873071502109660e-01	-9.634276458755440531e-03	-9.677982097929657690e-02	-2.806398642812874544e-01	-3.046209349721076265e-01	-1.982785250397522958e-01	-2.077704073478710278e-01	7.451493200682653660e-03	-1.926818056704352189e-01	3.417781824557125647e-02	-1.221904499333156119e-01	-1.130706503497246468e-01	-1.769408199531047332e-01	-1.376579342916747495e-01	-6.756815189115993048e-02	-5.008866808103296792e-02	-2.010738978576099567e-01	-9.995525315947302591e-02	-1.296802318408845633e-01	-9.203775779014555791e-02	9.114150272470784853e-02	-2.052576523960021881e-01	2.481198283261657200e-01	-9.858109667625511441e-02	-1.261240162868346171e-01	2.320149681317472748e-02	1.527653746117573208e-01	2.271670750413018469e-02	6.162464916135652893e-02	1.962175504292615891e-01	1.961132818404942232e-02	1.070062500128380611e-01	5.378330565727577062e-01	2.529649732878110346e-01	1.453046641422368890e-01	2.823438272472165167e-01	-1.039985853481875944e-01	-3.314766200716589423e-02	2.960812489215947085e-02	1.853669341181425068e-01	-3.520923439164560520e-01	-1.417817740424643924e-01	-2.093883183132420195e-02	-2.133328799085732613e-02	-1.451661569549291264e-01	-3.087857702884127045e-02	3.455653409727868497e-01	-5.731959367995569099e-02	2.179957765822514160e-01	3.489771135614783137e-01	6.090387685478263619e-02	-9.839302272847288977e-02	-1.271415868751347295e-02	3.182402269676576356e-02	3.207280616593415901e-01	3.669256322823508665e-01	1.057175599685489936e-02	2.640348954669440862e-01	2.898403688007811785e-01	3.135107328047097575e-01	-1.287973969518006745e-01	-9.000555127466688607e-03	4.064615932906542189e-02	-7.591194183389816941e-02	4.301768043768232075e-01	-1.209459730863719218e-01	3.366360947717563223e-01	2.614019557188322351e-01	2.887266596012818543e-01	-1.692384314061996103e-02	-1.473128550706469253e-01	3.208454729453925069e-01	1.302249501279520161e-01	-1.200014011549376397e-01	8.511482029871808574e-02	1.084772279513285947e-01	-1.994611978870008129e-01	-1.882542447035265576e-01	-8.865232226285525707e-02	-2.357364953867860380e-01
5.564433019628618055e-02	-1.458643680841947843e-01	-8.849362197102432492e-02	-2.178268517280660121e-01	-3.034881040501962168e-01	-1.832911090440662027e-01	6.941703329549708812e-02	-1.265964459651743035e-01	5.493894542702047745e-02	-1.333074259426151320e-01	2.657622444977212478e-02	-2.671683867828234527e-01	3.393380290905859131e-01	3.007950005361068047e-03	-5.135142465736286521e-02	-6.177909312194968666e-02	-6.170936989202247674e-02	-1.793025127633874338e-01	5.404298199923920909e-02	-4.657772275235515236e-02	4.614710114944012287e-01	2.218902414726063588e-01	3.734948867707214015e-01	4.687334500304976004e-01	1.207125170963872229e-01	2.684807449662242052e-01	6.482968413795921203e-02	2.904481734465487186e-01	9.542277515621568063e-03	-1.612188352588505291e-01	-2.542356387982102617e-01	5.779145163773449084e-03	-1.399766716858505400e-01	9.192431022480727909e-02	1.695837855321984458e-02	-6.934095006457119403e-02	-1.489944642879145187e-01	-2.669829901282212425e-01	4.340249774334020531e-03	1.948172080008642726e-01	2.839475651533288625e-01	4.813409841812049672e-01	6.680320141267990230e-01	2.479897542404475852e-01	3.673042669406007543e-01	2.063884311605438115e-01	2.334552585998980467e-01	2.237563544069185451e-01	1.000000000000000000e+00	2.265520681204600262e-01	2.799359882053456539e-01	1.026463061259150766e-01	8.312768516283834674e-02	-6.098028902846337057e-02	-3.496942302483644904e-01	6.282373108849675925e-02	6.581252379808097408e-02	1.244747155410288880e-01	5.552192416355364313e-02	7.339353488600734721e-02	-3.250205009590679817e-01	4.847936019027297982e-01	5.272616058527845873e-01	4.101514158689292811e-01	2.959991691577167905e-01	1.798949045243333489e-01	3.011700092594897238e-01	2.056780820908293561e-01	8.488936709738074612e-03	4.507396414784169969e-01	6.887529510591487714e-02	4.452557485363108775e-02	-3.280037509680571173e-01	1.623351249274631869e-01	1.758609699177214603e-01	2.019591939593516627e-01	-6.628754177818856064e-02	7.172299301990264775e-02	-2.444752238473663353e-01	1.986217207511872807e-01	9.149180285708527829e-03	2.255141746574954309e-01	8.001071826139614929e-02	3.010516801631982764e-01	1.653949151488377442e-02	2.789956134908339047e-01	2.986027481964621810e-02	1.572817870799016471e-01	1.459003451037028110e-01	3.999885187287458010e-01	1.293289908131048105e-01	5.710974176787144696e-01	1.374464422995254620e-01	3.967327638987506178e-01	6.418051968536248042e-01	-2.847175565814703477e-02	2.160089342867962392e-01	3.410816013847167336e-04	-4.594522843037562171e-02	7.685189360435611128e-02	-1.386890575767866507e-01	-2.657992173545917214e-01	-9.068046002626932445e-02	-1.830234707308600883e-01	-2.499630768079593723e-01	-2.392984904818944991e-01	-2.025056837329312909e-01	-7.460298536979352579e-02	-1.756234305558755926e-01	-9.249372358115706683e-02	-1.191861409401968469e-01	-2.740029237147239560e-01	-4.818718535247158707e-02	-2.878670105369076151e-03	2.710543794795450823e-01	-9.510169779620925024e-02	-3.998725433265305773e-02	-7.445483824672523288e-02	-5.489427063643866761e-02	-1.268414983423631348e-01	-2.814577194487375908e-02	6.156131631559347978e-02	-3.737387415686244801e-02	1.174927281349379543e-01	-1.569745011895163078e-01	2.597516974247859878e-01	2.261099875255474234e-01	2.202534286643005601e-01	-2.041123380412445190e-02	-9.969625712015457719e-02	-7.282609822912228248e-02	-2.290092238772677424e-01	-2.300467563023443629e-02	-1.921012707162688959e-01	1.423235006317846996e-01	6.282571271922082756e-02	-4.879305313389195251e-03	6.398857458268145115e-02	-3.573829055555511891e-01	-9.805771377325592231e-02	-1.653206708588303153e-01	5.041295237917182981e-02	2.875952266745032682e-01	6.626855202129354472e-02	2.645109720772371720e-01	4.920958610338547756e-01	3.122351846361096639e-01	2.310166889243303601e-01	9.918504370534450554e-02	2.881373362579575659e-01	2.210314364875531623e-01	4.230948877973638722e-01	3.500434091602199205e-01	4.995523644913720807e-01	5.185306257679516140e-01	1.816210378303220185e-01	7.315925439816121922e-02	1.122669083573265003e-01	-1.522352709259559289e-01	-2.813369189547567858e-02	-4.783368074375018292e-02	-8.439483203197659100e-02	1.427771333939499843e-01	-1.358814236285055266e-01	1.804997969517650458e-01	2.494944864612090585e-01	-6.061872376899573450e-02	4.282317944113073760e-01	3.654619345339999437e-01	1.347625225506629554e-01	1.984253880310759000e-01	3.141715376512412838e-01	1.372383002717409983e-01	2.706417814367784169e-01	4.088125374257596256e-01	2.723427324396428539e-01	2.549889065931494336e-01	1.532918945973990033e-01	2.516807302465037255e-01	5.522000034491117426e-02	-1.911024538601173092e-02	-1.130318404978697747e-02	1.885989769912296832e-02	-7.946165118794420307e-03	2.235843284397773523e-01	4.874630323901018442e-02	9.265832454862506923e-03	7.723338728536810471e-02	-2.826088994698339185e-02	1.817548726845816809e-01	-1.638936696740788401e-01	2.170424422453481883e-01	3.412387282299650382e-01	-6.502793317628965952e-02	4.104743556695811084e-03	-9.959686147721961980e-02	-2.392350068294384069e-01	-1.890599423700657089e-01	-1.786164843036811278e-01	-2.563325210992256631e-01
3.713824236055604522e-02	6.524403894288859085e-02	2.465783135955059435e-01	-3.894716571199870192e-02	-2.438542056621271770e-01	-6.595946728462291631e-02	1.693836767028910339e-01	-3.391652914687567355e-01	-1.047539510532818352e-01	-1.316801722511051209e-01	-1.130714103709741167e-02	-2.401623945555114437e-01	4.101252392181390372e-01	9.347310023949860491e-03	3.057820702119712353e-01	3.223260813982833373e-01	8.436328172369832179e-02	2.399332981058336367e-01	2.552351036868509837e-01	1.565658710967866851e-01	2.452468190616534649e-01	3.996435705017365447e-01	3.071816288142001361e-01	1.429070095604657586e-01	-1.159968958861602034e-01	-1.578175888535697791e-01	3.080534727874695844e-01	1.878959294076943676e-01	-3.233660883777745854e-01	-3.690415392210412149e-01	-4.165858546430795117e-01	8.774139918851056597e-02	1.517072492605333889e-01	-1.126689517993119671e-01	-2.756178718000346084e-01	-3.259066885475061515e-01	-2.081466101667749369e-01	-4.185754332221824914e-02	5.036202932313442737e-01	-2.223000581009285659e-01	9.654882291114200155e-02	-1.880505494988651827e-01	1.652310647479238517e-02	3.409436237606238151e-01	6.801188356119910461e-01	2.776104243322347620e-01	-2.069112435202400957e-01	3.607373172102293357e-01	2.265520681204599984e-01	1.000000000000000000e+00	-1.661693520864309936e-01	-2.826191873786850980e-02	-2.697740699988769308e-01	-5.276333237023831529e-02	-2.254400772074039161e-01	-8.403103794729120668e-02	-2.389279234397864993e-01	-1.547432595080327489e-01	-2.861094325353995549e-01	-2.566568222584755810e-01	1.772021159163837400e-01	4.201006981635136556e-02	2.227029812940427012e-01	-7.380094039711232456e-02	2.426430398653362519e-01	4.153770975277433219e-01	6.248837440487883116e-02	2.228054271755092186e-01	1.756587504531263721e-01	1.645605043118235911e-01	4.190243538557079650e-01	8.028758833384651294e-02	-5.318636605106547705e-02	1.863366549537307515e-01	-4.724733947957109048e-02	2.176991494505951252e-01	-2.432710101132843361e-01	8.724126071677597294e-02	-1.535990846905765667e-03	3.050406681373916684e-01	1.054225652010663400e-01	6.180981066204345176e-01	-3.057678759799660195e-01	1.580773575590166402e-01	-4.627930095351133200e-01	1.288979581099514993e-01	3.863203667739754932e-02	-1.001221508190307669e-01	6.039143791052367649e-02	5.847622189357685185e-01	2.469566948423461139e-01	7.422463650878335928e-02	-9.515955496361494514e-02	-1.794710597633150141e-04	2.247838453084029589e-02	-2.376450773078090939e-01	2.187227636789234805e-02	6.125571899182318675e-02	-1.043176806663592693e-01	-1.455970256053927270e-01	7.586074904333205138e-02	-4.266691994890869366e-01	1.466119084894099978e-01	-4.513170580394085946e-02	-2.091024135702293507e-01	1.216886940481318180e-02	-1.272300130853377120e-01	-1.587917086194335914e-01	-7.877929645976067263e-02	-1.959495999843874625e-01	-2.531295963541756455e-01	-9.390586600464008449e-02	5.016174829685748904e-02	6.014539436973739273e-01	2.300516938016803625e-01	4.033781195438293499e-01	-1.304807597334207633e-02	4.252310019093656357e-01	1.276126499800371052e-02	3.155724138834762327e-01	1.851359160728469622e-01	3.079291469921126567e-01	2.642862183897149997e-01	3.346875368124471728e-01	-2.666355599572560811e-02	1.041838924494245117e-01	2.154318019160429420e-01	1.112578606695590888e-01	-1.836275662642190137e-02	3.025707761939003815e-01	-4.257710911529286602e-01	-3.417561125700824265e-01	-9.469532040479733404e-02	-9.076843748471074419e-03	-2.571179922921840721e-01	-1.397606946118756452e-02	-1.533502606565491921e-01	-1.658145281960435313e-01	4.160435737227916736e-02	1.720040466690763159e-01	2.594432115952579609e-01	-2.230973834751268925e-01	2.217386346198240432e-01	6.935795659230038768e-02	1.873188951600977259e-01	1.437697187803840537e-01	5.445279274131369363e-01	3.445674132033063053e-01	3.203602532793978774e-01	4.332359075636144641e-01	-1.141491250159327731e-01	-2.520234104559066490e-01	1.492863395734788934e-01	2.296722855797217744e-01	1.521711837795705347e-01	6.995150458720560405e-01	-1.453837731681427992e-01	-2.797679755926338330e-01	-5.016185144017098335e-02	-1.042993739038270695e-01	-4.590660741262451161e-01	-3.790962512966670195e-01	-1.499577824647019275e-01	-2.229814982565425097e-01	-7.703097930544007543e-02	-2.437029149055048582e-01	3.774724480844657837e-01	-1.526836170448135632e-01	-4.560494171373721817e-02	4.484736934385610829e-01	-1.257638691876103269e-02	-1.325537841546747531e-01	-2.177601478590149645e-02	-6.764961282999456225e-03	1.758910629795792657e-01	3.319328091545367676e-01	-1.976322190337326062e-04	3.345729800275866195e-01	3.080731760037777600e-01	2.584121491931239967e-01	1.638934391117882472e-01	1.949433209368640063e-01	-1.346680782664679520e-02	-2.044690093650477214e-01	2.921369793551407690e-01	-1.617001165167501753e-01	5.048544294859207415e-01	5.542953150937107720e-01	-6.281262032200890522e-02	5.038798983098518453e-02	-4.162793046320689139e-01	1.424596207447393070e-01	-1.105980699754917501e-01	-1.988820691566386412e-01	1.153072060169597034e-02	9.037286804608171686e-02	-4.666869369797033706e-01	-3.457583587202341380e-01	-3.599534901655866426e-01	-2.825452121978833109e-01
8.223145557264423255e-03	-1.014249527253024002e-01	3.669715268426072124e-02	-1.224397645742197338e-01	-2.255915173302099341e-01	-1.478096511803073387e-01	-8.463578062092137755e-02	1.246152279009112990e-01	1.537025964244943810e-02	-1.746741246563023042e-02	-9.140738029809564180e-02	-9.208098297258282550e-02	-2.325644326650340155e-01	1.572889516264198984e-01	-2.299058568152623772e-01	-3.049502283841302175e-01	-1.028906038371637383e-01	-4.847825086106355430e-01	-4.294706806228691942e-01	-4.756486338620495302e-01	-1.705968792038060206e-02	1.459296797053613870e-01	3.081802316659283669e-02	1.725997757107627373e-01	-7.499496921680416650e-02	3.738452976254731386e-01	-5.409912266358436750e-02	2.429032151735407707e-01	1.218333058151989806e-01	-2.238519623709711234e-02	3.412942159800013472e-03	-2.358565668380934732e-01	-2.010401329053362329e-01	8.338008417836968722e-02	2.792963606733706028e-01	3.206115086840286010e-01	1.277130802696538614e-01	-4.336191388338387354e-01	1.956025794409528562e-02	3.030642294303725892e-01	-7.224068570092781472e-02	2.038455924617768866e-01	4.785737721481995721e-01	-1.566987594249129312e-01	6.087871716933925675e-02	-7.273647017224386946e-02	3.432047421224537209e-01	7.207118333623052653e-02	2.799359882053456539e-01	-1.661693520864309936e-01	1.000000000000000000e+00	6.502875745554227427e-01	2.416023721630830845e-01	2.358561758176185852e-01	-1.135795102584786498e-01	1.721925494728177852e-01	1.709341521933498698e-01	5.986282328496558142e-02	8.286611379657771170e-02	2.950413212294329957e-01	-1.905697206664289378e-01	4.619176792463107750e-01	4.814282985981049867e-01	4.341798640766160178e-01	3.202181576656145112e-01	8.890448533593608982e-02	1.960439663359546392e-01	8.801482995184799207e-02	-9.326145495834359256e-02	4.435877032658340213e-01	1.471603190931222438e-01	-1.072720863694686666e-01	-4.040743003801139377e-01	3.145458289524519224e-02	6.073318924463738666e-02	5.205658294113751916e-02	3.300792390750774408e-02	8.005838579476201589e-02	-3.463220392733740161e-01	2.415859414743939670e-01	4.095566971134391721e-01	1.314767289588832933e-01	1.961169708177202264e-01	3.133826457318397707e-01	2.250106283726814038e-01	2.293731255045199369e-01	1.954580421833094495e-01	4.932711206426567130e-01	-1.655694097555086564e-01	-2.135704062478310447e-02	-1.439739405804734973e-01	4.988561081142673381e-01	3.873762964457980740e-01	5.566245488548786646e-01	5.363367507264947820e-01	7.671665591621859570e-02	2.296986028006313407e-01	2.041392559414806698e-02	2.650337095555312938e-01	2.397037014118396647e-01	-1.429756698225315981e-01	-3.357159282490133900e-02	-1.695289852787436324e-01	-8.506770108778954897e-02	-1.789429785064002854e-01	-2.541859737565809740e-01	-1.051878576491814023e-02	-1.493492670761170926e-01	4.034510064168101567e-02	-9.232378301412245969e-02	-1.609060795615792350e-02	5.327846188647379633e-02	1.762949548604280867e-02	-2.625056649883115711e-01	-2.276172618034237594e-01	-3.157985802331261249e-01	-2.973309953963172991e-01	-3.337166875076224559e-01	-6.306666700471220965e-02	-3.627607781228667228e-01	-3.746670555141909387e-01	-4.396691091966551945e-01	-4.219165728175151009e-01	-1.083463119344578035e-01	2.426044155092483418e-02	2.670157549838516817e-02	-1.082035213831452070e-01	1.118839757491110753e-01	9.173091288543658295e-02	-1.548045947155839985e-01	3.568380017209040606e-02	-5.017240022564636859e-02	-2.726591460390642152e-01	-3.403409953066108273e-01	1.787025256419507158e-01	-1.824354366236828340e-01	2.633884271347563741e-02	3.115045411137364398e-02	-5.861686581459479850e-01	-3.964772051051125845e-01	-2.806371989291500668e-01	1.056693086800655906e-01	1.618731519450460066e-01	1.696504454173590193e-01	2.182182616291461486e-02	3.155673202193579607e-01	-1.081364553431744813e-01	-2.012143731977184546e-01	-2.667128762863348879e-01	4.932623075936157231e-02	2.395044204346998828e-01	5.118127228457193256e-01	2.350903803012507620e-01	4.091999645712690592e-01	2.847211869653218375e-01	9.669991723789794769e-02	6.515905519238980315e-01	6.995363837161732157e-01	3.982109997811566493e-01	2.088539486752845897e-01	2.456168407559264077e-01	2.985560489952268637e-01	2.766983830082939133e-01	1.099125668232283498e-01	-5.576804702440468081e-02	2.136679271245269796e-01	-2.128298396797107250e-01	4.766350345131783461e-01	3.927390794940662788e-01	1.611117486706024615e-01	2.858525219499430392e-01	2.643222245645554525e-01	-1.140552568425967812e-02	1.285796160491293749e-01	9.738853669732508433e-02	1.630485198955980430e-01	5.593656083721721961e-01	-4.870070429583440649e-03	1.508252204615318504e-01	-1.518169307236388876e-01	-1.094726753471216146e-01	-1.959970119338464434e-01	-1.759028270926736859e-01	1.747629898628303424e-01	-4.078263566384251332e-02	5.922576913067399002e-02	2.436130148121329331e-01	3.248767006301500615e-02	3.208359771757148260e-01	1.503931332914054120e-01	2.598382461827196122e-01	1.856295788765741084e-02	5.166644889394327311e-01	-9.643567463411530094e-02	8.443245497244185327e-02	-1.423079948046723220e-01	1.073714515918444828e-01	1.315181550477719785e-01	1.705380506543725527e-01	4.730749013289948374e-02
1.998683766778493742e-01	-2.200771112154742692e-01	9.044146403724442895e-02	-6.556457020626065653e-04	-1.355801987443401024e-01	2.480504532102977347e-02	-4.621091514709473741e-02	-1.781264983808148947e-02	4.508956277490232256e-02	-8.162389685832958930e-02	-2.031507662777285173e-01	-3.327020651697326636e-02	-2.346624437001163799e-01	2.019389354433584194e-01	-1.454680651876089359e-01	-1.038005209730953754e-01	-9.231080793421980041e-03	-3.046446218546318141e-01	-2.639951534970750302e-01	-4.725504876687887101e-01	1.010090558224101542e-01	1.934548385446702989e-01	1.334729242258786974e-01	7.534484421564195678e-02	-1.779373925181869653e-01	3.638831570502201740e-01	-1.526228288730308302e-01	1.872273696722097647e-01	1.992481979381482693e-01	-8.704522550187686336e-03	-1.645563245346382264e-01	-2.294053273109607563e-02	-2.101498745891254918e-02	1.859307335564859553e-01	1.944792943730877521e-01	3.672616599035194995e-01	1.214777315208438874e-01	-3.111952557010042586e-01	-4.981360035508183154e-02	2.161015880761898433e-01	-8.147255684220393313e-02	8.668831303408969235e-02	3.088863232800860281e-01	-2.447611289668802093e-01	7.929195696537030824e-02	-1.470710499950778627e-01	4.750322051619063762e-02	-1.207258490671428847e-01	1.026463061259150628e-01	-2.826191873786850980e-02	6.502875745554227427e-01	1.000000000000000000e+00	2.086797356025138772e-01	4.886601378765624282e-01	-1.341220221107481125e-01	3.705091047500756463e-01	1.758476342808154014e-01	-9.119961781560234626e-02	1.566035401896240242e-02	1.117135873546275388e-01	-1.903223407080863738e-01	4.182089487834294017e-01	3.091018827299596983e-01	3.180622620143760959e-01	1.933590268343175489e-01	6.939634672131371473e-02	3.055903861608140759e-01	-5.959841321925715696e-02	-1.929330009288678094e-01	4.196564810921316058e-01	2.894120047474662560e-01	-1.557787638267101871e-01	-3.710238525114805119e-01	-3.652377816617707884e-02	-5.897468791387523029e-02	-1.021351052062692277e-01	3.218924720779186427e-02	1.626913194664995066e-01	-2.604615939457428087e-01	2.388456715447654644e-01	4.462796522155465517e-01	-4.349809740964403343e-02	1.438509740135644477e-01	4.639873710080055225e-01	1.140195377935544208e-01	2.664950965294954899e-01	9.125390886667816837e-02	3.772670954761392914e-01	-2.891394391234705097e-01	-9.153089863001817247e-03	-2.357771024266175908e-01	4.016257437031159339e-01	4.260124471379077016e-01	5.157178753819893213e-01	4.028106109952521718e-01	-1.296213354043165011e-01	4.639990452634321083e-02	1.098090916644460929e-01	2.397749223659268181e-01	6.772625770617048124e-02	6.944455914836497601e-02	-1.590053501269565461e-01	-5.523411740765567235e-02	-7.705330653468429880e-02	-1.727796100560788709e-02	-4.713143504086469288e-02	-7.604734728260974241e-02	-1.787215058906648779e-01	-7.059526190755449626e-02	-1.851241211902471817e-01	-1.246563670802439683e-01	1.342155158211249914e-02	6.786277178636261620e-02	-2.584563834480022582e-01	-2.475914934610904117e-01	-2.431796535923722857e-01	-2.508244379264506496e-01	-1.024137567431065571e-01	5.967824170928139743e-02	-2.412961573402049587e-01	-1.747537400782165906e-01	-2.565516548497751570e-01	-3.104259845815154351e-01	9.631292494421335101e-03	1.443080125993925489e-01	-1.565768596986914507e-01	-1.161414258368473201e-01	-8.103140876537111986e-03	5.913176236422640342e-02	-2.370383795878241995e-01	1.179345216518254275e-01	-2.161617311648539042e-01	-7.228307639314912603e-02	-2.632805546232557803e-01	2.052560798955535004e-01	-4.841917035537416508e-02	1.919803939552981384e-02	-3.910039034114473622e-02	-3.774248563526441669e-01	-1.924008737105690758e-01	-3.436901395334231446e-01	8.622970258007412944e-03	4.293436939384898121e-02	2.406991572464990958e-01	1.697186615560878076e-01	1.460000383761367315e-01	-1.499543760555392957e-01	-1.576435480162189928e-01	-2.524586763456115879e-01	-7.690647050281290524e-03	1.868702862043086083e-02	3.227318012373038836e-01	1.521930234597884957e-01	3.045415717189977611e-01	6.876033826382510483e-02	1.391632692466673316e-01	8.450763769448550455e-01	5.844649798359583537e-01	3.333154947426538173e-01	2.964160992277349305e-01	2.988066241764169573e-01	3.861755974824941928e-01	3.258061186704540590e-01	2.255651486257796157e-01	-5.377014847633079103e-02	1.134955318394811896e-01	-2.519006722934027942e-01	2.538965318869128573e-01	2.062062191471769890e-01	-2.253655086575512626e-02	3.558806699562313547e-01	2.724018633707034343e-01	-4.622829313512441529e-02	2.496811093729751560e-02	8.537367478677974908e-02	1.065399576279920241e-01	6.371627813668909734e-01	1.408671598777574141e-01	5.803024104853324316e-02	-2.018171470652491140e-01	-2.195934402074092573e-01	-1.756934488908974412e-01	-2.219284075184434490e-01	4.199112346307327936e-02	-7.920108691078557583e-02	7.911722053334577578e-03	1.532799729065194572e-01	1.876352010969324358e-01	1.280615801721724789e-01	2.046270405050700514e-01	1.162955636081929034e-01	-1.053566338551557013e-01	3.024956318196331817e-01	-1.346959222503725795e-01	-1.280833632668182676e-01	-8.142390819208264463e-02	4.649983635868647214e-02	9.777923625205076075e-02	-3.031677432328884481e-03	6.965353246873483284e-02
2.371128763243184612e-01	-3.233189912841342301e-02	-8.263655001004421852e-02	-4.186370276370928768e-03	-3.396853673970570003e-02	-3.112328627782725080e-02	-1.288912972865333406e-01	1.722611559997829292e-02	-8.403787423552383506e-03	-1.357730070172870618e-01	-1.682087673054829535e-01	-1.422289208065673173e-03	-1.745022028289117677e-01	1.306088753750881681e-01	-1.026438713907556616e-01	-1.742338492387476567e-01	6.161427209295867319e-02	-2.071291017313742489e-01	-2.397566009921264507e-01	-2.509199815849714188e-01	1.015767653563499351e-01	6.969848567662745298e-02	-1.851987506650606408e-01	1.121815939288974828e-01	1.985556367456839111e-01	1.580825789344251497e-01	-1.429404565306066077e-01	5.235652299424913697e-02	3.810727402097412453e-01	2.413728642148247894e-01	1.330363557268800789e-01	-2.185081219705485855e-01	-2.491609041139633551e-01	1.215224876932888415e-01	4.329250935431970260e-01	4.414539071261659453e-01	2.926002380379366663e-01	-3.597808642182163952e-02	-2.403653280597898567e-01	2.801818390641352408e-01	-1.545890531067030393e-01	2.601284701938116339e-01	2.047296068962028426e-01	-1.687728534982966544e-01	-1.404715819015929512e-01	-5.418167552129186937e-02	1.794128177819662995e-01	-2.416759899922943378e-01	8.312768516283836062e-02	-2.697740699988769308e-01	2.416023721630830567e-01	2.086797356025138772e-01	1.000000000000000000e+00	3.713514915853022846e-01	2.078799557965836375e-01	2.697176292439434908e-01	1.609359260450988482e-01	-5.430434564503387740e-02	2.971606109507365368e-01	1.828163074574246649e-01	-3.030046676312168619e-01	3.573425384022994589e-01	8.794759555105786941e-02	2.659968527752703538e-01	-4.505162234579294933e-02	2.041096456264359094e-01	1.606688225138503123e-01	-1.402029083308192758e-01	-1.689152396224425368e-01	1.339953321861411251e-01	6.288306367179281875e-02	-2.334745040763272772e-01	-1.262651012941081174e-01	1.669808181821389736e-01	-2.185758090237032991e-01	-1.534134602936813863e-01	-1.687272371656918235e-01	-2.824896210401891539e-01	-2.883900170754356007e-01	-2.025518650139842072e-02	3.456579617561365142e-02	-1.174610337097692497e-01	3.676487659958109777e-01	2.083753996307985135e-01	3.410044491685133017e-01	5.292468143526398057e-03	-8.392403119515604026e-02	1.955855733619384917e-01	-9.546809581660656296e-02	-4.539822744202142712e-01	-3.655765218717415554e-01	2.431619355885511757e-01	8.879704304169165618e-02	1.031688517176321263e-01	1.239916372723797733e-01	-1.345479313545697719e-01	-1.947648284678332453e-01	9.143234147773751652e-02	2.988045625900735414e-01	8.493864420153038330e-02	-5.758229243634341993e-03	1.890682462314481060e-01	-1.532796153269121997e-01	-3.624325224866803419e-02	2.723894225714280914e-02	-1.571753616154708544e-01	-2.026146456738980028e-01	-1.901932960293669095e-01	-7.487413649978237606e-02	-1.385810250403997357e-01	-1.083000290906439289e-01	-1.061459451541202914e-01	2.007737894372758625e-01	-2.121690819825287067e-01	-1.529099841535494775e-01	-2.239806295827819760e-01	1.238495704431131911e-01	-1.794096498813125551e-01	1.213847311342780427e-01	-1.290314736508330062e-01	-8.049573344780798501e-02	-2.048907167352633785e-01	-2.076579767670772569e-01	8.529940162146898430e-02	2.580577902000614210e-01	-3.196184153860139737e-02	-1.677882961721866573e-01	1.397885885019354291e-01	3.312656743894373257e-01	-8.015172726834049466e-02	3.264335907798566749e-01	-2.142880836197622735e-02	-1.448143441469680326e-01	-1.583023132857690196e-01	7.305216672398989752e-02	-1.621254972398573357e-01	2.154820638356298723e-01	3.549209443026223876e-01	-2.739809574327233821e-01	-2.344003590447762964e-02	-8.710981764256241211e-02	2.704576968607205201e-01	1.971949997619830766e-02	4.020119215514577071e-01	1.018577224912114165e-01	1.202835446561354854e-01	-1.369034379226096720e-01	-7.581099935648893950e-02	-2.305509093150632516e-01	-7.276647939775715557e-02	5.754229650793767081e-02	3.887036551886786651e-01	3.506870651588680360e-02	1.834055315369163526e-03	1.020104522610892073e-01	-1.406532783972391509e-01	2.781357737109755868e-01	2.187249577597280281e-01	6.477226616955732152e-02	-9.796315303149087314e-03	4.226053808411328050e-01	4.762781335306983665e-01	2.746946674918112619e-01	2.641354329474139284e-01	-1.416981902075530042e-01	1.756064574529097311e-01	-2.721087500309461449e-01	2.457970185260748008e-01	1.873812025614748633e-01	-1.117311708930835042e-02	1.656612724330440711e-01	1.794343959936620658e-01	-1.810546813031989610e-01	-5.195763619573724040e-02	4.447106134392840755e-03	-1.973728060492899450e-01	1.035388018532654858e-01	1.810408414091085536e-02	-3.581011027197726904e-01	-2.007306571377890092e-01	-2.157399231056912892e-01	-2.585782685830530503e-01	-6.204836075515994531e-02	-4.208583404155024493e-02	-1.874556130042027147e-01	-1.036836489860892274e-01	-1.454508354954135996e-01	8.505422476864638037e-02	1.284605113083873151e-01	-6.895052149707635303e-02	3.459446487995059272e-01	-1.226105525572654259e-01	7.953667965051812450e-02	-2.131712003723894300e-01	-2.402794208151724509e-01	5.722310656629450709e-02	2.525501821641450984e-01	3.749356952192101078e-01	1.233275092035188841e-01	9.750482885242675590e-02
1.516699682386264958e-01	-3.507874602653242024e-01	-1.932467282571928846e-01	-2.349168956997190749e-01	-5.850468583761337521e-02	1.488818522641459190e-02	-5.016506867691405275e-02	-9.868638933469291163e-02	-2.995700902383172104e-02	-1.548199975453203314e-01	-1.750863522999313582e-01	-1.198836908996929879e-01	-9.508979532476978525e-02	1.921082729530451394e-01	-7.524271359733175624e-02	-9.735621516512335538e-02	2.235376072129545977e-01	-2.037397356448672203e-01	-6.193632111679568675e-02	-1.718068820095822458e-01	1.455244528627874234e-01	2.402522086538638468e-01	2.767656760676537320e-02	1.169995666773443604e-01	-4.695534192080182134e-02	3.317576560156821341e-01	-1.682546486683734466e-01	2.532111189928428208e-01	3.586764489250321986e-01	1.085941372405472699e-01	6.655458966192560888e-02	-1.139340297310546535e-01	-1.070909218675060587e-01	2.711995207272197561e-01	3.893452857489345109e-01	4.886985226047495523e-01	3.809225516863110061e-01	-1.509959655313072302e-01	-1.687820761439809691e-01	4.103159786678717835e-01	4.675193783899311145e-02	1.057314611636220453e-01	1.335372248129375050e-01	-1.182221770114031817e-01	-5.787203275999187879e-02	-2.299690908270820011e-01	1.466068019108392184e-01	-1.509971819438504503e-01	-6.098028902846336363e-02	-5.276333237023830836e-02	2.358561758176185852e-01	4.886601378765624282e-01	3.713514915853023401e-01	1.000000000000000000e+00	-1.264720634349827399e-01	2.602389425025162240e-01	3.511101623630237811e-01	1.652946148545805793e-02	2.387018536211297781e-01	1.619010519745206211e-01	-1.959493780657695639e-01	3.714599520021371060e-01	1.243006537367829650e-01	3.087342959927465436e-01	1.226521321642159018e-01	3.345928615641231146e-02	2.992828094879283474e-01	-3.569655205007296606e-02	-5.387427352924193530e-02	2.192032053728923957e-01	2.329341566810270714e-01	-2.822962347163603947e-01	-3.338261649572956680e-01	-1.235744619070049295e-02	-2.385497489527882084e-02	2.820479421249317414e-03	-5.135291880292654904e-02	1.041776484164522870e-01	-2.419933197534887559e-01	1.671308446928269353e-01	2.036153694549906745e-01	1.996250679545907500e-02	2.579851816292010880e-01	4.723702531081649392e-01	2.497747306924884558e-01	1.356838702837799837e-01	2.435888476702157118e-03	3.509770590437234494e-01	-1.639254534653641071e-01	-1.736481349079875558e-01	-4.309573309675560626e-01	1.643722261394475748e-01	3.416543360907128291e-01	3.043910772791944552e-01	1.563321609040234650e-01	-8.078407550589293898e-03	-6.945312270741940686e-02	2.595425855332779141e-01	3.043861037702692007e-01	1.002628782332533469e-01	-2.018378655512959724e-02	4.708269155275375539e-02	-3.733817754516968734e-01	-2.305494756386496091e-01	7.576887642064688774e-03	-2.564643485092489295e-01	-1.032138974272031329e-01	-1.849738098327049773e-01	-2.290748657778315100e-01	-2.067630945711036450e-01	-9.827333151099651443e-02	5.649553126530518221e-02	1.730111505590326282e-01	-2.214766685498398557e-01	-1.523542687456526379e-01	-2.102411827820557799e-01	4.910564884981992451e-02	-9.459103699380795593e-02	2.252094422246113670e-01	-1.638324775359463747e-01	-7.751046806219413429e-03	-3.710772534402052326e-03	-1.205571571114640583e-01	1.851123112718722555e-02	4.182360473423626934e-01	-6.586856616171467282e-02	-5.856252548886978909e-02	2.201664632671946620e-01	2.180570225527928285e-01	-1.335671885421987615e-01	3.443041161386925508e-01	-2.054466058646414999e-03	-7.533465402771527542e-02	-1.479060753733051348e-01	1.773223749944150829e-01	1.545056415014182429e-02	2.269368477556372721e-01	1.983017173340154704e-01	-2.545462575215840517e-01	1.375759933115670679e-02	-4.383990931733067198e-02	2.679234311011453040e-01	1.281114953398371781e-01	2.300052182396840617e-01	2.600225879627933723e-01	1.413712863897043093e-01	-1.838767920579147952e-01	1.698166010840058623e-02	-1.117584658474542331e-01	-1.672545960348202077e-01	6.173525035523542287e-02	3.713277098826406886e-01	2.010527040104761465e-01	1.270929525812753702e-01	1.168767290931215785e-01	-9.508739023400998580e-02	4.588795483223140348e-01	1.628033161537161821e-01	1.707851722281643336e-01	5.124579114236847005e-02	3.594212294482098113e-01	6.044330696501883926e-01	4.329694317462730591e-01	4.009172553115916693e-01	-1.702315914148213455e-02	8.916057517066647287e-02	-2.521708414291989331e-01	2.270858270466757922e-01	2.991619968426895704e-01	-8.270519240276695550e-02	3.010684516746195971e-01	1.542544966317484778e-01	-4.555879512951609145e-02	-1.186056033452152249e-02	1.930054649876059569e-01	4.210209049903014533e-02	3.065933143502623248e-01	2.647123543925692934e-01	-2.102461804528353018e-01	-1.268026437675013329e-01	-1.654423729692082734e-01	-8.426436839560279279e-02	-2.456600798338086367e-01	-1.914420591127799151e-02	-2.954672893060437434e-03	-3.892769622632664961e-02	1.354612296379363034e-01	2.660201674956537699e-01	2.361832440454069704e-01	2.273292454525654149e-01	2.399390880571066198e-01	7.881210370537591881e-02	2.360614241490336107e-01	-1.349041034408548778e-01	-1.780142115642002754e-01	-1.499268037407701717e-02	2.574648774538948470e-01	3.375228379348512719e-01	1.487569449710010316e-01	1.551605459099350548e-01
8.475985701293906049e-02	1.818638909333341325e-01	9.967681740811379365e-02	2.662457514113409918e-01	1.731274269546198008e-01	1.348201172045227769e-01	-1.298957158494111475e-01	-3.854462111217078421e-03	-1.172923175689165320e-01	-3.089189719559955888e-02	-1.058126203361291345e-01	1.605134765225181837e-01	-1.366687357469340836e-01	3.941940795422662486e-02	7.109586913911040973e-02	2.802365368287958874e-02	-2.255783187652274369e-02	-2.110377925166607299e-02	-9.205082646988724249e-02	-3.390035306682046695e-02	-1.989987540648139319e-01	-9.180009055669258178e-02	-2.739430739043207663e-01	-1.959490489397456292e-01	-3.799386685429420596e-02	-1.639749608864113084e-01	7.300484055609389455e-02	-3.772886085406935153e-01	-3.179354638067211775e-02	1.193665522783585176e-01	3.985327040210966121e-02	-4.999618869252778902e-02	2.981344457782463681e-02	-1.683424679290438652e-01	-3.651659832631690139e-02	-1.190570224957418488e-02	-1.080786424488282133e-01	2.189066926105572020e-01	-1.438750772506450226e-01	-2.592367914130161988e-01	-3.157848824241367702e-01	-1.874195983578154368e-01	-2.817931894536300774e-01	-1.800108866048250045e-01	-3.565465371489578983e-01	-2.262141126133805635e-01	-3.182202265277910835e-01	-2.729042916521544626e-01	-3.496942302483644904e-01	-2.254400772074039161e-01	-1.135795102584786498e-01	-1.341220221107481125e-01	2.078799557965836375e-01	-1.264720634349827399e-01	1.000000000000000000e+00	1.288284798799938791e-01	-1.658361941091673619e-01	-1.585327914441509445e-01	-1.625508821145646432e-01	-1.875091270142241751e-01	-3.819694872516369438e-02	-3.997393899208306900e-01	-3.049236675122861673e-01	-2.760822540069029496e-01	-2.814372366814852922e-01	1.347165806158268919e-01	-1.243807828803350363e-01	-2.275034530092119589e-01	-1.887769053416542969e-02	-3.404171738248664703e-01	-1.683964716530260419e-01	-7.002557211260171388e-02	1.881484485158785025e-01	3.553804943532905963e-02	-8.615654545739320769e-02	-1.793226167099170598e-01	2.817917815513006907e-01	7.531943374317184858e-02	1.744340807035491270e-01	-1.413326101707977345e-01	1.479124625621162648e-01	-1.715842963171286262e-01	3.581847677871136670e-01	-2.473390873059801431e-01	2.443009739090011845e-01	-1.914427088874131599e-01	-1.239877797241873969e-01	-4.396937450731389779e-02	1.116487205759599151e-02	-4.006885534837759111e-01	3.482510369086099650e-02	-7.367801933809665915e-02	2.190196732707565611e-02	-3.177332852117102924e-01	-3.036422422980077362e-01	-9.969066629892019138e-02	-7.852658537459382762e-03	-7.495378556084020261e-02	1.886476429463670446e-01	-5.206558059205640410e-02	1.625443488273180803e-01	8.262647720879212621e-02	1.449698615746847774e-01	1.517095330229587258e-01	1.799113318881435108e-01	2.741966568324081810e-01	4.647352345182724498e-02	-1.411214041550255816e-01	7.293141085493333453e-02	-1.128603523335371395e-01	-9.058916030843905398e-02	1.174838190530267355e-02	1.674137838599754902e-01	-1.161862100253120700e-01	-1.964260920888829531e-01	5.804347151365225194e-02	4.316520133873073123e-02	1.444988874600669319e-02	1.536537678830492484e-02	-8.266350231035259066e-02	-3.193178910658873992e-02	-1.512641285967897542e-01	-8.290820185915634410e-02	6.671516364891504070e-02	1.982453572240631401e-01	-1.811033208483021073e-01	-1.678854322590851433e-01	-5.692243613229359955e-02	1.301132551608215615e-01	1.042876405272618323e-01	-5.506169487739838442e-02	-1.460645013410652449e-01	-6.381210290510740124e-02	6.912765299829214116e-02	-2.661456618873506152e-01	-1.395288401489117869e-01	1.530775796379379994e-02	4.113513799671324189e-02	1.475808319118133705e-01	5.468782233128292002e-03	-3.854260712936838362e-02	-1.143442613210181313e-01	-4.159062322476259621e-01	2.092699302268643258e-01	-6.172508549224565988e-02	-2.793035100149786620e-01	-2.404869101871299208e-01	-7.784848192650675736e-02	-1.296162183522913403e-01	-3.965880734437159938e-01	-4.221208606593847557e-01	-3.472205609065938114e-01	-5.015813808629541182e-01	-3.845506423826462461e-01	-3.928366256042575833e-01	-1.939354315639212067e-01	-1.622629091989809258e-01	1.675543209389486476e-02	1.159638220723022556e-01	-1.078586772583986081e-01	2.405690219942003827e-01	-2.972232135400631678e-02	-2.532429977574746083e-01	-3.247541206691224175e-02	-2.001883003833661578e-01	-2.923606794172842749e-01	-2.262933277274870869e-01	-3.639776958236524695e-01	-3.790391759106317426e-01	7.312455382273791438e-02	-1.456075387235813423e-01	-1.614901029039543245e-01	-1.598060105314182411e-01	-3.437489200586103522e-01	-5.394782661478941810e-01	-3.704990348383977450e-01	-3.466228809119276666e-01	-3.279663320855949471e-01	-3.148954916296071715e-01	-9.874351823948086804e-02	-2.021055255681739327e-01	-6.973874959115262950e-02	3.922215582522685373e-02	-1.794618837543557610e-01	-3.508146470702644959e-01	1.000421405898791610e-01	-8.179090218463298811e-02	-8.407273430920605972e-02	-3.160011651233299388e-03	-3.444077465060824128e-01	3.532556293517704615e-01	-2.753928626697151882e-01	-2.450775744934955147e-01	-1.742514458234594998e-01	-5.189819206353647740e-02	1.209439983520775447e-01	2.723692711390149346e-01	2.479678971892053385e-01	1.221446083754207379e-01	4.251548202937837501e-02
1.217952764976665964e-01	-4.029775695214417031e-01	-8.182882255846538055e-02	-1.349561240997193545e-01	-2.062684587442526196e-01	-8.882421995041461793e-02	-1.577136976022748827e-01	-4.673103634766358899e-02	2.491309714094520553e-02	-1.268265386586516774e-01	-1.096560728897805898e-01	-9.808708048742617591e-02	8.056576084268249338e-02	3.389683583058779592e-01	4.715272264151997017e-02	1.044989650635604894e-01	2.275443411862572429e-01	-2.906947384414906160e-02	4.441131885650212441e-02	-2.417385549863228789e-01	2.981549037653733469e-01	3.266333567317056263e-02	5.572503099148073957e-02	1.672544071082043005e-01	-1.046271790877127267e-01	2.205033077002558906e-01	-1.491912735430388041e-02	1.744641818678422940e-01	2.482428115958626169e-01	-6.273721095020596758e-03	-1.081604934976496818e-01	-4.950998380269470284e-02	-1.061647403197539113e-01	-4.420238785355082994e-02	1.115899286372666471e-01	3.264959168985298588e-01	9.529542811767993671e-02	-1.324509087745650258e-02	-1.914752257535627389e-01	7.423376620715922691e-02	-1.924850060906479338e-02	1.546962844046575747e-01	1.509300628507668773e-01	-2.315379722509144367e-01	-9.289030133269353395e-02	5.890811014534644979e-02	-1.219911097916711595e-01	-8.454740108533262410e-02	6.282373108849675925e-02	-8.403103794729120668e-02	1.721925494728177852e-01	3.705091047500756463e-01	2.697176292439435463e-01	2.602389425025162240e-01	1.288284798799938791e-01	1.000000000000000000e+00	6.017378592240257146e-02	-1.856763153537984712e-01	-1.883328522126164473e-01	-3.900358901605954776e-02	-2.309383367731941417e-01	1.168820336019631839e-01	8.132420529575164203e-02	1.785623834194290105e-02	-1.619867189515751815e-01	5.158685333663586003e-03	3.760934869721304641e-01	-2.067933773437298783e-01	-1.602386685571724478e-01	2.610656010780673109e-01	8.091251427604836954e-02	-8.591706826121736640e-02	-5.738582486808058158e-02	-6.603434959988746522e-02	-7.895057589526910391e-02	-1.080721717094401679e-02	1.736187028866446880e-01	-5.359050879410505452e-02	-2.813708848610555271e-02	1.980962584010470540e-01	9.762466570203870431e-02	-1.142530179552081193e-01	2.967077565941502182e-01	4.822872491394711303e-01	3.378411150796402085e-01	5.537516450635034115e-02	5.716555271822863077e-02	5.038447491381489729e-02	1.478177366210508235e-02	-1.425106586006131826e-01	-1.257402115448204016e-01	3.169196464091145193e-01	3.400220550254269281e-01	3.343087091291392920e-01	2.287305690921225543e-01	1.562443366336600803e-02	6.842985630518026718e-02	2.167110280050816573e-01	2.252399507637818932e-01	7.764680454303164725e-02	8.584824739268939742e-02	-1.311759803313256034e-01	-9.056965353533483198e-02	-3.073235627499200651e-01	-6.765708117996006854e-02	-6.719550717766703193e-03	7.750432007068468188e-02	-4.793588925219135349e-02	-4.189015205050440616e-02	-3.781584090703331985e-02	-6.976651690371428460e-02	-1.231686593059092838e-01	3.619901065455520262e-01	-1.427802857603155950e-01	5.593951162625361573e-02	-1.333224755316334692e-02	1.264270700587999119e-01	1.445581911119064034e-01	3.134313754249381523e-01	-6.784179823270004850e-02	8.496011496575110733e-02	5.306491050484112536e-03	-1.709732359125113454e-01	1.629298428245580244e-01	2.085035740568786100e-01	6.073149164592380606e-02	9.223149650925599463e-02	1.980446574290833650e-01	1.881635721839075293e-01	-7.379143533680043721e-02	1.537358661690853834e-01	-1.366152599568399850e-01	-2.573772197864172134e-02	-4.270199515653502753e-02	-6.222731876104118515e-03	-9.895549178783823174e-02	2.215771621419175275e-01	2.245527271500640798e-01	-1.459299032422120834e-01	4.054311105421770645e-02	-1.492022880802626184e-01	1.466108120595187303e-01	-5.043759084013314103e-02	3.579316655800638403e-01	3.789128799187386210e-01	2.248794971681710164e-01	-5.980693461237700931e-02	5.775672009843016430e-02	-1.272910813870171687e-01	2.031925164624747825e-03	-9.265372988515654940e-02	1.439728505537422598e-01	-3.554256724917739980e-03	1.643574680080628903e-01	8.646103179388223148e-02	-9.140612338266401737e-02	3.749830195796925447e-01	3.592715095932195735e-01	2.478089053078089965e-01	4.591937824297567805e-02	3.619106657027325036e-01	2.030466020865806243e-01	-9.638946678292664022e-03	8.200709289540020208e-02	-2.775651617475667892e-03	2.647564064255735275e-02	-2.279164369426702752e-01	1.263824287219084130e-01	-2.916371949519704770e-02	-1.006744200760369551e-01	3.211622162634637512e-01	1.759842742724181397e-01	-4.914553929493336443e-02	-9.177845765965733649e-02	-5.315533877279862013e-02	-1.514406293559434069e-01	2.880237718766718302e-01	1.126824571104398376e-01	-1.235779195513885681e-01	-7.099479613734668848e-02	-1.812029127002771078e-01	-5.665403180042578868e-02	-1.293482416348292752e-01	-3.330728805305449569e-02	-1.173850773343432102e-01	-6.040679233364943876e-03	-1.091046949306768710e-01	1.173020116595188955e-01	-5.716952407304697059e-02	1.313230463257940850e-01	1.704823541770289219e-01	-2.651877069749692395e-01	2.243000480613657477e-01	-6.595006284356770554e-02	-1.358455893483179015e-02	-1.233243821497437831e-01	1.739188776328451091e-01	1.006526066158013599e-01	-3.831378487159670110e-02	1.981467269004965615e-01
-1.763315106656127840e-01	-3.639586428299642629e-01	-5.508835058280509012e-01	-4.756548435473422765e-01	1.410549934202453004e-01	-3.628362382651578039e-02	-2.926437640966252918e-01	7.112346470979059865e-03	-9.146459028438824745e-02	-1.785143694284373750e-01	-2.253773088877485953e-01	-1.462710364409300356e-01	-2.451905271722818747e-01	-2.026017235389650228e-01	-3.758549815530749516e-01	-3.735669504967178423e-01	-1.154728432018169437e-01	-1.833002463932558446e-01	-2.798721577904808022e-01	-2.115283531800997707e-01	4.340040641744200706e-02	-6.071349488902613722e-02	-1.426040121345277245e-01	-1.315411430405437621e-01	-9.970126926039021842e-02	5.586049191790985746e-02	-3.946399481302467760e-01	-1.283082819955242981e-01	4.069222100492870808e-01	2.620336652914271869e-01	2.040198060903423705e-01	4.563893706909488007e-02	2.028096401102354174e-02	6.233621078949594940e-01	3.204500092913780684e-01	2.536677229849601534e-01	4.406930624223274195e-01	-1.033495594903732079e-01	-1.908108206432788112e-01	3.293602266136211876e-01	2.083304147040262733e-01	5.854015444608937080e-02	1.464523416936352185e-01	-6.963824255542987174e-02	-1.831332007701329811e-01	-3.977530111623378550e-01	4.185799499850810790e-01	5.560641282018365106e-02	6.581252379808097408e-02	-2.389279234397865270e-01	1.709341521933498420e-01	1.758476342808154014e-01	1.609359260450988482e-01	3.511101623630237811e-01	-1.658361941091673619e-01	6.017378592240257840e-02	1.000000000000000000e+00	4.584534265978040812e-01	6.283290177342292226e-01	5.529027016838214958e-01	-1.900259094157171619e-02	4.275360741113813368e-01	1.258528571993915712e-01	3.811951410678005581e-01	3.462065800328161247e-01	-7.243039744686075032e-02	6.012732654737393823e-01	3.868614996275034912e-01	1.581881375384899535e-01	1.932287893711467919e-01	1.138503372215117632e-01	-3.990025031789279919e-01	-8.893420747962714479e-02	-2.576574763142360780e-01	2.975277359130559240e-01	1.207935011272513182e-01	-3.494711172338755417e-02	-2.688386112377795512e-02	-2.012411079251665569e-01	-1.193900263626826441e-03	6.840980235088553463e-02	-2.107697589298834218e-01	4.216464906785081374e-02	3.592455005932521095e-01	1.325837071897706387e-01	2.128695063416941591e-01	6.997307448996008261e-02	2.496003937435155584e-01	-4.362189099695433503e-02	-7.212635622891197529e-02	-2.231063885182626438e-01	-5.775957579731857972e-02	3.226468095043952822e-01	1.598205528586061630e-01	9.129566692542580297e-02	2.720358411457979853e-01	-2.356801209398917130e-01	2.371060632368641730e-01	1.637385462769609945e-01	1.319726986109586442e-01	-2.532933292833907668e-01	1.493610194731223861e-01	-5.670728509694332731e-01	-3.338678226779501212e-01	6.115472704421877001e-03	-4.384184179555308258e-01	-5.547484569929425624e-02	-5.773155211670084191e-02	-2.313352229107054348e-01	-1.111503341056681027e-01	-1.288039613849571155e-03	-4.433146318800216916e-03	-5.118825268260421280e-02	-3.542284076917511237e-01	-2.508877705773960298e-01	-3.429263226376334517e-01	3.340941199266327100e-02	-3.555099405990176376e-01	-6.893803430413841067e-04	-2.137077288403350650e-01	-2.392013594911094054e-01	-2.064945995738327322e-01	-1.968714994435592780e-01	-2.958101934436907499e-01	6.986406750063865745e-03	-1.733736298826960842e-01	-8.413385562018121933e-02	1.055709651177671599e-01	-1.304299493532536658e-01	-3.805648672846306813e-01	4.801559603408178112e-01	3.738383878597179577e-01	9.181009469757035746e-02	-1.686995737139106166e-01	5.160254099306573750e-01	3.565347630633491360e-01	1.337871354931561563e-01	1.493422115148093088e-01	-3.144491939724861074e-02	-7.578343088640827896e-02	-1.030270480733995742e-01	2.739214484127295290e-01	1.890774088938937669e-01	-1.224298092961087631e-01	-4.253921449461729037e-02	1.128991651898946791e-01	-3.013440714861293501e-01	-1.894189174122189179e-01	-6.041732421752799009e-02	-3.495643847067603227e-01	3.409521065717029398e-01	4.164211291482690647e-01	3.687181689786835914e-01	1.764673330740808288e-02	1.896231233395804794e-01	-2.321783085029710259e-01	1.597452603389097892e-01	1.078882330735843886e-01	6.618322534087098252e-02	-3.788537351544330606e-02	2.845326467767910206e-01	3.143841638376715930e-01	4.108066155179889711e-01	4.442000203396332392e-01	3.692478620721924565e-01	4.709204041867735002e-01	-5.917200750777426577e-02	2.984411288614037816e-01	4.150096386218991573e-01	-1.831388275572486957e-01	3.381145329299949376e-01	4.922878283747217920e-01	3.486706087010300603e-01	3.821596598614502294e-01	3.907545024954042212e-01	2.566970314127435260e-01	3.003881381667283246e-01	1.814825154241346550e-01	-1.110704539216013365e-01	6.022935399462707451e-02	-2.574022704799326378e-01	9.745673495069717696e-03	-2.121886848018391669e-01	2.353176139370198872e-01	1.741853265253728578e-01	-8.692492691534901839e-04	-1.883840146930198384e-02	-5.618372402759840012e-02	2.104109088801922045e-01	3.016295663770852120e-01	7.353542886817386603e-02	3.378579063184958819e-01	8.418084520575069840e-02	1.614781299992714692e-01	-1.693849342759521925e-01	-4.462114283933782399e-03	1.375276666319855956e-01	1.216501888319571345e-01	2.465748242394899259e-01	6.069194906596558914e-02
-3.272290337526017057e-01	-1.412212124432953297e-01	-4.540282459979451679e-01	-3.552490866517374890e-01	-1.129134399481322992e-01	-1.722018704348732832e-01	-1.531316578338819401e-01	1.344423045999668977e-02	-5.555412192983576192e-03	-1.945096475740039701e-02	7.024731090563943181e-02	-1.913670633820249434e-01	-1.120557343399658234e-01	-1.985919551950990070e-01	-2.777006636861328315e-01	-2.234453668409372429e-01	-1.859780028495677529e-01	-2.159922167369621449e-01	-7.569699965111649498e-02	3.172598244424992137e-02	-1.550566815740681281e-01	-1.204691418259912911e-01	-1.800310669464628976e-02	-1.362569351252384264e-01	-2.639078847836649061e-02	-2.591361772097433569e-02	-3.021082465094006020e-01	-1.402470674874059242e-01	-7.138198151787568391e-02	-1.559416494701240108e-01	3.518547324839758211e-02	3.633432115555895181e-01	2.249689193815892219e-01	5.850342201633927930e-01	1.078477172540672352e-01	-8.550476710644368261e-02	1.124979692960709210e-01	-8.153998226163371166e-02	2.419175346195918952e-02	4.526046911157066699e-02	5.481058512434031776e-02	7.044712644441093741e-02	6.892694841903081182e-02	1.555507310853298381e-02	-1.073145552296594918e-01	-2.909789381487569715e-01	3.469813043107915496e-01	5.003231415089720580e-02	1.244747155410288880e-01	-1.547432595080327211e-01	5.986282328496557448e-02	-9.119961781560234626e-02	-5.430434564503387740e-02	1.652946148545805793e-02	-1.585327914441509722e-01	-1.856763153537984712e-01	4.584534265978040812e-01	1.000000000000000000e+00	5.038904696236720104e-01	6.376179440273302967e-01	6.695320908055814313e-02	1.794448168364925211e-01	1.854789744241791549e-01	6.432869126821003092e-02	4.241184671563205111e-01	-1.998793400947367349e-01	4.498900818408692603e-01	6.808806958375186458e-01	4.667460972531419783e-01	3.341691532116839447e-01	1.129350883406645828e-01	1.019737020259408877e-01	2.895878711118396454e-02	-6.799554693904488745e-02	7.646091784832205196e-01	1.412817716193550399e-01	2.489601170535576669e-01	2.497885308388518230e-02	8.650868222675787977e-02	-3.008981092903704746e-01	-1.759325472359173081e-02	-4.240392606249045702e-03	4.399401970816604890e-02	2.005817703091358484e-01	8.955468532407756532e-02	4.849327822060509052e-01	3.887457944409924426e-01	1.168100039654655642e-02	-2.610164719594991120e-02	9.048202196934089503e-02	3.168997715145306648e-02	-6.386164784302575392e-02	7.543478061234319687e-02	1.700300357729282730e-01	1.585717936700701824e-01	5.377568979906548474e-01	1.914995395281690882e-01	-9.295929275555661619e-02	1.837559694715014680e-01	3.987237331006570074e-01	-4.304133998284394580e-01	-9.432022555417150789e-02	-4.357112542927970011e-01	-1.554863302493259825e-01	-2.234480444445439140e-01	-5.257630632840677443e-01	-3.586754380469740766e-02	6.975387790710979585e-02	-1.147439663217074413e-01	8.736545099009911108e-02	1.457569658068301743e-01	-1.934433421141827647e-02	-3.239988499667700861e-01	-2.118356933243515927e-01	-2.043916064793197540e-01	-2.005596364106664309e-01	-2.426003714680141643e-01	-2.851950605352602253e-01	-2.642396964036222706e-01	-2.788758914875081873e-01	-2.005089040736741379e-01	-1.193258287912131316e-01	-8.441120348557637487e-02	-2.222809477983589688e-01	-3.133588249130635217e-02	-4.542504216213474888e-02	1.667543432980375384e-01	-1.001060043913565983e-01	-2.627434490526477928e-01	-3.164245176323897124e-01	-1.225196212227783188e-01	2.465205602206796409e-01	8.113797286278601195e-02	-5.634101004171040289e-02	3.223327124088985474e-01	3.904833216088856584e-01	-2.223488383273367064e-01	-1.754352980881288826e-01	-7.061109705478763043e-02	-1.978263506212633860e-01	-2.048520772301420656e-01	-3.667710603079613052e-02	3.671864741403801230e-02	-1.301116712145858334e-01	-5.997677221608525150e-02	4.069292548017976879e-02	-1.719038239119217437e-01	-1.954931390087409071e-01	-1.868558629510689573e-01	-2.920150630902186850e-01	3.950523960980784621e-01	8.813963454854403801e-02	1.880256456159666301e-01	1.334340634818417803e-01	1.539181599913250764e-01	-1.405140991411309714e-01	-5.228973557764110547e-02	-6.706630791615222908e-02	-3.849229639534783309e-02	7.523352907415097783e-04	-5.988095996987260333e-02	1.010501393931081682e-01	2.897744831324350345e-01	-6.780690578113928932e-03	6.090601604010507097e-01	3.193814286631907473e-01	4.722326129915237203e-02	1.601941822611278876e-01	2.435353008562619326e-01	-1.145791422189577496e-01	3.072297970979352977e-01	5.062600105992057786e-01	6.318578638190794905e-01	5.461050019755619989e-01	2.837478075868950511e-01	3.548498424006600316e-01	2.299127203401099273e-01	1.307596580224405225e-01	1.736687114053174497e-01	2.112555379043311865e-01	2.016444554691670388e-01	3.396813163979059969e-01	-1.019820148380185809e-01	4.896925332161085054e-01	2.036605481938829620e-01	3.349134633971372899e-01	3.903662240659783178e-02	-3.109913377142275448e-01	2.396414190614341022e-01	4.695207956690497508e-01	6.097975142431552587e-02	4.686773689365512641e-01	1.700007200432873400e-01	2.430512785707115708e-01	1.688685362131546186e-01	-8.877392684979400900e-03	9.651263491856146293e-02	1.015139509798196754e-01	3.171909302536306541e-01	-5.993268139812440304e-02
-9.065670355990551599e-02	2.742215611625592464e-02	-3.837289899613555155e-01	-2.123158232683326763e-01	2.996625974455742122e-02	1.586858944379011815e-02	-3.312372096692120516e-02	-8.450086466478498592e-02	-1.409751131586058914e-01	-1.794899913675457037e-01	-2.283236080395755485e-01	-2.801641317270659459e-01	-1.775579334715497171e-01	-5.012973606246370201e-02	-1.170976835307765973e-01	-2.175432073650233333e-01	1.011991968911710033e-01	-5.968425226991093402e-02	-1.497522097841566535e-01	4.456012240358941945e-02	-1.838252589313404128e-01	-9.862115341352309383e-02	-7.915539175662490712e-02	-9.152231776441270561e-02	1.363224952311452298e-01	1.567511012298046236e-01	-2.339284413793643602e-01	-7.183779427214254110e-02	2.339091926167321256e-01	1.062292127182089263e-01	1.227896664687644773e-01	1.227569113048194022e-01	-5.004081881451000365e-03	5.139509186306555621e-01	5.572670072803167507e-01	3.748343735738739468e-01	6.164576128102852159e-01	1.136307278153931288e-01	-1.195191490996961869e-01	3.854812886713842035e-01	1.040861119531951429e-01	1.181254599305900932e-01	1.498775567317505719e-01	1.292342046086554785e-01	-1.966827154997640159e-01	-3.241437550619065133e-01	5.245522045430150992e-01	3.574894321438439569e-03	5.552192416355363619e-02	-2.861094325353995549e-01	8.286611379657769783e-02	1.566035401896240242e-02	2.971606109507365368e-01	2.387018536211297781e-01	-1.625508821145646432e-01	-1.883328522126164473e-01	6.283290177342292226e-01	5.038904696236720104e-01	1.000000000000000000e+00	6.274927053738857952e-01	4.234768155235340420e-02	4.394997748750198441e-01	5.428430282993344791e-02	3.725364082119775877e-01	3.084288557761960536e-01	-4.037522669190132113e-02	3.566284884867941818e-01	3.250188235804342685e-01	1.289578297640533999e-01	1.016047897923411519e-01	1.522605187335278054e-01	-2.214330430989416010e-01	9.318825997287458543e-03	-8.281324365432525536e-02	1.630663809711870860e-01	6.038312283586187018e-02	-2.461579229675081859e-01	-2.042549754112220339e-01	-1.818817137270115070e-01	-1.589640509693970305e-01	-1.645853542377912482e-01	-1.691856035803497582e-01	4.919411264689911578e-02	1.039796266588511320e-01	5.472257096479268834e-02	1.331706752976085095e-01	1.785210233092693333e-02	2.172804532946228939e-01	-1.207363792588747597e-01	-1.925504510064459662e-01	-2.554452841510082006e-01	-4.082323055258582113e-03	1.130823002002783462e-01	7.656670005280692692e-02	1.066987967804232523e-01	2.781826379404538363e-01	-1.865978429896518187e-01	2.851736662580909437e-02	9.106903629312242121e-02	1.443109767267291565e-01	-1.538213551237112009e-01	1.099791615523202093e-01	-3.532432009678276863e-01	-6.028954235553519309e-02	-3.301086504209864436e-02	-3.811806151059617953e-01	-2.166647655145019502e-01	-9.764225942758275600e-02	-2.206214128090808746e-01	-1.205368805563547668e-01	-6.084949558794262164e-02	-1.519149098825491595e-01	3.595523734117110626e-02	-1.505139930535167314e-01	-4.252791353587243722e-02	-4.736534175504012595e-02	1.884911240321624493e-01	-1.704844152895714782e-01	7.494541228684424572e-02	-2.079746547965001177e-02	-7.456488318108017710e-02	-6.666485035928564062e-02	6.386391207550293214e-02	-2.089922709909652621e-01	-1.050186873394831459e-02	2.266601264017564787e-02	8.031905472346691222e-02	-1.889264106499339603e-03	5.405963401574927218e-02	-1.561960266050875512e-01	2.563241863826985489e-01	2.107568353505235859e-01	9.258205301534382092e-02	-2.934492384017162604e-03	3.353591860663288626e-01	1.454886576793393282e-01	1.486052525366225452e-01	2.810593247786266069e-01	-3.980449886689450822e-02	1.022229163818216546e-01	2.995407293173592278e-02	2.785864452504153710e-01	1.224856591239686932e-01	3.309235662535176675e-02	-9.953489978303776964e-02	7.960206478203792069e-02	-2.678802638649158130e-01	-1.112285013596300970e-01	7.874750941092023560e-02	-2.562729292539655535e-01	3.713806451815466203e-01	3.309551458915300781e-01	3.420443524797326940e-01	3.056892577890047910e-02	1.452829410986564429e-01	-2.595413489607149016e-01	8.642206843423050344e-02	-7.383630804024091110e-02	-1.543295344460967333e-01	-1.057307167131751047e-01	2.173130898668391708e-01	2.902138627917968394e-01	2.896121892856478031e-01	2.786730766155515737e-01	1.426287349699702778e-01	4.232834186293745748e-01	1.543440504567229234e-02	2.017580112963841543e-01	2.961807298233271601e-01	-1.303943587218332201e-01	1.190426631540100894e-01	3.395588888077072931e-01	1.295576543011140724e-01	3.223043243055816465e-01	2.933057423646264761e-01	9.511515102335750538e-02	1.457879551723952338e-01	1.513215266176234086e-01	-1.680010760331442365e-01	-8.089614099497499655e-02	-7.351814270595052880e-02	-6.866162318283765276e-02	-1.211941458821532008e-01	1.262039087751230804e-01	6.608611870145576772e-02	-7.714340670183005011e-02	-1.003898970562893955e-01	-4.932535358964466182e-02	1.543156052466527484e-01	1.410942690333038263e-01	2.009793096087562070e-01	2.345371699733291293e-01	4.280155251721848124e-03	6.714156505687320087e-02	-5.770765698489372514e-02	2.144532046475777221e-01	1.276488792388290605e-01	1.657690130648340476e-01	2.016512976258891809e-01	-8.106707644328808859e-02
-2.613735804631360793e-01	-1.128022655883973852e-01	-3.781023416455491781e-01	-3.088893358252003951e-01	-7.100434337361757886e-02	-4.644948575576107047e-02	-2.034452397312942751e-02	-2.825339368596598705e-02	-7.493517741556766920e-02	-2.128327774516035886e-01	-1.874516174835859361e-01	-3.513842838290315296e-01	-4.375814659854018185e-01	-9.407065750345802724e-02	-3.236802698860442584e-01	-4.256107180704275517e-01	-2.043928625671944110e-01	-3.331388836986305391e-01	-4.574885894386468421e-01	-3.178081711749224381e-01	-2.777493974470094940e-01	-1.225792564273782831e-01	-2.358533258665754806e-01	-1.135452362638655205e-01	5.678095223113133194e-03	1.356501737835413279e-01	-1.900810368942713879e-01	1.960612907256450640e-02	6.294412495690837606e-02	-4.313697350753142173e-02	1.668806518572575059e-01	1.499676971410905668e-01	1.475919635949205500e-01	4.972176878937727973e-01	4.659567065388670049e-01	2.506393688680113030e-01	4.320875170468942983e-01	-1.385679390340538164e-01	1.348744154664204276e-01	2.945613822689143735e-01	-1.258683443241581379e-01	1.326619736525012569e-02	2.488705441033035870e-01	-1.364856391121131995e-01	-1.971856806231810366e-01	-3.300059960176682239e-01	5.959996815408009629e-01	1.109310258629321172e-01	7.339353488600734721e-02	-2.566568222584755810e-01	2.950413212294329957e-01	1.117135873546275388e-01	1.828163074574246649e-01	1.619010519745206211e-01	-1.875091270142241751e-01	-3.900358901605955469e-02	5.529027016838214958e-01	6.376179440273302967e-01	6.274927053738857952e-01	1.000000000000000000e+00	2.101973824219197651e-01	3.114224033542206671e-01	2.813228371636568026e-01	3.356573508129201411e-01	5.336742611698237493e-01	-1.490070679373630691e-01	3.480906920918527825e-01	6.000866286438327757e-01	2.681267255569515506e-01	3.012640476683540181e-01	2.842944752780768858e-01	-1.070771863159335341e-01	-7.510753569376022246e-03	-7.646746977981799982e-03	4.950592743145326713e-01	2.029255057040642296e-01	-3.526092479696546489e-02	-2.177525119273543419e-01	-3.031555362100753562e-02	-2.755482515129661913e-01	1.447767125284937784e-01	-1.026525967195669742e-01	1.401403949949513172e-01	2.724774636384263427e-01	2.710947750677085710e-01	5.046831146448913508e-01	4.194531988152129798e-01	1.696345107969676747e-01	-1.752486831562516389e-01	-7.991440944782664257e-02	-1.530867794882750377e-01	1.915071479235447016e-01	1.847718245726507058e-01	2.475118667211515244e-01	2.585854758345871307e-01	4.320710889676236954e-01	7.189844128679305502e-02	1.231827314341318591e-01	3.618953578128288884e-01	5.191267946325781590e-01	-3.219367826698836255e-01	3.207511573593406495e-02	-4.179906688370749190e-01	-1.994029814536107947e-01	-1.666999383755330133e-01	-4.953043790526334145e-01	-1.730947354926148374e-01	-1.045341536772833868e-01	-2.223439619604396511e-01	-1.053309699549351275e-01	-8.530936535631561402e-02	-1.961067660487140207e-01	-1.403203042315025462e-01	-2.375431991701649204e-01	-3.765546445231504613e-01	-2.996823675197235470e-01	-3.087571608128870104e-01	-4.402354390969163145e-01	-2.412596126946909003e-01	-2.099818832419830805e-01	-4.316400324465362037e-01	-4.187521398616454449e-01	-3.718639603797315174e-01	-3.088148567930099619e-01	6.903062386933149497e-02	-1.119722868386955478e-01	-1.926220838892453782e-02	1.008752144416841939e-02	-1.999022305048966594e-03	-1.797403286608673378e-01	4.321504318087290852e-02	3.358209193329130260e-01	3.231851651537698787e-03	-6.775434588478304598e-02	3.267996804374048714e-01	1.746968410580065356e-01	-1.015155276152085798e-02	-4.105859783993422857e-02	-1.938253792085134208e-01	-3.398647818785837660e-01	-1.718989873030844495e-01	2.023304547024761257e-01	2.274840895445079114e-01	2.614713114529814211e-02	-7.565189617759388030e-02	1.758862273729822068e-01	-1.835683745028377500e-01	-3.290474645171642676e-01	-1.796386012401659238e-01	-1.503566113561242423e-01	5.970714998568413812e-01	3.018054908024878635e-01	4.182513878997651258e-01	2.850049305206893147e-01	3.214733347944669917e-01	-5.784950064779734169e-02	2.829761293122736721e-01	2.617336398025942867e-01	6.121078017385007258e-02	2.345695874828279404e-01	1.656750738654405031e-01	3.278380232991123244e-01	3.205566274592314135e-01	1.806934226339947103e-01	3.090874320500655026e-01	5.080649739585711977e-01	1.638121404838706607e-01	3.400735378069081882e-01	3.971324626100341537e-01	-5.758581965696186973e-05	3.757091572686966918e-01	4.183067651162249434e-01	4.602666230526131219e-01	5.072412845396652159e-01	3.515345723531261291e-01	3.526774785805513734e-01	3.423107881556478604e-01	2.071908612267843175e-01	1.901869000090495032e-01	2.115339471438597296e-01	2.436859984276574728e-03	1.282800726774131761e-01	-2.048213585584378049e-01	5.025225612060066904e-01	2.335277473740707266e-01	1.626453463736248495e-01	3.559603390749788154e-02	-1.123774121568028445e-01	3.752212033991842999e-01	4.930107855846635467e-01	2.099899782024518269e-01	2.866577997848126502e-01	3.952826237494070361e-01	2.679110496342426151e-01	1.259975967139563557e-01	1.656951910696172758e-01	1.383209407089770748e-01	2.911258890047964121e-01	3.822646482284597913e-01	1.130695695815447099e-01
-2.654821443379647983e-01	-2.451183188704322835e-02	-8.061057456623389739e-02	-3.872825632559805109e-02	1.036026835631278509e-01	2.275723325696738519e-01	2.645825359947133193e-01	-1.134436881183762680e-01	-4.497462241156045815e-02	-1.472616939824769600e-01	-8.392126319303082338e-02	-1.565410223755022701e-01	-4.293545073845607407e-02	-2.699562850371715617e-01	-5.272112709227243926e-02	1.353631953337529892e-01	-3.271491079263956145e-03	3.313103977203538109e-01	6.152564142445565015e-02	5.268456095558079338e-02	-2.769969501443970139e-01	-1.545474081578506464e-01	-3.627876451169401717e-01	-3.468758556490685319e-01	-1.809806018141371098e-01	-3.755258275855257732e-01	-3.150808503900510982e-02	-4.968548904251718357e-02	-2.115240330818450865e-01	-1.290765131513069985e-01	-1.556072686252713694e-02	2.797353083516846972e-01	4.787118295990032690e-01	1.098514645591811834e-01	-2.006100434725622828e-01	-2.817877952272617170e-01	1.167091172196017684e-01	2.222645200081696248e-01	6.488167679176048974e-01	-3.628282509993410732e-01	-2.493056035846830942e-01	-4.514553866358512191e-01	-2.627016571348855245e-01	1.123747709847780774e-01	1.632690745304991309e-01	1.530128427424619075e-01	-7.244297171644160926e-02	3.025346089378794789e-01	-3.250205009590679817e-01	1.772021159163837400e-01	-1.905697206664289378e-01	-1.903223407080863738e-01	-3.030046676312168619e-01	-1.959493780657695639e-01	-3.819694872516369438e-02	-2.309383367731941417e-01	-1.900259094157171272e-02	6.695320908055814313e-02	4.234768155235340420e-02	2.101973824219197651e-01	1.000000000000000000e+00	-2.912608005878334905e-01	-5.952650905426398742e-02	-5.208512535845700314e-02	2.778483225568467718e-01	-3.004206205192973267e-02	-2.344264040516977621e-01	1.754399070528924465e-01	2.234658627825127919e-01	-3.622218950653138259e-01	2.408406743992989318e-01	1.806616061056323386e-01	5.038391287635839433e-01	4.653680503543320204e-03	6.631984994638556730e-02	2.473396791349532498e-01	-1.670753696819110012e-01	-1.349171091493487906e-01	4.278969790624216896e-01	-2.201872676182755340e-01	1.019719172046046618e-01	3.248921242315424424e-02	-4.048179248633572147e-01	-2.079353578135835767e-01	-2.660760094390690056e-01	6.033048072081749480e-02	7.374137770441616113e-02	-2.171111597419835004e-01	-1.093570748260579290e-01	1.120036694007323641e-01	2.638238513359240645e-01	-2.863870983347077681e-01	-2.143533361073579058e-01	-3.019663606214073592e-01	-3.440295505034494106e-01	1.174791308013869578e-01	-1.043271370511005131e-01	4.677894484651151652e-02	-3.685703142040250291e-02	1.187497106031443067e-01	1.995182102077862341e-02	1.040451558583264588e-02	-1.055025918962058107e-01	-1.141675212370400067e-01	7.226248346213173801e-02	4.216759674667114322e-02	-6.890589486366936744e-02	-6.555618889289095697e-02	-9.261663573370927660e-02	-1.023766177726264520e-01	-9.829871668036482824e-02	-5.869846757122336445e-02	-3.295399034899752500e-01	2.940301619940870470e-01	-7.806466114338410367e-02	1.384883157133932341e-01	-3.110377863712661672e-01	8.013227428895584870e-02	-2.925047294695495848e-01	3.193100641968887876e-01	-1.131633444728121635e-02	6.531575383979869309e-02	2.176898101475091898e-02	-1.812559325740037974e-01	-9.924196161904902391e-03	-3.706764093795625881e-01	-1.785827168521856578e-01	-2.894329318954562136e-01	-3.035781970419803577e-01	5.534669112370942112e-02	-2.115347715779595239e-01	1.701745767618116634e-01	1.868189765742586661e-01	2.503276659527314263e-01	-1.784254799545278991e-02	1.877471424612215667e-01	-4.148088425692346703e-01	-3.911818589113957856e-01	4.324296902431119527e-01	4.163381251932423560e-02	2.843492026329401678e-01	-3.316703350683549156e-01	8.748494620315722115e-02	-1.112583155816826708e-01	-2.105772779299300290e-01	-2.813297308039138245e-01	1.958024980320133557e-01	9.890816273418957805e-02	2.642460018283763201e-01	1.918775642064345643e-01	6.585430898356127438e-02	-3.849798415516209604e-01	1.613659326422704765e-01	5.503261648888132379e-02	-8.601792040391688376e-02	3.078555656251195094e-01	-2.182225073208756902e-02	-9.098671322103288328e-02	-7.107159551114923535e-02	3.393041027154709566e-01	-3.581856308250365162e-01	-1.084014150963346634e-01	-1.322646874930619998e-01	-1.353858818292724480e-03	8.894968687481379088e-02	4.299957170903646875e-02	7.028623749178650737e-01	-2.860327797445869624e-01	-4.996036854216264617e-02	2.325798941323544700e-01	-1.331324653047679940e-01	-1.507024386188202392e-01	1.165753497328514410e-01	1.155867095041401421e-01	1.593829655559177161e-01	3.007320570393088310e-01	-7.808741900987957452e-02	1.767405744891054065e-01	2.833027657383614950e-01	4.596338455973760229e-01	2.791489129110827361e-01	2.926534011640780641e-01	1.532443373603707137e-01	1.525183565225736448e-01	5.124206851077673930e-01	1.978786099112444380e-02	1.669237498812131404e-01	1.913603808602743206e-01	1.383542048288751158e-01	6.081262450065339636e-02	-2.669093600235269981e-01	5.021109568764929587e-02	-1.279589211913386704e-01	2.469429240383297364e-01	1.690487987154018767e-01	2.678581084618480990e-01	-1.639727044134471345e-01	-1.218393413426425848e-01	3.766814819822293658e-02	-4.606435244517701616e-02
2.953815193238896186e-01	-1.112900110885138016e-01	-1.481722254050906740e-01	-1.665374246035697114e-01	-1.157627115174377358e-01	2.952094979842119840e-02	1.629403473463920948e-02	-2.083323139767013221e-01	-6.301192551091641669e-02	-2.836610046735164592e-01	-3.085941314982895700e-01	-3.111996169555883984e-01	-2.724462616144568416e-02	8.258005564553608235e-02	-1.685714363440396768e-01	-2.467380628768461037e-01	7.272352908660116057e-03	-2.177452660630330994e-01	-2.039008980259431059e-01	-2.462297822560099714e-01	1.812800294158993519e-01	5.760974129507605984e-02	1.164131632669277300e-01	2.118352020154771476e-01	-8.148688399877747346e-02	2.788819761775068740e-01	-2.000047768498635636e-01	2.473701453453365506e-01	4.810348815283611024e-01	2.335692470720390768e-01	-1.315818770384790393e-01	-3.366207193460982183e-02	-1.315108827865934804e-01	4.399925399943543369e-01	4.161803171665328094e-01	4.013795193122292049e-01	3.640260903076636412e-01	-1.675148150315131923e-01	-1.420658070728005040e-01	4.920279728161893185e-01	2.990781602889022173e-01	3.599526360602843256e-01	5.552880610127448602e-01	-6.998377571297148547e-02	1.177328290257482341e-01	-1.203370492338919073e-01	3.076559542935333180e-01	2.851769155537635658e-01	4.847936019027297427e-01	4.201006981635137250e-02	4.619176792463108305e-01	4.182089487834293462e-01	3.573425384022994589e-01	3.714599520021371060e-01	-3.997393899208306900e-01	1.168820336019631839e-01	4.275360741113813923e-01	1.794448168364925211e-01	4.394997748750198441e-01	3.114224033542206116e-01	-2.912608005878334905e-01	1.000000000000000000e+00	5.105860844028790035e-01	7.361997925415582067e-01	4.850124574743488459e-01	1.738471148736736027e-01	3.619265779975616715e-01	6.014871842628607274e-02	1.524926797630369313e-01	5.241366323412881556e-01	4.444579148163547710e-01	-3.452560931279107792e-01	-5.173605881496274872e-01	-4.828010062188024809e-02	-5.027504973255798176e-02	2.492445879763153793e-01	-3.791061202361596383e-01	2.984866376260026689e-03	-5.230997465391542534e-01	2.524616694144165008e-01	1.742459344222199447e-01	1.163613579175663548e-01	7.817136579707344157e-02	3.719140691500210649e-01	1.020885249109730331e-01	8.546594764331685856e-02	-3.369153382871554331e-02	5.125417540727925658e-01	2.420774396651402191e-02	1.602426189566062698e-01	-1.659997548703373571e-01	3.573224781292541619e-01	4.221569347471992306e-01	4.927991885385444304e-01	5.647915938585076345e-01	-1.019784732114581288e-01	-8.498574341715402214e-02	2.230054969640709872e-01	1.494346510016085205e-01	5.266886306508395538e-02	6.456635500578891684e-02	-4.700452467280902963e-02	-2.039294407740488979e-01	-6.316345130896869331e-02	-3.488841245152172338e-02	-2.857721696155614555e-01	-2.720506319145750140e-01	-2.697345511291191489e-01	-3.196796820389031790e-01	-2.969412322841181728e-01	-2.646921963889931617e-01	-2.345987168675684464e-01	1.046682862359598482e-01	-2.045237258597100150e-01	-1.397422868892136613e-02	-1.937942758645528896e-01	-1.527209628083343006e-02	-2.310915005380448639e-01	2.438723535637630710e-02	-1.904111638259920747e-01	-1.846623514493256069e-01	-1.581385112335163823e-01	-1.790332517256099376e-01	-1.407007828845781849e-01	-1.196386332644064771e-01	4.179604725252333841e-02	-1.317558651120528390e-01	1.062303418726526782e-01	2.624509449798362749e-03	-2.634426352127519078e-01	3.692235783870321253e-01	-1.893261804127122361e-01	-1.268848646734480612e-01	-3.304292353664391446e-01	2.695410066323529197e-01	1.418070536774674456e-02	1.598992767161159789e-01	2.434159699922961717e-01	-4.802993741680350315e-01	-4.637561094320441502e-02	-2.028359519416330914e-01	1.277958999447075528e-01	3.868926686201064613e-01	7.214121985067635523e-02	5.820600188962170123e-03	2.280694769882185280e-01	-7.282551241310550316e-02	-1.173286917273468344e-01	-2.105215104973335305e-01	-3.351323502184875430e-02	8.830713771069777229e-02	6.988008979303398371e-01	4.945931635650931968e-01	3.402394304866621644e-01	3.209756205947366658e-01	-1.251485829083314599e-02	3.690628922371024245e-01	2.348015122376019281e-01	1.310464237999629800e-01	2.150460929910586252e-02	2.271278707165551858e-01	2.655164899550309654e-01	4.067296512865646307e-01	3.917573599102063264e-01	-7.670500785437163460e-02	2.360017773032269395e-01	-1.843557826091982987e-01	4.141961320010010272e-01	5.822625340664231430e-01	1.046548224575532676e-01	2.005753368974244055e-01	2.978807371854876318e-01	-1.376655231491304421e-01	6.767073451464443445e-02	4.451476114461240252e-01	1.903044505507966999e-01	4.041930210276312718e-01	3.839397318351621680e-01	-4.976048889573400635e-02	-1.961728089716012757e-01	-2.637780716262603797e-01	-3.290031260548760272e-01	-1.307233760427592706e-01	-1.478090090709318627e-01	8.965235517264605325e-02	-1.817493746737944560e-01	1.098384318970332535e-01	1.796242698797516080e-01	2.928004919800069050e-01	7.209539426484341818e-02	6.571865599710199901e-02	2.828791172413794297e-01	3.144057891468897692e-01	-2.666596734929363999e-01	-1.703629113778451776e-01	5.396834704230541596e-02	5.006688180988489410e-03	1.087431180217829502e-01	-1.076914575921658797e-02	-1.903424103775452070e-01
-1.814941280593799222e-01	-7.995613998154418867e-02	-1.676806132374153782e-02	-2.874477519588043983e-01	-4.252515342909979901e-01	-2.783944026644658010e-01	6.079481657167125352e-02	-8.000042678548120734e-02	-3.625599363555952193e-02	-8.501851529192948342e-02	4.428225093408384022e-02	-2.768030195066921162e-01	1.805133257052395426e-02	1.230959314559479101e-01	-5.053762108149079807e-02	-5.909711629691061230e-02	1.360786803821766044e-04	-2.207105412694868873e-01	-8.987120964007995483e-02	-2.113414820386573245e-01	-2.491061888814024314e-05	9.237500527069347767e-02	1.662793348298673146e-02	7.559882693507342932e-02	-2.793834678915096958e-02	1.078379482467307915e-01	3.240794762395898115e-02	2.984093433645386151e-01	-5.877766147600270441e-02	-2.445434335824049066e-01	-8.793032819392136712e-02	-1.005001260523541162e-01	-9.066409208152537147e-02	1.050227555316486094e-01	3.147738771551596149e-02	6.057808632093483747e-02	2.322038085743145103e-02	-3.376414009523932003e-01	3.722563176559092191e-01	5.151402251724481601e-02	-1.578643507540401225e-01	-3.622743696417283360e-02	4.101707410006790178e-01	9.918008138062072918e-03	3.053159826812293920e-01	9.545443363580528862e-02	2.962512574744221028e-01	3.269770965274949037e-01	5.272616058527845873e-01	2.227029812940426734e-01	4.814282985981049867e-01	3.091018827299597538e-01	8.794759555105785553e-02	1.243006537367829789e-01	-3.049236675122861673e-01	8.132420529575164203e-02	1.258528571993915712e-01	1.854789744241791549e-01	5.428430282993344791e-02	2.813228371636568026e-01	-5.952650905426398048e-02	5.105860844028790035e-01	1.000000000000000000e+00	3.855603261792649450e-01	5.798852700186952758e-01	1.140678271908800306e-01	1.810355445130452379e-01	3.923952448700525619e-01	2.188249634812756417e-01	6.256214445916787881e-01	3.527884540078384812e-01	-7.248827143123985975e-03	-2.658199811159773773e-01	4.940377580415940273e-02	2.729201596668269780e-01	3.943971226996021984e-01	-3.929493067736211653e-02	-6.814566788564097033e-02	-2.517253998917591273e-01	3.255726381120344071e-01	3.559778826464311541e-01	3.647265266182187493e-01	6.535600703098352893e-02	3.190885023927093611e-01	1.386997542868287081e-01	4.853910239728445042e-01	4.279581034758223601e-01	2.842015761181024280e-01	-8.086746682042358914e-02	4.458618546249388248e-01	1.804913301410038251e-02	5.465539832459966885e-01	2.116772041833302753e-01	6.492756152991165930e-01	6.979786674612762365e-01	6.155074471476446735e-02	3.439442691743725966e-01	6.476498038972539062e-02	2.666332371949991509e-01	4.556468332053672521e-01	-3.436436118916213478e-01	-1.377816834476379704e-01	-1.595450749672225055e-01	-1.401471078056909236e-01	-3.991289649321334565e-01	-4.343780811676976605e-01	-1.867083601404712079e-01	-5.461025845141730811e-02	-9.538229002570872139e-02	-3.887599124337618589e-02	-5.076056291080437155e-02	-1.777969364965816534e-01	-1.790408850099980270e-02	4.750993682411327329e-02	-4.733778441202297210e-02	-2.285864627162447621e-02	-2.008942712422007448e-01	-6.968990177014967868e-02	-2.735110836473898105e-02	-4.163012705374849465e-02	-1.213973444258005657e-01	-9.015212456595381174e-02	-1.454245020152308832e-01	-1.317784163106203443e-01	-5.479295703031750869e-02	1.233732614813223740e-03	5.874347295099412863e-02	3.803707214872513453e-02	-9.275703016388615885e-02	-5.409357760779952978e-02	-1.652069198697999064e-01	-6.447829162053894669e-02	-3.070605376876242576e-01	-3.179004117832991971e-01	-2.236625406354614265e-02	-1.097232547518571938e-01	-1.561807992190986094e-01	-6.857178109280555323e-02	-4.032687985007867293e-01	-1.966708745033041439e-01	-3.205195562696733225e-02	-4.630747605553016399e-02	3.292221105872787379e-01	4.485288998152434092e-02	2.322950002488514618e-02	2.164459834359872548e-01	2.266839174213960417e-01	-9.351658261791348514e-02	-6.696892413604516037e-02	2.540610992581571193e-01	2.731532984425493193e-01	3.085336104277791036e-01	4.041062652158629032e-01	6.204757714018573900e-01	4.421855841894858918e-01	2.817658648238186014e-01	2.884860048616970651e-01	4.159276302263728575e-01	3.213712097011879876e-01	2.563036607677506296e-01	9.993313253895590512e-03	9.861086421457640472e-02	1.142476665092768823e-01	-7.405016271299877384e-02	1.087163291627442491e-01	1.600558147168994749e-01	1.062950453243371868e-01	3.253271709830796166e-01	5.761682912593023564e-01	3.490578741781865113e-01	2.594376950903092838e-01	1.791961755681885093e-01	1.777590924328383004e-01	2.458427618472608933e-01	3.843536715255454483e-01	4.899268452633578352e-01	3.899577480892495451e-01	3.279163797219698528e-01	4.467063239748439996e-01	2.827621339735427175e-01	9.437702217916459080e-02	1.582664496806003296e-01	-1.581993109784103901e-01	2.636808379075892828e-01	3.222017836339864938e-01	2.144540562835942077e-01	4.239736497729215681e-01	1.081880479106586412e-01	4.419785734129265120e-01	3.366419235116437370e-01	4.971520373785882907e-02	2.524007885726494149e-01	5.711393304082285072e-01	-1.135702741803946703e-01	3.366844538216791083e-01	-1.228099167520461769e-02	8.285122054338201272e-03	1.622088297698092568e-02	1.581116891652050715e-01	4.232935416757582087e-02
3.191726034494966058e-01	-1.293023392387249171e-01	-1.475968813021165948e-01	-1.447009199823574011e-01	7.921900280208948875e-02	2.248472659554463793e-01	3.233930385203585001e-01	-1.820475637825055282e-01	-8.911177966948971574e-02	-3.694135205728890647e-01	-3.159392363342894416e-01	-2.845944091170290458e-01	-5.136936121244364828e-02	-7.451455964886095559e-03	-2.130614181435588617e-01	-3.088485617710122200e-01	-8.934825907996234162e-02	-2.206390553849347236e-01	-2.823220956839403994e-01	-2.780210145266827637e-01	2.619899817602761374e-02	3.072080484548453047e-02	2.957571096250576764e-02	2.268235363706008201e-01	-1.560904252923276878e-02	3.491606400162245438e-01	-8.834398429670503594e-02	3.965089437447839038e-01	4.067201444729786619e-01	2.199584776664208763e-01	-9.317628783387753300e-02	8.363657421622679947e-04	-2.518834483827483983e-02	3.439340453427511823e-01	4.881690478964124114e-01	3.714141823990803615e-01	3.834018019500890495e-01	-2.211068262964009101e-01	6.566144669717634968e-03	5.513266208070276564e-01	1.560204803473536350e-01	3.482721481131423880e-01	6.296013499059444074e-01	1.141380580195039407e-02	1.358368849527479827e-01	-4.607019376072070405e-02	3.262345755718601414e-01	2.586813945177403595e-01	4.101514158689292811e-01	-7.380094039711231069e-02	4.341798640766160178e-01	3.180622620143760959e-01	2.659968527752703538e-01	3.087342959927465436e-01	-2.760822540069029496e-01	1.785623834194290105e-02	3.811951410678005581e-01	6.432869126821003092e-02	3.725364082119775877e-01	3.356573508129201411e-01	-5.208512535845700314e-02	7.361997925415582067e-01	3.855603261792649450e-01	1.000000000000000000e+00	4.724401072851836525e-01	5.649630382289379249e-02	1.977440067682489644e-01	-2.843942914209306866e-02	5.191823937180425896e-02	2.494997322496170233e-01	2.703505135880565069e-01	-2.663666754516286761e-01	-3.707129922988214310e-01	-7.929717133701663645e-02	-8.691034120862624335e-02	2.936304205473984630e-01	-3.663635316123177166e-01	1.562842690293608783e-02	-4.182327943163379191e-01	1.189428263105616890e-01	1.763597353395686684e-01	-2.172173643489747931e-03	1.470694777163557114e-02	2.460896190254346361e-01	1.122347691619145493e-01	-4.714645431841255063e-02	-1.021583940720998951e-01	5.461704419764088492e-01	5.098916994247264245e-02	1.212247114362228068e-01	-6.692388441161295498e-02	3.378635824642977625e-01	2.382087917651255216e-01	2.992510570584784868e-01	4.263367016528774589e-01	1.010353672971865679e-02	-1.545666792939378101e-02	3.775915184757377419e-01	3.904293626413594953e-02	6.147820797656920050e-02	1.874867708097664454e-01	-3.717977521000153524e-02	-2.446875238562176424e-01	-1.357697717846911289e-01	4.961987113641357777e-02	-2.121434710932531553e-01	-2.151231835575299067e-01	-3.375684149381037447e-01	-3.995146466545038133e-01	-3.700597320168647619e-01	-2.904619666416293766e-01	-2.286505215111626910e-01	-1.206431013744620195e-02	-2.103972546075840444e-01	-6.064559542159361771e-02	-3.108237204437487855e-01	-1.002612176688369300e-01	-4.086097016844831287e-01	-1.179462208018543928e-01	-1.555588498578545087e-01	-3.113748262892354624e-01	-2.425537952697723043e-01	-3.098419062696051718e-01	-2.816401607549124386e-01	-1.393569094449514933e-01	-2.283632129182819673e-02	-1.767978607689350279e-01	1.175955996567145112e-01	-6.240606905062008949e-03	-1.803458539228204038e-01	3.491387072664990376e-01	-7.340697331678942839e-02	3.956228249780201905e-02	-1.552361266952886620e-01	2.710056554415343211e-01	4.214463402728264863e-02	1.855763533070387827e-01	1.725859387841677528e-01	-3.964214580668016796e-01	-1.395385174168841669e-01	-1.708444775036452867e-01	1.874883169449864662e-01	5.372707004960871613e-01	-1.192364714773461315e-01	-1.506335790266329910e-01	1.661724782548769652e-01	6.081790372474520957e-03	-3.931048014913129940e-02	-9.049135144315774426e-02	1.791331887847452675e-02	1.413928138388128031e-01	6.291188285876877506e-01	4.297452760233811953e-01	3.472045583235666144e-01	3.631778002433313501e-01	-6.965176935472367978e-04	3.377380667455154306e-01	2.430349419944637379e-01	4.237608403687906367e-02	5.789698242337115719e-02	1.784348407394089064e-01	2.249023463898039144e-01	3.875589960220450769e-01	3.769422770272789491e-01	-8.685599342181532512e-02	2.622271569560604143e-01	-3.959332761702937659e-02	5.142508071682443394e-01	6.069217102111228446e-01	1.365474351978292478e-01	1.171705044648535254e-01	2.443015073960640160e-01	-1.361254084795258668e-01	3.746917641959071621e-02	4.450311298588907616e-01	1.895844343080303473e-01	2.716762357703049746e-01	2.451806900300059211e-01	1.886018758467936096e-02	-8.402206885985914753e-02	-1.875290784362934060e-01	-3.087445378659899320e-01	-5.300785270746071615e-02	-9.324483401996433440e-02	2.196236423830512652e-01	-1.317849442818495309e-01	4.487692604004540203e-02	8.564364101801491547e-02	3.069140307255223132e-01	-4.551658887672841575e-03	2.118448939449725575e-04	2.376972936030034844e-01	3.229258641757608017e-01	4.341888485567820671e-02	-1.133761667529598338e-01	2.787858574991491922e-01	1.853369789158847633e-05	6.776610303151134329e-02	-1.618780590607487094e-02	-9.826931869464837488e-02
-1.271379781440618584e-01	-1.037227691395756039e-02	-2.605264308060034062e-01	-2.444968006560042928e-01	-1.026668890991467714e-01	-1.593680130091739561e-02	4.081128860214459919e-02	-2.416976560153030196e-01	-2.201240082498251149e-01	-3.339680368414871814e-01	-2.794318600702840327e-01	-4.700740794643186171e-01	-1.914557863806075066e-01	-1.935634661122718481e-01	-2.839457496732789021e-01	-3.020721255125587978e-01	-2.363812798106246227e-01	-2.792419024588549958e-01	-3.308516906984936834e-01	-2.114256636520103483e-01	-1.041242197165511835e-01	-6.185087910217540452e-02	-1.192132460607835537e-01	-5.142354350879320413e-02	-3.028275207175054606e-01	1.103096869592255259e-02	-6.396294653918631334e-02	1.424553918255614671e-01	1.229519183009389685e-02	-5.619744060091570043e-02	-9.479661626646995742e-02	1.085423215637586064e-01	2.094160876234189561e-01	4.336712314756166475e-01	1.638753465401995291e-01	-1.668816403268971044e-02	1.614389148310364230e-01	-2.624345937384178762e-01	3.615347255786220404e-01	1.134902490578370282e-01	-5.218761319355449957e-02	-6.436057802997285915e-02	3.479366659372733483e-01	-6.467337137434284178e-02	1.971161878681132185e-01	-1.828026452038148397e-01	3.073104424689770964e-01	4.900693915858836402e-01	2.959991691577167905e-01	2.426430398653362519e-01	3.202181576656145112e-01	1.933590268343175489e-01	-4.505162234579294933e-02	1.226521321642159157e-01	-2.814372366814852922e-01	-1.619867189515751538e-01	3.462065800328161247e-01	4.241184671563205111e-01	3.084288557761960536e-01	5.336742611698237493e-01	2.778483225568467718e-01	4.850124574743488459e-01	5.798852700186952758e-01	4.724401072851837080e-01	1.000000000000000000e+00	2.422128657950053596e-02	2.965685788657973498e-01	5.561708293410380088e-01	5.976420797978972965e-01	3.961367948563219166e-01	5.211366119652568463e-01	-2.033432840398231300e-01	-1.133600751445909965e-01	-9.316646367956525621e-02	4.160543066015303104e-01	5.542422382383916935e-01	-1.772915329189777289e-01	-9.615428907086104315e-02	-8.166239157471895382e-02	-3.681316231225811170e-02	3.451342219039332249e-01	2.965458761544459421e-01	-7.837475525095134732e-02	2.686424634389442123e-01	1.101855856946050254e-02	4.192498630936201121e-01	3.711656641203453511e-01	3.591067709629037208e-01	3.104037334472498078e-02	3.519862371638990406e-01	2.045755170944930645e-01	2.467895212417242912e-01	2.620936406010174746e-01	3.523366582532523883e-01	4.315892760576259257e-01	2.031372306909349501e-01	6.770938083245970664e-03	2.141123070097699921e-01	2.401796173119901956e-01	3.674287898032358446e-01	-1.834833732754999891e-01	-7.925848523080071539e-02	-3.184874555912741156e-01	-7.451737373828268285e-02	-1.727868430948238110e-01	-4.198590914591679435e-01	-2.431707261800800934e-01	-2.730697259436579705e-01	-3.503437750140743212e-01	-3.105224178623788855e-01	-2.599151245887648121e-01	-2.505361541405960457e-01	-2.838971161665018172e-01	-9.356079414839704733e-02	-2.481188932952753667e-01	-1.873230945319871721e-01	-4.294380008099736856e-01	-3.475625115953877020e-01	-3.891436874698709913e-01	-1.685646632340672968e-01	-3.954411648885973740e-01	-2.429451421148189627e-01	-2.650569391888309978e-01	-2.815706096855971063e-01	-1.175832401780843167e-01	-1.451052678562251008e-01	-1.211617285306061803e-01	1.318858785366771799e-02	-1.997152494591781235e-01	-7.436565842929247772e-02	-5.822850197911012132e-02	6.333980854477944122e-02	-1.142388507358512856e-01	-2.326316604897457618e-01	9.925590713879531291e-02	1.455731488523643868e-01	-2.201496192364296167e-01	-2.540684274907343831e-01	-1.915436173607284187e-01	-3.289482613135598088e-01	-1.304505438577183429e-01	-1.474049289739116642e-01	3.836208934388779523e-01	-9.071294255770230575e-02	-9.390921153318772252e-02	1.360310400843441347e-01	9.304486769383540218e-03	-1.770606261286184757e-01	-1.403762098869269503e-01	1.433214545977637595e-02	2.407491845089096971e-01	2.424442401426719629e-01	4.916528477359803362e-01	3.741607115824396312e-01	3.051200363706130791e-01	2.198082955316892906e-01	2.018036637193038052e-01	1.793704790510070590e-01	1.313371362807191634e-01	3.065815621338242036e-01	-1.058466340703564240e-01	1.068685049403038378e-01	3.419605215944221399e-01	1.241669987746709114e-01	1.390632684994393964e-01	9.091837202035478460e-02	2.821029699338647445e-01	2.257230195936223704e-01	5.211532192611526559e-01	2.392099995868850748e-01	1.946143206391401370e-01	1.882191429692961215e-01	2.651955677883161555e-01	2.188080478587837996e-01	4.258800332522710286e-01	5.808678665515294437e-01	3.340841815865303599e-01	3.092481985014423063e-01	3.290900674175122331e-01	3.955388376221409263e-01	-7.255715166684473250e-02	1.881283710874627479e-01	-1.921488072145473014e-01	2.417601415118643959e-01	5.232071330738918835e-01	3.734135841067035694e-02	3.605651274809753559e-01	1.428911496425626926e-01	4.863752578906195834e-01	2.981196861924414465e-01	2.634394378742073092e-02	5.321507825769248301e-01	3.423758555716352459e-01	6.594450783448610465e-02	9.848477817575715387e-02	2.091361681325336341e-01	-4.269642522454089595e-02	3.186110286997875796e-02	2.093914372095104781e-01	-1.821608834934941579e-01
2.031335834490781422e-01	9.823118626225769978e-02	2.788502736583577390e-01	-2.165458283590857361e-02	-1.534125889519874220e-01	-6.533625972002778115e-02	-2.975326395010174582e-02	-6.574044491339330054e-02	-2.305777325632627495e-01	-1.247901258567116027e-02	-3.305591221822868492e-02	8.681439243911537231e-04	3.380748775515179938e-01	1.434964517984140542e-01	3.090452065616818844e-01	2.205311886728129889e-01	1.597743515543226522e-01	1.932542801156736656e-01	1.130300586880232522e-01	4.040629901454547736e-03	1.525578471820278892e-01	2.570365341198714293e-01	1.598265981319652029e-02	2.946397228229296825e-02	1.209005333817079059e-01	-1.264389654705402877e-01	1.493895105015601577e-01	5.242757418144782661e-02	-1.360867038377775590e-02	-5.080622492216952009e-03	-1.244221334310998545e-01	-4.246974644808279575e-02	6.777405989128862168e-04	-1.021924200487793893e-01	-3.208451355743882627e-02	1.225749876907734209e-02	6.048824071610070519e-02	1.392699703980271493e-02	2.057888312614068460e-01	-5.952319067813733461e-02	-2.663275151923699680e-02	-6.514914487072959171e-02	2.228242101215353876e-02	2.879945486835968627e-01	2.859535177499136216e-01	1.052236506552614026e-01	-7.082123591723921141e-02	1.616341666241985220e-01	1.798949045243333489e-01	4.153770975277433219e-01	8.890448533593608982e-02	6.939634672131372861e-02	2.041096456264359094e-01	3.345928615641231146e-02	1.347165806158268919e-01	5.158685333663586003e-03	-7.243039744686075032e-02	-1.998793400947367072e-01	-4.037522669190131419e-02	-1.490070679373630691e-01	-3.004206205192973267e-02	1.738471148736736027e-01	1.140678271908800306e-01	5.649630382289379943e-02	2.422128657950053596e-02	1.000000000000000000e+00	6.411019472937765085e-02	-9.748407562342112712e-03	-1.536892301146804418e-01	-3.952069811751181966e-02	1.780039450377803589e-01	-1.148511842710197850e-01	-1.685421313952228939e-02	1.161441937050991524e-01	-2.292804157320431357e-01	-5.467438243434188244e-02	-2.273704436611140300e-01	-7.774738840396906714e-02	-1.607026273136555883e-01	1.845188188886692782e-01	9.912520049804290911e-02	3.175541383650294369e-01	-1.530821870376210259e-01	1.985689676209742016e-01	-2.997972089932186557e-01	-4.801782296716466253e-02	-7.639036996605692853e-02	5.344084642520002121e-02	-9.155098908334925734e-02	8.365405011458108830e-02	1.562501635426981339e-01	1.855650891918465828e-01	-3.260781711032482294e-02	3.798535263262484141e-02	1.781138194553055776e-02	-3.654670319470271767e-01	-1.688445116476438024e-01	-1.283177627870504822e-01	5.320703201035357349e-02	-7.706356081831776395e-02	7.824470316943146764e-02	-1.805300304882396789e-01	1.148328971307682606e-01	-2.767086432838580107e-02	-7.823550040457862009e-02	-8.501379494814522569e-03	-1.218856815316495951e-01	-1.902454794629541701e-01	5.324474356169446587e-02	-1.327477241685215137e-01	-1.831857729900977227e-01	-7.912749122125591061e-03	2.418213445785024618e-01	2.827834034073458680e-01	1.045867848674453260e-01	2.713906874215012421e-01	7.796252240557517699e-02	2.542782420271263444e-01	1.438004046803608715e-01	2.206041139498614856e-01	1.023218276085010314e-01	1.393918180812131202e-01	1.704942148910186250e-01	1.718894421188860711e-01	-1.046608882774663768e-01	-1.473537352698256128e-02	9.643071448397128043e-02	-2.026569290344311727e-02	9.847193909762212705e-02	1.611756020639696640e-01	-1.084733103003040211e-01	-2.492731813993447343e-01	-1.763881432526070436e-01	-1.088024946423883921e-01	-7.906962709639986375e-02	-8.379389157627070706e-02	1.591210137972831618e-02	1.105868285640208282e-01	-7.093162838201878817e-02	1.474096910408650152e-01	1.947885183362182415e-01	-5.242575419127933067e-02	6.810119379104137560e-02	1.542955851732399630e-01	-6.282907480557824165e-02	4.167176711510009457e-02	1.237218340429080410e-01	1.115793585890249434e-01	1.751324650709078501e-01	1.423614175536419557e-01	-1.091492163314137231e-01	5.775172043537089156e-02	1.705350594745495829e-01	1.740370604404339328e-01	6.563112544435427409e-02	4.302150173818190537e-01	-3.251117589641114303e-02	-9.802108295304159946e-02	-8.817534358888333423e-02	-1.512361336802003631e-01	-2.401543465554705770e-01	-7.630120372340921941e-02	-4.549363651344413145e-02	-5.700316575807256453e-02	-1.540864156391353323e-01	2.480066664232603163e-02	1.602801385280892832e-01	-3.565014915640887360e-03	7.574769904732162051e-02	4.941273738691063233e-01	6.114870231080046792e-02	7.671076864729388378e-02	-1.536949943977809485e-01	-4.687852489557724212e-02	1.683318058022847397e-01	2.134813420432423170e-01	9.663058660824445922e-02	2.713297390510800433e-01	2.832032370066516966e-02	-2.283086813351392456e-03	-1.103484613845307459e-02	-3.002765811518814595e-02	1.195242874779543774e-01	-2.168287510816619135e-01	1.462992070254597321e-01	-9.366108267001997667e-02	2.656406523418178844e-01	3.821650611352362947e-01	2.056135519263272565e-02	-1.605422749497469048e-01	-1.152049914621499915e-01	5.224809381640312805e-02	-6.410208955147332632e-02	-4.654840383547738103e-01	-1.606571960037165570e-01	-7.109732896597180385e-02	-2.347330835510867963e-01	-1.685652865742436335e-01	-1.697300140383165568e-01	-2.416351832860697546e-01
-7.386032794532609858e-02	-4.761981249927391691e-01	-4.494903686331688797e-01	-4.833185410601825160e-01	-2.069435484711812656e-01	-2.612817151782175218e-01	-2.838461914184010615e-01	-1.364015879761291961e-01	-6.147554519980440169e-02	-2.042650506803141697e-01	-1.594058737735410680e-01	-2.977959775972288670e-01	2.065326635129949642e-02	4.057145954927868226e-02	-1.429899482819748935e-01	-1.436045259827970488e-01	-1.373390705811003941e-02	-2.166965406161322216e-01	-1.061070797263412857e-01	-1.833775694113375931e-01	3.438258727961423511e-01	2.094803147749091377e-01	2.298206692485542102e-01	1.978584802620702576e-01	-7.321374214781468936e-02	2.724568029086377186e-01	-1.620722699562844038e-01	4.498037489338999745e-02	1.917989509809583104e-01	-1.196293421178585004e-01	-1.586587752278117436e-01	1.350369765492037688e-01	-1.059472242482104552e-02	4.384827085585297768e-01	2.329636767759708238e-01	1.824600139380423980e-01	1.372116955786296943e-01	-1.830604919030325017e-01	-1.657830429383513882e-01	2.395228513492382305e-01	2.204909011573369382e-01	2.508236215176228856e-01	3.486676858799575562e-01	2.315608462162516493e-02	7.624019985079573403e-02	-2.411474209840663852e-01	2.538160690717998214e-01	-1.617521987603985981e-02	3.011700092594896683e-01	6.248837440487883116e-02	1.960439663359546392e-01	3.055903861608140759e-01	1.606688225138503123e-01	2.992828094879283474e-01	-1.243807828803350363e-01	3.760934869721305196e-01	6.012732654737393823e-01	4.498900818408693159e-01	3.566284884867941818e-01	3.480906920918527825e-01	-2.344264040516977621e-01	3.619265779975616715e-01	1.810355445130452379e-01	1.977440067682489644e-01	2.965685788657973498e-01	6.411019472937765085e-02	1.000000000000000000e+00	4.335647935470663406e-01	1.610757498025534584e-01	4.470328448145630684e-01	1.921813497881267596e-01	-2.087996756345484040e-01	-1.058134152806139844e-01	-1.263866556183037559e-01	3.947951130913355255e-01	1.211906613887467482e-01	2.202694933340565153e-01	1.079270068323640308e-01	-9.280755179509156405e-02	1.731266193644583617e-01	7.885814005482875977e-02	-1.187020118563386455e-02	1.635095415408862607e-01	6.371776866495656444e-01	1.251022275205020962e-01	4.235896124860159540e-01	1.446870313569078026e-01	2.150669355761442858e-01	2.132129596280286921e-02	4.943196221327011280e-02	-5.585649789048668240e-02	2.692714287539573204e-01	3.590989079654289262e-01	3.288673988404615112e-01	3.009827358717925838e-01	2.540730050046623445e-01	2.009965911764891294e-03	1.440649983126074118e-01	2.743819351637653559e-01	1.492986227805881139e-01	-2.613826903827338732e-01	-2.943599756875663886e-01	-5.006142300804780065e-01	-4.682685517346962811e-01	-2.337912925019130783e-01	-4.706615571612567939e-01	-6.897333573907117599e-02	-7.510186270479840553e-02	-2.233440902215869384e-01	-1.139310540567248092e-01	-8.398078990878495020e-02	-2.010582286126086915e-01	1.065853825383076131e-01	-2.343552417161153811e-01	-9.285767953226237159e-02	-1.767669999448828189e-01	2.671800544393279631e-02	-9.873621482097430513e-02	1.023739805943724435e-01	-2.644533222623814961e-01	-5.934872824396313779e-02	-4.774089425543385362e-02	-1.270878382433762721e-01	7.039416279706604829e-02	1.501334995492360491e-01	6.170141882113381465e-02	2.530086728833647047e-01	2.985901725685490282e-01	6.989145504618961280e-02	-2.139362070054037224e-01	7.553945658489527593e-02	-1.800802168076624452e-02	1.261139867893545929e-02	-1.843482187988193799e-01	3.006113477438288051e-01	2.770402926546155498e-01	1.511224411433478854e-01	1.183189532377594971e-01	-1.148413165149643478e-01	-5.260367878513427797e-02	-2.389192987465196816e-01	1.935082567952226551e-01	1.110674663361706366e-01	1.751962543379135540e-01	2.929940024422142963e-01	4.096184979619511002e-01	-9.544396250724199171e-02	3.108784706761248337e-02	-3.247824119372098861e-02	-1.836379977080417059e-01	2.485987207842935420e-01	2.800407119351988605e-01	3.080962827230297463e-01	1.751686513157706682e-01	2.778946742061074726e-01	-5.004073470718505001e-02	1.970656415452304855e-01	1.542886123395642572e-01	1.195938517898705034e-01	-1.443337073224438272e-01	2.932980004145784858e-01	2.256242548981735596e-01	3.111454849795070587e-01	1.170546657190294909e-01	4.559256943418137920e-01	2.983724577297746650e-01	-1.324780772025557218e-01	3.392544070741633222e-01	2.278748171146119106e-01	-1.502795591651657769e-01	4.788078415935111409e-01	6.064256336319243657e-01	4.622548294982117834e-01	4.059065563164797608e-01	3.104163313480485797e-01	2.695418841726172077e-01	4.747112622487764666e-01	2.238666709084616568e-01	-1.731789704177828446e-02	7.203162128141675502e-02	-1.355001137232882680e-01	2.206581066940560831e-01	-2.085668698233731078e-01	2.108527530935699612e-01	1.245648152944118237e-01	1.648520415838882203e-01	8.253678638234658235e-03	1.279185808237920385e-02	4.735371055286885511e-02	4.832730784939648916e-01	4.735384062708893060e-02	3.111993242521984837e-01	1.344788776913593831e-01	1.108353336307806199e-02	-6.456098786706394865e-02	-8.617478299813458031e-02	-1.478443854052431498e-02	7.185880490122940889e-02	6.027877314969419531e-02	-3.728570202021404267e-02
-4.579191495384410948e-01	-1.009702698790621855e-01	-2.881045176234853789e-01	-4.305398216306455805e-01	-2.237037059742822964e-01	-3.197961479278630392e-01	-1.126503391589528807e-01	-4.687389714922126846e-03	-1.401667035920042825e-01	-4.696344771622980308e-02	9.561938975767607374e-02	-2.860053010756901104e-01	-9.263836196529148803e-02	-1.695092793845976997e-01	-1.455915821041612879e-01	-1.881092973829785464e-01	-2.394946849063862848e-01	-2.267895363083607396e-01	-1.564873450924961773e-01	-8.989646920009776443e-02	-1.061598837744567037e-01	1.063334431207600267e-01	-8.039421060606746772e-03	-8.872802983502717233e-02	-7.072172962391889105e-03	-7.354004956009516092e-02	-2.992862009299239803e-02	-5.953873324851607571e-03	-3.716567430495258950e-01	-4.139423661539784471e-01	-1.446295455721489584e-02	1.593970196317864019e-01	1.685913669896189904e-01	3.430580531472819938e-01	-7.769904487486120268e-03	-2.436582210477892529e-01	-2.572554248047655492e-02	-2.661605108074756032e-01	3.856874974956812641e-01	-1.047470442553938563e-01	-1.063520299516729634e-01	-1.061857600103551513e-01	1.187298265399791691e-01	1.617341406482988020e-01	1.903957584597337771e-01	-1.362588939068788974e-01	4.274560314811528539e-01	2.347608517528307071e-01	2.056780820908293561e-01	2.228054271755092464e-01	8.801482995184799207e-02	-5.959841321925715002e-02	-1.402029083308192758e-01	-3.569655205007296606e-02	-2.275034530092119589e-01	-2.067933773437298783e-01	3.868614996275034912e-01	6.808806958375187568e-01	3.250188235804342685e-01	6.000866286438327757e-01	1.754399070528924465e-01	6.014871842628607274e-02	3.923952448700525619e-01	-2.843942914209306866e-02	5.561708293410380088e-01	-9.748407562342110977e-03	4.335647935470662850e-01	1.000000000000000000e+00	3.932193502582855826e-01	3.866722209967758395e-01	2.623682851547437522e-01	7.770578120252717713e-02	7.020448271643098259e-02	8.056566141147507298e-02	7.416351175288290465e-01	2.255242534892434592e-01	1.360442973655862364e-01	-9.868364144737541699e-02	4.716547996424994699e-02	-1.569633599490524445e-01	1.979280155444165523e-01	2.672452414246054841e-01	-6.305598238559688429e-02	2.874695810385975436e-01	-2.047122315061071507e-02	7.268356453190847333e-01	6.172441127215783085e-01	-3.523351825398009229e-02	-1.464480036417032394e-01	2.770761178769728938e-01	1.403291392714800800e-01	1.357550132540928656e-01	-9.148677792704337092e-03	1.954525397017291832e-01	2.243562701758312905e-01	4.026689966056209435e-01	1.441003748390140005e-01	-8.442565939370812178e-02	2.554497827099153073e-01	4.680441797001028137e-01	-5.284923821193491245e-01	-2.526647785322466699e-01	-3.864742441378524185e-01	-2.601094079452315189e-01	-4.453655756321629466e-01	-5.770967395288306712e-01	-8.201911870520395276e-02	3.337868996534607696e-02	-9.859671490185535625e-02	3.923249043843211881e-02	2.948162698407468321e-02	-5.766458748461173595e-02	-3.158483639795870990e-01	7.067877342825794329e-02	-2.048249593196687646e-01	-8.523490344930780005e-02	-3.111201944938388197e-01	-1.952054171009338090e-01	-2.927872491076988215e-01	-1.031978122140893989e-01	-2.303550231167063589e-01	-1.373132673522117764e-01	-1.316693676301711746e-01	-8.638579424956643882e-02	-2.311382508634795413e-02	-2.494191815359456457e-02	2.381267064015702983e-01	1.831354878487838692e-02	-1.743898947233392949e-01	-4.461410579083077005e-02	-4.022461872304755603e-01	2.228335982999501141e-01	-6.853920607566807432e-02	-1.021801432643564267e-01	1.743328300406932208e-01	2.599353174799492461e-01	-3.050910653482472590e-01	-3.077199914929109048e-01	-8.254649491545675011e-02	-2.864255750937246825e-01	-7.485601236878509923e-02	-6.877212994041172200e-02	1.235830464029248760e-01	-7.148003403307781611e-02	6.021005971592599537e-02	2.336433322103126653e-01	9.970628414920432170e-02	-5.035548165000621607e-02	7.960597702006010079e-02	2.308438214310112868e-02	5.773733126134519278e-01	-1.973558136732748991e-02	3.598995850182729606e-01	3.051569678492763726e-01	3.280964802047385276e-01	2.769914669586964751e-01	-5.795042071877838652e-02	5.992377429901253605e-03	3.680138563972475130e-02	1.412663989150251542e-01	-2.388832906886471097e-01	1.521436664490796210e-02	2.162814276704385641e-01	-2.047219792306488317e-01	5.123089086159577921e-01	3.155377041369195612e-01	2.958166555600706404e-01	1.824154033319347890e-01	2.626918544551297141e-01	1.916015951205179979e-01	4.239244669964030154e-01	4.115364956814956399e-01	7.286292502121903825e-01	6.939617686552966846e-01	4.051423145618093802e-01	6.406658343609653583e-01	3.107545159548398828e-01	2.476548251770274156e-01	4.732839116203013674e-01	4.524886351524608497e-01	2.131059468076455521e-01	5.033834622572357365e-01	-1.344780316215834215e-01	5.423490029932075407e-01	3.868318807752174626e-01	2.917022581730419062e-01	3.450564480173436976e-01	-6.606772235184192599e-02	2.593115332236540227e-01	6.335129911450914086e-01	-6.155501225270135213e-02	4.776157873627408512e-01	2.665456449300901420e-01	1.876568252594716379e-01	1.996020395155563010e-01	-2.201265680306388126e-02	-9.375559992239304585e-02	-9.336396422851927362e-03	2.079625534966100531e-01	4.800462551713153593e-03
-1.596284274233981948e-01	3.331107119058703686e-02	-3.885701260347153019e-01	-1.621833306144159770e-01	2.692466713681852461e-02	6.410803880329208476e-03	-9.697158916636001991e-02	-2.736338731630124643e-01	-1.370041058713364901e-01	-2.593488082109590143e-01	-1.954732866007118097e-01	-3.489271221432082015e-01	-2.050101234389603844e-01	-3.890191026253520534e-01	-3.249746089125976067e-01	-2.941830451718168149e-01	-2.771022780824062837e-01	-2.120406363829213658e-01	-1.529954240664528897e-01	-1.784304912430996481e-02	-8.345329336840613677e-02	-2.219176970546223593e-01	-1.229655685168570683e-01	-2.307210054051730963e-01	-4.561221978393042442e-01	-2.906247817464036043e-01	-1.407495357510348821e-01	-2.622159310306981239e-01	3.363735309877607244e-02	7.111854231871227172e-02	-1.833975152988150392e-01	1.798205505237104318e-01	1.884115303064683722e-01	3.636936180785422801e-01	-1.445416299753464473e-01	-2.980702460948431720e-01	-1.141689715722805920e-01	2.836077480614831135e-03	1.302295350910561977e-01	-1.640098651730681478e-01	4.250852798648695891e-02	-1.570980594085976956e-01	-8.765558609433192483e-02	-2.104188368634432871e-01	-4.535326847538734968e-02	-3.188846967725420534e-01	-6.094259522135592883e-02	4.041752764706285639e-01	8.488936709738074612e-03	1.756587504531263444e-01	-9.326145495834360644e-02	-1.929330009288678371e-01	-1.689152396224425368e-01	-5.387427352924193530e-02	-1.887769053416542969e-02	-1.602386685571724478e-01	1.581881375384899813e-01	4.667460972531419783e-01	1.289578297640533999e-01	2.681267255569515506e-01	2.234658627825127919e-01	1.524926797630369035e-01	2.188249634812756139e-01	5.191823937180426590e-02	5.976420797978971855e-01	-1.536892301146804418e-01	1.610757498025534584e-01	3.932193502582855826e-01	1.000000000000000000e+00	1.485472378328993592e-01	3.488213887079063547e-01	-2.436579956673247671e-01	-3.907913306177424745e-02	-1.669051705348527370e-01	4.132745723829484574e-01	5.472153361139440175e-01	5.666553964168322827e-02	1.214358133720158661e-01	8.811333385933207973e-02	-7.518646283493363169e-02	1.557131117358173666e-01	1.967428727965574164e-01	-4.483245596316084991e-02	4.163666894924659967e-02	-1.121674239579707570e-02	1.611830139372809612e-01	1.373148828203495653e-01	8.653407594296597116e-02	3.541131450769401945e-01	2.640730013671305221e-01	3.593968633974876647e-01	-1.911897320990082749e-01	1.852543441307890060e-01	9.951051776394950754e-03	5.294156010089828140e-02	2.639321507776166142e-01	6.282191279937693329e-02	2.111298518500706045e-01	1.089700117127518214e-01	9.851761959077402764e-02	-9.177486494762987501e-02	-5.232245369476262731e-02	-2.242717215583252544e-01	6.208319041889794054e-02	5.987140096918870669e-02	-2.167964412672231389e-01	-1.083429485628747413e-01	-1.427988962596086486e-01	-3.204936525234928224e-01	-1.800795279125466386e-01	-1.733386956112014654e-01	-1.609868302021890685e-01	-3.410744610784175457e-01	-9.854924723189696645e-02	-1.515467411099400974e-01	-1.195955745248223484e-01	-2.927404320465936682e-01	-2.594687550087342864e-01	-4.043965701983338601e-01	-2.169544837489592870e-01	-2.883346747030046675e-01	-1.019865397091166137e-01	-8.793817113406379726e-02	-1.965541461131918022e-01	-1.136998280658638727e-01	-1.716030833953530454e-01	-1.954238632119042196e-01	-3.488319516354993627e-02	-2.902094667514294457e-01	-1.004396512133220176e-01	-2.196798415362378673e-02	1.521177672759299951e-02	3.646811961201833902e-02	-1.537429575206979704e-01	1.501288389301235794e-02	2.696559674742086132e-01	-2.853597235566981416e-01	-2.989679876236518985e-01	7.153239957264904969e-03	-1.729625810451153045e-01	-1.693792775503481229e-01	-3.194041783097188447e-01	1.116349077355812125e-01	-1.536405117965024825e-01	-1.335804932907543319e-01	-1.139132556423992221e-01	-1.005792727370325434e-01	-2.324464069987181303e-01	-2.502853358072906764e-01	-1.848167733114170208e-01	-1.171825856282538852e-01	-8.678148070615790410e-02	8.134487890517562436e-02	-5.044190977362638523e-02	-5.012368744806002668e-02	-2.058141528253637845e-02	-2.225926171444813362e-01	-1.277291588130821387e-01	1.065433877571718702e-01	1.124076713412582446e-01	-8.192748855625008042e-02	-1.280706526721805127e-01	1.790994336326717229e-01	4.799372472945157703e-02	1.849979699700272651e-01	-2.001967715625319888e-01	1.548217313450743760e-01	-1.233712667880007968e-01	1.634637198755556353e-01	4.959196697762889572e-02	2.065510105005712894e-03	5.251203388029912315e-03	2.006315368375388430e-01	-1.175333038941597796e-02	1.042197838242162056e-01	2.734928625873904173e-01	-4.292305471178337051e-02	1.384346728902904333e-01	9.937161090983925860e-02	4.147479806419975823e-01	-1.545937959685926844e-01	1.475073605489762851e-01	-1.206089039304597543e-01	8.761369662711873674e-02	2.997398985019124051e-01	-1.892325386985608052e-02	2.073400241967852942e-01	-4.876771097141383710e-02	3.056915279698626531e-01	1.330796449188703101e-01	5.300260897602165899e-02	5.474004159268227587e-01	-1.723337492446986099e-02	1.017475856608967277e-01	1.005188923127969675e-01	1.895370613502271873e-01	5.717726432025815875e-02	4.643240745698102960e-03	1.145856914840606144e-01	-2.559893027424863243e-01
-8.257912252154249455e-02	-1.728735207789527661e-01	-7.920407875849620749e-02	-2.748515838265678246e-01	-5.015336545848153582e-01	-4.019319982246997713e-01	-1.748870584702399145e-01	-8.005777919099833773e-02	5.697672826388913703e-02	-8.584272082602570353e-02	-2.087586296919654444e-02	-3.042132060411084638e-01	-1.666363698013064235e-02	1.495027545569788119e-01	-6.959695870769805337e-02	-1.401029593220628477e-01	-6.070488991824463804e-02	-3.495313351501214694e-01	-1.166460568344910714e-01	-2.487693996505249971e-01	1.989782274840020404e-01	2.059206369309969087e-01	3.124413935128753650e-01	3.164233823475722240e-01	8.001004157564483091e-03	3.215625583532537579e-01	2.757466666831756910e-02	2.362048609052663506e-01	-6.069848175588871825e-02	-2.981105321775948114e-01	-1.759689362003351576e-01	-1.005703081036083829e-01	-1.345534084881809811e-01	1.792664014202878797e-01	1.320515466391936898e-01	1.199439352708648598e-01	1.154910976198277907e-02	-3.430931177719627745e-01	3.106680359237034769e-02	1.920801631033281498e-01	6.804277501198160993e-02	2.486132212125342633e-01	4.426832139374197728e-01	-7.940247530314746560e-02	2.216508784184116065e-01	-6.393371369142033904e-03	3.199936387798482662e-01	1.365113528258458941e-01	4.507396414784169414e-01	1.645605043118235633e-01	4.435877032658339658e-01	4.196564810921316058e-01	1.339953321861410973e-01	2.192032053728923680e-01	-3.404171738248664703e-01	2.610656010780673109e-01	1.932287893711467919e-01	3.341691532116838892e-01	1.016047897923411381e-01	3.012640476683540181e-01	-3.622218950653138259e-01	5.241366323412881556e-01	6.256214445916787881e-01	2.494997322496170233e-01	3.961367948563219721e-01	-3.952069811751181966e-02	4.470328448145630129e-01	3.866722209967758395e-01	1.485472378328993592e-01	1.000000000000000000e+00	3.896092586683438941e-01	-7.824790075577049697e-02	-3.637900375516159857e-01	9.588594097063167510e-02	3.281258465864654861e-01	1.825710580663025828e-01	4.242225520931356547e-02	3.034671037600824434e-02	-3.259266148304940658e-01	1.778597285259467253e-01	2.321619950621817141e-01	1.970628271926464226e-01	1.470630106853787478e-01	5.246301449674132256e-01	1.777262138142458314e-01	4.540534804498688182e-01	3.587826995253601825e-01	2.550611412571648362e-01	-8.132850338349076336e-02	3.011204282371346963e-01	-1.736872180905714158e-01	4.431249605844752582e-01	3.262467996525093006e-01	6.506945627211446759e-01	6.256497554295221697e-01	1.011440166652303185e-01	1.999919588298916251e-01	1.654552438129279837e-02	2.039373056015290342e-01	3.236617461361044334e-01	-3.442075884216649895e-01	-2.434237292101580630e-01	-1.347937782690037389e-01	-1.623105859447101507e-01	-4.672357802611589728e-01	-4.517287857308934229e-01	-1.404441454709396964e-01	-7.371961185793513005e-02	-8.204385023725342674e-02	-4.018441295238860816e-02	-3.504293749969278338e-02	-1.825347691336387523e-01	7.479028878924375012e-02	-4.623327070058684540e-02	-7.823717436173105444e-02	-1.037533115343828444e-01	-1.680898492478869188e-01	-6.693833001377250125e-02	-1.996818195509440091e-02	-2.279892389814869302e-01	-1.073378636224087829e-01	-1.321155698739111539e-01	-2.003036095823107765e-01	-7.351440051627473882e-03	4.718003344473808286e-02	1.793667943425054645e-01	1.914593632907873877e-01	1.857515273718943483e-01	7.586409300245584852e-02	-9.581999159783122222e-02	-1.654528864193083870e-01	-1.018005961357805744e-01	-3.007654595491531246e-01	-3.352015458910262424e-01	9.697720826788810977e-02	-1.294197624867641540e-03	-3.514838805520646009e-02	-1.141101483567325339e-02	-4.207370982092647482e-01	-2.415284502787415910e-01	-2.681079715114711437e-01	3.282183251880968489e-02	1.487672658486252908e-01	2.079348891618632567e-01	2.746376410709748805e-01	3.335678810475353195e-01	1.017108094954077002e-01	-6.646821809560317373e-02	-1.794539379906282539e-01	1.203096850782625210e-01	2.844164266690142884e-01	3.076314156494722729e-01	3.391329283727886335e-01	4.547855952942770341e-01	3.258409967529936613e-01	7.821329848428434928e-02	3.748557162954552768e-01	3.411450552396304570e-01	2.929094648947371815e-01	1.670732068011617499e-01	1.210294140197792495e-01	1.318505947172196047e-01	2.030262266394477488e-01	-7.941629963036495043e-02	2.295199324568610866e-01	1.867260315931407733e-01	-1.563572197144993681e-01	3.488176714167410264e-01	3.578554150648317056e-01	4.338705757921242079e-02	4.737883727033299075e-01	3.817394393244969986e-01	3.202540868894341308e-01	3.008241973783708501e-01	2.601791348431892748e-01	3.430435321222601863e-01	5.613819371392850810e-01	3.248416632855032349e-01	2.818819465147520686e-01	7.134356315496075129e-02	-4.373227642185242847e-02	1.053563309553649102e-01	-2.814475795068515640e-01	2.581581858875613977e-01	7.226091131801963552e-02	1.701964837286045196e-01	1.723160125658079189e-01	-2.131899140190371411e-02	2.216545603626470240e-01	4.178658341574545965e-01	3.479690843549624463e-02	2.900411488391559378e-01	4.526112685204262132e-01	-1.153861737856834574e-01	9.129560025658418898e-02	-1.935329516709595465e-01	-5.117158987736022263e-02	4.972766422727352420e-02	3.331312652835814736e-02	6.876446272055640463e-02
1.524460101948475754e-01	3.236394451810405137e-03	-1.065971138324007805e-01	-1.629505515148034142e-02	-1.474046853872219287e-01	1.089507640824090712e-01	1.965993491686072459e-01	-4.775565010196442528e-01	-1.204169659336329634e-01	-4.821203119977177098e-01	-4.912080142666879756e-01	-5.124705253352661583e-01	-1.418644803131778598e-01	5.045938713119289820e-02	-2.790861254140011502e-03	-4.068872890923930924e-02	-4.711198511024617536e-02	-1.197370425026265811e-01	-2.200861986450123320e-01	-3.439664713632177295e-01	1.787599098779481255e-02	8.457888428062235175e-02	-2.552424434112155263e-02	-6.577263015280906955e-02	-3.931921369079585671e-01	-6.522311083806046905e-02	1.963780637480230101e-02	3.831236944747742901e-02	9.389421129845455793e-02	-9.814257704735945831e-02	-4.351579617578045234e-01	1.066561516658584702e-01	2.724857330387515653e-01	3.754492518502410836e-01	1.320254070912768585e-01	4.445892520097394912e-02	1.683739317568157257e-01	4.014821539687413871e-02	3.492958904427506672e-01	-4.554431141343934925e-02	-3.620860578629406246e-02	-1.263203006137445794e-01	1.243176300539353407e-01	-1.879493320987061511e-01	2.137687307179908514e-01	-1.936660962071528047e-01	-5.960996946621840292e-02	4.896007860399033684e-01	6.887529510591487714e-02	4.190243538557080205e-01	1.471603190931222438e-01	2.894120047474662560e-01	6.288306367179281875e-02	2.329341566810270991e-01	-1.683964716530260419e-01	8.091251427604836954e-02	1.138503372215117632e-01	1.129350883406645828e-01	1.522605187335278054e-01	2.842944752780768858e-01	2.408406743992989318e-01	4.444579148163547710e-01	3.527884540078384812e-01	2.703505135880565069e-01	5.211366119652568463e-01	1.780039450377803589e-01	1.921813497881267596e-01	2.623682851547437522e-01	3.488213887079064102e-01	3.896092586683438941e-01	1.000000000000000000e+00	-2.348399540512701444e-01	-1.253097105778648301e-01	1.041694367143913558e-01	3.348358575300854761e-02	4.014532767894123944e-01	-3.330358332943640920e-01	1.092763791700732600e-03	-7.432906502789607406e-02	1.682356847289345758e-01	4.955264574857407567e-01	3.791824195346901183e-01	-2.391620778436718067e-02	3.079950613729552922e-01	-2.977740174883019078e-02	2.883801101297605585e-01	7.720433104841722960e-02	2.995493408234367050e-01	-1.629397945492459532e-01	2.833058003383597256e-01	1.014956512441637093e-01	1.776761860362402190e-01	2.995787157327986505e-01	1.701302659264091743e-01	1.568554616274298874e-01	-1.845592339175463614e-01	-7.013151067591213983e-02	3.497235234856264641e-01	2.017963524916155660e-01	6.136402438823682776e-02	1.901931532096240718e-01	-3.901989446868140421e-01	-6.527339610218829691e-02	-1.280921395390288188e-02	-6.977891662271634710e-02	-1.390472031277748266e-01	-4.800064048243044557e-01	-4.475332268597904117e-01	-4.810035313999175832e-01	-4.978113688737266784e-01	-5.621087658496004558e-01	-4.576326515899872271e-01	-3.233025442563958879e-02	1.359841459159947807e-01	-2.301050842697207333e-01	-5.128791697781815567e-03	-3.479829141430503259e-01	-1.163560516598647308e-02	-2.542728838008163628e-01	-7.778204287808883344e-02	-2.029027526166402584e-01	-1.621003174959561033e-01	-2.428028892441546627e-01	-3.160617937556326612e-02	7.667111477612671699e-02	-2.172145089223100622e-01	-2.338511578734122076e-01	-2.610692542747987399e-02	-4.866189826631805992e-02	4.756840160455940575e-02	-1.404477833816591692e-01	-4.285976775096360103e-01	-1.394613238127880017e-01	-1.452149612164534975e-01	-5.834379100381015953e-02	5.167836203703560227e-02	-2.391119171656808928e-01	-2.241876492678098742e-01	-1.469736523950594120e-01	-1.191062243749557159e-01	-1.766740067815603665e-01	-2.953967004423763143e-01	1.358850194428981306e-01	2.904615307518551570e-01	5.746302763001896047e-02	-3.550469353101479847e-02	6.256463781145993330e-02	-5.940249774253222176e-02	-1.449520782366263694e-01	-6.131740364332915333e-02	-7.664716854695093062e-02	4.992040913159154908e-02	4.758104947275204610e-01	2.926182930613218103e-01	8.184727331295708896e-03	3.793548350523533452e-01	3.187318429702636347e-01	1.217439522060880519e-01	1.782843855765362528e-01	3.582603612864462272e-01	2.198548316780405895e-02	1.902945255462698271e-01	1.972696760848305086e-01	2.815209876750784379e-01	-4.734575543263835201e-02	-3.758853589240825077e-02	1.716306643695472423e-01	-1.131813176076961608e-01	1.983023617870900424e-01	3.607381730693752231e-01	2.782455829837293115e-01	4.081739277254699955e-02	5.272460256968986014e-02	6.609502498419746186e-02	2.655880962717414029e-01	3.192153721605059391e-01	3.008999987336681836e-01	6.555525140207562051e-01	1.972551862855219107e-01	2.371891440530718709e-01	-1.957627643553697117e-01	1.953166430825672983e-02	-5.543957803913307503e-02	-9.137815377828323316e-02	3.105614998755929501e-01	-3.355710012830600414e-02	3.405962053412711077e-01	4.442793608577845776e-01	3.995955423882784907e-01	1.887175345720070174e-01	1.917979767754725631e-02	2.506166088742073916e-01	1.033189984578570253e-01	-2.600831775991526706e-01	-2.199512377110086556e-02	3.697857037928689583e-01	-1.303670040319759582e-01	4.172904786884794326e-02	-1.451688887010229301e-01	-2.772320512304642937e-01
-1.917467950655767361e-01	-5.001768312442203546e-02	2.156303855669932101e-01	8.078645354851721194e-02	-9.422593587488525824e-02	3.460028032234806206e-02	2.614638063893541253e-01	1.597265817632800844e-01	1.188121564076100173e-01	2.318747442225895794e-01	4.399736426042766824e-01	1.304823763764125788e-01	3.155551573816141042e-01	5.988802460377479903e-02	1.410350507767506589e-01	3.726159633544069427e-01	1.474369076449340288e-01	2.260132381413321734e-01	3.400854383472517450e-01	2.223640530305951712e-01	-1.095254911100874695e-01	1.690648171359100393e-01	1.372164159753597734e-01	4.098360588759378254e-02	3.115878566873535593e-01	-2.813324934693413673e-02	1.057467501991588704e-01	1.172283501816630685e-01	-4.717648046824317598e-01	-4.126019246596647205e-01	-1.949899614761701691e-02	3.265661864462446884e-01	2.695112310152605328e-01	-1.607027357724482297e-01	-2.335307286389535497e-01	-2.669824927887710642e-01	-2.589874428978112264e-01	4.210373321293154475e-02	3.111009444686276271e-01	-2.416194867970237192e-01	-2.072771660664290416e-01	-5.373272255891895638e-02	-8.499964857049903399e-02	3.167532642399783493e-01	2.570474547825773448e-01	4.778736304431873139e-01	-9.384521664009283504e-02	-1.467591850853944835e-01	4.452557485363108081e-02	8.028758833384651294e-02	-1.072720863694686666e-01	-1.557787638267101593e-01	-2.334745040763272494e-01	-2.822962347163604502e-01	-7.002557211260171388e-02	-8.591706826121735252e-02	-3.990025031789279919e-01	1.019737020259408877e-01	-2.214330430989416010e-01	-1.070771863159335480e-01	1.806616061056323386e-01	-3.452560931279107792e-01	-7.248827143123986842e-03	-2.663666754516286206e-01	-2.033432840398231300e-01	-1.148511842710197850e-01	-2.087996756345484040e-01	7.770578120252717713e-02	-2.436579956673247394e-01	-7.824790075577049697e-02	-2.348399540512701444e-01	1.000000000000000000e+00	2.337244046889825344e-01	3.989315111484832421e-01	1.669326667787800478e-01	-2.940131717887384255e-01	2.050916195461974512e-01	1.601976565440818567e-02	3.041622630839975749e-01	-1.948777603668464253e-01	-8.028821380879593017e-02	9.927106224411075264e-02	-1.170154179418651796e-01	-2.288877745480248638e-01	-1.815293039121191887e-01	2.067788751272260361e-01	1.832194366075387826e-01	-3.609650978882179007e-01	-5.217872228417350794e-02	1.010427891842696352e-01	1.073471697840862465e-01	6.446860110174405800e-02	-3.646853416165386497e-01	-1.963911772216074547e-02	-4.935285882258402118e-02	8.066740727354457241e-02	2.798877808552719393e-01	-3.975956306671462603e-01	-8.910960181688223902e-02	1.359037840031378230e-01	-8.729909332471004479e-02	-2.047557115952528262e-01	1.330232860208318546e-01	-9.837452775900576429e-02	-1.589647187314383037e-01	1.182816303576363220e-01	1.797904879269181799e-01	1.934176604254116416e-01	2.727614382663512416e-01	2.517101272558043834e-01	2.353028059951108586e-01	8.280363980883558017e-02	-1.527445614991737866e-01	2.664419505802355093e-01	2.216202788032612392e-01	2.201405523285229759e-01	-1.229790183705365691e-01	2.883111354776708435e-01	4.675577755269630376e-02	1.527182833027639630e-01	2.703084324874890920e-01	1.647700902906316378e-01	1.721240137285499072e-01	2.205872561051395453e-01	6.848754809542516309e-02	7.579448961544742180e-02	2.709238499869223160e-01	-2.416345760490919148e-01	-8.781577454391345516e-02	-9.378818761278752414e-03	-5.321595919021092636e-01	-8.346263018200889006e-02	2.032160703675571500e-01	3.103618675366043855e-01	-6.820614477827213751e-02	-6.722952306220711903e-03	-2.447153024838199797e-01	-2.458026527839480835e-01	6.944103371297051519e-02	6.453407584593837121e-02	1.094477207620330600e-01	-1.741114017474514053e-01	-1.208850965272469796e-01	-2.322519998490568671e-02	1.388364457706896815e-01	-5.908341440587413368e-02	3.075013732145386314e-01	3.112007610562209092e-01	2.094262900304412756e-01	2.879459658502619424e-01	1.142128326080614487e-01	-3.541772449336114681e-01	-1.638733193999570292e-01	1.566598402488160180e-01	6.487145088864376685e-02	2.862240250325107649e-01	-7.533461756546873389e-02	-1.004380350568289948e-01	-1.682031576674794249e-01	-3.464361879788291354e-02	-3.776341066095140753e-01	-1.407282661604300211e-01	-2.605450036672370406e-01	-4.675681403350745446e-01	1.685974637628286643e-01	7.790906009600657989e-02	2.006454475373047885e-01	-1.194358130629728787e-01	-3.022968893334487817e-01	8.723013235021549738e-02	-1.187419537590348323e-01	-6.637050824705907105e-03	1.317730181201831052e-01	2.625030069758749751e-01	-2.253799555426248130e-02	-2.463603176164085029e-02	-7.318800176487856579e-02	-7.732550021404280272e-02	1.720039972342314871e-01	-5.452546032432042250e-02	7.728426295148841385e-01	2.799429094656481487e-01	4.252532266854019416e-01	1.246399382721053023e-01	-4.736928679705643824e-02	3.250898019676031758e-01	1.282917393819122884e-02	-6.693515716104801727e-02	-2.142282986286527802e-01	1.059318655291981853e-01	-2.611110172872549984e-01	-3.285640100671495256e-01	-2.346274264439479271e-02	1.944155329566573942e-01	2.499220092493387724e-01	-1.144558583058849638e-01	-2.335166235079023100e-01	-1.208130401005499399e-01	-1.205537229085781453e-01	5.716443900126785480e-03
-1.824614294660218961e-01	3.735147389915122879e-02	-1.081191321566808139e-01	-1.252460857230703120e-02	8.263979196582850462e-02	4.361384260566959770e-02	2.143762948665391826e-02	8.306041781860273865e-02	3.262017872842518096e-02	8.488364218946199691e-02	1.189399358378423893e-01	1.095725535155307045e-01	1.623013898239350841e-02	-1.474969953532818678e-01	1.387257854737402318e-01	3.329592475127822193e-01	2.185497837555330780e-01	3.305761259178292000e-01	2.498372940002019926e-01	3.302911406837339969e-01	-7.762583118471809429e-02	-1.724144460263816736e-01	-2.576643114718876193e-01	-2.629930346136915009e-01	1.218655001376406505e-01	-3.365453534497908072e-01	8.480503080178149189e-03	-2.652386720147399402e-01	-1.832214084329204795e-01	-6.917364017905811013e-02	1.848582417741201078e-01	1.982192531959781900e-01	2.093885557329853986e-01	-5.474305404722294710e-02	-2.044772739019837526e-01	-1.976575974298283300e-01	6.492144324569243397e-02	4.173605009084447315e-01	2.919563854297100303e-01	-3.693161177991657884e-01	-2.473268180410795603e-01	-3.098491770848991189e-01	-4.625063145515411200e-01	1.483522085678093128e-01	-7.718309564624042940e-02	1.472395162085472220e-01	-8.554316250620516704e-02	-6.999257674368622451e-02	-3.280037509680571173e-01	-5.318636605106548398e-02	-4.040743003801138822e-01	-3.710238525114805119e-01	-1.262651012941081174e-01	-3.338261649572956680e-01	1.881484485158785025e-01	-5.738582486808058852e-02	-8.893420747962714479e-02	2.895878711118396454e-02	9.318825997287458543e-03	-7.510753569376022246e-03	5.038391287635838323e-01	-5.173605881496274872e-01	-2.658199811159773773e-01	-3.707129922988214310e-01	-1.133600751445909965e-01	-1.685421313952228939e-02	-1.058134152806139844e-01	7.020448271643098259e-02	-3.907913306177424745e-02	-3.637900375516159857e-01	-1.253097105778648301e-01	2.337244046889825344e-01	1.000000000000000000e+00	-2.183320834798087653e-02	1.740076857519837206e-02	-4.858316642053235601e-02	5.456986114179513542e-02	-4.225639987470532488e-01	6.487246657898513291e-01	-3.041421406696422358e-01	-1.820359653011686951e-01	-1.514085084241718060e-01	-3.395921957769947874e-01	-3.282663053891780036e-01	-3.025229343017495909e-01	-6.724446451840705719e-02	1.736659835169075683e-02	-4.911793907431822315e-01	-1.217925352336117067e-01	-1.104698979261914543e-01	1.484201312412587459e-01	-3.047550845722801216e-01	-4.283774616103233068e-01	-4.458976188966343179e-01	-4.970379665660430990e-01	1.190264847335310294e-01	-1.574149032264579584e-01	-3.263020735253174820e-02	-2.741726645963530884e-01	2.367735406683550009e-02	-8.143461632287100904e-02	1.340806092200614030e-01	4.360732694314389118e-02	-5.256365553462966078e-02	-2.001869273622229953e-02	7.618029192887391943e-02	1.557001233792045490e-02	1.477101138543139291e-01	1.384637341617858397e-01	1.931362925807929287e-01	1.885159987173947171e-01	3.377706368168625212e-02	-1.614954768922469697e-01	1.828417419731793447e-01	2.236027752264054327e-02	1.942488687553121374e-01	9.901531802013807670e-02	2.225585379634697769e-01	1.743801083098489232e-02	3.002036726898886232e-01	3.160701917877540290e-01	3.262320323148183987e-01	3.379671486630515531e-01	-5.475955328918938325e-02	4.195068207272667493e-02	-2.139018737667686965e-01	8.066648646075229301e-02	-1.983358418465017703e-01	-1.037316998355401476e-01	1.006703204381000638e-01	-2.228834866096696954e-01	2.161286535025355726e-01	1.288398061576150888e-01	2.913537152045108658e-01	-2.359726734164915296e-01	1.330027632574177499e-01	-2.732338568416173286e-01	-1.666939792507309559e-01	7.681002528339642144e-01	2.756884897159012637e-01	2.900153664798343356e-01	-1.409573669020448006e-01	-3.154864021267645424e-01	1.470877747988980425e-02	-7.641378833652680280e-02	-2.697159071082246284e-01	2.483220404742824891e-02	1.510866109371152566e-01	2.910920464175688616e-01	2.254696038188514981e-02	-1.484988905120816424e-02	-5.829184224776390311e-01	-1.410544406524676664e-01	-1.532183131239189811e-01	-3.091206098831879023e-01	2.843083025946012421e-02	-2.237666425328003472e-01	-2.355601509159697959e-01	-2.923711003640517836e-01	9.258311947798666952e-02	-2.491102846476341282e-01	-8.739197603503573442e-02	-2.647451582225246458e-01	-6.008864817481751608e-02	2.149746967330761760e-01	-1.209535093420814056e-01	3.783661106090214221e-01	-4.231808882287734774e-01	-4.071562734457993549e-01	-5.833509171087623846e-02	-2.509803717322370287e-01	-1.718287400797029185e-01	1.825702181978560434e-01	5.804511782468044917e-02	-9.527143039774300937e-02	-3.093125317058911805e-02	-1.979415403247522243e-01	3.943362411110516719e-02	-6.209897974967708983e-02	2.875665133164091447e-01	2.742541482431664623e-01	4.494439660388381830e-01	1.119630328724279672e-01	1.238787534368265830e-01	2.659309972010421852e-01	6.911426075798382529e-02	-2.203110671651054564e-01	-7.531997247613236857e-02	-1.786856685079089013e-01	-8.649290143525713292e-02	-2.360409382155833347e-01	-9.474225909426992054e-02	-4.310792608630528711e-01	1.752166797920347574e-01	1.550444744940063235e-01	1.346332704869641073e-01	-2.459532629206660215e-01	-3.414639612378090328e-01	-4.510675079468712267e-02	-8.291994244166356332e-02
7.123036043929497317e-03	1.543493383543807496e-01	8.464363408834110758e-02	2.162496996676920302e-01	-1.877653541073689980e-01	-1.385696373223908179e-02	6.600473567414852361e-02	-1.696556967974056640e-01	1.810130500799561268e-02	-1.311323425756497074e-01	-2.135218607431051130e-02	-2.555094919625446326e-01	1.851550757151659843e-02	-5.446680941359050010e-02	2.665452216125280618e-02	2.181096055026880698e-02	6.824170593940186158e-02	-6.799658133944538885e-02	3.200963454137994296e-02	-3.877975975046867030e-02	1.835264848884612110e-01	2.858862312119678228e-01	9.587955667218094058e-02	2.219949047986214674e-01	2.675570795510725519e-01	1.574852363699917948e-02	1.580751896614635554e-01	-4.407676987606868810e-03	-3.546634420650991992e-01	-1.938946479812505008e-01	-1.809778365156876900e-01	3.625159235416685471e-03	1.826505365083210819e-01	-4.262852803709368116e-02	-3.936901836466029370e-02	-1.631548006087769898e-01	-1.351161810109952899e-01	-1.161610391182397485e-02	2.371104209644333272e-01	-8.066453468543595406e-02	-2.654672575156807532e-02	2.021752486403698146e-01	1.416516708866696894e-01	1.111432922546821689e-01	2.537498724971690711e-01	2.140257225439745337e-01	-5.813954329008990058e-04	-8.947783478252895051e-02	1.623351249274631591e-01	1.863366549537307515e-01	3.145458289524519224e-02	-3.652377816617707884e-02	1.669808181821389736e-01	-1.235744619070049469e-02	3.553804943532905963e-02	-6.603434959988746522e-02	-2.576574763142360780e-01	-6.799554693904488745e-02	-8.281324365432525536e-02	-7.646746977981799982e-03	4.653680503543320204e-03	-4.828010062188024809e-02	4.940377580415939579e-02	-7.929717133701663645e-02	-9.316646367956525621e-02	1.161441937050991385e-01	-1.263866556183037559e-01	8.056566141147505911e-02	-1.669051705348527370e-01	9.588594097063167510e-02	1.041694367143913558e-01	3.989315111484832421e-01	-2.183320834798087653e-02	1.000000000000000000e+00	-7.313326719587122382e-02	-2.950880811574951301e-01	-4.868963849458755183e-02	1.032159846124071495e-01	-2.008209668345620896e-02	-3.277500732845307907e-02	1.471098082982952304e-01	1.499092560715561406e-01	1.924569316530519436e-01	-1.796240377605724803e-02	-5.344743463327684962e-02	1.802750644744187669e-01	-8.842332180531875530e-02	-1.435466406342520707e-01	-1.982900495282317876e-01	3.417603619854722719e-02	-8.074306792348277806e-02	2.411960719571351330e-01	-2.106084872846670231e-01	-2.596972700953296270e-02	6.784341818861366891e-02	-2.477110878327541399e-01	-7.953571523104639718e-02	-2.796819900014514970e-01	2.809689555132302216e-02	-1.077153997083790150e-02	-9.399115438504226927e-02	-1.244923340368525172e-01	1.437429731973615399e-01	1.033545334556519590e-01	-1.286513284445976457e-01	3.075452773086381070e-02	-2.932598778383694871e-01	-1.907639797864025544e-01	-5.880215874351552019e-02	-1.951720750002671201e-01	-2.058990954587329725e-01	-3.084542498741771888e-01	-1.160319396467710124e-01	1.920536838395002499e-01	9.559337370461551409e-02	5.713679978910123775e-02	-1.285741367872361984e-01	8.658196480875969547e-02	-4.721575224462475073e-02	-7.718821006085231640e-02	-1.255665928977984895e-02	-5.370364335515943194e-02	-7.485496096992519388e-02	3.296801865363656048e-01	2.235847233472509632e-01	1.275498915437451308e-01	-3.113914582846632681e-02	2.851160254719649345e-02	8.604166745991694010e-02	1.003551302289771158e-01	-3.553131692767306227e-01	-2.062358476287941833e-01	-4.605132777267302580e-02	2.110332242890311169e-02	-4.877364707209456279e-02	-1.501050479391989254e-02	-1.986620026809767792e-01	-2.021301415664183143e-01	-1.258837880214448424e-01	-1.078061190818923737e-01	-4.805293056290307202e-02	-1.158822785404944739e-01	-2.344684171106142107e-02	3.586501800935608109e-01	3.369845174020316692e-01	1.917627077624616538e-01	3.374346800476574204e-01	2.391873290954937281e-01	1.716778979111800441e-01	1.970609776460682250e-01	8.171426411315689531e-02	-2.087848654480250685e-02	7.166913150836156515e-03	1.282225547006013155e-01	2.085703794585007098e-01	2.975258157528747338e-01	9.436722162134890401e-02	6.370263368756914901e-02	-5.021543210289970693e-02	1.410918468910383194e-01	-9.701532098840146001e-02	4.234038920791149269e-02	8.624377540457370261e-02	-2.323342386604227150e-01	-7.393699332607597818e-02	8.368724806767573188e-02	5.214845774547148538e-02	3.712578382787103115e-02	-1.017111184967705723e-01	1.961829960081506175e-01	-1.542796059070067338e-02	4.772770317838512038e-05	4.092257941147496580e-02	2.074786172733751599e-01	4.842183463144236755e-02	1.722923938563723084e-02	4.323617234620302785e-02	4.777455954592517429e-02	8.520274853184010844e-02	-7.582343721690695815e-02	2.787846869026356922e-01	4.196121202062624150e-02	4.184588883171453944e-01	-1.005236889496293889e-01	-6.243713008869755665e-02	1.575608036077647822e-01	8.566553247074856769e-02	2.217209411345289760e-01	-1.030567510774556793e-02	9.619743337814581907e-02	2.486177974345472885e-02	-1.243714052801708075e-01	3.737475818871571071e-02	-1.963312364531196730e-01	-2.134774422874231858e-01	-1.048943191737026354e-01	-2.211242236110343706e-01	4.763932250438339400e-02	-2.212820292084445861e-01	-1.080230644403816775e-01
-4.800046316920114631e-01	-2.350316590803247230e-01	-3.954119114983628558e-01	-4.712466058947869518e-01	-2.592947559575882188e-01	-3.605967103074078084e-01	-1.553043261809041731e-01	1.344654682458577555e-01	1.142552924513764653e-02	6.649592376630437951e-02	1.944782833302741432e-01	-1.415559275209709311e-01	-5.051497614242771161e-02	-1.664193291720466317e-01	-2.715971143455677694e-01	-2.062797278812227575e-01	-2.564367930424821251e-01	-3.301115070679585539e-01	-8.294344940830221391e-02	-6.946598374274461085e-02	-1.026306925754124494e-01	-2.810769513317189217e-02	-3.945329609310195551e-02	-5.365206735963919116e-02	-7.757916760251101773e-02	-8.828144724220587589e-03	-1.347658016494158173e-01	-4.175960680713816653e-02	-2.800963444439895089e-01	-3.593575739489037746e-01	1.338299175315345313e-02	1.923673735770607962e-01	8.672584881119206612e-02	3.239566794832722807e-01	-9.546066545758177813e-02	-2.407717652770642036e-01	-1.690372789608647064e-01	-3.005588871014175378e-01	9.959286434670630572e-02	-1.425600304756738101e-01	-8.771584081755735840e-02	-2.074824649896232776e-02	1.136282337119525615e-01	-1.872457931136349563e-02	-2.166755653177032323e-02	-1.803469108524355102e-01	2.447678556173082942e-01	8.174178446665451847e-02	1.758609699177214603e-01	-4.724733947957108354e-02	6.073318924463738666e-02	-5.897468791387523029e-02	-2.185758090237033269e-01	-2.385497489527882084e-02	-8.615654545739320769e-02	-7.895057589526910391e-02	2.975277359130559240e-01	7.646091784832204086e-01	1.630663809711870860e-01	4.950592743145327268e-01	6.631984994638556730e-02	-5.027504973255798176e-02	2.729201596668270335e-01	-8.691034120862624335e-02	4.160543066015303104e-01	-2.292804157320431080e-01	3.947951130913355255e-01	7.416351175288290465e-01	4.132745723829484019e-01	3.281258465864654861e-01	3.348358575300854761e-02	1.669326667787800755e-01	1.740076857519837206e-02	-7.313326719587122382e-02	1.000000000000000000e+00	2.437253444098480271e-01	4.777616290437696200e-01	6.732300765984094992e-02	2.355253100151669110e-01	-2.034395954477622448e-01	1.672839301831389736e-01	8.725356864215115527e-02	1.340509404046758557e-01	2.398494814245838713e-01	2.763437397169237197e-01	6.862143532055541284e-01	6.397806841800187660e-01	6.474440353770042483e-03	1.308046025417079067e-02	1.236239168273739614e-01	1.707332901091712374e-01	1.096944872492934819e-01	3.266969091296438588e-02	2.408567223826708903e-01	2.581248291990924093e-01	5.825459831825758883e-01	3.349934763161666607e-01	-1.294871905073071428e-01	3.763684969615699871e-01	5.864388226140616611e-01	-5.694047841345714067e-01	-1.491844105573192636e-01	-4.376636319963529420e-01	-2.297755583266536950e-01	-3.853056662099479945e-01	-5.754760714147738598e-01	1.032739343409039140e-01	1.740215230430639526e-01	-1.730034168678892120e-02	1.924037565277286477e-01	2.438697748122028441e-01	5.772829461434016152e-02	-3.956633499528279252e-01	-2.166285772052132519e-01	-2.084804028269798271e-01	-2.308717532868844735e-01	-3.937287615616599790e-01	-3.073321000327162711e-01	-3.479295874210670547e-01	-3.300909635483367799e-01	-2.460199956184402348e-01	-1.611030470351760557e-01	-2.048553147993954771e-01	-1.440836642493675268e-01	5.676421428234321165e-02	-6.371778895794030784e-02	2.322036266614583011e-01	-2.033867497335420729e-02	-2.227951527264622755e-01	-2.090049738187028383e-01	-3.074019354743913746e-01	2.605809113906389918e-01	-2.905303649931075330e-02	-1.258875502775078092e-01	1.303403327922366406e-01	2.418128666131608151e-01	-3.076908776151078828e-01	-3.764565876518987109e-01	-1.125623258530956544e-01	-3.964826725142779895e-01	-2.606323988322102880e-01	-1.109736431749024088e-01	-8.080655430892715041e-02	-1.164358824314403323e-01	7.344180688166834781e-02	1.586618787340796088e-01	-6.062683384875753451e-02	-1.348349368515544267e-01	-1.779668796097867711e-01	-1.566968319731258663e-01	4.004478480671782026e-01	-4.925555204356336925e-02	1.370119180104795442e-01	2.129259145580916224e-01	1.961612460606993180e-01	-8.808533685178211378e-03	-7.570592986304874872e-02	7.418204721431954918e-02	6.451422023095361447e-02	1.819617660976881601e-01	-8.464698308246512704e-02	1.038360270772014510e-01	1.984741802586794945e-01	-2.074001382004899974e-01	5.962198338083837257e-01	1.757158423315213769e-01	5.886798604358357834e-02	1.074054587519428228e-01	1.640158331151542470e-01	5.328296929308877841e-03	4.501756378482867360e-01	3.899088818951682578e-01	7.608488462776337169e-01	5.346189270442346375e-01	1.996157875041310592e-01	4.347185550904711371e-01	2.089639743046593778e-01	3.274557277448152115e-02	3.536158530341825257e-01	3.675465057470874708e-01	2.017963237817835542e-01	5.208254807659982166e-01	-1.757542367306620112e-01	6.519278056312879377e-01	2.714294268684399047e-01	4.506272040106946708e-01	1.462664003827637560e-01	-2.801218322234230174e-01	2.866465327141273778e-01	6.359657332534448537e-01	9.443752944128147586e-02	4.120969984278071707e-01	3.507466915014688658e-01	3.091072093546157751e-01	2.991472783947148328e-01	-1.016580116373564796e-01	1.630220497536532254e-01	1.773218021271261435e-01	4.437329163619669892e-01	1.668760686855910447e-01
-1.581707382068177903e-01	-4.825293519943930215e-02	-2.886987829121617222e-01	-2.945080963940945873e-01	-1.673317805500395550e-01	-1.474861777050002209e-01	1.573563106936854417e-01	-3.423751307658364773e-01	-1.657454514499293596e-01	-3.448246400257504729e-01	-2.267877524663840516e-01	-4.543144215970758015e-01	-5.052185229253314952e-02	1.644488508219371994e-02	-3.243351500693075762e-02	-9.060277991436811729e-02	-9.798321830041691050e-02	-2.256149789213327816e-01	-1.394863660021335161e-01	-1.187839972943029593e-01	-2.924075557851503124e-02	-2.001848467046136656e-02	-9.763384504735724001e-02	1.140645449036856302e-01	-3.222475405826886741e-01	3.449324661641256506e-02	1.435473951885667121e-01	1.816007153618110770e-01	9.366229198094569441e-02	-6.691030325763659692e-02	-1.206712719193784866e-01	-1.296715940475065276e-01	-1.865811684360102127e-02	4.676401345799872933e-02	1.026800807612971433e-01	-4.209046689468120758e-03	6.275004620108221021e-02	-1.103969754194944475e-01	1.906336502239263098e-01	7.008625727781303549e-02	4.494836989140140598e-02	-4.064324262778343938e-02	2.222385709520059149e-01	-4.866160192476536722e-02	1.039754566490583704e-01	-9.513544231209659918e-02	1.247546180765076868e-01	6.027157255338503328e-01	2.019591939593516627e-01	2.176991494505951252e-01	5.205658294113751916e-02	-1.021351052062692416e-01	-1.534134602936813585e-01	2.820479421249318282e-03	-1.793226167099170598e-01	-1.080721717094401679e-02	1.207935011272513182e-01	1.412817716193550399e-01	6.038312283586187018e-02	2.029255057040642296e-01	2.473396791349532498e-01	2.492445879763153793e-01	3.943971226996021429e-01	2.936304205473984630e-01	5.542422382383918045e-01	-5.467438243434187550e-02	1.211906613887467482e-01	2.255242534892434592e-01	5.472153361139440175e-01	1.825710580663025828e-01	4.014532767894123388e-01	-2.940131717887384255e-01	-4.858316642053235601e-02	-2.950880811574951301e-01	2.437253444098480548e-01	1.000000000000000000e+00	-3.574011792265292808e-02	4.318890229332198599e-02	3.666100640976167196e-02	2.300994875553056540e-01	2.595134232284104780e-01	3.054353565058025577e-01	-8.619222334738400881e-02	1.475638818916475414e-01	9.774350869193250413e-02	1.094700535067435476e-01	1.290721815051135146e-01	3.821050976788984976e-01	3.775437724604740475e-01	2.591228733115412686e-01	3.172767068390835998e-01	1.556685631372354273e-01	2.284256186201590599e-01	8.435706265980792706e-02	1.851260817283613413e-01	2.276996295430436801e-01	2.221899122075855493e-01	3.906157862816507231e-01	1.098421708932698360e-01	2.438873539068219798e-01	-9.116731806985248210e-02	-1.011930514510856610e-01	-2.516365784242164949e-01	-1.293043369082100824e-01	-1.788553513454806398e-01	-3.462680194323832783e-01	-2.275991891002805967e-01	-2.127176722905476103e-01	-3.693460597796396350e-01	-2.488985305908123224e-01	-2.334876794702888114e-01	-2.800249339705724316e-01	-1.917487407327096716e-02	8.662088262017522688e-02	-1.062994480843595796e-01	-1.288242881719970680e-03	-1.141216101982774483e-01	-1.229143614287702135e-01	-1.903310046752885731e-01	-6.085344013858774020e-02	-1.495679236322935146e-01	-2.939919502636385157e-02	-1.358012757260226577e-01	-2.408265423432536523e-01	-4.666355041393598253e-03	-1.045578363140359235e-01	-8.339719673883828899e-02	1.506910306297607471e-01	2.206814201721363222e-02	1.320225098946347375e-01	-5.067173332500627542e-02	-4.917731937590783670e-02	-2.196533789134300918e-01	-2.379271752908850013e-01	-1.609799946348584587e-01	-9.302806180796431568e-02	1.534159307167244461e-02	-3.098789423032999660e-02	-8.890464841715192690e-02	-1.261191996135166138e-01	4.874337176852540365e-02	-3.950579278054744663e-04	3.411023445437469936e-01	-4.176669397130866601e-02	-7.273007353561274091e-02	1.027898282257355828e-01	2.854164401409053572e-02	-1.467280049879837178e-01	-3.814238708524804455e-02	4.389010801259057848e-02	3.541037794194392546e-02	5.000581979645329217e-02	3.454710364778164622e-01	1.885921853379442237e-01	1.612322835896040363e-01	6.754430814303907793e-02	-1.210785256433394158e-01	6.164939713951787109e-02	1.977026124713274491e-01	8.356570678063197921e-02	-1.545329757486781953e-02	1.315657324976205952e-02	1.054971513243666281e-01	5.603798383406947969e-02	-3.327943213453739973e-02	-1.253288249590608916e-01	1.945962327990154173e-01	2.368536766477210773e-02	2.584385457508826534e-01	1.608766311523100179e-01	1.024445294913783611e-01	-1.520152741926907303e-01	5.579593103440495111e-02	-3.339996236161495158e-02	1.282258858113587419e-01	2.963732290556981286e-01	-5.222783358102914449e-03	2.391485393225244449e-01	2.268084695101210413e-01	4.547178779519310821e-01	-2.251878419552371113e-01	1.333442584354255223e-01	-2.579114520456278203e-01	5.534203634290165569e-02	3.955978568994235611e-01	1.318510601820117520e-02	2.306043952041267053e-01	1.297510037437989705e-01	4.114826237729145575e-01	9.693680073276539355e-02	1.931146156030356248e-02	3.642059963424777447e-01	2.158222209947874004e-01	5.068261496280718204e-02	2.806279711896759732e-01	2.979488524686026429e-01	8.056258693619372177e-03	-7.380246893202067025e-03	1.239426056420713657e-01	-1.230322241508354369e-01
-3.010119670529221025e-01	-2.783490736239773722e-01	-2.082541668340556484e-01	-2.468624390188779993e-01	-2.340242327232905650e-01	-3.388546994372050869e-01	-2.951216409750266334e-01	1.806835153566951901e-01	9.733532797158872540e-02	1.982668917974913791e-01	3.033973591812046400e-01	1.049617039976029759e-01	-9.835521857859556849e-02	3.020376003547078914e-02	-8.892522253052907721e-02	-3.965043307556224972e-02	-9.305593737483759675e-02	-3.001999738979023724e-01	-4.679607405204634293e-03	-4.493525834957058651e-02	7.464581649606730901e-03	5.873713679074553384e-02	-2.143691775317053266e-02	-2.173871205087184177e-02	-2.953390152487334400e-02	9.659703986215698035e-02	5.693270452226517793e-03	-1.494094867790613512e-01	-2.108785561542884934e-01	-2.501603552606160852e-01	5.584053762601751125e-02	4.098992473776137679e-02	-8.085902258682803323e-02	-1.409614920171982366e-01	-2.095853700337231840e-01	-1.692344238831919312e-01	-3.862340289889489298e-01	-2.410823075332811927e-01	-1.882858807298549153e-01	-1.577890959139420790e-01	-1.779003819057369540e-01	-8.852187457138691040e-02	-5.548811702094413184e-02	-1.262818528576856447e-01	-1.666340244413079819e-01	-1.753765010915459832e-01	-6.908352901754297171e-02	-2.600202865679523412e-01	-6.628754177818856064e-02	-2.432710101132843361e-01	3.300792390750774408e-02	3.218924720779186427e-02	-1.687272371656918235e-01	-5.135291880292654904e-02	2.817917815513006907e-01	1.736187028866446880e-01	-3.494711172338755417e-02	2.489601170535576669e-01	-2.461579229675081859e-01	-3.526092479696546489e-02	-1.670753696819110012e-01	-3.791061202361596383e-01	-3.929493067736210959e-02	-3.663635316123177166e-01	-1.772915329189777289e-01	-2.273704436611140578e-01	2.202694933340565153e-01	1.360442973655862364e-01	5.666553964168322133e-02	4.242225520931356547e-02	-3.330358332943640920e-01	2.050916195461974512e-01	5.456986114179513542e-02	-4.868963849458755183e-02	4.777616290437696200e-01	-3.574011792265292808e-02	1.000000000000000000e+00	3.629522478136532060e-01	3.636399474012905197e-01	6.613046658454208721e-03	7.756701846078467577e-02	-1.363448469765304316e-01	2.376318597875402561e-01	9.440120223604715755e-02	2.926417454879731705e-01	2.786576736119639741e-01	2.600932931274644866e-01	-4.696023271305647256e-02	7.841927964807189622e-02	-1.339933459656780790e-01	6.249759240142218480e-02	7.782899140363533363e-02	7.328387324496187308e-03	6.164128941384560550e-02	2.591318538343325220e-02	3.975952220701261530e-01	4.613035083412104220e-01	-2.028743950321687528e-01	2.401731410711699100e-01	3.136205883865200161e-01	-3.324237170073614522e-01	-2.624844687233661780e-02	-2.026223896024113569e-01	-1.268791623326532281e-01	-2.568943171014151372e-01	-2.186633624423478806e-01	2.916484443272187033e-01	2.483695040130811105e-01	1.664836934526603140e-01	2.738269974302102727e-01	3.223427342380923988e-01	7.850005209906460446e-02	-9.517380795559605977e-02	-2.261170576272351351e-01	-1.526076346886769963e-01	-1.038742371642645546e-01	-1.563714874727255011e-01	-7.650629340866961503e-02	-4.977098063130345335e-02	-3.185009851835555739e-01	-4.733079186083202772e-02	-8.353515138444400634e-02	-1.079747678877897576e-01	9.875393485538429272e-02	2.883318210485565358e-01	-4.825769653292125844e-02	2.142247165505131723e-01	9.304844459334378481e-02	3.515696857041889639e-02	-6.112157967807084480e-02	-2.194662577847432960e-01	1.154114991791210382e-01	-5.070945228978294972e-02	-8.761771662970510577e-02	-3.964338569866905637e-02	3.892611737419127138e-02	-5.995558999188961569e-02	-2.109762300642776811e-01	-2.582082037137402308e-02	-2.479048190946782082e-01	-2.286305237710380966e-01	1.030376465078742913e-02	-2.585318417489264609e-01	-7.810296497856243636e-03	1.380357876455965971e-01	9.307296332173525810e-02	-1.364157189920847391e-01	-7.050780719523255802e-02	-1.200808497451400503e-01	-2.064928771053606005e-01	2.671091460750740429e-02	-2.008404676099354580e-01	-2.477616158873105767e-01	3.010314764070241844e-02	-3.492342744003437693e-02	-1.655935150421850854e-01	-4.553713579237857190e-02	1.854223666204252996e-01	2.530243897544434128e-01	-4.400968778461935432e-02	1.510566797556152085e-01	1.253703610305789695e-01	2.446285316798200299e-02	-2.420655547978435296e-01	3.613326918169326163e-01	-8.250979893421067635e-02	-2.428157974581864886e-01	8.386293659395912398e-03	-1.288900870882042082e-01	-2.497936404879189110e-01	2.597171467997309025e-01	1.577249634173174542e-01	4.088135133563928769e-01	1.167555881702777715e-01	-2.390422117387266676e-01	-4.897528090728827527e-02	3.280220421964055721e-02	-2.668016335328614042e-01	4.222700609092795709e-02	1.300585691102182639e-01	1.224875580488716947e-01	4.195307410155708627e-01	-5.056604908311841673e-02	4.266590069989123490e-01	-1.020538041334605184e-01	6.320570997839336513e-01	1.201541575106503806e-02	-2.389247622221043199e-01	4.136291190403171975e-02	3.349453757072591298e-01	1.617408986027860096e-01	1.938213180873456579e-02	1.944386667325018747e-01	2.362697863904176521e-01	3.396412738512393781e-01	-2.319014401912400380e-01	3.071478098474422769e-01	2.467454153212992884e-01	3.348621411437116557e-01	2.974534420415542724e-01
3.852442383874592202e-02	-1.655381746170887791e-01	-2.197211842760845441e-02	2.619066181718786301e-02	-1.255435007889091695e-02	5.698725578790891227e-02	-1.718099414962103236e-02	-2.020840639692313423e-01	1.372496075891091183e-01	-5.728306552312438515e-02	-4.412737771180655355e-02	-4.920837501507728529e-02	3.295214461322063318e-03	-1.553442146335672347e-01	-1.515718871104419496e-01	-1.269323668640519875e-01	-1.205706941640936614e-01	-1.387722762423751477e-01	4.236845820576441712e-02	-4.712707460170052071e-02	1.783254660173071160e-01	1.950451967276624898e-01	2.497240581995248954e-01	5.268213992069913088e-02	-2.038435017660883142e-01	5.899930500259824295e-02	-1.070671788844690941e-01	-9.495650569310731814e-02	-4.855278044038373320e-02	-9.052902021106755404e-02	-3.097975267337879091e-01	8.641568355686882197e-02	6.622207032255383874e-02	5.203113128691206485e-02	-1.804924494875025931e-01	-1.728673298579976592e-01	-2.747770904802304126e-01	-8.474215189975996265e-02	-1.448250067097955340e-01	5.784813982303549894e-03	2.640144805048338372e-01	1.070673923656416948e-01	1.219860010222050956e-01	-7.340322318488579079e-03	7.119121991800228533e-02	-2.134102170750126204e-01	-2.242959351215675079e-01	-6.013355928556010643e-02	7.172299301990266163e-02	8.724126071677595906e-02	8.005838579476202976e-02	1.626913194664995066e-01	-2.824896210401891539e-01	1.041776484164522870e-01	7.531943374317184858e-02	-5.359050879410504759e-02	-2.688386112377795858e-02	2.497885308388518230e-02	-2.042549754112220339e-01	-2.177525119273543419e-01	-1.349171091493487906e-01	2.984866376260026689e-03	-6.814566788564097033e-02	1.562842690293608783e-02	-9.615428907086105703e-02	-7.774738840396906714e-02	1.079270068323640308e-01	-9.868364144737541699e-02	1.214358133720158661e-01	3.034671037600824434e-02	1.092763791700732600e-03	1.601976565440818567e-02	-4.225639987470533043e-01	1.032159846124071634e-01	6.732300765984096380e-02	4.318890229332198599e-02	3.629522478136532060e-01	1.000000000000000000e+00	-5.639521522340101151e-02	2.499752215891302976e-01	1.540563534180102168e-01	1.915261772221228329e-02	1.198511987714251104e-01	1.134078023653667389e-01	-2.635995798641119735e-03	2.098431028990170935e-02	-1.881182777690648122e-01	2.414719038979242227e-01	2.813207642831460076e-01	1.615899907941497626e-01	9.810142217840517320e-02	-3.628418673155698725e-03	2.436867557795684425e-01	5.090803253671787043e-02	8.139786223967415690e-02	5.481319026118720156e-03	1.613948698246104874e-01	-5.811566913982380012e-02	3.400259961842392459e-02	-1.341624150444216679e-01	9.006309225266333207e-02	-2.432494471313140783e-01	8.466493303486142749e-03	-1.716157503378189231e-02	1.008065619862002077e-01	1.064778752735563716e-01	3.132040528655967437e-02	-8.693459563987775141e-02	-1.154869084812615715e-01	-1.622855275539173137e-01	-1.300981205973679444e-01	-6.684881077016913142e-02	-5.440552147658116178e-02	-6.389377078620123163e-02	3.388494857150474437e-02	-6.573517483690775876e-02	-1.225929840470878218e-01	-8.851298261176383103e-03	-1.209198302054354940e-01	-2.503520966262427483e-01	-5.031597180518092294e-02	-7.288789742022036555e-02	-5.563850016644423385e-02	8.714511928002055541e-02	1.290083400289724069e-01	-4.765443691572186086e-02	-6.178303623453242077e-02	1.205333894732684395e-02	-1.091311000249276381e-01	-1.873503302831093509e-01	-1.469680402692003646e-02	-2.839482018861086421e-01	7.359284801498729156e-02	-1.795909592752346073e-01	1.720462122170745289e-01	1.325346958062590952e-01	-2.070924354173281703e-02	-1.333428266950855146e-01	-2.410788400352100735e-01	-8.323236288008720174e-02	-2.064748684633800069e-01	-1.695985019602874455e-01	2.679800939844280416e-02	-2.922637459752828668e-02	1.925816966002194888e-02	-2.564899814579173903e-02	2.396134450018726908e-02	7.724939060300348159e-02	3.550021683059401828e-02	-1.449653059904850994e-01	-2.595254742368194312e-01	3.052908137612150852e-02	-1.369157186535153725e-01	-8.328950852397321025e-02	-4.519277222920969200e-02	-2.884391516328113983e-03	1.370452531972839866e-02	-1.730858755604769428e-02	1.820102226232625242e-01	-9.313846709403375557e-02	1.067943378121840731e-01	-6.191607430705946963e-02	4.336018084211318985e-02	-5.220059002346921773e-02	2.270362571795818754e-02	-3.416838956271243954e-02	-2.175824301958548812e-01	-6.553801335020113426e-05	-4.668955114315536531e-02	-9.787332439312412119e-03	6.902695031560603101e-02	1.429616146737271998e-01	-3.332976340230176145e-03	-2.942822332736977353e-02	-1.393390134952773030e-01	-8.066403313563198785e-02	1.460394521804456863e-02	-7.530715564117727856e-02	7.495383695877781173e-03	-1.598091671662159874e-01	-1.198945649564252536e-01	-9.796266251559786198e-02	2.072875602818649576e-01	-1.632298484544816297e-01	-2.115859698800665323e-01	2.099757587427178440e-01	1.065346054848103352e-01	2.568098392167755123e-02	-2.454566069715257912e-02	1.117236184023283202e-01	-6.406218408352147564e-02	1.200610106118833315e-01	-2.077296814554661919e-02	-4.672715275281250774e-02	-9.782949071153033971e-02	-1.235660625153886943e-01	-1.483397099922373862e-02	4.538942709688128380e-02	-1.585930893808797648e-01	-1.398444808807889905e-01
-1.667418125982479682e-01	-1.255770968102424279e-01	-1.548721243762159194e-01	-6.677592758454649335e-02	-7.676373238310241209e-02	-3.492319144005516518e-02	-1.140268464822262982e-03	4.969707307241710142e-02	1.779538592277769837e-01	1.090005903538821402e-01	1.725090576725509528e-01	4.020755461312743723e-02	-6.604799818976023890e-03	-1.714884905238392709e-01	3.639515501230740357e-03	2.277212669060321992e-01	1.145441566101569053e-01	1.100412575692562567e-01	2.389069135635673580e-01	2.651670484122751748e-01	-7.589982532459464692e-02	-1.481809747328793336e-01	-2.142606325831112879e-01	-2.259274967726128958e-01	-9.896080166874114681e-02	-2.694902214632065585e-01	-5.295534015293667379e-02	-3.041090642871770999e-01	-1.785913827335773030e-01	-2.066303196473128490e-01	8.083564350465595461e-02	2.848617620736351164e-01	1.630341729812263551e-01	-5.779919409330373792e-02	-3.242706405335175623e-01	-2.874504957096677971e-01	-1.810219268026376227e-01	2.641124201897782076e-01	1.462875548556501759e-01	-4.121633910569068582e-01	-2.150034709218439366e-01	-2.877137518955057982e-01	-3.605669760364353382e-01	2.529961699662514399e-02	-1.103217624726546137e-01	-2.567141460106638334e-03	-2.387334131548443372e-01	-8.508765330270717797e-02	-2.444752238473663630e-01	-1.535990846905765667e-03	-3.463220392733740161e-01	-2.604615939457428087e-01	-2.883900170754355452e-01	-2.419933197534887559e-01	1.744340807035491270e-01	-2.813708848610555271e-02	-2.012411079251665569e-01	8.650868222675787977e-02	-1.818817137270115070e-01	-3.031555362100753562e-02	4.278969790624216896e-01	-5.230997465391542534e-01	-2.517253998917591273e-01	-4.182327943163378636e-01	-8.166239157471895382e-02	-1.607026273136555883e-01	-9.280755179509156405e-02	4.716547996424994005e-02	8.811333385933207973e-02	-3.259266148304940658e-01	-7.432906502789608794e-02	3.041622630839975749e-01	6.487246657898513291e-01	-2.008209668345620896e-02	2.355253100151669110e-01	3.666100640976167196e-02	3.636399474012905197e-01	-5.639521522340101151e-02	1.000000000000000000e+00	-2.459500487703533966e-01	-6.358799007648756330e-02	-7.053027801783742778e-02	-8.335154950797291074e-02	-2.722948816565870511e-01	-4.660732782926365475e-02	9.496489322476103778e-02	1.313654618159724174e-01	-3.596866268667277544e-01	2.072727101477048889e-02	-1.835304982975389382e-02	2.506195316315518173e-01	-2.111039056621033805e-01	-3.009368228480114871e-01	-3.411242533556100298e-01	-3.533538235698929220e-01	2.752482499397450599e-01	1.194406445571838116e-01	-6.634818979310903864e-02	-3.588125653582505820e-02	1.755409967929048298e-01	-8.510918453350790891e-02	1.144452801090436837e-03	-2.433935434222960978e-02	-4.168270810782666314e-02	-9.175472455408055505e-02	3.865665797627617500e-02	9.891518971723615994e-02	2.225569079438923792e-01	1.042731816912697007e-01	2.395347820523198168e-01	2.001544440216625198e-01	-3.351376012718307318e-02	-2.991670453417381026e-01	-7.072269883704698779e-03	-2.569058764372807169e-02	1.052307319247028361e-01	-1.648998332968808767e-01	1.518723084177602822e-01	-1.777960849933279408e-01	-8.909222225461659386e-03	2.393748434761596711e-01	2.628395096614725146e-01	2.297476723145671085e-01	8.030207991671199641e-02	1.989271304058446710e-01	-2.304235828114421514e-01	1.295408631248563813e-01	-1.325790925068088266e-01	-1.137009399839048196e-01	2.214789023051305997e-02	-2.841857416280814674e-01	8.423200217294513070e-02	1.230837655314505757e-01	1.560968655967819307e-01	-2.724856760222642560e-01	9.905506121875548575e-02	-3.379824660084039256e-01	-3.884538562859354283e-01	6.080624388965608640e-01	4.582811470497714923e-02	-2.029609125819722189e-03	-2.644534582670825529e-01	-4.080298405075900026e-01	8.059663728717417208e-02	7.273141290643429790e-02	-1.674878383349016342e-01	-3.103561644692652902e-02	8.037953541216898146e-02	1.556018693444509715e-01	-6.122967684589069454e-02	-9.731036264272999170e-02	-5.921310874429268623e-01	-1.814663910554957515e-01	-1.039678114148652743e-01	-2.512786854089414934e-01	7.850086461132797788e-02	-1.753630111993161600e-01	-1.558420594911246182e-01	-1.597440483402950695e-01	1.805863755324980391e-01	-1.979749201417085602e-01	-8.078314708083349227e-02	-2.218109654358390859e-01	-6.780618015546181765e-02	2.586044030944097405e-01	-2.660452776829209109e-01	1.931422925398587620e-01	-4.286252308843540026e-01	-3.787460654000231464e-01	3.042264274031130614e-04	-7.950710238209068859e-02	-1.528375012102572705e-01	2.097213283405449102e-01	-2.936993435603815761e-02	-2.087897187693858181e-01	-1.317895396874593228e-01	-1.948402097426598090e-01	2.830942203927946238e-02	1.159076759538982607e-02	2.518988085928550724e-01	2.657915225885347787e-01	5.432760310964237505e-01	1.246741586757608294e-01	2.435534314454764482e-01	2.088214501032330528e-01	2.855009265237347105e-01	-9.555617589014762936e-02	5.325328723545311171e-03	-3.407226960705107138e-02	9.002850021357557131e-02	-1.248944355872340511e-01	-5.708310888375288383e-02	-2.132780681603448913e-01	2.416986448552935485e-01	3.385725908999023814e-01	1.073880856960288815e-01	-2.438552597092130680e-02	-8.621233934076712180e-02	1.710932806910632487e-01	3.466416917488979177e-02
1.094562705243456030e-01	-8.606213510106784648e-02	1.439725453431384972e-01	-1.016143585003184413e-01	-2.268802494080056908e-01	-1.527860032702900162e-01	6.931335148475423202e-02	-1.067497189850614564e-01	1.158686241081998830e-01	1.174923332266114735e-02	-1.289457598795709994e-02	-2.290803651642663724e-02	9.852358050539301859e-02	1.096519356098916292e-01	3.286818870353674232e-02	3.253042163070360426e-03	2.451250140699657298e-01	-6.123110927256626701e-02	4.319944591428937115e-03	-1.220156664702173460e-01	1.905071738092307676e-01	2.050634945797361330e-01	2.560635713068283303e-01	9.813650248105745821e-02	-9.223645920487100192e-02	9.882715585818098447e-02	2.457423064782717284e-02	1.511610106730628400e-01	2.042143041457905317e-01	-2.109469767265092707e-03	-1.322520517678422713e-01	-2.785515732925402110e-01	-2.518561890229453759e-01	-2.441710616533701028e-01	-5.703582136438622302e-02	7.125787699884571225e-02	-4.487750642764928161e-02	-1.466216727681124155e-01	4.250747570031121296e-03	3.200029306288858927e-02	1.540150607172995068e-01	-9.213445019401080016e-02	1.632350857445248049e-01	7.454204532384524351e-02	2.475786188987953995e-01	-3.590487491064423692e-02	-9.740392657218075595e-03	1.704123863892132440e-01	1.986217207511872529e-01	3.050406681373916684e-01	2.415859414743939670e-01	2.388456715447654644e-01	-2.025518650139842072e-02	1.671308446928269631e-01	-1.413326101707977345e-01	1.980962584010470540e-01	-1.193900263626826441e-03	-3.008981092903704746e-01	-1.589640509693970305e-01	-2.755482515129661913e-01	-2.201872676182755062e-01	2.524616694144165008e-01	3.255726381120344071e-01	1.189428263105616890e-01	-3.681316231225811864e-02	1.845188188886692782e-01	1.731266193644583617e-01	-1.569633599490524167e-01	-7.518646283493363169e-02	1.778597285259467253e-01	1.682356847289345758e-01	-1.948777603668464253e-01	-3.041421406696422358e-01	-3.277500732845307907e-02	-2.034395954477622448e-01	2.300994875553056818e-01	6.613046658454208721e-03	2.499752215891303253e-01	-2.459500487703534244e-01	1.000000000000000000e+00	1.909031916556502839e-01	3.435821458442532284e-01	5.704648479529892541e-02	2.096880956665224671e-01	1.982038211660904978e-02	2.690357762996482827e-02	-8.613086556300608709e-02	2.058829982644000134e-01	4.607294416384871000e-02	2.408321356745359021e-01	-8.944622624199823069e-02	2.888953803938511533e-01	3.240197687617109579e-01	2.385442931265093214e-01	2.295799175612783238e-01	-1.429215028835063017e-01	1.662401226319870362e-01	2.110550950688114269e-01	6.232487859515099815e-02	-4.396684042555775579e-02	5.757687653316632959e-02	-1.325285800874643205e-01	1.099379949730537320e-01	-5.901939913181576680e-02	-1.020579085174503492e-01	1.017814315612397026e-03	3.200798169868988158e-02	3.453370872722811430e-02	5.295459248782864725e-02	-2.704195819450576008e-02	-3.641842005413861022e-02	3.203845959818465462e-03	2.348961716243919140e-01	1.380799962816912918e-01	1.783226894397713369e-01	1.888948797040340410e-01	1.601491610592140902e-01	2.053807570970073992e-01	2.667323516500520464e-01	-2.543712747483073064e-02	9.962161447667804148e-02	5.292247253562364084e-02	5.609479611245649089e-02	1.082013708004041369e-01	7.342427945713381199e-02	5.686429491852394713e-02	5.491336883897068692e-03	1.433626047207456067e-01	1.729821416124314309e-02	-1.081600342022969070e-02	6.093461473277855811e-02	-2.135317712579092309e-01	-2.562007612726774908e-01	-1.639488809555693094e-01	-2.352610575438672802e-01	-2.794191891735152145e-01	6.732601941615971863e-02	9.814460692772752903e-02	-1.964961823764889703e-01	9.050125190579071111e-02	8.073504070786541309e-02	1.572992429072649773e-02	5.743652995228523683e-02	2.542670031484242990e-02	8.179251687583109776e-02	1.735436262833532917e-01	1.768768837192072341e-01	4.883528867253288108e-02	8.807583278934810744e-02	1.152229378831025747e-01	-1.800452437631149816e-01	1.662550312420361942e-01	1.100830151740880836e-01	9.922032056962365454e-02	8.080838619795734090e-02	1.787521632188432130e-01	9.612250799675359225e-02	2.262239036494010924e-01	4.662834254029951109e-01	-8.082313868041070271e-02	2.538912459497069674e-01	-9.787239897181661957e-03	-1.056208887489104437e-01	3.795527091521409824e-02	-2.265609592002106043e-01	-1.732395460041328827e-01	-1.205991567268777792e-01	-9.597628247457865372e-03	9.487184965052387897e-02	8.742025855858337469e-02	-1.099178196315589093e-02	-1.678587701472331883e-01	-2.411215573704817983e-01	-2.010925210005649333e-01	9.141608588202575908e-03	-5.469098306138304999e-02	7.576471957506604460e-02	1.603173864556110551e-01	-3.032386146720998307e-02	-8.085990877925999798e-02	-1.542252088281190203e-01	-1.289768099029832693e-01	-1.162897791443006507e-01	-1.823910741575279770e-01	-1.081670111863441419e-01	-1.004874946109698408e-01	3.402977385535614352e-01	2.988491764748301138e-01	6.561436403046176646e-02	4.750860796233129929e-02	2.546972223809754882e-02	-1.544085831727079750e-01	5.962903075751346815e-02	-2.612225945699188090e-01	8.983032631141568691e-02	-4.129681372262631461e-02	-6.664454085408490214e-02	-4.277996598479636564e-02	-8.075769485031629447e-02	7.484080828918581937e-04
2.283592468442595044e-02	-1.055676481441351344e-01	-4.366534500596316176e-02	-2.564057075594426693e-02	-3.355335698195661964e-02	5.754691689586454578e-02	9.851851801730983349e-02	-1.842703529548513353e-01	-1.546090357839156049e-01	-2.914850097820861352e-01	-3.151355206122750108e-01	-1.753627970854853835e-01	-2.550540757476473797e-01	1.284232220953836212e-01	-1.050602309382124566e-01	-3.281620209929793364e-02	-1.262145079161837991e-01	-2.846622615610328588e-01	-3.212584659565068668e-01	-5.393953862845671798e-01	-1.339376213715838815e-01	1.006259057417753650e-01	-1.776575511356830728e-01	-6.450683749904184694e-02	-3.431354389852842024e-01	-1.790820242690292427e-02	-5.068372755564214127e-02	3.084330684159061406e-02	7.766519774905139561e-02	9.830634867391954690e-03	-1.770148823774220781e-01	-4.739643416932260572e-02	2.048873290637213684e-01	1.599894069202016100e-01	1.573934132322670626e-02	7.378743206657573106e-02	-6.398976595388913835e-02	-1.462131585451793836e-01	2.487278364594777136e-01	-1.214429528316087886e-01	-2.234198126850528709e-01	-1.217523061781873722e-01	1.138777488312431307e-01	-3.016688735091238582e-01	6.692155792252510449e-02	-1.228936691788776320e-01	-1.042330600326415307e-01	3.655246197564661625e-01	9.149180285708527829e-03	1.054225652010663539e-01	4.095566971134391721e-01	4.462796522155465517e-01	3.456579617561365142e-02	2.036153694549906745e-01	1.479124625621162648e-01	9.762466570203870431e-02	6.840980235088553463e-02	-1.759325472359172735e-02	-1.645853542377912482e-01	1.447767125284937784e-01	1.019719172046046479e-01	1.742459344222199447e-01	3.559778826464311541e-01	1.763597353395686684e-01	3.451342219039332249e-01	9.912520049804290911e-02	7.885814005482875977e-02	1.979280155444165523e-01	1.557131117358173666e-01	2.321619950621817141e-01	4.955264574857407567e-01	-8.028821380879593017e-02	-1.820359653011686951e-01	1.471098082982952304e-01	1.672839301831389736e-01	2.595134232284104780e-01	7.756701846078467577e-02	1.540563534180102168e-01	-6.358799007648757717e-02	1.909031916556502839e-01	1.000000000000000000e+00	2.646252595635663063e-01	2.670630831253456017e-01	2.467142432687945142e-01	2.595207656135385399e-01	3.771359723054088509e-01	1.751729402686062476e-01	3.298491200040965521e-01	-1.973517189196352106e-01	5.774773721844303487e-02	3.961967550423007439e-02	3.573228415416484505e-01	3.274724758333807939e-01	2.081474837799920652e-01	1.543936027914624420e-01	-2.265883274603923414e-01	5.344237059397376893e-02	2.275769744939369343e-01	3.767503507560995279e-01	2.106592527921090918e-01	3.330692889208511191e-03	-2.036289914416254399e-01	-6.667527942418219333e-02	-9.560039404244517758e-02	7.915500185798218400e-04	-8.540313212189964975e-02	-2.549245336221426239e-01	-3.847671185783003156e-01	-2.778063043114520902e-01	-4.022780255101563451e-01	-3.558022868734873057e-01	-1.591476838489335188e-01	-1.101601537877960751e-01	-8.330765313585787590e-02	-3.956901789107877265e-01	-2.349610532200097635e-01	-4.922576548234812721e-01	-1.968862086791869914e-01	-2.380513430695257171e-01	-2.423473606041013362e-01	-3.249534953208605415e-01	-3.904782787243578634e-01	-5.267522830287558744e-01	-1.521255441202245540e-01	1.222035358915292275e-01	-4.281643750943507909e-01	-3.589024077477581121e-01	-7.096277538455383893e-02	-1.195891863450212894e-01	-1.394521056187613683e-01	-1.274774706864013896e-01	-2.739416219122420837e-01	-1.428804280511465352e-01	-1.886053931966139019e-01	-2.880152693304398673e-02	-1.162226151065510506e-02	-2.672683689921699357e-01	-3.080695316143493012e-01	-2.983400839399970583e-01	-2.951787247554641946e-01	-2.442270580864807639e-01	-2.549525377706126084e-01	-2.995825921054612664e-02	2.649952237062466187e-01	1.008642476569494850e-02	-1.534585708613232444e-02	-7.743079509733998000e-02	-1.772153726612848146e-01	-3.014206877346381486e-01	-1.039415815117851055e-01	-9.149504760614037002e-02	7.968757820052267682e-02	2.698384444626352185e-01	2.220051747185138868e-01	-1.185571843097189305e-02	3.022215025667482347e-01	3.965622745011806449e-01	4.992195095531081761e-01	3.688605855602857808e-01	5.073724505766822324e-01	6.822949555779786457e-02	2.967834280866074592e-01	1.823478325241431330e-01	1.055926301885017626e-01	-8.345579120848753418e-02	-1.837464908587871718e-02	7.450428620311835360e-04	-4.410112828622013426e-02	7.997587693083499372e-02	2.431342971489096338e-01	2.965795337730390280e-01	-1.813404806964869290e-02	1.034956637624573350e-01	6.861285918000822881e-02	1.122493445799049305e-01	2.484292558394415318e-01	2.405638007187826111e-01	2.220591717865019743e-01	1.738429371957951330e-01	1.581540660270570886e-01	-2.149742430553383543e-01	-6.266870091354566352e-02	-1.005346610269761479e-02	6.314556370144045437e-03	1.222913505751391794e-01	1.541041436504977935e-01	3.440344458957633189e-01	2.217354318009131242e-01	4.670227934122391789e-01	1.973101659205531710e-01	2.122562968592179300e-01	-7.176405121350389223e-03	2.575886751596241364e-01	-2.289895597282322615e-01	-7.477271102681493087e-02	1.431244363844207668e-01	1.488753958786343326e-02	1.865538802419051401e-01	2.982695401283313660e-02	-2.966971933349791743e-02
-7.041130532965733657e-02	2.366075852252113310e-01	2.295971545580015039e-01	-6.009175946188499012e-02	-3.151285529171314326e-01	-2.283267933022410656e-01	2.115234992732254460e-01	-1.294584504582962647e-01	-9.867018677502421842e-02	-1.799172512056756296e-03	1.124400087360913347e-01	-1.348156182030565975e-01	2.881846171737815210e-01	1.770054286584482051e-01	3.131759396471464063e-01	2.410260850236630448e-01	1.630783395679752112e-01	3.063128547121489811e-02	1.127272474843640931e-01	1.169835678796723316e-01	-2.676863314572215310e-02	2.962484617130220488e-01	6.601929895853396457e-02	6.899170765742497491e-02	-8.238583981976528581e-02	-7.340037350556652407e-02	2.179729018296999443e-01	2.757067183095904817e-01	-2.617474542748580713e-01	-3.215800429374368608e-01	-1.817685070759054722e-01	-1.730554044751037857e-01	-2.662755852626218916e-02	-1.723862607480722564e-01	-1.087173026671483800e-01	-1.387717786405190667e-01	-5.806864136990871894e-02	-1.672430575521861307e-01	4.454283519478518527e-01	-1.358156326251757084e-01	-4.775925060741854911e-02	-1.333066726904996446e-01	4.353366442122949542e-02	2.344437659939751228e-01	4.498736408650269025e-01	1.718906003461692367e-01	7.044799272648353573e-03	5.004001707416728673e-01	2.255141746574954309e-01	6.180981066204346286e-01	1.314767289588832655e-01	-4.349809740964403343e-02	-1.174610337097692636e-01	1.996250679545907847e-02	-1.715842963171286262e-01	-1.142530179552081054e-01	-2.107697589298833940e-01	-4.240392606249045702e-03	-1.691856035803497582e-01	-1.026525967195669742e-01	3.248921242315423730e-02	1.163613579175663548e-01	3.647265266182187493e-01	-2.172173643489747931e-03	2.965458761544459421e-01	3.175541383650294924e-01	-1.187020118563386455e-02	2.672452414246054841e-01	1.967428727965574164e-01	1.970628271926464503e-01	3.791824195346901183e-01	9.927106224411075264e-02	-1.514085084241717782e-01	1.499092560715561684e-01	8.725356864215115527e-02	3.054353565058025577e-01	-1.363448469765304316e-01	1.915261772221228329e-02	-7.053027801783742778e-02	3.435821458442531728e-01	2.646252595635663063e-01	1.000000000000000000e+00	-6.133993101295700384e-02	1.748055338663460634e-01	-1.597986028847487028e-01	1.726587425369294770e-01	2.042181853373697398e-01	1.909040597611382784e-01	1.138263643711992859e-02	3.173845887755852302e-01	2.002507407174534682e-01	1.845079825297188947e-01	-2.841928320197766381e-02	1.424167940701227542e-01	1.367463920252521004e-01	-3.803454997280956290e-02	2.136666477648072882e-01	3.556843460085889336e-02	4.456466664342902811e-02	8.672292852541162167e-02	-7.794166965653435974e-02	-2.472701150842036011e-01	1.248356484089385710e-01	1.038657384147694956e-01	-3.426541767508096692e-01	-2.085224835672929433e-01	-2.867599647818903225e-02	-3.945350804139458045e-02	3.552979511182192268e-02	-4.089347020527991927e-02	-7.831465989222943791e-02	1.100691074541165944e-02	6.114142048062119750e-02	4.304829054125139942e-01	2.747704394773436976e-02	3.147134040148760747e-01	-6.225811686081880736e-02	2.134635055873066456e-01	1.065445486226657135e-02	4.116876523247875452e-02	-1.366381850819537065e-02	1.346463822117983655e-01	1.441609790946174752e-01	1.196597199543959766e-01	6.602467432124742297e-02	2.885902004078657115e-02	9.654229940949148048e-02	5.627661852389973657e-02	2.102052696543603091e-02	2.073561523585358279e-01	-4.254382091651854880e-01	-2.429387076871518669e-01	-3.552954259703504092e-01	-1.230247489941750372e-01	-2.728226166444833178e-01	-2.171724432682662076e-01	-1.856419619959809864e-01	-9.647700448489662794e-02	-2.398818628677530096e-01	2.006272581685547909e-02	1.923190048990884027e-01	-1.428673572965620531e-01	1.696359452347230845e-01	1.031313517759108317e-01	6.815205890020537005e-02	8.198585980081624092e-02	2.792276855656192214e-01	1.481696386036507607e-01	1.079872117656017344e-01	2.494851322831559415e-01	5.879370220582939149e-03	-6.209596900763841160e-02	2.161123943079385490e-01	3.660011715922506514e-01	1.469006445111566139e-01	5.119968890270418793e-01	-9.350559552076286030e-02	-1.121152467569753036e-01	1.092460795533583273e-01	-5.634532101756041522e-02	-3.324670267022444281e-01	-1.160763629210058295e-01	-4.497194147145945620e-02	-2.110723034899730788e-01	-1.548117489168041039e-01	-1.900450700085586919e-01	1.767209393440249965e-01	-9.059169737274500034e-02	8.607549188987344280e-02	4.576479387325019244e-01	3.687102536089683497e-02	-1.634978082871958449e-01	-5.045847315485610385e-02	2.241033243104623152e-02	1.315538012453805194e-01	2.802125672987442195e-01	-7.085542820764790563e-03	2.858727469176648439e-01	2.197744346506875501e-01	1.583607154757526725e-01	1.816602949473000439e-01	1.088490049531229270e-01	4.686201945847609518e-02	-8.713892199246466019e-02	2.307299977614192532e-01	-1.697688263326388447e-02	6.869515839619869668e-01	4.987337757239149183e-01	2.976607940847954548e-01	3.343572297442121838e-02	-3.847430380844481940e-02	2.022542356793018137e-01	7.014831369990245924e-02	-2.817969783391077176e-01	2.218775182218744868e-01	7.979487137136213881e-02	-1.759798164177589219e-01	-1.540803120561306527e-01	-6.343268331235833724e-02	-1.780200821915495502e-01
1.516330815554575544e-02	-8.606865415302715830e-03	-2.015184812078891774e-01	8.728135163503621119e-02	-1.471506856166193145e-01	-1.013621494481226071e-01	-1.999981676618302062e-01	-1.571635895639595937e-01	-1.068296229146846882e-01	-2.041866853727485609e-01	-2.529480171899718965e-01	-1.863902499044050309e-01	-2.307093163836212157e-01	2.586386012007313440e-01	-5.375799909905863705e-02	-1.595182630653626532e-01	-3.765827529475380270e-02	-3.032935188980678820e-01	-2.534750086396463375e-01	-2.808391786310359683e-01	-4.073588124343563432e-02	-3.505809602130788988e-02	-6.220564849068722230e-02	1.384408901339113096e-01	-5.372371247120029392e-02	2.501898203944140087e-01	1.849542755081240095e-02	-1.338658990914838934e-02	2.014869093718074933e-01	5.024337160609933239e-02	-5.517637488144871462e-03	-1.161058905030736693e-01	-1.668340522517265667e-01	6.135017459154656211e-02	3.078767652900555873e-01	3.728076839663455044e-01	4.965484227822112434e-02	-1.004281428982150282e-01	-3.464455862590762880e-01	1.609318957172909403e-01	-6.083551472148718275e-02	1.878340810947679018e-01	1.859952083662660960e-01	-3.718206615899877776e-01	-3.541068105538742739e-01	-2.745284709411487944e-01	-5.730293724685909390e-02	-2.257863000936651265e-01	8.001071826139614929e-02	-3.057678759799660750e-01	1.961169708177202264e-01	1.438509740135644477e-01	3.676487659958109777e-01	2.579851816292011435e-01	3.581847677871136670e-01	2.967077565941502182e-01	4.216464906785081374e-02	4.399401970816604890e-02	4.919411264689911578e-02	1.401403949949513172e-01	-4.048179248633571592e-01	7.817136579707345545e-02	6.535600703098352893e-02	1.470694777163557114e-02	-7.837475525095134732e-02	-1.530821870376210259e-01	1.635095415408862884e-01	-6.305598238559688429e-02	-4.483245596316084991e-02	1.470630106853787478e-01	-2.391620778436718067e-02	-1.170154179418651935e-01	-3.395921957769947319e-01	1.924569316530519159e-01	1.340509404046758557e-01	-8.619222334738400881e-02	2.376318597875402838e-01	1.198511987714251242e-01	-8.335154950797291074e-02	5.704648479529893235e-02	2.670630831253456017e-01	-6.133993101295699690e-02	1.000000000000000000e+00	2.208775261991924310e-01	7.613466052150470453e-01	2.311083568849323089e-01	6.615009978366340193e-02	3.028768884819389440e-01	-5.140216414231434799e-02	-2.751285516907531203e-01	-2.708616106817015590e-01	3.696326839508505824e-01	3.047032545348536958e-01	3.023970702366521324e-01	3.029078353465138318e-01	-3.609851043149862188e-02	1.207489838258973130e-01	9.493556505134780055e-02	5.462863752583527743e-01	2.404857244598067045e-01	-5.679707485733265920e-02	3.015707159025853706e-02	-1.228985805813917476e-01	7.419970380595417025e-02	1.360668428115009362e-02	-1.176552559951217630e-01	-1.793092357714957952e-01	-1.442329748240268050e-01	-1.714673950917684764e-01	-1.754065353648810721e-01	-1.835187521483994666e-01	-2.743932440027878061e-01	2.089118492963120133e-01	-3.426057209590746000e-01	-2.049200670190971241e-01	-2.106754242314286263e-01	-7.901218657032004974e-04	-2.038819567530494037e-01	4.067108598622738713e-02	-3.763902108036757399e-01	-2.497911506320144304e-01	-3.551306744859227260e-01	-3.598623112725377049e-01	8.323189411213664790e-02	2.743666252036920383e-01	7.020530027361374104e-02	-1.823045894228972688e-02	2.551238850681893378e-01	2.431176773198338026e-01	2.552355162046421322e-02	1.486834890842450019e-01	-1.311118403473985339e-01	-1.596999761261767015e-01	-1.907006262893545800e-01	-1.589550992029098442e-02	-1.901054247347390980e-01	2.777067252367305117e-01	2.120978800608953330e-01	-4.078011974728901756e-01	-2.617893313044150072e-01	-2.539842802778777275e-01	2.073277206961111063e-01	-1.000135363093032637e-01	3.936162004142891857e-01	1.943154702069261330e-01	2.508512803990334272e-01	-2.332221786517652551e-01	-2.556004129998439289e-01	-3.623184526739850475e-01	-3.401797752235682371e-01	-2.447147634309428110e-02	2.796752974039403705e-01	-9.193656976978221984e-02	1.485208213790639546e-02	1.390776228096568812e-01	-2.727422188016731530e-01	1.545980525522795135e-01	3.541785396011490894e-01	1.750101970465518242e-01	5.823589437914012540e-02	5.762302075348753050e-01	3.429876512580115056e-01	1.106034263512423316e-01	1.445968729534449493e-01	-1.436754146976368385e-01	1.903392080437351502e-02	-5.091304065272247437e-01	1.911367532230110466e-01	7.609246857362582384e-02	-1.015906288194141499e-01	2.716712638787867617e-01	8.096488448347409494e-02	-9.387831114337934213e-03	-5.923069072570532473e-02	-2.465777049117327535e-01	-2.773582320117591316e-01	-3.196555729539726776e-02	-1.749358095335799834e-01	-1.879588224386058715e-01	-2.088995334111775348e-01	-2.901220860843186644e-01	-2.112593655378768587e-01	-5.897576782871487289e-02	2.398461961533133666e-02	-3.770276089745862036e-01	1.427141820744979861e-01	-3.795980982914456958e-02	-1.772772949209405063e-02	2.877597882888605074e-01	1.296675185298562794e-01	7.466176140166309594e-01	-1.623216950293998873e-01	3.435743842437246620e-01	-1.968101361380270031e-01	-7.914976018793540291e-02	6.226368043290730209e-02	5.168529574788440772e-01	5.831108787647499847e-01	3.286278786593353485e-01	2.455569450093281758e-01
-9.452469022990935346e-03	-4.507544909641544861e-01	-1.885968172191284375e-01	-3.839457049879085870e-01	-3.336164901691769935e-01	-2.265139018625823009e-01	-1.365236756892331260e-01	-1.898978430467531120e-01	-1.088945041776161610e-01	-2.722964175314810942e-01	-2.093245119861136261e-01	-2.807598297195182391e-01	2.523605172116829762e-02	2.280844285040140029e-01	-1.190440835821926328e-02	-4.640476543335091131e-02	2.627306921477462129e-02	-1.651912478590003841e-01	-1.239598881206868536e-01	-3.612187863822610701e-01	3.063635438087501384e-01	2.056629288721829873e-01	1.203754031419858872e-01	2.214772775435391583e-01	-1.730499501547070607e-01	2.631681904975424757e-01	-9.688105105293498553e-02	3.346347271649791066e-01	9.806882027435404048e-02	-2.060391219757163883e-01	-2.408978989265274373e-01	2.743020309892710631e-02	5.603202164505553806e-02	2.669159363331486956e-01	1.983064939287605133e-01	2.653798598874214099e-01	1.454655768657364123e-01	-3.023768296018564672e-01	1.315460469831777023e-02	2.111766735139628814e-01	6.356550604698149587e-02	1.635244658339708168e-01	3.840235573682659331e-01	-1.005838251971489378e-01	1.638970610726573907e-01	-1.126318724976341640e-01	1.302672345822649957e-01	1.025605236077646587e-01	3.010516801631982764e-01	1.580773575590166402e-01	3.133826457318397152e-01	4.639873710080054670e-01	2.083753996307985135e-01	4.723702531081649392e-01	-2.473390873059801709e-01	4.822872491394711303e-01	3.592455005932521095e-01	2.005817703091358484e-01	1.039796266588511320e-01	2.724774636384263427e-01	-2.079353578135835767e-01	3.719140691500210649e-01	3.190885023927094166e-01	2.460896190254346361e-01	2.686424634389442123e-01	1.985689676209741739e-01	6.371776866495657554e-01	2.874695810385975991e-01	4.163666894924659967e-02	5.246301449674132256e-01	3.079950613729552367e-01	-2.288877745480248638e-01	-3.282663053891780036e-01	-1.796240377605724803e-02	2.398494814245838713e-01	1.475638818916475692e-01	9.440120223604715755e-02	1.134078023653667389e-01	-2.722948816565870511e-01	2.096880956665224671e-01	2.467142432687944864e-01	1.748055338663460634e-01	2.208775261991924310e-01	1.000000000000000000e+00	2.189682809804031904e-01	4.178669906681174440e-01	1.915602130259245195e-01	3.542717835417225625e-01	-1.017649344965356438e-02	1.135380532066511267e-01	-1.311337430204186361e-01	4.197004476048664667e-01	3.545732654493073954e-01	5.604227966020829399e-01	4.497632268233222597e-01	3.286575912931390120e-02	1.886339511629275898e-04	1.576139034642245473e-01	3.295476862706333554e-01	1.772251601658111908e-01	-1.786317690180473927e-01	-3.496703788649873079e-01	-3.095674509858112877e-01	-4.792720575004491557e-01	-2.548898902825502688e-01	-3.986818032569058867e-01	-1.259134794057608364e-01	-2.234617237768760645e-01	-2.458761756318592617e-01	-2.259944747919462316e-01	-2.108028096020119757e-01	-1.868766185554334713e-01	1.903463740257421155e-01	-9.022000509241542843e-02	-1.275938170401962890e-01	-1.542621097932357632e-01	-1.359864799175419248e-01	-7.033738306105896676e-02	8.585039187923804160e-02	-1.375130900524811073e-01	-1.841614324729949348e-01	-1.270119857449188983e-01	-2.877515348023577113e-01	-4.131923470881457977e-02	1.240276293621199316e-01	-3.621618013749729886e-02	1.074656882185915374e-01	2.373277421689486688e-01	1.037131761714178702e-01	-1.521587227901262107e-01	5.872487351089585028e-02	-9.259019349015380762e-02	-7.875494117107666170e-02	-1.719372551364811152e-01	3.474399614021325133e-01	2.123062986342219016e-01	1.509715719355484709e-01	9.782294689441531355e-02	-3.872607414305027640e-01	-1.392951720727457210e-01	-1.897774831771459336e-01	1.684238850868541582e-01	3.089759562669158188e-01	2.684708235397015863e-01	3.079157010154522367e-01	3.753632376822960692e-01	5.896449968754423690e-03	3.865960361939426663e-03	-9.727506801493070177e-02	5.310336366095690791e-02	2.464881592596215309e-01	4.241310713288345968e-01	3.901404355230420062e-01	3.445512383850639626e-01	3.307975091671886414e-01	1.360179230992637489e-01	4.230797261786378161e-01	2.704853083861306073e-01	1.407351944263980081e-01	8.688421060471945845e-02	1.714514078002374042e-01	3.116720783520918192e-01	3.156918910358039732e-01	2.552450309843497592e-02	2.666298246411070161e-01	4.068902741499760278e-01	-2.773711313917655991e-02	4.407872338869998630e-01	3.629687023166880411e-01	-4.323801800607052909e-02	7.044617620305840822e-01	5.936887500652842098e-01	3.060194478078879787e-01	3.686113633161589020e-01	4.120040616083096574e-01	4.075463820200070364e-01	5.704960189311873986e-01	3.531548614899829297e-01	1.795204514432214571e-01	1.408982205587736569e-01	-2.033309003880179322e-01	3.991624781355643248e-02	-2.069849411968660013e-01	1.598025459261661341e-01	1.943762234123418697e-01	1.070285608721544268e-01	1.586726667531401791e-01	2.478324702355099995e-01	1.827390594035073479e-01	5.324376708309445094e-01	8.245165174336645253e-02	2.960597248122749381e-01	4.072184327801653958e-01	-8.645728036906261127e-02	-1.569928001788280514e-01	-1.718895250620877668e-01	-1.400281786395012398e-02	1.105217071632406400e-01	-1.330375346367064851e-02	4.039941915586375137e-02
-7.230490191256062904e-02	-1.896641244824791850e-01	-2.617180405305281066e-01	-1.370401639684203088e-01	-1.897628430293022139e-01	-1.687752133081253658e-01	-1.489489932117314952e-01	3.682739498808364209e-02	-8.439079638131077865e-03	-1.456835506558004090e-01	-1.711017700753081905e-01	-1.174189075421389200e-01	-2.586540474622776586e-01	2.293124623433616116e-01	-1.747528227892068686e-01	-2.788398627929218887e-01	-7.265184790249326618e-02	-3.293102319549373047e-01	-3.099718942916162567e-01	-3.619053438967348435e-01	-1.296728999866333387e-01	-1.567587151911075116e-01	-2.524229114599540469e-01	9.681965677872023113e-02	-1.028291872139833613e-01	2.488968260636411634e-01	-5.767084572345859694e-02	1.148045169511765218e-01	2.483252244087298666e-01	4.602043302342154196e-02	1.314729875486339572e-01	-2.226378480589945308e-01	-2.753235479453057244e-01	3.878270059481659510e-02	3.167907250049845080e-01	3.833988916442118700e-01	8.901529774079441903e-02	-1.849614721451488530e-01	-3.397939012267884307e-01	1.595752134181268045e-01	-1.296339285480316295e-01	1.683653087083573363e-01	2.612749074168204122e-01	-4.736660744099036036e-01	-4.173036666468004086e-01	-2.319735761927498030e-01	8.218195422114163429e-02	-1.383937812449707594e-01	1.653949151488377789e-02	-4.627930095351133200e-01	2.250106283726814038e-01	1.140195377935544208e-01	3.410044491685133017e-01	2.497747306924884281e-01	2.443009739090011845e-01	3.378411150796402085e-01	1.325837071897706387e-01	8.955468532407756532e-02	5.472257096479268834e-02	2.710947750677085710e-01	-2.660760094390690056e-01	1.020885249109730331e-01	1.386997542868287081e-01	1.122347691619145493e-01	1.101855856946050254e-02	-2.997972089932186002e-01	1.251022275205020962e-01	-2.047122315061071507e-02	-1.121674239579707570e-02	1.777262138142458314e-01	-2.977740174883019078e-02	-1.815293039121191887e-01	-3.025229343017495909e-01	-5.344743463327684962e-02	2.763437397169237197e-01	9.774350869193250413e-02	2.926417454879731705e-01	-2.635995798641119735e-03	-4.660732782926365475e-02	1.982038211660904978e-02	2.595207656135385399e-01	-1.597986028847486750e-01	7.613466052150470453e-01	2.189682809804031904e-01	1.000000000000000000e+00	2.802903185953289356e-01	2.606404949915051006e-01	3.387300554015410525e-01	-3.726875512701045140e-02	-3.627220406844465228e-01	-2.847093052008485836e-01	3.533363331930427509e-01	2.577765664078048857e-01	3.419776572344931376e-01	3.575735510685789653e-01	1.410150077819248282e-01	1.740504881075833343e-01	1.406605398435590570e-01	6.738798566913453136e-01	4.533316709076326001e-01	-1.721464856016549361e-01	1.644994041605995216e-01	-2.599659126608878101e-01	-5.783796800251462394e-02	-8.872965604988192201e-02	-2.689011786727409370e-01	-1.530590743775527701e-02	-2.400264624957648002e-02	-1.231967997561730921e-01	-3.198627958547706901e-02	-3.126084872674353421e-02	-1.559762604480888770e-01	1.456393942348527537e-01	-4.414459283120042432e-01	-2.626704591939366118e-01	-3.066046161480789345e-01	-1.239457917459641650e-01	-3.443588980474159844e-01	-4.686671283494267537e-02	-3.474782407612977408e-01	-2.952333114228624100e-01	-4.078640970725274650e-01	-4.693521340201680103e-01	-8.836512229132632845e-02	2.786454215645148280e-01	1.673763634552501156e-02	-7.988935535760406659e-02	2.325101980188546691e-01	2.249798901373244453e-01	-6.723126033690443593e-02	2.259747844956665752e-01	1.011542923421829832e-01	-1.851859828301444799e-01	-1.485431275363599257e-01	-2.274419201322678413e-02	-2.053848953864032267e-01	2.338780667749449649e-01	1.560598326776484190e-01	-3.715911111518866994e-01	-3.410361810737351784e-01	-2.670938037769232110e-01	2.307082649985631173e-01	-6.826215813130613597e-02	2.470376248133488994e-01	1.189105124950387282e-01	1.938047062181302571e-01	-2.831285275117279010e-01	-2.822088819515317093e-01	-4.241815189915633666e-01	-2.632849943881497845e-01	8.532235047287202445e-02	3.085480994481917261e-01	9.239508430278814757e-03	5.688966968738850410e-02	1.559939092310879960e-01	-3.674078943991524460e-01	1.574120171271846391e-01	4.217064265842790372e-01	2.976235959977624468e-01	2.031763251340732435e-01	5.717273186555211772e-01	4.156876030572703717e-01	1.227151179471445697e-01	1.602963285936520876e-01	-4.102370082904201187e-02	8.321127398204901382e-02	-3.562025242374022849e-01	2.217605511577125099e-01	2.003133899306522303e-01	-1.353058241057891742e-01	3.799228027713847378e-01	8.367097657985339554e-02	1.027034839015966428e-01	-5.151917961239283611e-02	-1.358955501900684648e-01	-1.783912147478335652e-01	-1.630185566681932249e-02	-1.564264110624877246e-01	-1.315511724954021577e-01	-6.348805845339906828e-02	-2.407138353784636919e-01	-1.083036361851768409e-01	-2.070848312588472739e-01	2.574894034637615903e-01	-1.970014058519923283e-01	2.349537667174417810e-01	-7.945601843850513823e-02	-9.857818064410633907e-02	4.015097272680362983e-01	2.625538870021068005e-01	6.741878251003711187e-01	-8.221339626454428340e-02	4.965211242199423780e-01	-1.059056428510154330e-02	1.150274247968835900e-01	5.850791718893637999e-02	6.776487362643753842e-01	7.505796582191851529e-01	5.646651620037357322e-01	4.973761376935658673e-01
-3.413324916047039692e-01	-2.674455546339163381e-01	-2.063355682004025526e-01	-3.218969326407887799e-01	-3.484943563848735826e-01	-2.567299704765736434e-01	-4.668531835117083195e-02	-5.121093467297153229e-02	1.850309166483999831e-02	-9.426447503975171616e-02	2.753144990232753164e-02	-2.646741683286274460e-01	-1.525227713730519241e-01	-8.693928765493722302e-03	-1.813827892368550798e-01	-1.293608625521157629e-01	-1.474986114163975570e-01	-2.828857209837304376e-01	-1.897459236906212654e-01	-3.074096927455062245e-01	-2.092636105448298853e-02	1.799191878323464777e-01	3.282553160527260788e-02	-3.702028088286003077e-02	-6.056815082355457985e-02	8.764316996329707399e-02	-8.250987183896510424e-02	7.028581857605761818e-02	-2.493290593717235049e-01	-4.301752826602347479e-01	-9.323264071338348280e-02	2.052072384455642107e-01	1.462345994081834244e-01	2.696180003537906877e-01	5.316250585524608628e-03	-8.019947186584365506e-02	-1.024851040144324071e-01	-3.045163929732183083e-01	3.011196486643369918e-01	-1.242650240144560492e-01	-2.269056286328159089e-01	-9.981474391431215121e-02	2.394743383886186183e-01	-2.077969658335099626e-02	1.454737731864938488e-01	-1.173362808991250672e-01	2.498548257198389411e-01	2.036663290228384743e-02	2.789956134908339047e-01	1.288979581099515270e-01	2.293731255045199369e-01	2.664950965294954899e-01	5.292468143526398057e-03	1.356838702837799837e-01	-1.914427088874131322e-01	5.537516450635033421e-02	2.128695063416941313e-01	4.849327822060508497e-01	1.331706752976085095e-01	5.046831146448913508e-01	6.033048072081749480e-02	8.546594764331685856e-02	4.853910239728445042e-01	-4.714645431841255757e-02	4.192498630936200565e-01	-4.801782296716466947e-02	4.235896124860158984e-01	7.268356453190847333e-01	1.611830139372809889e-01	4.540534804498688182e-01	2.883801101297605585e-01	2.067788751272260361e-01	-6.724446451840705719e-02	1.802750644744187669e-01	6.862143532055541284e-01	1.094700535067435476e-01	2.786576736119639741e-01	2.098431028990170935e-02	9.496489322476102390e-02	2.690357762996483174e-02	3.771359723054089064e-01	1.726587425369294770e-01	2.311083568849323089e-01	4.178669906681174440e-01	2.802903185953289356e-01	1.000000000000000000e+00	6.442056705908032477e-01	5.064376882543332459e-02	-2.755083870122685963e-01	2.039537557932435408e-01	-2.294859763153793766e-02	4.297697805500196866e-01	1.208312380788904433e-01	4.338775873740890465e-01	4.510204897051599549e-01	2.260781469687994649e-01	2.416947234661842858e-01	-7.231875138411963944e-02	5.521182830290245480e-01	5.949941403342638990e-01	-4.434330586691460629e-01	-2.963164285580358048e-01	-3.008907141818945030e-01	-2.768633414176123742e-01	-3.870159664261966226e-01	-4.367486159166568682e-01	-1.549343440615685852e-01	1.853477519395292650e-02	-1.110948191037081090e-01	-2.609598383378048791e-03	-3.814901204226554127e-02	-1.586001993099110108e-01	-2.432617181646987703e-01	-6.579993369388363600e-02	-2.485889517267625970e-01	-1.407819521543851315e-01	-4.408074852488972906e-01	-1.432109392729606079e-01	-2.376488711748047933e-01	-1.854960379547246074e-01	-2.041715825353280500e-01	-2.460969757973943128e-01	-2.773691146104396155e-01	7.459482630976634054e-02	2.021718752549190590e-01	-8.471237943489630384e-02	2.071215655640979980e-01	-2.311092747946172365e-02	-9.267256704757782793e-02	-1.430508544446116304e-01	-3.618129202889648344e-01	2.839859533661831179e-02	-6.661022202460072095e-02	-1.294840443945207697e-01	1.222186663279553470e-01	1.147753446203145788e-01	-2.892291483719275358e-01	-3.444124803408560309e-01	-2.218501806693152500e-01	-3.588299513340771907e-01	-2.144661452185971928e-01	-1.102921292270356152e-01	-1.544113190527629347e-02	1.388316873442959343e-01	2.168645257179431518e-01	2.836072709555187976e-01	8.944499252477224049e-02	-5.592857929615381585e-02	-5.867592588201971798e-02	5.663807774437731868e-02	4.600965197907546655e-01	3.409063355704706338e-02	3.328984952273078002e-01	4.361683645249887498e-01	2.990318151892188414e-01	3.227862302489183932e-01	2.593528531554413763e-01	2.949349529907113743e-01	1.669097147530640979e-01	3.630569454550496289e-01	2.453386649199073080e-02	2.371295049883841988e-01	1.764984541999410350e-01	-1.673959960097647082e-01	4.205939185380321854e-01	3.017182396393312538e-01	1.207419950360203026e-01	1.718614140809577306e-01	2.092985915793423857e-01	1.373063467529423709e-01	5.322806146553287210e-01	3.875859077002123954e-01	6.397754649596856247e-01	6.052960595301573044e-01	3.077770641731890633e-01	4.930489665600455984e-01	4.229957796463556519e-01	2.565502337757701312e-01	4.316750753753579861e-01	3.024233205641659317e-01	1.770659409012080854e-01	4.235877224614222336e-01	-1.217836410638224315e-01	5.488497501435027903e-01	2.237661847660743775e-01	4.237660341402825215e-01	2.788022314965454274e-01	4.007927259219806748e-02	2.985675846666692168e-01	7.888418667871064383e-01	9.006388822462979560e-02	1.947144635987062278e-01	4.482712093562733480e-01	8.004716513018539370e-02	1.870119743586740879e-01	-6.095104694508939741e-02	2.129801709172070984e-02	2.409871571641516996e-01	2.812904480619222158e-01	1.446886376085204928e-01
-3.754064629267434006e-01	-7.353922938043978841e-02	6.732063999851824188e-02	-3.508254862103617477e-01	-3.149584673813619617e-01	-3.672345046152083459e-01	-3.151881434081450772e-02	3.282866616139094029e-01	3.439040487973883675e-02	2.700376367762177265e-01	3.635024885587039289e-01	2.699103177291918912e-02	-9.852510653291743359e-02	3.814534712211418294e-02	-9.715352292421132463e-02	-1.490236725893494818e-01	-1.159413959871528066e-01	-2.234135638895937137e-01	-1.347699519279560720e-01	-6.584529279765753695e-02	-2.929490747799700090e-01	-3.736965543526077349e-02	-1.369741168682333254e-01	-1.416016689171571419e-01	1.155855587647154625e-01	4.199277064018553524e-02	7.376256213180889913e-03	1.672761090850997390e-01	-3.485003942073111594e-01	-4.305494528075553551e-01	2.650123388929162549e-01	-1.789793432196342890e-02	-8.311017100346877740e-02	-5.754905419522111237e-02	2.669649509765963883e-03	-4.987208031208801434e-02	-2.263014319882665146e-02	-3.920781101393825963e-01	2.935230176730094231e-01	-8.725370137924390312e-02	-3.517587998445513842e-01	-2.308979290815384167e-01	9.396990994075662962e-02	5.789495947892463884e-02	4.316112541658544827e-02	-2.058383840379575044e-02	4.160988362014735875e-01	9.394563682473164312e-02	2.986027481964621810e-02	3.863203667739754932e-02	1.954580421833094495e-01	9.125390886667816837e-02	-8.392403119515604026e-02	2.435888476702156684e-03	-1.239877797241874108e-01	5.716555271822863077e-02	6.997307448996006873e-02	3.887457944409924426e-01	1.785210233092692986e-02	4.194531988152130353e-01	7.374137770441616113e-02	-3.369153382871554331e-02	4.279581034758223601e-01	-1.021583940720998812e-01	3.711656641203453511e-01	-7.639036996605692853e-02	1.446870313569078026e-01	6.172441127215781975e-01	1.373148828203495653e-01	3.587826995253601825e-01	7.720433104841721572e-02	1.832194366075387826e-01	1.736659835169075683e-02	-8.842332180531875530e-02	6.397806841800187660e-01	1.290721815051135424e-01	2.600932931274644866e-01	-1.881182777690648122e-01	1.313654618159724174e-01	-8.613086556300610097e-02	1.751729402686062476e-01	2.042181853373697120e-01	6.615009978366338805e-02	1.915602130259244917e-01	2.606404949915051006e-01	6.442056705908033587e-01	1.000000000000000000e+00	-1.129769431772572642e-02	-1.831563242567250394e-01	6.297435011472395094e-02	2.129743397665995099e-03	2.247018950933839521e-01	4.658461767177118212e-02	3.921840435654034285e-01	3.399380973430906616e-01	4.828361190460752073e-01	3.412450200548986512e-01	-1.876879439525133975e-01	4.426461718484251406e-01	7.846168264461941266e-01	-4.823020779333871966e-01	-1.054607434587136183e-02	-2.031509497767123862e-01	-1.570984817006188250e-01	-5.507320127746309080e-01	-4.850439196496529326e-01	2.502819453325276777e-01	2.848329629349690695e-01	2.546769329976245055e-01	3.508155433941784751e-01	3.435601633758000317e-01	2.121590211878947030e-01	-1.676641856598616032e-01	-2.300344940961623549e-02	-2.150332705138164324e-01	-8.608056967501770754e-03	-3.214517270377740821e-01	-1.442294121936862628e-01	-1.761065414262058537e-01	-2.431809894242116868e-02	-1.603955114870214971e-01	-1.853747880601862297e-01	-1.582415549635192431e-01	-1.026858269859361183e-01	2.554349972058683749e-02	-2.078636731255649808e-02	2.619092569532811554e-01	-9.103380250749920632e-02	-6.859051168344845739e-02	-2.507839068570337851e-02	-3.872491155099191951e-01	3.555612818186690838e-01	-2.980081576284513423e-01	-1.489138892986014429e-01	-1.088861575085265376e-01	-1.756386477422349768e-01	-2.143315315627446760e-01	-2.446483125335414677e-01	-1.898399041199571591e-01	-3.894812512725874809e-01	-1.021470258419681504e-02	-5.898304068479885871e-03	-8.724852152046340750e-03	-1.037052980926694845e-01	2.789394456036630929e-02	1.641386129753847345e-01	1.932365597585742126e-02	-1.659449488813144191e-01	-6.043588279685693787e-02	1.231737502302483744e-01	5.328668454766601892e-01	-1.278088596848006228e-02	1.905998609508859631e-01	3.206925846863649676e-01	2.693011968767812792e-01	1.951676167095359737e-01	9.045024399260055692e-02	2.389667863588860186e-01	2.321360723691236194e-01	2.771671654471033475e-01	-1.473507950056062998e-01	1.116856504910612308e-01	-4.730604155840361508e-02	-2.838468399372533479e-01	2.132330064175103623e-01	9.384510306512021394e-02	1.593230060987562979e-01	1.425830889745994534e-01	2.384153766101490546e-01	2.679937432829743726e-01	4.119002254810715802e-01	1.748297063710378685e-01	4.799472022948795269e-01	3.651658936274783662e-01	1.504278423358288985e-01	4.203793578989910018e-01	2.683646192552477383e-01	7.717050396518865263e-02	4.290391695940887207e-01	2.905526981627079564e-01	3.069228007298745453e-01	4.932469413565962468e-01	-2.286458960876608382e-01	6.853885708892664130e-01	1.891909147881773445e-01	3.482996804035453087e-01	3.765512997390424998e-01	-1.109324920977632772e-01	3.389047138911362445e-01	5.342541654991320721e-01	1.298169398116257589e-01	1.565512894427566193e-01	5.157035571624281056e-01	1.730560506342869731e-01	4.745336847621477450e-01	-1.366890191241114938e-01	2.027288299885745826e-01	2.251648898707556690e-01	5.320772263682288505e-01	4.290359340669532839e-01
9.714167561205783175e-02	-2.191730180446167450e-02	-1.428842244679984219e-01	-9.536682471778815118e-02	-8.644863764518936899e-02	-5.556523886293811970e-02	6.663188322920039763e-02	-2.485361679603688423e-01	-2.330529504233737614e-01	-3.436461049035096638e-01	-3.973172189840880608e-01	-3.133741834785826463e-01	-1.618321575713690674e-01	2.774298786105552361e-01	-2.642469149126866132e-02	-2.167493152907667420e-01	-1.041700703088924568e-01	-3.449471706068482080e-01	-3.528055513636192408e-01	-3.291343560443555361e-01	-1.214024405978100241e-01	4.328904318513465688e-02	-1.024158536199589048e-01	1.328133049909037966e-01	-2.760448848597640836e-01	3.316281048663821673e-01	1.697959514251523236e-02	2.528746310775238926e-01	2.281307470962674333e-01	5.746794311792174231e-02	-1.809082890574738589e-01	-2.080884929085742852e-01	-1.492242521429231750e-01	1.422552135345644675e-01	4.530183373371376998e-01	4.170840418209671441e-01	2.058811639963305795e-01	-2.946483066773067927e-01	-1.638119138865117841e-01	3.792077240663193627e-01	-3.598209651320649106e-03	1.615128956077440947e-01	4.575605326889014557e-01	-1.705976388863041648e-01	-7.591722702840207615e-02	-3.041746195866578129e-01	1.111038577147909767e-01	2.157424747423568601e-01	1.572817870799016748e-01	-1.001221508190307669e-01	4.932711206426567130e-01	3.772670954761392914e-01	1.955855733619384917e-01	3.509770590437235049e-01	-4.396937450731389779e-02	5.038447491381490423e-02	2.496003937435155584e-01	1.168100039654655295e-02	2.172804532946228939e-01	1.696345107969676747e-01	-2.171111597419835004e-01	5.125417540727925658e-01	2.842015761181024835e-01	5.461704419764088492e-01	3.591067709629037208e-01	5.344084642520002121e-02	2.150669355761442858e-01	-3.523351825398009229e-02	8.653407594296597116e-02	2.550611412571648362e-01	2.995493408234367050e-01	-3.609650978882179007e-01	-4.911793907431822870e-01	-1.435466406342520707e-01	6.474440353770042483e-03	3.821050976788984976e-01	-4.696023271305647256e-02	2.414719038979241950e-01	-3.596866268667277544e-01	2.058829982644000134e-01	3.298491200040964966e-01	1.909040597611382784e-01	3.028768884819389440e-01	3.542717835417225625e-01	3.387300554015410525e-01	5.064376882543333153e-02	-1.129769431772572642e-02	1.000000000000000000e+00	1.668649333826347225e-01	-2.373741775395816697e-02	-2.094549290573535089e-02	3.270227197046852163e-01	3.515969801281636498e-01	4.084558861880998037e-01	4.464840098279202474e-01	3.835435727455975552e-02	4.115598042508956944e-02	2.343998800458074738e-01	3.476285628163975905e-01	1.042736271447162466e-01	5.623643162511764854e-02	-1.108804261798432833e-01	-2.638572523693910044e-01	5.487692541827368306e-03	-5.647075594644294927e-02	-2.926327962774054603e-01	-2.189491383669125157e-01	-3.554398622740970182e-01	-3.227418407816718959e-01	-3.550109439352653329e-01	-2.989642191230283963e-01	-2.065444876411410557e-01	1.829415905675952081e-01	-3.022552056309451007e-01	-2.432755149306576326e-01	-2.170786212024545525e-01	-9.362683926624024155e-02	-3.169759882739574541e-01	-9.226186745785729115e-02	-3.088315335796925076e-01	-3.315288699230853342e-01	-3.317004033000273688e-01	-3.637581392298174232e-01	-2.093087683747336669e-01	2.351284377033523859e-02	-1.071663227922574693e-02	-2.162790550275863755e-01	1.487706259177959678e-01	1.727218649218102697e-01	2.839322338381161312e-02	2.067983625565255612e-01	-2.020444902544754617e-01	-2.312669470372548941e-01	-3.280814859571754560e-01	1.611449223038139422e-01	-1.629597777565923167e-01	2.813312027370431512e-01	1.980505451892823343e-01	-5.260722181819244003e-01	-2.692645853862425942e-01	-2.143686470946543077e-01	1.381739879661582071e-01	3.226146295650672569e-01	6.780287291515715853e-02	-1.704361829697369490e-01	1.345566641265763530e-01	-2.646039248687245826e-01	-1.845308790043138081e-01	-2.491641709106837133e-01	-2.387160406660968626e-01	1.510803987528874662e-03	5.042480048756681210e-01	3.392700083244770681e-01	1.762877031541265627e-01	1.745710685185752065e-01	-1.030786435491318764e-01	3.076371426114817842e-01	3.214832335016318265e-01	2.808657198766597030e-01	4.650515471875949804e-03	3.686863168309367222e-01	3.596945140740011593e-01	3.253532614258279332e-01	2.443789334934998725e-01	-2.028753682294032468e-01	1.192420942407249329e-01	-2.755300503984966509e-01	3.769974473773143875e-01	4.444966491595057634e-01	1.613964110821216602e-01	2.683250111499608792e-01	1.741646652524349026e-01	-1.459231202598691990e-01	-3.755017411039520553e-02	5.674371599837144814e-02	1.186669064799003859e-01	2.522941167569189291e-01	1.053283434038553013e-01	2.358511266502989062e-02	-1.295007205273087658e-01	-3.544985293839501561e-01	-2.610517893193771144e-01	-1.668325797507211883e-01	-5.981033420412707607e-02	-2.633227503537783221e-03	6.470745101475239291e-02	2.099188351010953246e-01	1.135485287670378318e-01	5.576886289121901763e-01	5.689616530054238119e-02	4.099961269094327121e-01	2.816779345240408294e-01	4.111412172478415838e-01	-1.504138546679111565e-01	9.906605516799249847e-03	2.053170970443716215e-01	2.468931362012857234e-01	3.367259846209558760e-01	1.899585791808263702e-01	-3.604239406643316990e-02
-1.304062288685101101e-01	-7.412390710525641746e-02	-9.167116170825212462e-02	-1.709513025147879617e-01	-4.740611098934957579e-02	-1.133749304341558628e-01	-6.534309933042900531e-02	-1.016803503280899468e-01	3.459436417819554410e-02	-3.211306942156947480e-02	2.207791745767332531e-02	-1.442285831779252341e-02	1.057614418151200247e-01	-1.144067705555882747e-01	-8.323058359647761417e-02	-7.699632141997347912e-02	-6.158737422468114203e-02	-5.704943377866060483e-02	9.622781078155095980e-02	1.533705954676437277e-01	1.571698246829541512e-01	-1.040691282293947501e-01	-2.815878166045567010e-02	1.490995557438829500e-01	-1.276640424321028311e-01	-8.441438699531145229e-02	-5.412645896580534771e-02	-8.524123894580072983e-03	4.264424588864750010e-02	-4.749252982098823087e-03	-1.221223246459516160e-01	-1.578965271941046855e-01	-1.390629123229661923e-01	-1.195768976119447324e-01	-6.643592802493475391e-02	-9.436638537926905768e-02	-1.421497905424882746e-01	7.009769978479209185e-02	-2.777714373063805975e-01	4.667933030728567412e-02	2.746573839747210588e-01	1.269434850489133959e-01	1.275119546108596513e-01	8.891500836602277136e-03	-2.318485765938289866e-02	-1.205430815112986526e-02	-1.398606323052061506e-01	2.116270544973371248e-01	1.459003451037028110e-01	6.039143791052367649e-02	-1.655694097555086564e-01	-2.891394391234705097e-01	-9.546809581660656296e-02	-1.639254534653641071e-01	1.116487205759599151e-02	1.478177366210508235e-02	-4.362189099695433503e-02	-2.610164719594991120e-02	-1.207363792588747597e-01	-1.752486831562516389e-01	-1.093570748260579428e-01	2.420774396651402191e-02	-8.086746682042358914e-02	5.098916994247264245e-02	3.104037334472498078e-02	-9.155098908334925734e-02	2.132129596280286921e-02	-1.464480036417032394e-01	3.541131450769401390e-01	-8.132850338349076336e-02	-1.629397945492459532e-01	-5.217872228417351488e-02	-1.217925352336117067e-01	-1.982900495282317876e-01	1.308046025417079240e-02	3.775437724604740475e-01	7.841927964807189622e-02	2.813207642831460076e-01	2.072727101477048889e-02	4.607294416384871000e-02	-1.973517189196352106e-01	1.138263643711992859e-02	-5.140216414231435493e-02	-1.017649344965356438e-02	-3.726875512701045140e-02	-2.755083870122685963e-01	-1.831563242567250394e-01	1.668649333826347225e-01	1.000000000000000000e+00	2.368392378704141030e-02	3.889245953164109926e-01	-1.114456025352669327e-01	7.796260753863720749e-02	-8.665582429779557228e-02	3.685469422399105521e-02	1.223656598812694479e-01	1.958160907094842404e-02	7.476860852675903946e-02	-9.169503728495549677e-02	-1.782313399360283823e-01	1.702680139962011938e-02	-2.022353348329346615e-02	3.021240327772355128e-02	-7.513669189599184173e-02	5.131810931181508828e-02	8.971651395187411199e-03	1.838346012904944482e-01	-2.752636094545806225e-02	2.501686806281915292e-03	-1.058667496608642344e-02	3.246746514671481482e-02	-1.263654840486178217e-02	6.737452985675586314e-02	-6.516890205256851976e-02	2.275610943172436951e-01	1.879206501175884406e-02	1.097530111680997816e-01	-3.501400316486533854e-02	-5.627802389200260713e-02	-8.445003973644474304e-02	7.151176218690781516e-02	9.744433598196096391e-02	9.158409165842971988e-02	-1.726932058544909110e-01	-1.421350581675093483e-01	2.314952856106411785e-02	-7.358914884468314987e-02	1.376557912908230874e-01	3.283075903758096714e-02	-5.219404470352481673e-02	1.254714306417216985e-01	-6.575332971617024735e-02	2.120948132710923084e-02	-9.946758831214391749e-02	2.515582609923229000e-05	-1.071262814871489465e-02	1.721417861822392148e-01	1.407547486089883171e-01	-6.436208335316533080e-02	3.464041844623341748e-02	-3.620817106675677799e-02	1.002734826904160166e-02	1.664411324676147164e-01	-1.361899297134566145e-01	-6.635213768149310354e-02	1.603641915097313991e-02	-2.864150634272985205e-02	7.322989898411443044e-02	-2.433096389051465566e-02	2.786979855823597621e-04	-2.200686367967571722e-01	8.799261011418963926e-03	-1.752104592721623610e-01	-3.146957874118415655e-01	3.000655136083821631e-02	-2.579493596764458885e-01	-3.663369631211909061e-01	-2.567158089190271220e-01	-8.134183654264956487e-02	-3.085184818537253237e-01	-1.920913706521696403e-03	-1.916676071085925970e-01	-1.491072524534684807e-01	-1.601596898949469716e-01	-1.285657037247932843e-01	-1.046651674367317097e-01	-7.176044449656204804e-02	-5.109487129135163730e-03	-1.209589310379972221e-01	-8.866820870633063123e-02	-1.099711483130893092e-01	-4.862370151155770426e-02	-2.350841384958086422e-01	-2.398861932617375459e-01	-2.390923109593461326e-01	-2.572472734080279988e-01	-3.285107450413600194e-01	-2.310882973664759865e-01	-2.100797371188773133e-01	-7.742867770869532595e-02	-1.637764775873544465e-01	-1.944723204220324131e-01	-4.541761240159460089e-02	-2.398751363778984791e-01	-1.687017827271972970e-01	-2.612750805970180945e-01	-2.057891938598543913e-01	-9.099514035114669719e-02	-1.979468980197631733e-01	-1.995266960248829879e-01	-8.526988228773854650e-02	1.092596551975144326e-01	-1.360265054647510630e-01	8.336100390011760841e-02	-1.093036478465575501e-02	-5.519949917182520593e-02	-1.294931736189036675e-01	-1.149975904974018664e-01	-1.012589610538296159e-01	-2.051830181963827660e-01
3.122933111436256709e-02	-3.014568381473427608e-02	3.866926284493187732e-02	-1.160912727688279827e-02	-8.454016057472540924e-02	8.463631570995328035e-02	1.896527333347259314e-01	-3.223365188534746961e-01	-1.183088287114468923e-01	-2.242965869856725358e-01	-8.325923622312324246e-02	-3.298707356207736252e-01	2.743800464889843416e-01	-1.242166691494722974e-01	9.596759339213332962e-02	1.663004402501538637e-01	-1.274947122000386068e-01	1.744661689277025307e-01	1.747624155481434516e-01	6.633745627898177122e-02	1.624455704985805771e-01	1.468514716481345017e-01	3.752207519319806228e-01	6.634771609231480960e-02	-2.186666157163966728e-01	-2.230012697597570925e-01	1.861995963043578117e-01	1.335858856556135510e-01	-2.390514816134625964e-01	-2.716510461681851396e-01	-4.477637593560818141e-01	3.434204609866974289e-01	2.830688402546646110e-01	1.197718234097784606e-01	-3.271703686751494256e-01	-4.077081080436217864e-01	-3.003044442607364917e-01	-9.026544895015940762e-02	4.317678703230973802e-01	-2.067325330947653028e-01	1.610834897170726476e-01	-1.524720941082285397e-01	1.584406826386603184e-01	2.216139506986485597e-01	5.410839793218716887e-01	2.192265898331864360e-01	-1.511218539973176456e-01	2.897416098875966739e-01	3.999885187287456900e-01	5.847622189357685185e-01	-2.135704062478310447e-02	-9.153089863001817247e-03	-4.539822744202142712e-01	-1.736481349079875558e-01	-4.006885534837758556e-01	-1.425106586006131826e-01	-7.212635622891196141e-02	9.048202196934089503e-02	-1.925504510064459662e-01	-7.991440944782665645e-02	1.120036694007323502e-01	1.602426189566062420e-01	4.458618546249387693e-01	1.212247114362228068e-01	3.519862371638990406e-01	8.365405011458107443e-02	4.943196221327011974e-02	2.770761178769728383e-01	2.640730013671305221e-01	3.011204282371346408e-01	2.833058003383597256e-01	1.010427891842696491e-01	-1.104698979261914543e-01	3.417603619854722719e-02	1.236239168273739614e-01	2.591228733115412686e-01	-1.339933459656780790e-01	1.615899907941497626e-01	-1.835304982975389382e-02	2.408321356745359021e-01	5.774773721844303487e-02	3.173845887755852302e-01	-2.751285516907531203e-01	1.135380532066511405e-01	-3.627220406844465228e-01	2.039537557932435408e-01	6.297435011472395094e-02	-2.373741775395817044e-02	2.368392378704141030e-02	1.000000000000000000e+00	2.878199444133344720e-01	1.269897448834045872e-01	7.465984927604597246e-04	2.441175552261126147e-01	3.035481738253674178e-01	-8.597083804176353095e-02	1.537342838721686145e-01	1.200535329991971462e-01	-2.249199830714248560e-01	-4.640502424507228496e-02	7.981562536609407288e-02	-4.555617639796832319e-01	1.672924377497884280e-02	-9.313741765776986647e-02	-8.020073573892236296e-02	2.721901856130639480e-02	-2.112700290523549795e-01	-1.570054489668114284e-01	-2.488500314322920348e-01	-1.905366975745564351e-01	-2.647533885905016260e-01	-2.209440710940024921e-01	-1.748200907863964038e-01	3.697191042380257309e-01	2.157315954640109945e-01	1.365769240563652065e-01	-1.756609547481977895e-01	1.796659230876943847e-01	-1.737103758858632441e-01	2.031950738033836967e-01	2.846996869900383920e-02	1.789236177382400039e-01	1.062559621119539832e-01	1.141383207641894215e-01	-2.856090218984514428e-01	1.482260387222279763e-01	1.917822965854374950e-01	6.034210839861920556e-02	-3.311313951205658301e-01	1.389930483956581808e-01	-2.701142652609270778e-01	-2.290849672646062263e-01	1.860174466349279188e-01	7.004380229195165952e-02	5.897897219623105675e-02	2.559409663935066637e-01	-2.364011942438224712e-01	-2.899490348400045603e-01	1.924321895863138118e-03	-2.276227118363046819e-03	3.886372344082800190e-02	-2.893979655874954204e-01	3.380862531308720942e-01	-1.902796598644933279e-01	4.217621716295995998e-03	1.242094459036800769e-01	5.031740712056984588e-01	2.272758086688651813e-01	1.937515552504218697e-01	2.988063108650610422e-01	-2.322962641915459620e-02	-7.056953064627324856e-02	2.208325333107175048e-01	3.313731261628555802e-01	2.037282382008976933e-01	4.546517640774929148e-01	-9.698495910741224135e-02	-9.734744335562814377e-02	-5.642720010930166868e-02	3.494219622203870168e-02	-4.309903812886368146e-01	-4.415614430662056500e-01	-3.121754775048582106e-02	-1.666837320700210179e-01	2.558286201101422352e-01	2.241121262431160915e-02	3.803292851472925284e-01	5.661877016944386748e-02	2.211650350984817603e-01	2.538708458161678116e-01	-3.449283331618460680e-02	7.875513659864462335e-02	1.871863612300846968e-01	1.862443940936853726e-01	3.571654936955789839e-01	4.355583874880883388e-01	1.153568061706080755e-01	3.273995933102817890e-01	5.741629255419533617e-01	4.067537865835943456e-01	1.581882190607073191e-01	2.562587599645776426e-01	-9.758917768789300215e-03	4.036993156531318728e-04	4.435216655682860387e-01	8.599656150010552558e-02	2.686655269552519210e-01	1.497311944597324307e-01	3.802540913926849564e-02	1.900295232782453769e-01	-4.146378867316574124e-01	2.969090402867263778e-01	1.097671575585559556e-01	1.054805289088089487e-01	1.313007264200396484e-01	1.125268455021382896e-01	-3.656507797886192068e-01	-4.376413526287656341e-01	-3.400675893321207788e-01	-3.248565215287161356e-01
-1.116935929309768594e-01	1.155564947781848595e-01	-7.724694773528205383e-02	6.370847788302037851e-02	5.442630234464359423e-02	1.524031684125615876e-02	1.257455145883154546e-01	-1.779030860080835219e-01	-1.472960722559537583e-01	-1.807890328503751753e-01	-5.839347904286331520e-02	-2.049494322520200584e-01	1.893960918565500140e-01	-2.325838056742258186e-01	-2.133698766203284691e-02	6.339896743242388888e-02	-3.230835342053132164e-01	3.775985397141768535e-02	1.000055057304083950e-01	-2.353437126355996389e-02	6.030427974601100527e-02	-1.259170987850423418e-01	3.201799957334762643e-03	-7.161451042283627222e-03	-2.236685794930881044e-01	-2.928513202154641726e-01	1.413309582243717499e-01	-8.964274767729914217e-02	-3.234558093535432888e-01	-1.633951715899133461e-01	-3.990688707556375725e-01	1.099492993223629561e-01	2.381634838448626335e-01	-9.033140797398014205e-03	-4.076563649831509983e-01	-5.140992368119661204e-01	-4.028082670496748174e-01	-6.244693996774184491e-02	2.086485388812445441e-01	-4.011051622457027510e-01	1.122012400818095113e-01	-1.010156173256924854e-02	8.197624463416232354e-02	1.166997384816006733e-01	2.505678830374952204e-01	1.506525415481201335e-01	-3.012255001184555026e-01	4.060264285323282873e-01	1.293289908131048105e-01	2.469566948423461139e-01	-1.439739405804734973e-01	-2.357771024266175908e-01	-3.655765218717415554e-01	-4.309573309675560626e-01	3.482510369086099650e-02	-1.257402115448204016e-01	-2.231063885182626161e-01	3.168997715145306648e-02	-2.554452841510082006e-01	-1.530867794882750377e-01	2.638238513359241200e-01	-1.659997548703373571e-01	1.804913301410038598e-02	-6.692388441161295498e-02	2.045755170944930923e-01	1.562501635426981617e-01	-5.585649789048667546e-02	1.403291392714800800e-01	3.593968633974876647e-01	-1.736872180905714158e-01	1.014956512441637093e-01	1.073471697840862327e-01	1.484201312412587737e-01	-8.074306792348277806e-02	1.707332901091712374e-01	3.172767068390835998e-01	6.249759240142218480e-02	9.810142217840517320e-02	2.506195316315518173e-01	-8.944622624199821681e-02	3.961967550423007439e-02	2.002507407174534682e-01	-2.708616106817015590e-01	-1.311337430204186361e-01	-2.847093052008485836e-01	-2.294859763153793766e-02	2.129743397665995099e-03	-2.094549290573535089e-02	3.889245953164109371e-01	2.878199444133345275e-01	1.000000000000000000e+00	-1.132672250615886639e-01	-4.913950840460409170e-02	-1.470181535098125103e-01	-1.308019630174731343e-02	3.401092064214650268e-02	1.673035870614813722e-02	-2.784491059601517174e-02	-1.167803133513919400e-01	-1.113641793652744433e-01	1.132162489924220805e-01	-3.360438167553568833e-01	3.727569064378801617e-02	7.133027546138633046e-02	5.877213230348094647e-02	6.193594730299573081e-02	-7.541721670991831383e-02	-1.042960849888221880e-01	-2.018335824215095886e-01	-1.136399253966879908e-01	-1.882903331451698248e-01	-2.145068862952494715e-01	-3.626403976771664928e-01	9.720205849469182313e-02	1.185199328898647458e-01	-2.359292986558329114e-02	-3.325973547893740223e-01	-5.226040224281788132e-02	-4.386933078506142225e-01	-5.047220331057364340e-02	-1.067386546262133612e-01	1.130236926786717527e-01	-2.629602878453332973e-02	8.886387411785634819e-04	-2.867626882824571011e-01	-1.198015889109613485e-01	-7.012767856986568127e-02	-8.092792974278048557e-02	-2.783686747945014472e-01	1.140470482591583040e-01	-3.310452970719082177e-01	-2.750264777120888238e-01	9.936485710140831318e-02	-2.845162596370859678e-02	-4.379695029185395883e-02	1.587886219902639451e-01	-3.678098445516860271e-01	-4.378389864317771552e-01	9.438384566127437647e-02	-1.980466736930504013e-01	-1.948746029014243319e-01	-4.201142853075984784e-01	4.572535173590389773e-02	-2.475987075296093298e-01	-8.922670774489728507e-02	-5.635727894285748329e-02	1.594858714066832717e-01	3.095749845068350090e-02	3.479123767404702222e-02	3.116296290339684930e-02	-1.535849540414079561e-01	-2.584035724858510519e-01	-8.461405066031106592e-02	-6.980564977027243698e-03	-9.856186014964754549e-02	1.991971420116497027e-01	-2.877737233272980033e-01	-1.693696930681056478e-01	-1.249317236116658514e-01	2.811217472096488174e-02	-4.221351371699149646e-01	-2.797581527758533637e-01	-5.304759965751902964e-03	-2.178091527215628154e-01	5.400864285529369258e-02	-1.579619056171965019e-01	2.768210357454259363e-01	-1.672381215058068860e-01	-6.112340226255650460e-02	2.947658343560097816e-01	-6.067700158667080346e-02	-6.823965709391360823e-02	1.015671428604917048e-01	6.013380928656325043e-03	-4.703942647378409753e-02	1.885323230161708163e-01	-6.045928677576569571e-02	-2.272068870365545959e-02	3.107280825336553587e-01	3.251494067419567480e-01	1.681653870466367703e-02	1.912350621661056405e-01	2.491089507215008270e-01	-5.815370818263656399e-02	3.017085374866262937e-01	2.557520137990136264e-02	4.802192611269809341e-02	-1.352487979757519276e-01	-4.172923699609040749e-02	-1.007448275551377920e-01	-1.731910689791752722e-01	2.673605538815095883e-01	-9.842265321634349751e-02	5.016097358504174181e-02	1.103532404662235650e-01	1.586689470923858258e-01	-1.639213407125198474e-01	-3.375057841062821806e-01	-1.785232118881124319e-01	-3.142877649687833563e-01
1.084004678784041692e-01	-1.293254732418945563e-01	9.084709854909710225e-02	-1.248415844381650791e-01	-4.100239310192175801e-01	-2.032890343906613717e-01	6.515952623345810935e-02	-1.251741115633740187e-01	-1.505752721665185034e-01	-1.976964318422770872e-01	-1.292484673669714312e-01	-3.200193435560146349e-01	3.110901030484376079e-02	4.097546481724770318e-01	1.392964288949714302e-01	-4.079913477219728260e-03	7.541930024203195859e-02	-2.790408653481467049e-01	-1.782305086530451832e-01	-3.587902294925102153e-01	1.596989977855249876e-01	1.953822171835469801e-01	1.409216772790689576e-01	3.793522330814439458e-01	2.369358736665828219e-02	3.840339179994212149e-01	2.101599854289665781e-01	4.108975937716874416e-01	-6.434876233924440025e-02	-2.923617283895824648e-01	-2.147682696502721811e-01	-1.062544299778256096e-01	-1.643996698808538881e-01	-1.110277622891624183e-01	2.627156502682780337e-01	2.752010661694883620e-01	-2.049986624649900377e-02	-3.163910426105299156e-01	8.889553043251668951e-02	1.963813533186078431e-01	-1.280854706982891278e-01	2.472343034677744467e-01	6.139863102404283790e-01	-2.590666929391983661e-02	1.964024900987129119e-01	9.370202282336720367e-02	2.166679385700098492e-01	1.047381440441416539e-01	5.710974176787145806e-01	7.422463650878335928e-02	4.988561081142673381e-01	4.016257437031159339e-01	2.431619355885511757e-01	1.643722261394476025e-01	-7.367801933809665915e-02	3.169196464091145193e-01	-5.775957579731857972e-02	-6.386164784302576780e-02	-4.082323055258582113e-03	1.915071479235447016e-01	-2.863870983347077681e-01	3.573224781292541619e-01	5.465539832459966885e-01	3.378635824642977625e-01	2.467895212417243189e-01	1.855650891918465828e-01	2.692714287539573204e-01	1.357550132540928656e-01	-1.911897320990082749e-01	4.431249605844753137e-01	1.776761860362402190e-01	6.446860110174404412e-02	-3.047550845722801216e-01	2.411960719571351330e-01	1.096944872492934819e-01	1.556685631372354550e-01	7.782899140363533363e-02	-3.628418673155698292e-03	-2.111039056621033805e-01	2.888953803938511533e-01	3.573228415416484505e-01	1.845079825297188947e-01	3.696326839508505824e-01	4.197004476048664667e-01	3.533363331930427509e-01	4.297697805500197421e-01	2.247018950933839798e-01	3.270227197046852163e-01	-1.114456025352669327e-01	1.269897448834045872e-01	-1.132672250615886778e-01	1.000000000000000000e+00	2.246212871545284484e-01	5.126098296444323577e-01	6.873148708884553315e-01	-1.078529281955525332e-01	2.412995028954582066e-01	-5.803581071740484404e-02	3.326747499271990316e-01	3.001476692620448361e-01	-1.249305739992307707e-01	-3.275600754043166973e-01	-2.843171256339739258e-02	-2.408264167574388215e-01	-3.460074968049126065e-01	-2.220843988723456286e-01	-2.300100583481610172e-01	-2.841327635266381879e-01	-1.267433363465797769e-01	-2.252064652783452858e-01	-2.443383155626653036e-01	-3.340946671946897761e-01	2.627699561751222768e-01	-2.967830949860415096e-02	9.947628102039030463e-04	-1.695984375188084800e-02	-1.234818674592331328e-01	-1.737010092359484240e-02	1.242827879236261812e-01	-1.265202793992832031e-01	-9.786989744735272168e-02	-1.790262233620234233e-01	-2.616819998368347666e-01	8.779291679347912825e-02	8.914945934807291805e-02	9.036399201077589816e-02	1.171124608068979389e-01	2.419687191212009647e-01	2.628979813162553580e-01	7.957719005052819872e-02	-1.918340437921105812e-01	-2.918492271448005493e-01	-1.529135197607201790e-01	-1.205607806342431088e-01	4.711693148978364672e-03	-1.912351054600094080e-01	1.372172816363205483e-01	1.227043659031216011e-01	-4.630890986629354611e-01	-2.259710821408155434e-01	-2.022658050300116528e-01	1.516868071708405707e-01	2.213799779279759239e-01	3.574796190587064548e-01	3.249300303390299516e-01	4.873134280585577627e-01	1.265846228206829738e-01	7.566157638349137182e-02	-5.382141352932070383e-02	2.124363091445580498e-01	1.943380281301597123e-01	3.889351130415981128e-01	3.456468889812379097e-01	5.388486469855444660e-01	4.680579246658923553e-01	1.888327756374363342e-01	3.998826493856468267e-01	5.100132193528120750e-01	1.873519347722250872e-01	1.657174641758265010e-01	1.852053686134617350e-01	1.874620408324303988e-01	1.064420921154115990e-01	-2.096907433733053161e-01	-2.147446466589704103e-02	2.498263117067701933e-01	-5.437715507538404963e-02	4.199106790429270597e-01	2.685261326699771578e-01	1.327407536487920092e-01	3.240821868305225339e-01	2.387995591438728249e-01	7.971207830639992498e-02	2.092526907597284935e-01	2.606071301384634276e-01	2.216625940805623252e-01	3.550588398166575343e-01	1.208722346163164513e-01	2.653750170412597087e-01	3.512377401799710031e-02	-1.760448156106355147e-02	-1.970014923229524318e-04	-8.474837116971549456e-02	7.234505185874680333e-02	7.235538752352885239e-02	2.022334445907687517e-01	1.307611631711757816e-01	1.610127743645670961e-01	1.823071129060189477e-01	3.020996365870330935e-01	1.695213073753965294e-01	-4.794393615628574773e-02	5.725576905060655308e-01	-1.373196629778457856e-01	7.124328594038716045e-02	-7.033290374150415192e-02	-1.782424341125597028e-02	1.746566067099916686e-01	-1.747668508950959987e-02	-1.200812019745789959e-02
1.058323784237787113e-01	-2.187905841808514829e-01	-1.049718604035249914e-01	2.940483704185998387e-02	6.318606126376315191e-02	1.423951442052681926e-01	-1.032955678524834775e-01	-2.226825020741674266e-01	5.706430987739778173e-03	-2.756861739021932434e-01	-3.608372753940519151e-01	-2.401443880844069123e-01	-2.538077150507847546e-01	9.109648866529570024e-03	-3.388762798055193204e-01	-3.042863542861525272e-01	-1.123492222159788445e-01	-2.942381975058002697e-01	-2.955446384071996335e-01	-4.084285000397332444e-01	9.246969578528702050e-02	-8.975088623997233561e-02	1.189685996806203322e-01	7.464871425869543109e-02	-2.929855859031256227e-01	2.498757010502007658e-01	-2.076276472437720844e-01	-4.261805915367651056e-03	3.576145689378648074e-01	2.087190966263506031e-01	-3.510335770540525674e-02	-3.710161424440445999e-02	6.587598372740345598e-02	2.310544048136373985e-01	2.117324709401738336e-01	2.725660333132952640e-01	1.840406180616535048e-01	-1.000653786786634414e-01	-2.881212254705954323e-01	2.858144313483773624e-01	2.993651302154953231e-01	1.326317046333080063e-01	3.290457114774068548e-01	-2.639853765129370755e-01	-1.464472821229335919e-01	-3.694404806389138263e-01	1.401118348471154518e-01	1.575410136006079320e-01	1.374464422995254620e-01	-9.515955496361494514e-02	3.873762964457980740e-01	4.260124471379077016e-01	8.879704304169165618e-02	3.416543360907127735e-01	2.190196732707565611e-02	3.400220550254269281e-01	3.226468095043952822e-01	7.543478061234319687e-02	1.130823002002783462e-01	1.847718245726507058e-01	-2.143533361073579058e-01	4.221569347471991751e-01	2.116772041833302753e-01	2.382087917651255216e-01	2.620936406010174746e-01	-3.260781711032482294e-02	3.590989079654289262e-01	-9.148677792704337092e-03	1.852543441307890060e-01	3.262467996525093006e-01	2.995787157327986505e-01	-3.646853416165386497e-01	-4.283774616103233068e-01	-2.106084872846670231e-01	3.266969091296438588e-02	2.284256186201590599e-01	7.328387324496187308e-03	2.436867557795684425e-01	-3.009368228480114871e-01	3.240197687617109579e-01	3.274724758333807939e-01	-2.841928320197766381e-02	3.047032545348536958e-01	3.545732654493073954e-01	2.577765664078048857e-01	1.208312380788904572e-01	4.658461767177118212e-02	3.515969801281637053e-01	7.796260753863720749e-02	7.465984927604596161e-04	-4.913950840460409170e-02	2.246212871545284484e-01	1.000000000000000000e+00	4.340384136384155545e-01	3.486763205919594655e-01	-3.901926071563623089e-02	1.379779571464446975e-03	2.866134974643198552e-01	2.752465785762102657e-01	1.370019315206744137e-01	1.440379494905811852e-01	-4.407001722609726196e-02	-1.117387024184825217e-01	-1.797399570571818761e-01	1.427512042271863180e-01	-4.409968486656909437e-03	-8.619563475440483735e-02	-2.616678766067259132e-01	-2.460567942792994955e-01	-3.217538606113052313e-01	-2.892619464570617138e-01	-1.595819730202285014e-01	1.408457452810149280e-01	-3.085802036636702828e-01	-2.278546442434986885e-01	-2.790625799489673264e-01	-1.848566492348538426e-01	-1.798007474309828990e-01	-5.322608628832263544e-03	-2.957051524545093457e-01	-2.330489619698496440e-01	-2.876685761874080982e-01	-3.993209172443372146e-01	-1.807021038045616979e-01	-4.031821913741850255e-02	-8.264256092958721656e-02	-2.185481559250175010e-01	1.219935567501578139e-01	-5.295383629573494760e-02	-2.426737835707301894e-01	2.682127917808165840e-01	-1.250430386877527111e-01	-1.304078778791197823e-01	-2.435320155390960084e-01	1.527080628025305753e-01	-1.477389564016415476e-02	1.360591290065445991e-01	6.497369828777396772e-02	-3.133726530850863279e-01	-2.137868641010583215e-01	-2.146562407887401824e-01	8.046700152350845514e-02	1.217850081118245914e-01	1.119341286235038119e-01	2.265998950543399171e-01	2.189201942896162045e-01	-2.628473358536193016e-01	-2.602534615412464003e-01	-2.673426437944360634e-01	-2.975588296506668784e-01	-7.058664384885904308e-02	4.075720457721136447e-01	1.226886009755185358e-01	5.762726246903410871e-02	2.465789481370895750e-02	-1.512983260545195940e-01	3.700110355630503722e-01	4.469059759985143376e-01	4.060358297207573575e-01	1.138229393729780353e-01	3.782114857800831786e-01	2.345879117157484706e-01	1.996150658007523615e-01	2.474557500918993791e-01	-1.505339426014402071e-01	2.738315235510176832e-02	-2.590964914140040931e-01	1.461500194437623801e-01	2.624589374549831655e-01	-7.947950913009138585e-02	2.050806174018172667e-01	1.146909844983602378e-01	-1.025642801905418955e-01	-9.998587823237015115e-02	-4.657200578027681503e-03	4.559865349670775593e-03	3.754400440731696098e-01	7.513053797840814341e-02	-1.025152783818062130e-01	-8.116871721955652708e-02	-4.715088733699682733e-01	-2.747774302302716243e-01	-2.463183767676314084e-01	-1.267681172287196123e-01	-1.470780890908487681e-01	-1.523370434023982034e-01	8.996265594846734187e-03	-6.641429948309246142e-03	1.722522066882838654e-01	1.114812280070327510e-01	3.171541462094058517e-01	-1.204504082162383832e-02	2.952891714760683128e-01	-2.402883781831233745e-01	-1.265034729686081716e-01	3.460664811409022018e-02	1.743572911701208872e-01	2.265225506534780109e-01	1.221959798394415125e-01	-9.161652804507780523e-02
-8.452910301775880264e-02	-1.978598830935632547e-01	-8.290639321341205419e-04	-1.725735696257632845e-01	-4.249787519910654399e-01	-2.320920670161895349e-01	-8.235111527094453321e-02	-1.872992743939271704e-02	-3.949649807847196992e-02	-5.552174177816225631e-02	-4.522575727916496729e-02	-2.145207299212116836e-01	2.260686964645821501e-02	2.506141115714876078e-01	-9.104653911588463100e-02	-9.879747741026242980e-02	6.168937844995293907e-02	-1.802075911345885073e-01	-7.836344845601077302e-02	-2.568057000406369084e-01	3.986828553073031717e-02	4.103751746679779738e-02	1.422692516847635924e-01	1.574016682928051636e-01	-5.978086260621253561e-02	2.964519205131280755e-01	-8.326484203472947487e-02	3.244824153870026207e-01	2.924648449496322633e-02	-1.991719709284112683e-01	-1.009027646894630342e-01	-3.161919559396411672e-02	-1.195216911636489410e-01	1.352029523753905116e-01	1.530040197571027050e-01	3.058843560740469036e-01	1.090266325479470888e-01	-3.654956139215377320e-01	5.645322594165735203e-03	2.060518484999172006e-01	3.366382872012675664e-02	1.344802063746983467e-01	4.766591475058333249e-01	-1.505668770116534994e-01	1.283476631007866298e-01	-1.655095891036103065e-02	2.165680498096131112e-01	9.750888760632573510e-03	3.967327638987506178e-01	-1.794710597633150141e-04	5.566245488548787756e-01	5.157178753819893213e-01	1.031688517176321263e-01	3.043910772791944552e-01	-3.177332852117102369e-01	3.343087091291392920e-01	1.598205528586061630e-01	1.700300357729282452e-01	7.656670005280691305e-02	2.475118667211515522e-01	-3.019663606214073037e-01	4.927991885385444859e-01	6.492756152991165930e-01	2.992510570584784868e-01	3.523366582532524438e-01	3.798535263262484141e-02	3.288673988404615112e-01	1.954525397017291832e-01	9.951051776394950754e-03	6.506945627211446759e-01	1.701302659264092021e-01	-1.963911772216074547e-02	-4.458976188966343734e-01	-2.596972700953296270e-02	2.408567223826709180e-01	8.435706265980792706e-02	6.164128941384560550e-02	5.090803253671786349e-02	-3.411242533556100298e-01	2.385442931265092936e-01	2.081474837799920652e-01	1.424167940701227542e-01	3.023970702366521324e-01	5.604227966020829399e-01	3.419776572344931376e-01	4.338775873740890465e-01	3.921840435654033730e-01	4.084558861880998037e-01	-8.665582429779557228e-02	2.441175552261126147e-01	-1.470181535098125103e-01	5.126098296444323577e-01	4.340384136384155545e-01	1.000000000000000000e+00	8.200361475068829176e-01	5.956214438277063206e-02	2.165562185333475553e-01	1.163761191529841775e-02	4.281974263343049647e-01	4.191674156047406341e-01	-2.229443672848471780e-01	-1.246205413495165698e-01	-1.512442708164559724e-01	-1.465921436152522739e-01	-2.748713484382846461e-01	-3.568401270849617113e-01	-1.990828537192079750e-02	-5.990789380569505433e-03	-3.130819998709410967e-02	1.355667168667162165e-02	-6.361435939107516063e-03	-1.078631474788476763e-01	1.324157116227368813e-01	-2.151087550543018534e-01	-8.148288122234921549e-02	-1.626487145335937801e-01	-1.783546073717768576e-01	-1.017635108796682147e-01	1.079542362298193392e-01	-1.414154563189461422e-01	-1.442456556029035886e-01	-1.692398878163057507e-01	-2.360790768840798914e-01	-1.027995681515073839e-01	-9.502022188435158001e-02	1.724634030231678994e-01	1.712393933888560205e-01	5.197289085867961428e-02	-1.669246198085796648e-02	-1.582089985679227540e-01	2.441986459805045584e-02	-1.787593191619441316e-02	-2.023337976482603162e-01	-2.588092910800213198e-01	2.066875877925408722e-01	-4.850155269639478545e-02	8.759543187893584215e-02	4.694724139153373665e-02	-5.413155323389696738e-01	-2.308909495422605540e-01	-1.741729223197892862e-01	1.053768399142884504e-01	2.629712986661003615e-01	9.253622969337250981e-02	1.180657871036589757e-01	3.068030692277766702e-01	-1.143242407174214700e-02	-1.966226290666194532e-01	-2.000866031595433803e-01	9.824455888311034446e-02	2.575510132039533495e-01	4.952369878720895846e-01	2.572414753261221265e-01	5.108172168367919319e-01	3.856139717402468081e-01	4.225462647634681268e-02	4.840526292219464732e-01	4.989802174311136485e-01	3.228465828005805949e-01	1.929172834934723413e-01	2.108452389191596832e-01	2.136457150215557987e-01	2.025505635916750036e-01	-2.806143968793958082e-02	8.601389376931625752e-02	2.748563713799114794e-01	-1.227848058278672855e-01	4.721545368592299785e-01	5.227461615887593060e-01	7.719207738407736497e-02	4.348160991657773478e-01	3.765108885756681123e-01	1.350402861898255535e-01	1.995416776819928240e-01	2.539923020807007825e-01	3.114186762776864903e-01	5.537235454427361647e-01	1.723386338327097256e-01	2.720470087470133191e-01	-1.824308549710587299e-02	2.020909459430372118e-02	-1.125408676590941917e-02	-1.687486229480334166e-01	2.399342565032497321e-01	6.027364534153903386e-02	1.619128042556947644e-01	1.896318598709750558e-01	3.311791730190848104e-02	3.133293730407417099e-01	4.146037135018982300e-01	3.068158827132438371e-01	1.408159011932652027e-01	6.522653979829835524e-01	-1.289752611725552278e-01	1.715862123726796251e-01	-1.431885711035208730e-01	1.570611861700387524e-01	2.062654396308535310e-01	2.402482475559100106e-01	1.658311192583846738e-01
-3.226987312213299569e-02	-1.049811442662085120e-01	-1.808939992456653351e-02	-1.478341487799400278e-01	-4.396065342565763090e-01	-2.368455896429619012e-01	-6.226107154218670642e-03	-1.155904207049981702e-01	-2.616158729239951783e-02	-1.489809536022796421e-01	-9.352265537531895268e-02	-3.318407173547900380e-01	4.425432878155311639e-02	2.010509311592493242e-01	-8.614168463794380504e-02	-1.743049900367376059e-01	-2.686273329072798657e-02	-2.531454875755340672e-01	-1.144208629399836724e-01	-2.375327428421772913e-01	1.350025865137848557e-01	2.759020233219412754e-02	1.748583369859300629e-01	2.944827408103712352e-01	-2.928511912601795483e-02	3.342101369562924251e-01	-4.353518377999436237e-03	3.746185337826928308e-01	-4.048478751850635021e-02	-2.336190774653449653e-01	-2.103240587287773244e-01	-6.017578673462551514e-02	-1.997764733044784802e-01	8.861296534914436807e-02	1.751659879320824065e-01	2.121146055614074599e-01	1.297852621502682002e-04	-3.871617554988471821e-01	-1.096491095545130620e-02	2.188167405128084719e-01	1.021699563453619675e-01	2.888496467879591023e-01	7.123530041375463195e-01	-5.472831659496758816e-02	1.643817465734922212e-01	1.315420220254446930e-02	2.681878274445800847e-01	9.372026708673140971e-02	6.418051968536249152e-01	2.247838453084029589e-02	5.363367507264947820e-01	4.028106109952521718e-01	1.239916372723797594e-01	1.563321609040234650e-01	-3.036422422980077362e-01	2.287305690921225820e-01	9.129566692542580297e-02	1.585717936700701824e-01	1.066987967804232523e-01	2.585854758345871862e-01	-3.440295505034494106e-01	5.647915938585076345e-01	6.979786674612761255e-01	4.263367016528774589e-01	4.315892760576259257e-01	1.781138194553055776e-02	3.009827358717925838e-01	2.243562701758312627e-01	5.294156010089828140e-02	6.256497554295220587e-01	1.568554616274298874e-01	-4.935285882258402118e-02	-4.970379665660430435e-01	6.784341818861366891e-02	2.581248291990924093e-01	1.851260817283613413e-01	2.591318538343325567e-02	8.139786223967414303e-02	-3.533538235698929220e-01	2.295799175612783516e-01	1.543936027914624698e-01	1.367463920252521281e-01	3.029078353465138318e-01	4.497632268233222597e-01	3.575735510685789653e-01	4.510204897051600104e-01	3.399380973430906616e-01	4.464840098279202474e-01	3.685469422399106215e-02	3.035481738253674178e-01	-1.308019630174731170e-02	6.873148708884553315e-01	3.486763205919594100e-01	8.200361475068828065e-01	1.000000000000000000e+00	4.823076607189140386e-02	2.455181444699710003e-01	-5.017034523382161992e-02	3.942854129090396786e-01	3.819963797274082973e-01	-2.080612424451652731e-01	-1.782655289817833000e-01	-1.092553566142737548e-01	-9.895282127897565838e-02	-3.043103843475085113e-01	-3.352617523364867513e-01	-1.399089062289014807e-01	-8.353126497392204808e-02	-1.352160272750546066e-01	-8.088481834902887246e-02	-1.162459604934543700e-01	-2.568087427268894163e-01	7.056403663628883771e-02	-2.065108465789463887e-01	5.180415150004407526e-02	-1.387008174221152357e-01	-1.887449178302289254e-01	-1.716288298777027266e-01	-1.614242423673856522e-02	-1.780123884315188698e-01	-1.711800831860827710e-01	-1.657687164630397836e-01	-2.359466547862058838e-01	-5.135566951406932840e-02	-1.233947085922642573e-01	2.315182442964561493e-01	1.368921932839485545e-01	1.359896504127635353e-01	1.250075162429886699e-02	-1.054751713061242019e-01	-2.801029471647725061e-02	-1.386033051985257614e-01	-1.937362199529991114e-01	-2.881450371089602780e-01	1.579879605117141816e-01	-8.903244938464871527e-02	5.868054871175407833e-02	4.731290861459547942e-02	-5.749425363703530856e-01	-2.849763949777197047e-01	-2.539913034552768734e-01	6.804818020209177365e-02	3.218799895181479465e-01	6.710573259878135910e-02	1.469712295388027057e-01	4.291915153056150012e-01	8.648334298703741485e-02	-5.368378078526114122e-02	-1.305058905687196680e-01	1.516264924147862070e-01	2.621116340501755126e-01	5.525334180213993251e-01	3.062675059711880698e-01	5.227889558554099647e-01	4.863476979739743133e-01	1.428291195224975531e-02	3.650934642892304516e-01	4.394555487678617478e-01	2.250736499304374361e-01	1.653509671849673346e-01	1.862421833896257539e-01	1.096953700909312213e-01	1.987386732260470745e-01	-1.130719981567390037e-01	3.417733409702108233e-02	2.777107062541841476e-01	-1.135583904673904826e-01	5.245372626329088961e-01	5.494566904102384797e-01	1.129289844237401641e-01	3.298044769697798251e-01	3.537109822049082086e-01	1.079391808744862152e-01	2.175698251201222122e-01	2.929881665425111970e-01	3.072794785705436071e-01	4.519395072034586014e-01	1.071454423950077284e-01	3.278227046059126182e-01	-2.549569826417154295e-02	-5.506246880414479572e-02	-5.651235673429724077e-02	-1.677370260575677396e-01	1.638527684463519929e-01	7.487769314707215518e-02	1.460814044817246860e-01	1.171223465488925308e-01	-9.253253273387763295e-03	2.540814563999216902e-01	3.720978156451694163e-01	2.294460334990557626e-01	2.056231646046360328e-01	6.798221630268050930e-01	-1.234243018924582325e-01	1.463358487019731924e-01	-1.074095837739210829e-01	9.077429747671693361e-02	1.901178575028344697e-01	1.673097855442007842e-01	4.420814126317702819e-02
-3.894791806204966345e-01	-1.612883641506500931e-01	-3.484490062552604850e-01	-4.672980717937051942e-01	-1.079194084856778674e-01	-3.167468233608455863e-01	-5.090124029274356587e-02	2.752282378993616274e-01	1.568042041606723114e-01	2.602385153021975484e-01	3.506379025151209472e-01	1.260177594449828900e-03	-7.859854906752239412e-02	-1.040377673629687139e-01	-2.085203513069735781e-01	-2.451018993448685346e-01	-2.335319582702061192e-02	-2.771880326219270940e-01	-3.081737539761408851e-02	1.584812788117155868e-01	-2.321970701248290136e-01	-1.438698548666968446e-01	-1.265065766255674962e-01	-9.497303441210235009e-02	1.233411083971875516e-01	1.494630813121325952e-01	-1.029512133218361963e-01	2.013349075003854037e-03	-1.150209896916849633e-01	-2.298545586392602147e-01	3.125224425329137801e-01	7.141043201665975282e-02	-1.552553886045724696e-01	2.510629489444738197e-02	1.230451341734728893e-01	-2.067551852083578806e-02	9.173685938826717234e-02	-1.853694922210483154e-01	-3.318544597866174978e-02	1.228758200547551555e-01	-1.486767825941100463e-01	-1.254376496139639717e-02	2.984428696746109499e-02	1.272665291217433270e-01	-1.827324657785473760e-01	-2.068640595035223240e-01	4.685961354797012479e-01	-4.915908790231043012e-03	-2.847175565814703477e-02	-2.376450773078090939e-01	7.671665591621860958e-02	-1.296213354043165011e-01	-1.345479313545697719e-01	-8.078407550589293898e-03	-9.969066629892019138e-02	1.562443366336600803e-02	2.720358411457979853e-01	5.377568979906548474e-01	2.781826379404538363e-01	4.320710889676236954e-01	1.174791308013869578e-01	-1.019784732114581427e-01	6.155074471476446735e-02	1.010353672971865679e-02	2.031372306909349224e-01	-3.654670319470271767e-01	2.540730050046624000e-01	4.026689966056209435e-01	2.639321507776166142e-01	1.011440166652303324e-01	-1.845592339175463614e-01	8.066740727354455853e-02	1.190264847335310433e-01	-2.477110878327541399e-01	5.825459831825758883e-01	2.276996295430436801e-01	3.975952220701262085e-01	5.481319026118720156e-03	2.752482499397450599e-01	-1.429215028835063017e-01	-2.265883274603923414e-01	-3.803454997280956290e-02	-3.609851043149861494e-02	3.286575912931390120e-02	1.410150077819248282e-01	2.260781469687994649e-01	4.828361190460752073e-01	3.835435727455976246e-02	1.223656598812694618e-01	-8.597083804176353095e-02	3.401092064214650268e-02	-1.078529281955525471e-01	-3.901926071563623089e-02	5.956214438277063206e-02	4.823076607189141080e-02	1.000000000000000000e+00	4.122408394364731055e-01	-4.168852500313465805e-03	6.473876650499076069e-02	4.974808774266937239e-01	-4.333817312304956704e-01	1.084549170849851557e-01	-4.320932186615548121e-01	-1.597488476151222303e-01	-3.528736781147070456e-01	-5.034854391455817479e-01	3.165611286846030659e-01	3.781533162102797552e-01	1.438436896299404855e-01	4.111819864932523272e-01	4.772512415371905070e-01	2.283096835772745470e-01	-2.199391945033705997e-01	-2.179089760941932130e-01	-5.615373923583470706e-02	-7.324095054352630640e-02	-2.894685423491635129e-02	-2.281446256644798498e-01	-1.159723338679112120e-01	-2.217638569751474165e-01	-9.169537526573477704e-02	-7.089012146939613693e-03	1.367819832361136939e-02	-1.701323936950676075e-01	1.089531092700953135e-01	5.191391535503028787e-02	2.794705094983767069e-01	5.721219550597905421e-03	-6.257739180595384143e-02	-1.003895500945000685e-01	-1.182778263293390725e-01	4.991633612074379833e-01	-7.046498226102226349e-03	8.846695936358107276e-03	4.114157715176559177e-02	-1.780471126607528071e-02	-5.825442699578073369e-02	-7.269466090415170612e-02	1.935876238062166077e-02	-1.709278908060405666e-01	-7.472043798113010837e-02	1.185439897826537775e-01	-2.422955789556062445e-02	-2.134109058475818499e-01	-5.517396858886902677e-02	9.298708986340256666e-02	-1.282950925483191118e-01	-9.834313788136204992e-02	2.435294716479765101e-02	-8.951858862127014260e-02	4.382981446709617868e-01	-6.332469629412881829e-02	4.853293118647567655e-02	8.799812548535605738e-02	1.270225271855887350e-01	-2.140946298412860771e-01	-6.395694864326471885e-02	2.072496418857831812e-02	9.224839727157153890e-02	-7.371773527634509215e-02	4.513168001995010448e-02	5.153350577426912826e-02	1.437501848323979696e-02	-6.428090019910399910e-02	3.713103224226534937e-01	7.300068535416924520e-02	2.443394495412371317e-02	1.491237572226686015e-01	1.669600180675737955e-01	-7.092064281598053910e-02	1.859517622244643287e-01	1.915219109371062711e-01	4.103971342070749651e-01	2.502841159234713286e-01	-7.828298693989562242e-04	1.332396815374445875e-01	6.252256307802848967e-02	-1.519969249968004255e-01	1.568580777582957164e-01	2.237805895272384493e-01	2.497652553381862206e-01	4.267746900947816391e-01	-2.326765496618760642e-01	6.275362264447509331e-01	1.529341887061438643e-01	3.002554238111589391e-01	6.652410282682194587e-02	-3.122648651402497033e-01	1.472481318458255528e-01	3.272717546306989078e-01	8.444480932117777450e-02	2.476004768990549831e-01	2.190810291914182528e-01	5.669727496543537359e-01	5.325953086414015880e-01	1.109017523770841054e-03	2.849938121663041501e-01	9.979599415432430232e-02	4.699576167296261597e-01	2.793261466669131332e-01
-2.413228535318562296e-01	-9.037819817742033524e-02	5.574182969854605402e-02	-2.432742955149005126e-01	-3.701759019066852563e-01	-2.803543539998380463e-01	2.759505686663160651e-01	1.398839796765882215e-01	2.870884543036647529e-01	2.450875777305950576e-01	4.370472637814871719e-01	1.112455178833659207e-02	4.806214550550327175e-02	1.993377554614020053e-01	6.132303482485021440e-02	-1.331938342528810396e-02	-1.163653627497116504e-02	-2.933853351963824352e-01	-1.017743954784793708e-02	4.340086613540281718e-02	-1.380115769792263913e-01	2.283965944942699666e-01	1.436139898733187481e-01	1.384655076420222564e-01	1.582646782082335057e-01	3.229316601460857639e-01	2.058109961848832992e-01	2.281047874641495554e-01	-2.352596281209058671e-01	-3.970335596900907982e-01	4.423723142369924421e-02	-2.798591360283709389e-02	-1.850716108405662530e-01	-2.570322838276174471e-01	8.175825015366611909e-03	-4.662685669851164560e-02	-1.969712632758307824e-01	-3.301159949623377332e-01	1.250026034408921738e-01	7.957911027725415865e-02	-2.111732549316425178e-01	-5.949087794692175385e-02	1.540428570420400434e-01	1.167878292100699850e-01	1.111402932579185626e-01	2.030085744343046103e-02	1.675408318463994517e-01	8.801555196574559550e-03	2.160089342867962114e-01	2.187227636789234805e-02	2.296986028006313407e-01	4.639990452634321083e-02	-1.947648284678332453e-01	-6.945312270741939298e-02	-7.852658537459382762e-03	6.842985630518026718e-02	-2.356801209398917130e-01	1.914995395281690882e-01	-1.865978429896518187e-01	7.189844128679305502e-02	-1.043271370511004992e-01	-8.498574341715402214e-02	3.439442691743725966e-01	-1.545666792939378101e-02	6.770938083245970664e-03	-1.688445116476438024e-01	2.009965911764891294e-03	1.441003748390140005e-01	6.282191279937693329e-02	1.999919588298916806e-01	-7.013151067591213983e-02	2.798877808552719393e-01	-1.574149032264579584e-01	-7.953571523104639718e-02	3.349934763161666607e-01	2.221899122075855770e-01	4.613035083412104220e-01	1.613948698246104874e-01	1.194406445571838116e-01	1.662401226319870362e-01	5.344237059397376893e-02	2.136666477648072604e-01	1.207489838258973130e-01	1.886339511629275898e-04	1.740504881075833343e-01	2.416947234661842858e-01	3.412450200548986512e-01	4.115598042508957638e-02	1.958160907094842404e-02	1.537342838721686145e-01	1.673035870614813722e-02	2.412995028954582066e-01	1.379779571464446975e-03	2.165562185333475553e-01	2.455181444699710280e-01	4.122408394364731055e-01	1.000000000000000000e+00	1.427493434751108195e-02	1.269898002625799716e-01	4.043449311935073953e-01	-2.131992446627163085e-01	-1.201574340007416919e-01	-9.694847672613188250e-02	-7.986747835268025175e-02	-4.078265155105036399e-01	-2.573185187579463129e-01	2.369726012380554692e-01	3.450510832776772507e-01	1.805617270222734938e-01	3.265246188098646640e-01	2.910906127740859883e-01	1.161456161532798959e-01	2.548319519941058542e-02	6.252812344283759094e-02	-4.742587619033419161e-02	8.259299903205900850e-02	-9.511987002253403933e-02	3.917883008809455378e-03	6.179985396181200512e-03	-1.205356146328686040e-01	-5.940747616599774406e-02	-9.064078164189426357e-02	-4.081662528462162709e-02	7.261561544098689425e-02	1.593508011580232475e-01	2.041738116907682032e-01	3.371052281916394611e-01	1.017947933666563526e-01	1.263131412175455548e-01	1.063157616139370903e-01	-3.675421852286551716e-01	5.851568719187175659e-03	-2.354845719481035160e-01	-1.797639421550323025e-01	-2.806260236752687875e-01	-3.058002408239132719e-01	4.671714425753646649e-02	-3.195147415429333559e-02	-3.128858558110800825e-01	-2.221645661527612559e-01	1.921261440686389266e-02	1.188079602547823105e-01	7.607609034675830162e-02	-4.088365524069860479e-02	4.090588502864250797e-02	1.964226154927768420e-01	1.764255051808040764e-01	-5.238034955659726100e-02	-3.037760539752779390e-02	1.469759492639733101e-01	2.305076378840848483e-01	-6.115832323348105448e-02	-2.646105980259723031e-02	3.608223945803377131e-01	2.571394571421500852e-01	1.268423816297906959e-01	9.126864774354625717e-03	2.605094569137585414e-01	2.497804058101365243e-01	-8.168970694021729373e-02	7.445088767013754993e-02	-6.830677588582909077e-02	-9.861897749764914067e-02	-2.477817741370784144e-01	1.123275473745207614e-01	-1.421552063429771529e-01	-1.468275344389001758e-01	1.995600727127484764e-01	1.127475045588480218e-01	1.670078647329274468e-01	1.174738146560940361e-01	-6.992001391554077648e-03	1.499551807119364477e-01	6.430431501330273469e-02	-9.918461398749925384e-02	5.515785591384391590e-02	2.065330504222058841e-02	-5.650692779502407281e-02	2.786951643563911896e-01	1.202457476063596292e-01	3.182523175657046011e-01	2.539971511712288410e-01	-1.412327532297801835e-01	3.603541657806125786e-01	-2.139369648923514569e-02	4.700423973301542380e-01	2.551230334161441737e-01	-7.176033467803917543e-02	1.780509892476603850e-01	1.970571655173352643e-01	9.123343972597698637e-02	-5.827888330753967783e-02	3.979089607408842211e-01	1.859462692745287027e-01	7.370658105090942547e-01	6.693243124942627187e-02	1.831232757033655345e-01	1.073607751857315745e-01	2.885068607240335870e-01	2.861097342701987012e-01
2.240880049584585698e-01	-1.160006590164898294e-01	-2.947900506730528614e-01	2.318862703997167860e-02	2.768061909700252898e-01	3.605554763271278107e-01	2.531421056547398241e-01	-4.200904761826931288e-01	-6.297216019320660274e-02	-4.635911215242556338e-01	-4.665153331941511161e-01	-2.408632143267798453e-01	-2.298709610484083177e-01	-5.864830987037002868e-02	-2.077724620750330820e-01	-1.629674954439232215e-01	-7.273221710839974929e-02	-1.368671823405547272e-01	-2.604597773302630981e-01	-2.805604881193247691e-01	1.664604543401128345e-02	-8.611215419357400036e-02	-1.971149167850625925e-02	-5.833659494486226338e-02	-3.277358395538094160e-01	7.976098448425252008e-02	-1.054625631889644921e-01	1.147027889060068390e-02	5.137280927674848785e-01	3.458201209343326754e-01	-5.956780342567844638e-02	7.021869324064383688e-02	1.413151553165186147e-01	2.467369290114540259e-01	2.351720359481429545e-01	2.310251587853367206e-01	2.547216624613033997e-01	1.117554137020640853e-01	-7.256862295216284786e-02	2.300858223253152146e-01	1.742541938548773373e-01	4.555631070013387539e-03	7.757676973050924019e-02	-2.839636056863846236e-01	-9.675478601524439837e-02	-2.545280253787405300e-01	-4.474498715611737593e-02	1.592013139473143490e-01	3.410816013847167336e-04	6.125571899182318675e-02	2.041392559414806698e-02	1.098090916644461068e-01	9.143234147773751652e-02	2.595425855332779141e-01	-7.495378556084020261e-02	2.167110280050816573e-01	2.371060632368642007e-01	-9.295929275555661619e-02	2.851736662580909437e-02	1.231827314341318452e-01	4.677894484651151652e-02	2.230054969640710150e-01	6.476498038972537674e-02	3.775915184757377419e-01	2.141123070097699643e-01	-1.283177627870504822e-01	1.440649983126074118e-01	-8.442565939370812178e-02	2.111298518500705768e-01	1.654552438129279837e-02	3.497235234856264641e-01	-3.975956306671462603e-01	-3.263020735253174820e-02	-2.796819900014514970e-01	-1.294871905073071705e-01	3.906157862816507231e-01	-2.028743950321687251e-01	-5.811566913982380705e-02	-6.634818979310903864e-02	2.110550950688114269e-01	2.275769744939369343e-01	3.556843460085889336e-02	9.493556505134780055e-02	1.576139034642245473e-01	1.406605398435590570e-01	-7.231875138411963944e-02	-1.876879439525133975e-01	2.343998800458074738e-01	7.476860852675903946e-02	1.200535329991971600e-01	-2.784491059601517174e-02	-5.803581071740483710e-02	2.866134974643198552e-01	1.163761191529841775e-02	-5.017034523382161992e-02	-4.168852500313465805e-03	1.427493434751108368e-02	1.000000000000000000e+00	4.392180951201279070e-03	-8.652655525906026435e-02	3.825778482875267783e-01	-2.250648028633056921e-02	-1.358125407630953463e-01	-3.608286730489736888e-02	3.144036412164215588e-01	6.594214864640689233e-02	-2.606620177151032225e-01	-2.575451427630231493e-01	-5.150122085447292886e-01	-3.722123992467775699e-01	-3.771086138066984672e-01	-2.082961002697023278e-01	-3.594140122063228110e-02	-1.698352006061292496e-01	-2.368895334836793598e-01	-2.883231043324431808e-01	-2.184275837160920553e-02	-2.476759396642257138e-01	-1.140340712838260467e-01	-1.360161246377054600e-01	-2.187265487470930747e-01	-1.577393014594305476e-01	-2.844839145744069153e-01	-1.731454342299194593e-01	7.541776837359248642e-02	-9.895570988965633752e-02	-2.008866400413590880e-01	1.337178344483709036e-01	-4.921359406782917223e-02	-4.746080121568314880e-02	3.492404225680018626e-01	-6.602114846685706862e-02	1.426802317944496357e-01	6.049359675559193988e-02	-2.773290968834518991e-02	7.456173283496658755e-02	1.263448028681653235e-01	5.005721969773346131e-02	-6.111275302646728205e-04	4.167654565461232502e-02	-6.838439342465189863e-02	7.618941541843927967e-02	2.489635957098903507e-01	-2.738458672665900970e-02	-7.155270688343497165e-02	-6.303332720896050352e-03	-9.710947376983766754e-02	-1.506111302541728036e-01	-1.758929514577704523e-01	-1.556844681208930659e-01	-1.288128291069845222e-01	1.086701021976142351e-01	1.431683528245470405e-01	3.653286774084785887e-02	-1.033427309295169945e-03	2.339710874973784799e-02	1.538219270354161672e-01	1.195300133429015588e-01	1.057833932256352638e-01	1.015741064641445812e-01	3.195558598015397211e-01	1.754538417856007781e-01	1.990088596351750339e-01	5.686399160921152829e-01	-8.872218655568334111e-02	-1.618350349967195567e-01	-6.422210175645123864e-02	5.590982296978121158e-02	1.625937031880277939e-01	-6.827682863836298521e-02	5.008416842681378406e-02	-1.722480751958213319e-01	-1.364065785365496108e-01	-2.534404518173465348e-01	3.156638730088431877e-02	-8.387026904394381810e-02	-1.552955444699337384e-02	2.656441925737136889e-01	-1.628027408919056618e-01	1.643226917476278692e-01	-3.833333276795398148e-01	-2.169733339068767863e-01	-1.764354861261188678e-01	-1.633476344740142361e-01	1.334478261749334760e-01	-2.289799889108358466e-01	1.101769158138505775e-02	1.852380469275843877e-01	2.238934859627515206e-01	-1.487983414026037080e-02	1.281123024183734860e-01	5.485778242181794245e-02	-3.592908768095414568e-02	1.268429472683044179e-01	-3.757450868787692161e-02	5.950189677610665528e-01	4.622771801350067378e-02	-2.323435243049886204e-02	-8.375255209482973529e-02	-1.438851817228116448e-01
-2.223102516564450237e-01	-1.941501361668737380e-01	-1.702851155500801072e-01	-1.999774252576396738e-01	-3.132476666774973717e-01	-2.246408596700432969e-01	-1.614838715337134911e-01	-7.180852879049058612e-02	-8.164262720229170656e-02	-1.600328996498097955e-01	-1.670452615576698552e-01	-2.024763022478901775e-01	-2.307662296995848794e-01	1.525331161475775577e-01	-1.662974098562657321e-01	-2.013185292128966408e-01	-7.579755525470209532e-02	-2.489551546530064940e-01	-2.975627629563387666e-01	-3.888272437876819643e-01	-1.657029280741190436e-01	7.849496814360572283e-02	-2.471233634489816144e-01	-5.382871795718655039e-02	-1.009104960246658411e-01	1.324983750218445000e-01	-8.632228846765178931e-02	7.024610789769868135e-02	6.533151774032787407e-02	-1.036480970375644461e-01	1.838911932258202597e-02	-1.080307810326416734e-01	-1.110796417811556192e-01	1.296005174796000525e-01	2.116751154828672710e-01	2.590482418644342588e-01	8.548916372011469700e-02	-2.458167367765319578e-01	-8.281854274117815204e-03	2.463403579514185371e-02	-1.769008690091879166e-01	-1.102502068170444494e-01	2.235801110354368182e-01	-3.235435232342303569e-01	-1.363377927624474795e-01	-1.953817778439788377e-01	8.358594201683866576e-02	-7.050074514088726374e-02	-4.594522843037562865e-02	-1.043176806663592693e-01	2.650337095555312938e-01	2.397749223659267903e-01	2.988045625900735969e-01	3.043861037702691452e-01	1.886476429463670446e-01	2.252399507637818654e-01	1.637385462769609945e-01	1.837559694715014680e-01	9.106903629312242121e-02	3.618953578128288884e-01	-3.685703142040250291e-02	1.494346510016085205e-01	2.666332371949991509e-01	3.904293626413594953e-02	2.401796173119901956e-01	5.320703201035357349e-02	2.743819351637654114e-01	2.554497827099153073e-01	1.089700117127518214e-01	2.039373056015290619e-01	2.017963524916155660e-01	-8.910960181688223902e-02	-2.741726645963530884e-01	2.809689555132302563e-02	3.763684969615699871e-01	1.098421708932698360e-01	2.401731410711699100e-01	3.400259961842392459e-02	-3.588125653582505820e-02	6.232487859515099121e-02	3.767503507560995279e-01	4.456466664342903505e-02	5.462863752583527743e-01	3.295476862706332999e-01	6.738798566913452026e-01	5.521182830290245480e-01	4.426461718484251406e-01	3.476285628163975905e-01	-9.169503728495549677e-02	-2.249199830714248560e-01	-1.167803133513919539e-01	3.326747499271990316e-01	2.752465785762102657e-01	4.281974263343049647e-01	3.942854129090396786e-01	6.473876650499074681e-02	1.269898002625799438e-01	4.392180951201279070e-03	1.000000000000000000e+00	5.631190386221160971e-01	-2.562546833723092221e-01	2.299702446813997603e-02	-3.257637029098774950e-01	-1.041561013156537263e-01	-1.707099501999410351e-01	-3.700544690818087790e-01	-6.020048921944017029e-02	-6.118840224412627760e-02	-1.035427134101938873e-01	-8.500722197424404047e-02	-1.107539897758359898e-01	-1.340773596605300266e-01	7.770150212563115000e-02	-2.859650725526878268e-01	-3.609012654414242571e-01	-1.991417354150941954e-01	-3.192636163691337514e-01	-2.296053508706354107e-01	-8.259600374638799425e-02	-2.384752011251049797e-01	-2.499474926115371476e-01	-3.883842756118690565e-01	-4.023368736632904619e-01	3.404798810154634203e-02	3.177487692561259958e-01	-9.203408800882513507e-02	-1.704847038149463062e-02	8.479737506771824196e-02	1.666847994358180152e-01	-5.344163583119190125e-02	2.261206005232145946e-02	3.018500192425687886e-02	-2.957007068386529047e-01	-2.924424453117201450e-01	-4.894911531860125439e-03	-1.783419070772356008e-01	5.655331007037846247e-02	-6.469739445603768513e-02	-3.848707474371606541e-01	-3.401082374763854665e-01	-1.648092948929511803e-01	9.479212558557199853e-02	-1.168817680436475340e-02	2.337711485097120345e-01	5.142547943051208048e-02	1.801631916879961881e-01	-1.722269376076533964e-01	-2.546374291852071536e-01	-2.989985733262138790e-01	-1.499244034468921738e-01	1.722503494267716151e-01	2.237767637989632463e-01	1.196657175908489440e-01	1.489108317728507214e-01	2.063746627613156914e-01	-4.071339934419400571e-03	2.279797535030364530e-01	4.098862576266757984e-01	3.498394424527609958e-01	1.975433439672503733e-01	3.794421807771770072e-01	4.124702264586115885e-01	1.838237103171763698e-01	5.154808220738986424e-02	-4.317290609763222570e-02	1.231878472642573691e-01	-1.279702193131780907e-01	1.660296984494468997e-01	2.582230306702192335e-01	1.537679895058250423e-01	4.295284502139359306e-01	1.704346226983323997e-01	1.944302013733168744e-01	1.101021329118514608e-01	-1.500956852377891698e-02	1.174523453336595025e-01	2.004227697419373178e-01	5.820125240430128188e-02	1.897604987610951657e-02	6.275933929239230734e-03	-8.777562448445226650e-02	5.550407165597594922e-02	-1.791996528523712995e-01	2.997078889240043509e-01	-6.377560112095741196e-02	2.766804657129314227e-01	1.855688785389671691e-01	7.947941508274690425e-02	4.659249251644255185e-01	4.468316878669052472e-01	5.520199023486263012e-01	2.029855552398946578e-02	4.835428234268455694e-01	-1.910694982074011283e-01	1.318354988872658118e-01	3.783451145360233747e-02	4.466712149144705379e-01	7.446102091468697060e-01	5.763469457363650239e-01	4.161380743761411427e-01
-3.502047804722194235e-01	-1.417743515383439734e-01	-9.906334742520853109e-02	-3.587881338088120264e-01	-3.843230097901442210e-01	-3.547408253626306296e-01	5.699927294480229556e-02	2.183903976098569566e-01	1.085089831803843080e-01	1.332358073216226013e-01	2.560175262534600260e-01	-1.272808535253016071e-01	-1.358125210456608001e-01	6.586372325679105966e-02	-1.392232220259790876e-01	-1.745877903310376622e-01	1.130308819815284763e-02	-2.719460321975074035e-01	-1.333090099399862338e-01	-8.627604817723270869e-02	-2.991720421166901289e-01	-1.108280132957690546e-02	-2.334469092615381325e-01	-1.834586979818190675e-02	2.250041444498101506e-01	1.848355837725980944e-01	2.388897808437770096e-02	2.260200934822292618e-01	-1.640106428381368220e-01	-3.160262388466266725e-01	3.503568215159059696e-01	-4.503932623193029894e-02	-9.416550617631132269e-02	-3.774339507951325612e-02	1.921242066929884362e-01	1.261576976642046766e-01	1.453089863332904241e-01	-3.143720426179561489e-01	2.208850966353104184e-01	9.259713312736334023e-02	-3.084773197750982354e-01	-1.220385602170726003e-01	2.328850728935507042e-01	4.584282108574356390e-02	-4.141618626949968018e-02	-5.046951721578446515e-02	4.910403390221987352e-01	4.233724724315657967e-02	7.685189360435609740e-02	-1.455970256053927270e-01	2.397037014118396370e-01	6.772625770617048124e-02	8.493864420153038330e-02	1.002628782332533469e-01	-5.206558059205640410e-02	7.764680454303164725e-02	1.319726986109586442e-01	3.987237331006570074e-01	1.443109767267291565e-01	5.191267946325781590e-01	1.187497106031442928e-01	5.266886306508395538e-02	4.556468332053672521e-01	6.147820797656920050e-02	3.674287898032358446e-01	-7.706356081831776395e-02	1.492986227805881139e-01	4.680441797001028692e-01	9.851761959077401376e-02	3.236617461361044334e-01	6.136402438823682776e-02	1.359037840031377953e-01	2.367735406683550009e-02	-1.077153997083790150e-02	5.864388226140617721e-01	2.438873539068219798e-01	3.136205883865200161e-01	-1.341624150444216679e-01	1.755409967929048298e-01	-4.396684042555775579e-02	2.106592527921090918e-01	8.672292852541162167e-02	2.404857244598067045e-01	1.772251601658111908e-01	4.533316709076326001e-01	5.949941403342637880e-01	7.846168264461942377e-01	1.042736271447162466e-01	-1.782313399360283823e-01	-4.640502424507228496e-02	-1.113641793652744433e-01	3.001476692620448361e-01	1.370019315206744137e-01	4.191674156047406341e-01	3.819963797274082973e-01	4.974808774266937794e-01	4.043449311935073953e-01	-8.652655525906026435e-02	5.631190386221160971e-01	1.000000000000000000e+00	-5.079317782260768244e-01	1.615353798340324054e-01	-3.184735429754536606e-01	-1.786647165740881948e-01	-5.211590202835102437e-01	-5.672764158466313544e-01	1.078443040126788599e-01	2.137436422109365297e-01	1.253587926789430651e-01	2.477670938464521799e-01	2.676637003925369518e-01	9.618506306760124872e-03	-9.018277882579887883e-02	-7.911841065930702577e-02	-2.265399647862956223e-01	-4.226187232965979146e-02	-2.938117141224443341e-01	-1.673070924920412039e-01	-1.372337190136914409e-01	-8.120104836353536637e-02	-1.439526214048096608e-01	-2.069070302050404764e-01	-2.264485901155693648e-01	-1.499374045581141623e-01	1.821143872286546672e-01	1.926799715793313167e-03	2.571389752973727849e-01	1.404961756666215159e-02	4.805306750435746344e-02	-5.007816349705021888e-03	-2.503256713166799319e-01	4.068995519892162904e-01	-3.514845427303093239e-01	-2.319797755364064740e-01	-1.699014666869126111e-01	-2.739650289804785865e-01	-8.227112910283690406e-02	-1.436375236368671593e-01	-2.160406889337735392e-01	-3.830414886052622703e-01	6.427607150290605420e-02	1.446152330045176460e-01	6.697604900777508197e-02	4.084941856871920907e-02	1.926355523213496568e-02	2.394964119637167654e-01	3.366132818666802556e-02	-1.948724662678392172e-01	-3.710648244021057945e-02	7.997036069348247012e-02	5.240152839591846190e-01	9.794384334976166673e-02	2.392942269036861247e-01	3.996901652208784128e-01	3.355683910429315686e-01	5.866422718085576027e-02	1.106616995864553449e-01	3.691156927517388331e-01	2.719562685585472095e-01	2.858531661133600354e-01	5.509738290664098481e-02	2.451160509613376226e-01	2.773404936767503298e-02	-1.717564161351687879e-01	1.400115953054061613e-01	1.220597513085846797e-01	1.120630189171072238e-01	2.299153096540856589e-01	3.569520738572735108e-01	1.768929093515788920e-01	3.440742918654041138e-01	1.204251172436939660e-01	3.981245633785391314e-01	2.863765617889330595e-01	1.133678801721087342e-01	3.005791246305616893e-01	1.934230419932136957e-01	5.579110593079643354e-02	3.059196942800478936e-01	2.640501241570616386e-01	2.569789927703241550e-01	4.304543138304791627e-01	-2.127328863191814690e-01	6.905609997995443283e-01	1.917144331611531638e-01	4.492852182982017273e-01	2.316293537055903184e-01	-8.428709203583127640e-02	4.782341364973374809e-01	5.015156994831002635e-01	2.913879868704443155e-01	8.270904264911228820e-02	5.996199655120969529e-01	1.103389303721459408e-01	5.078660111349817541e-01	-1.556018756879620941e-02	3.502125604657879143e-01	4.237273908243840981e-01	7.090615022082211727e-01	5.244334007289339628e-01
7.085525378161657839e-01	1.774482701650130223e-01	2.477314029660362960e-01	5.873691324352976473e-01	5.209727642569139672e-01	7.447957936035657367e-01	4.074791418618531891e-01	-3.794917535251065011e-01	-1.763130489268341927e-01	-3.566433439201673883e-01	-4.193457176444172485e-01	-2.655807925408721834e-02	-7.661033936547204624e-03	-3.284334745353396229e-02	6.291359171930406557e-02	5.396764574647521656e-02	-7.977960651466955988e-02	2.036236254612927010e-01	-7.313454384912519701e-02	-1.416451307061282472e-01	2.299982869696197765e-02	-1.100987989082788110e-01	8.741023375320815247e-02	-8.476004486714079633e-02	-3.109031366111394412e-01	-1.289380002040044770e-01	5.862094538548893313e-02	-5.160120588065331831e-02	2.942502914878807885e-01	3.308672756058694819e-01	-3.472510810016686267e-01	3.103967947718456744e-01	3.064784796724265847e-01	1.917617684408248757e-02	6.066184500667104636e-03	1.496767651210101184e-02	-3.320303712608451557e-02	2.630360471438359937e-01	-9.718290752892694284e-02	-1.673638217186294852e-02	1.500428515176905064e-01	-4.675905366725351814e-02	-3.313177625314037839e-02	-9.950408596343814083e-02	-1.731861353618323676e-02	-7.320262947906303053e-02	-4.729473539609674870e-01	-9.183508288294058713e-03	-1.386890575767866507e-01	7.586074904333205138e-02	-1.429756698225315981e-01	6.944455914836497601e-02	-5.758229243634341993e-03	-2.018378655512959724e-02	1.625443488273180803e-01	8.584824739268939742e-02	-2.532933292833907668e-01	-4.304133998284394025e-01	-1.538213551237112009e-01	-3.219367826698836255e-01	1.995182102077861994e-02	6.456635500578891684e-02	-3.436436118916213478e-01	1.874867708097664454e-01	-1.834833732754999891e-01	7.824470316943145376e-02	-2.613826903827338732e-01	-5.284923821193491245e-01	-9.177486494762987501e-02	-3.442075884216650450e-01	1.901931532096240718e-01	-8.729909332471004479e-02	-8.143461632287100904e-02	-9.399115438504226927e-02	-5.694047841345715177e-01	-9.116731806985248210e-02	-3.324237170073614522e-01	9.006309225266333207e-02	-8.510918453350790891e-02	5.757687653316632959e-02	3.330692889208511191e-03	-7.794166965653437362e-02	-5.679707485733265920e-02	-1.786317690180473927e-01	-1.721464856016549361e-01	-4.434330586691460629e-01	-4.823020779333871411e-01	5.623643162511765548e-02	1.702680139962011938e-02	7.981562536609407288e-02	1.132162489924220805e-01	-1.249305739992307707e-01	1.440379494905811852e-01	-2.229443672848471780e-01	-2.080612424451652731e-01	-4.333817312304956704e-01	-2.131992446627163085e-01	3.825778482875267228e-01	-2.562546833723092221e-01	-5.079317782260768244e-01	1.000000000000000000e+00	-2.301082289370769973e-01	3.667444100907676918e-01	2.197596633511068043e-01	5.699573923875751458e-01	7.170738365807195480e-01	-1.848149882913411313e-01	-3.990456844288246541e-01	-3.421111183350921681e-01	-4.480336005824453460e-01	-5.123239961977061885e-01	-1.997404278742571371e-01	4.263798984156809413e-02	5.021515319524876703e-02	2.344816357977137430e-02	5.477381344628256404e-03	-2.665724744433385987e-02	4.233397073669395438e-02	-1.023972839242088817e-01	9.939821687789754390e-02	-3.824703073895659167e-02	-5.185340328618415900e-02	-6.428015260341321535e-02	9.199680896700508648e-02	-1.730741727469186086e-01	-6.412144089078276876e-02	-2.921911325043058949e-01	-1.155821393872404623e-01	-8.979253676802703699e-02	7.961494748404421284e-02	1.943561775013935289e-01	-5.145567697460614598e-01	3.891919755790377300e-01	3.040562423597102937e-01	-6.810686917711829096e-03	4.461344199220969309e-02	8.621443223905647657e-02	-1.505500041505203682e-02	4.357761159711047438e-02	1.606662008197755342e-01	-1.169796310967206182e-01	-2.210355433921335488e-01	4.439274060539608741e-02	-9.205656873293550924e-02	-8.971709023301059627e-02	-2.212888597115653944e-01	-4.278100086235947508e-02	4.640702178961510216e-02	-5.915454092273198655e-02	-1.496846058121197587e-01	-5.656281149508419759e-01	-7.001701686137351555e-02	-2.068636388062430609e-01	-1.891053473926901374e-01	-3.368037436709370724e-01	6.290892989547577918e-02	3.783728554415630857e-02	-1.721890388379194170e-01	-1.283583311703752616e-01	-8.775842999532715294e-02	2.560136752682291850e-02	-1.068286587747065003e-01	-3.292277233692630922e-02	3.127035779248680814e-01	-3.780768074186297567e-01	-2.462355970032525099e-01	-4.507670257056879681e-02	-2.210992670231887447e-01	-2.219349947978250526e-01	1.947166782242518851e-02	-3.161184202892682871e-01	-2.699717172101150919e-01	-5.362925837266229179e-01	-4.552673461067798799e-01	-1.600317672377515044e-01	-3.434020975904439887e-01	-2.180113507514634397e-01	6.829228595390145207e-02	-2.267214918230643361e-01	-2.137699784241565704e-01	-2.412099611885675232e-01	-4.262953620677688571e-01	2.227043197698000410e-01	-6.301057124719388058e-01	-1.675826439559101877e-01	-3.559008769046118625e-01	-1.344215872706173709e-01	1.996469942243223883e-01	-2.278874676628457885e-01	-4.523380337639995030e-01	-9.963445893573348588e-02	-2.791263000007871420e-01	-3.270755914015502364e-01	-8.948206661972889220e-02	-3.190813012416257033e-01	4.102121454183022542e-01	-1.201189066062259697e-01	-1.324266015278160180e-01	-4.771989579655410707e-01	-3.917706652647945931e-01
-1.662206904401453966e-01	1.572028841007808986e-01	-5.053352625548834104e-02	1.581651474195104601e-02	1.146597789049280530e-01	-6.199129657485677458e-02	-2.118776895310010289e-01	3.628043914173144091e-01	2.572560653502257155e-01	3.237530932258227412e-01	1.984223251933163734e-01	3.465345239325135496e-01	-2.670438699426558316e-01	-1.750364593596008544e-01	-2.397408449657425500e-01	-2.086085698542350653e-01	1.199754716162614171e-01	-3.745451558448692486e-02	-6.860075806391724429e-02	2.439788946430378469e-01	-1.854954761843379818e-01	-2.452179977607083783e-01	-3.919775398988589732e-01	-1.615686585953730880e-01	2.407914242560332541e-01	1.226370910095400842e-02	-2.193799154767434034e-01	-1.676426516961574686e-01	3.135377454324460023e-01	5.280400629667507673e-01	7.457891867281245535e-01	-3.671303533454949863e-01	-3.294404972607525295e-01	-1.373803421566556771e-01	1.162208556693360706e-01	2.042124282471599050e-01	2.861444156704499586e-01	4.420146354522193344e-02	-2.505301607601566616e-01	2.081981937309239639e-01	-2.323065873682193805e-02	-7.784682021078953573e-02	-2.031072386597731205e-01	-1.487495473242775312e-01	-3.786806419698415249e-01	-7.018602000425074039e-02	2.658671872582262230e-01	-1.325170324095123753e-01	-2.657992173545917214e-01	-4.266691994890869366e-01	-3.357159282490133900e-02	-1.590053501269565461e-01	1.890682462314481060e-01	4.708269155275375539e-02	8.262647720879212621e-02	-1.311759803313256034e-01	1.493610194731223861e-01	-9.432022555417150789e-02	1.099791615523202232e-01	3.207511573593406495e-02	1.040451558583264588e-02	-4.700452467280902963e-02	-1.377816834476379704e-01	-3.717977521000153524e-02	-7.925848523080070152e-02	-1.805300304882396789e-01	-2.943599756875663331e-01	-2.526647785322466699e-01	-5.232245369476262037e-02	-2.434237292101580630e-01	-3.901989446868140421e-01	-2.047557115952528262e-01	1.340806092200614030e-01	-1.244923340368525172e-01	-1.491844105573192636e-01	-1.011930514510856610e-01	-2.624844687233661780e-02	-2.432494471313140783e-01	1.144452801090436837e-03	-1.325285800874643205e-01	-2.036289914416254399e-01	-2.472701150842036011e-01	3.015707159025853359e-02	-3.496703788649873079e-01	1.644994041605995772e-01	-2.963164285580357493e-01	-1.054607434587136010e-02	-1.108804261798432694e-01	-2.022353348329346615e-02	-4.555617639796832319e-01	-3.360438167553568833e-01	-3.275600754043167528e-01	-4.407001722609726196e-02	-1.246205413495165559e-01	-1.782655289817833000e-01	1.084549170849851557e-01	-1.201574340007416919e-01	-2.250648028633056921e-02	2.299702446813997603e-02	1.615353798340324054e-01	-2.301082289370770251e-01	1.000000000000000000e+00	2.345149000852507840e-02	3.288553717825308254e-01	9.010565469583978193e-02	-2.726935463729105585e-02	2.540216063106922606e-01	3.830953794967032477e-01	3.171311543236232655e-01	3.461577523927637512e-01	4.393844798205832625e-01	3.623467716671191496e-01	-1.263863784308936686e-02	-2.212080779583079360e-01	-9.271021304310432531e-02	-5.360897323044316876e-02	2.022334425286273496e-01	-1.412728567903714094e-01	1.365116148981530553e-01	8.429541460478567200e-03	-1.155760271769257089e-03	-4.311199871580840420e-02	9.999296691900565193e-02	-2.177847907921316994e-01	9.246946950439530188e-02	-4.863601142076111328e-02	-2.028792010341553820e-01	-1.055875356767671108e-01	4.130745859208936888e-02	-1.504032907673306385e-01	4.785998399416782068e-01	6.523718035162571205e-01	-2.859920194555847783e-01	-2.195716251026481047e-01	-1.602416435317411958e-01	-2.788660460281605635e-01	1.374991896389984869e-01	2.152196660251425031e-01	1.491562682065540879e-01	3.983936592312799230e-02	3.007621711393136388e-01	2.720641153976080528e-01	-1.156913991513908724e-01	-1.856376156699684754e-01	-2.351548121346895004e-01	-1.718047469757520429e-01	-2.456407993760520436e-01	-3.051088362728210934e-01	-9.084512857030985211e-02	-4.179004014553176771e-02	7.168111527226879442e-02	1.297221369273854619e-01	-1.501918614066239110e-01	-2.626052365183341730e-01	-1.064590867629374576e-01	-4.042495977454843015e-01	-7.059576516287022208e-02	5.469903086159204342e-02	1.709820004621760356e-02	5.128116225038739651e-02	1.960128497120298130e-01	8.103398865016001040e-02	-2.405177602868958930e-02	2.166061297538121877e-01	-3.028439880936332207e-01	-1.693013858872050859e-01	-1.718302013607261591e-01	-3.767123465290035667e-02	8.474778341148657412e-02	-2.696880121962179078e-01	-3.455942197816304629e-01	-3.372737491875981153e-01	-2.508578679397543421e-01	-3.270661699842517534e-01	-2.108219910551102083e-01	-2.795513465461906266e-01	-2.509787105650748695e-01	-3.434852438738399960e-01	-4.195883137889855896e-01	-2.116266230827027750e-01	-1.067182111350321455e-01	-1.632920030491292473e-01	-1.146091111231638260e-01	1.000865837676009201e-01	-1.622116048365152552e-01	-1.297511973864684254e-01	-1.599409286466594859e-01	-1.087739453876180318e-01	5.564084518694036030e-02	-3.047410762194707190e-01	2.298704126667500403e-01	-1.274138679327669887e-01	-7.105760395136222207e-02	-4.199645955370128608e-02	1.476912520027827413e-02	-1.714354740368381202e-01	3.080952140291858821e-01	2.079730692483121590e-01	5.085396576179115335e-01	3.923343792803498653e-01
2.817740210663538525e-01	5.903811896526626191e-01	7.047090472332088185e-01	6.477585777531803535e-01	3.950098270415283719e-02	1.938095994266910704e-01	2.033141153688328429e-01	-3.253873382538965270e-02	5.044774392506068406e-02	1.943447004148537993e-01	7.226017398280103199e-02	3.353169643468841832e-01	2.163177689765966374e-02	8.633737430433598148e-02	2.524702680576669800e-01	2.308377000184109462e-01	1.676368122834027419e-01	2.650714706711917446e-01	1.479865448831630126e-01	1.503277308886899755e-01	-1.795622589152240933e-01	-1.934551450372524184e-01	2.578121209849178197e-02	-1.600609164521539229e-01	1.682766354558629107e-02	-2.024823370053779326e-01	5.654281282178238305e-02	-9.405232645722511053e-02	-1.719719992405614739e-01	4.978987221311483025e-02	-4.973729080910876954e-02	-2.953033490734019786e-02	5.578861038894002145e-02	-4.462203733103224934e-01	-2.652514708869743165e-01	-1.127776672404743746e-01	-1.437105913893623188e-01	2.590515234767479802e-01	4.015689453284685545e-02	-2.701711041190572593e-01	-5.512784323565274314e-02	-1.688227153659097035e-01	-2.102688856153531460e-01	-2.818840510224979862e-02	-1.101655721633889619e-02	8.638744824526563282e-02	-3.088045499118798332e-01	-2.185468436775328538e-02	-9.068046002626932445e-02	1.466119084894099978e-01	-1.695289852787436324e-01	-5.523411740765567235e-02	-1.532796153269121997e-01	-3.733817754516968734e-01	1.449698615746847496e-01	-9.056965353533483198e-02	-5.670728509694332731e-01	-4.357112542927970011e-01	-3.532432009678276863e-01	-4.179906688370749746e-01	-1.055025918962058107e-01	-2.039294407740488979e-01	-1.595450749672224777e-01	-2.446875238562176147e-01	-3.184874555912740601e-01	1.148328971307682606e-01	-5.006142300804778955e-01	-3.864742441378524185e-01	-2.242717215583252266e-01	-1.347937782690037389e-01	-6.527339610218829691e-02	1.330232860208318546e-01	4.360732694314389118e-02	1.437429731973615399e-01	-4.376636319963529420e-01	-2.516365784242164949e-01	-2.026223896024113569e-01	8.466493303486141014e-03	-2.433935434222960978e-02	1.099379949730537320e-01	-6.667527942418219333e-02	1.248356484089385848e-01	-1.228985805813917337e-01	-3.095674509858112877e-01	-2.599659126608878101e-01	-3.008907141818945585e-01	-2.031509497767123862e-01	-2.638572523693910044e-01	3.021240327772355475e-02	1.672924377497884280e-02	3.727569064378801617e-02	-2.843171256339739258e-02	-1.117387024184825217e-01	-1.512442708164560001e-01	-1.092553566142737687e-01	-4.320932186615548121e-01	-9.694847672613188250e-02	-1.358125407630953463e-01	-3.257637029098775505e-01	-3.184735429754536606e-01	3.667444100907676918e-01	2.345149000852507840e-02	1.000000000000000000e+00	5.294919494506669100e-01	1.468172987660201767e-01	6.254831714467311565e-01	6.527275865745812977e-02	6.057527196280707016e-02	2.807307582103476529e-01	5.213382613517543451e-02	-3.266347468631503742e-02	6.974059037161532693e-02	1.431784007293697147e-01	2.365626434432694936e-01	1.220044692022730914e-01	3.954074404062152825e-01	9.247187773641911412e-02	3.362507692064948261e-01	1.229683530853653700e-01	2.073351565383134976e-01	1.546467984813462426e-01	9.432227801192921701e-02	2.249146963131871124e-01	-5.985400680532653589e-02	-2.740658905069980888e-01	-5.089731031689377627e-02	-1.101782209092286025e-01	-3.975488945062066182e-01	-1.086046526470003798e-01	3.808433268323802023e-02	-1.498638699587306056e-01	-2.692692900612456697e-01	-5.392175267989261084e-02	1.688683441774701255e-01	-3.048245734485983682e-01	-2.217422725447640020e-01	-1.197095977787385607e-01	-2.783737143944655865e-02	1.187844158006975959e-01	2.298762935233557292e-01	7.332978794715913629e-02	-2.711861763066165110e-01	-1.981409128499874717e-01	-7.529206101096377890e-02	-1.311217547879891254e-01	-3.680196736224082832e-01	1.599656614529072068e-02	-4.168140279223269545e-02	2.766182438489405218e-02	1.208034107161933268e-01	-4.205999083986507459e-01	-2.957749819800910007e-01	-3.649668648058273512e-01	-1.751016967607270658e-01	-3.369037505025663792e-01	6.692647005350786660e-02	-6.555084880404905834e-02	-1.681036464106726025e-01	-2.471412290169697906e-02	6.049542148717750034e-02	-1.714396010725465491e-01	-3.935358754508848089e-01	-4.076883483857983159e-01	-2.602278421190435953e-01	-4.993528383286852668e-01	-3.093480941585664556e-01	-1.983185013493126911e-02	-3.776993721888654010e-01	-4.208691716243998515e-01	2.115407550573929901e-02	-4.235241675707219211e-01	-3.915233104584339707e-01	-5.076216511605147197e-01	-4.485016179164239003e-01	-3.479490273198439509e-01	-3.518727513584150590e-01	-2.478532181849835980e-01	-9.871668703069909345e-02	-1.348591363477595340e-01	-3.246954351522021165e-01	-5.259307778464904215e-02	-3.469720393759768151e-01	2.081387341909257949e-01	-4.535194023929499108e-01	-3.741436637468803506e-01	-3.043200682690460068e-01	-3.120163534558826474e-02	8.121258531076094855e-02	-3.573830797491502898e-01	-4.156155041701862229e-01	-1.121110729276295903e-01	-3.803645439009908924e-01	-3.168101908442638170e-01	-2.969319119949256902e-01	-1.628448238260589431e-01	-4.583741843596383231e-02	-2.910684395689593917e-01	-2.815053347196449507e-01	-3.497213863634171527e-01	-1.942893154664171174e-01
1.650592237821048858e-01	7.931279248098684898e-01	2.464407159406817038e-01	6.001784119143599439e-01	1.122624302009776753e-01	1.059635621675021483e-01	-1.543736599060277319e-02	-6.769794763375068525e-02	-7.079207254345742939e-02	1.307923175378980229e-01	-5.496835227825890013e-02	1.565171757072326975e-01	-1.839663030533409405e-01	-9.018018794806081928e-02	3.321767841551023087e-02	-5.602720666745983347e-02	-3.958646067693035592e-02	-4.157070261540362494e-02	-5.139565799928286216e-02	1.769635160549919428e-01	-2.846405033493453196e-01	-2.486820328995781038e-01	-9.178866326783109708e-02	-2.622111751435747262e-01	-2.075072068305721870e-02	-1.676948281336031743e-01	5.756464166862049897e-02	-2.966010869136770922e-01	-3.357225088195823614e-03	3.021659951060151061e-01	2.940327690362016730e-02	-1.189919694657247812e-01	-1.093015820038572561e-01	-1.475490895921160173e-01	-1.061470082191085379e-01	-7.432047556609971961e-02	-6.915374889767342270e-02	7.843628518579262576e-02	-1.109704779481639481e-01	-1.431712601125626760e-01	2.891309656187353045e-03	-1.114206469063244165e-01	-2.414722335214145033e-01	-2.412852030933180236e-01	-2.188953604635432981e-01	-1.880256424272626070e-01	-2.060145734701368525e-01	-5.661272149013270999e-02	-1.830234707308600883e-01	-4.513170580394085946e-02	-8.506770108778954897e-02	-7.705330653468431268e-02	-3.624325224866803419e-02	-2.305494756386495814e-01	1.517095330229587258e-01	-3.073235627499200651e-01	-3.338678226779501212e-01	-1.554863302493259825e-01	-6.028954235553519309e-02	-1.994029814536107947e-01	-1.141675212370399928e-01	-6.316345130896869331e-02	-1.401471078056909236e-01	-1.357697717846911289e-01	-7.451737373828268285e-02	-2.767086432838580107e-02	-4.682685517346962811e-01	-2.601094079452315189e-01	6.208319041889794054e-02	-1.623105859447101507e-01	-1.280921395390288361e-02	-9.837452775900577817e-02	-5.256365553462966772e-02	1.033545334556519452e-01	-2.297755583266536950e-01	-1.293043369082100824e-01	-1.268791623326532281e-01	-1.716157503378189231e-02	-4.168270810782666314e-02	-5.901939913181577374e-02	-9.560039404244517758e-02	1.038657384147694956e-01	7.419970380595417025e-02	-4.792720575004491002e-01	-5.783796800251461701e-02	-2.768633414176123742e-01	-1.570984817006188528e-01	5.487692541827368306e-03	-7.513669189599184173e-02	-9.313741765776986647e-02	7.133027546138633046e-02	-2.408264167574388215e-01	-1.797399570571818761e-01	-1.465921436152522739e-01	-9.895282127897564450e-02	-1.597488476151222303e-01	-7.986747835268023787e-02	-3.608286730489736888e-02	-1.041561013156537263e-01	-1.786647165740881948e-01	2.197596633511067765e-01	3.288553717825308254e-01	5.294919494506669100e-01	1.000000000000000000e+00	2.067461572903189493e-01	2.807692976997683831e-01	-1.285527071599619486e-01	8.144298623271103987e-02	6.266461684381696706e-02	5.042551994557913086e-02	1.516774089233663934e-02	1.843863402624299277e-02	-1.202181284379832960e-01	-6.086267349078420402e-02	-6.497557935120823469e-02	1.229120467515608245e-01	4.772841949067202494e-02	-1.443882062733684024e-02	-7.642592124134311993e-02	-1.218953528499481520e-01	-7.792181426158739654e-02	-2.745162581056021650e-02	1.749341692874118170e-01	6.644296520630105923e-03	-1.500924293595858328e-01	3.517405599935100741e-02	-1.702421855401603512e-01	-3.193739134610396047e-01	-8.759846699159651306e-02	1.065917756010401340e-01	4.419472882117565088e-02	-7.013998928326377336e-02	-1.669903247362299614e-01	-1.156764996976993309e-01	-2.715302810822197155e-01	-2.665787520811161437e-01	-1.207459722193534868e-01	-8.989644364964309575e-02	7.304223372232525498e-03	6.328515623996108959e-03	-9.387425555054426662e-02	-1.794666244067203431e-01	-2.098189017333450257e-01	-1.726195159615665775e-01	-3.499895573257346681e-01	-3.754793463783110963e-01	-2.038443532549856774e-01	-3.704492047237749053e-01	-2.320588753472751231e-01	-1.862156307393906252e-01	-3.203870526587087042e-01	-1.634749720003304263e-01	-3.530768393881274503e-01	-1.986806796842045253e-01	-2.963796036893064922e-01	-1.445951136868637299e-01	-7.842409582924295131e-02	-1.616554489397384609e-01	-3.915771827477203954e-02	1.278713249371177599e-02	1.933291103719939931e-03	-1.606574003972859044e-01	-3.844853449384745959e-04	8.161027223723327229e-02	-4.694651894181047780e-01	-4.435590669546874421e-01	-2.375328411974990672e-01	-3.013648977133016604e-01	-1.280412307866145849e-01	-3.402876678744837929e-02	-4.348280153701042927e-01	-4.713635622877217490e-01	-3.817360887311385675e-01	-4.885650395694590697e-01	-4.333555657656239513e-01	-3.321210238117702218e-01	-2.770943590730544082e-01	-2.144862957887532506e-01	-2.165370518770186881e-01	-2.909294485520362850e-01	-1.459811136839052892e-01	-2.399231709453145678e-01	9.294426479312542511e-02	-2.249828213608993099e-01	-2.869582810655975091e-01	-1.561773365469379671e-01	4.750189285977853698e-02	2.376359182680463401e-03	5.725289572860671819e-03	-4.819891691679668022e-01	2.907460531558084815e-01	-8.890075018367585291e-02	-2.536182444430966632e-01	-2.372672937972552243e-01	-5.952217437215007179e-02	1.634015138417414803e-01	1.482065875007468891e-01	-2.711439488392110991e-02	6.585078749522056685e-02	-5.654731021935852781e-02
3.035655135525663906e-01	8.606219952843179033e-02	-1.324917142255316593e-01	4.932528672736360975e-01	7.490003577055005524e-01	7.352683964048892795e-01	8.628129731979199135e-02	-2.705020342972470071e-01	-7.386268027340331388e-02	-2.861049189709206075e-01	-4.499315026568422304e-01	8.588495462803610869e-02	-2.000475314544900018e-01	-2.559395148610295045e-01	-2.875442655846713880e-01	-6.805209656921699934e-02	-1.602675823994399174e-01	2.167291068758250006e-01	-1.122336327062206374e-01	-1.970860905371741023e-01	-7.209283158752370115e-03	-3.305463911277526923e-01	-4.239463512645692822e-02	-2.844754772655144759e-01	-2.594586797436502779e-01	-2.621251503631479296e-01	-3.340248428749180154e-01	-3.595034914961052208e-01	4.118974743341956568e-01	6.607626393015795241e-01	-1.094841910949080344e-01	3.244006089975294271e-01	3.427835230454344129e-01	3.051999914608103381e-01	-6.389593608534915870e-02	2.922996412009659303e-02	4.128289383450351596e-02	4.304245077343102355e-01	-2.758440104609337085e-01	-5.484479907298663720e-02	2.040166867185838340e-01	-1.937781712938667486e-03	-2.360596412447610037e-01	-3.011462961738035071e-01	-3.073831509522552685e-01	-1.497124767289115532e-01	-4.316341693888958719e-01	-1.413713023557090775e-01	-2.499630768079594001e-01	-2.091024135702293507e-01	-1.789429785064002854e-01	-1.727796100560788709e-02	2.723894225714280914e-02	7.576887642064688774e-03	1.799113318881435108e-01	-6.765708117996006854e-02	6.115472704421877001e-03	-2.234480444445439140e-01	-3.301086504209864436e-02	-1.666999383755330133e-01	7.226248346213172413e-02	-3.488841245152172338e-02	-3.991289649321334010e-01	4.961987113641357777e-02	-1.727868430948238110e-01	-7.823550040457862009e-02	-2.337912925019130783e-01	-4.453655756321630022e-01	5.987140096918870669e-02	-4.672357802611590283e-01	-6.977891662271634710e-02	-1.589647187314383037e-01	-2.001869273622229953e-02	-1.286513284445976457e-01	-3.853056662099479390e-01	-1.788553513454806398e-01	-2.568943171014151372e-01	1.008065619862002077e-01	-9.175472455408055505e-02	-1.020579085174503492e-01	7.915500185798218400e-04	-3.426541767508096692e-01	1.360668428115009536e-02	-2.548898902825502688e-01	-8.872965604988192201e-02	-3.870159664261966226e-01	-5.507320127746309080e-01	-5.647075594644294927e-02	5.131810931181508828e-02	-8.020073573892236296e-02	5.877213230348093953e-02	-3.460074968049126065e-01	1.427512042271863180e-01	-2.748713484382846461e-01	-3.043103843475085113e-01	-3.528736781147070456e-01	-4.078265155105036399e-01	3.144036412164215588e-01	-1.707099501999410351e-01	-5.211590202835102437e-01	5.699573923875751458e-01	9.010565469583978193e-02	1.468172987660201767e-01	2.067461572903189493e-01	1.000000000000000000e+00	6.325661705693144121e-01	-2.205313779953311237e-01	-2.716847386159148003e-01	-3.342858879695247420e-01	-3.457888094523223765e-01	-3.680283796339759994e-01	-3.726675985860270629e-02	-1.538925768338716138e-01	-2.697489833648244462e-01	-4.660177698020956383e-02	-3.254786941836049219e-01	-6.424764329023084294e-03	-2.010914070282999733e-01	-9.573059115687845844e-02	-1.759806518653260834e-02	-1.421073520672986590e-01	-1.181646588829147054e-01	-1.617230945984818313e-01	-1.280593792523823382e-01	-1.534338787247339075e-01	-2.286838534176960647e-01	-4.802193061813201935e-01	-2.063760806886645871e-01	-2.922104473247728040e-01	-2.807200627388748426e-01	4.930597125513030421e-01	-1.715749287216560004e-01	5.619293323828018494e-01	3.093120361742313085e-01	2.725802827013539265e-01	3.286720149974326488e-01	-2.138737858424996988e-02	-9.353368916622521734e-03	1.463491945131914218e-01	1.968791136816151477e-01	-1.363309747621170576e-01	-1.675163704593235214e-01	-1.042537746930737586e-01	-1.620101531768391723e-01	-2.098678442967007729e-01	-4.003200758494747658e-01	-2.230083238573995486e-01	-1.237858241339123699e-01	-2.597071976421440609e-01	-3.017614326040061190e-01	-4.750662659948277078e-01	2.502691444084924680e-03	-2.857780648607450846e-01	-4.626857321131570555e-01	-4.362734968162743643e-01	-1.845478438539941701e-01	3.000455871576046540e-02	-1.323881523377161418e-01	-1.763928058330121729e-01	-8.942874426674253183e-03	9.924224933850352148e-02	3.891666146405581284e-02	6.833294237511287894e-02	4.060634541758501581e-01	-1.774259558069136156e-01	-3.132403949013665839e-02	-6.160404223976002208e-02	-2.782814428630538961e-01	-2.076455813110768545e-01	-2.116986213702941322e-01	-3.767715200776853846e-01	-1.961526929014248133e-01	-3.492102000421422048e-01	-3.371239545285976691e-01	-1.482448140109150769e-01	-3.146905757731763287e-01	-2.338396540943661617e-01	-1.743204123102830572e-01	-3.593658064080092474e-01	-2.012048712330727074e-01	-3.404147312762550448e-01	-5.319024712214559525e-01	1.554244894247849562e-01	-4.711608805073708162e-01	-1.855348928145924003e-01	-3.935038741741025969e-01	-3.808240013158439852e-01	-1.188509939665651077e-01	-2.035958753248309216e-01	-3.819839219425682497e-01	4.887785003174769521e-02	-2.021410383672758437e-01	-4.111317865736960342e-01	8.169306106605869755e-02	-4.829353430756190835e-01	3.346700229981234287e-01	-1.446137919498732133e-02	-6.092750988360254305e-02	-3.214486679065864383e-01	-3.692614074880272712e-01
4.456451747573302313e-01	2.317941804324138988e-01	4.093785014210307716e-01	6.960280913842964434e-01	5.275113965664137705e-01	6.634741214153823119e-01	2.456619329808806818e-01	-1.632720245803962744e-01	2.935170134838897479e-02	-6.589176645643954333e-02	-1.798918443674896173e-01	2.492628688528924219e-01	-2.255727273483892209e-02	-1.068885637253480930e-01	4.055597246110351217e-02	1.716266210003505599e-01	-2.920301547577594178e-02	3.442897999551852162e-01	7.110104883596432557e-02	3.886996578105331602e-03	9.828112836960369025e-03	-2.014970451842900689e-01	4.852245868538351825e-02	-1.891209218652802893e-01	-1.984767988275105421e-01	-2.750289469999778191e-01	-4.221566373576327025e-02	-2.471498628839504941e-01	8.716742942222316382e-02	3.336631085555630261e-01	-1.420845050222595829e-01	2.583301611699796996e-01	3.134779811467083843e-01	-1.956607855998571677e-01	-2.801792894143897428e-01	-1.766468119247223689e-01	-2.263790845162789167e-01	4.085869640154863869e-01	-9.496972274164537653e-02	-2.625064310339782492e-01	3.834325737097350056e-02	-1.637231713870903327e-01	-2.734786349336596478e-01	-7.686053868188436056e-02	-8.811970847285606478e-02	7.356232008967973635e-02	-5.426766565672720422e-01	-1.692475589977584793e-01	-2.392984904818945269e-01	1.216886940481318180e-02	-2.541859737565810295e-01	-4.713143504086469288e-02	-1.571753616154708544e-01	-2.564643485092489295e-01	2.741966568324081810e-01	-6.719550717766703193e-03	-4.384184179555308258e-01	-5.257630632840677443e-01	-3.811806151059617953e-01	-4.953043790526334145e-01	4.216759674667114322e-02	-2.857721696155614555e-01	-4.343780811676976605e-01	-2.121434710932531553e-01	-4.198590914591678880e-01	-8.501379494814524304e-03	-4.706615571612567939e-01	-5.770967395288306712e-01	-2.167964412672231667e-01	-4.517287857308934229e-01	-1.390472031277748266e-01	1.182816303576363082e-01	7.618029192887391943e-02	3.075452773086381070e-02	-5.754760714147738598e-01	-3.462680194323832783e-01	-2.186633624423478806e-01	1.064778752735563577e-01	3.865665797627616806e-02	1.017814315612397026e-03	-8.540313212189964975e-02	-2.085224835672929156e-01	-1.176552559951217630e-01	-3.986818032569058312e-01	-2.689011786727409370e-01	-4.367486159166568127e-01	-4.850439196496529881e-01	-2.926327962774054048e-01	8.971651395187411199e-03	2.721901856130639133e-02	6.193594730299573081e-02	-2.220843988723456286e-01	-4.409968486656909437e-03	-3.568401270849617113e-01	-3.352617523364866958e-01	-5.034854391455817479e-01	-2.573185187579463129e-01	6.594214864640689233e-02	-3.700544690818087790e-01	-5.672764158466313544e-01	7.170738365807195480e-01	-2.726935463729105585e-02	6.254831714467311565e-01	2.807692976997683831e-01	6.325661705693144121e-01	1.000000000000000000e+00	-6.529311995910318939e-03	-1.496103169462756899e-01	8.110995903708197868e-03	-1.978996652390597188e-01	-2.646904327821008041e-01	4.818955248016346810e-02	1.505770769164231247e-03	1.043237036242423005e-01	1.391846721773747353e-01	1.361280513466996966e-01	3.609895108753781445e-02	2.199567502380742612e-01	-1.568571311326031822e-02	2.092452659661819259e-01	1.104731823725254580e-01	2.307479485187341819e-02	7.306248112647803494e-02	8.857244796910898610e-02	-1.744168655874593077e-01	-1.006920994521411095e-01	-3.199568786180758684e-01	-2.784884637004338415e-01	-1.936955552752120113e-01	-3.357470046971681304e-02	9.643826867464258545e-02	-3.487233937111142157e-01	4.043968962415541157e-01	3.975281061348932554e-01	-8.969252874772179474e-02	1.905583812441239908e-02	-6.211345181482658823e-02	-6.060421018587570235e-02	2.397181004475149591e-01	2.508442003190434200e-01	2.393595199187788583e-02	-3.454613295150805730e-01	-2.500405556209239211e-01	-9.815542232553538249e-02	-5.041263285771594577e-02	-3.604012134528131184e-01	1.902049775709819396e-02	8.642052096981794884e-02	6.466908762812995440e-03	-3.949988871164106762e-03	-6.170349416035628698e-01	-3.152425702238327299e-01	-4.429122920310454292e-01	-4.098685768266197571e-01	-5.125974815698682852e-01	2.342248816601726763e-02	-6.433518571735596936e-02	-1.972724478889048005e-01	-1.624827731397522068e-01	-8.267961354827180545e-03	-7.619682645637848584e-02	-3.256050748453667154e-01	-3.567987813913046091e-01	2.798078750922898539e-02	-3.813314875103848700e-01	-2.879935213124519278e-01	-1.707451396089176149e-02	-4.496355495952279457e-01	-5.257748773179018453e-01	-8.082419554097265701e-02	-5.162436627858110194e-01	-3.950348900488381276e-01	-5.228083688980539323e-01	-4.662661432655545446e-01	-3.657510660840428418e-01	-4.601062496231200227e-01	-3.581290414478376372e-01	-2.223017260177782839e-01	-2.313855016548680699e-01	-2.924115860184756110e-01	-1.430271012694061539e-01	-4.242616606029357973e-01	2.725947219165101854e-01	-5.888614278565681426e-01	-3.484067455439762151e-01	-3.653970988131045594e-01	-2.720608053475306320e-01	2.530028048795085471e-02	-4.745867361061395506e-01	-4.833231964812088610e-01	-2.092202655856847116e-01	-4.776126146222289814e-01	-4.700099790661687593e-01	-7.096819387132516366e-02	-3.717543432604902276e-01	8.700370142280001995e-02	-2.293364255087604886e-01	-2.581318562312140408e-01	-5.009930212437135877e-01	-3.401513745418757173e-01
-1.898417265588513148e-01	-1.637783936335160673e-01	3.024288152997051116e-01	-2.828308806226271788e-01	-9.858371641447141731e-02	-2.588577123856574125e-01	-9.162667452634282172e-02	7.223258218986970958e-01	3.198633079106678601e-01	6.659050505030442713e-01	6.681035147303553412e-01	5.870187004610607495e-01	1.413501234762734593e-01	-8.108046326781599700e-02	-6.387447535803909837e-02	-7.738281581067670001e-02	1.133200768562305644e-01	8.391123866815711208e-02	1.169947712768183989e-01	3.021357495660688119e-01	-1.327645728695726335e-01	-6.867608354815175377e-03	-3.207314241594488857e-02	-9.791976450207801053e-02	1.292210258336027873e-01	9.474327924035918363e-03	-1.268877243291313961e-01	1.162324067758331164e-01	-1.063440238073820460e-01	-1.101606258280038858e-01	4.061970786160278291e-01	-2.378008517514520193e-01	-2.787030751623600366e-01	-3.840115079359070482e-01	-1.776564970416500411e-01	-1.068100713941418090e-01	-1.125773003557952595e-01	-1.932736004082953596e-01	-8.765315282316042678e-02	-3.212480550462793599e-02	-1.283275915402684042e-01	-1.308390992210153869e-01	-1.863244229617171399e-01	1.665751525128442156e-01	-8.791946303068173124e-03	1.002538626560294244e-01	1.087698005031600135e-01	-9.614784760685801679e-02	-2.025056837329312909e-01	-1.272300130853377120e-01	-1.051878576491814023e-02	-7.604734728260974241e-02	-2.026146456738980306e-01	-1.032138974272031329e-01	4.647352345182724498e-02	7.750432007068468188e-02	-5.547484569929425624e-02	-3.586754380469740766e-02	-2.166647655145019224e-01	-1.730947354926148374e-01	-6.890589486366935357e-02	-2.720506319145749585e-01	-1.867083601404712079e-01	-2.151231835575299067e-01	-2.431707261800800934e-01	-1.218856815316495951e-01	-6.897333573907117599e-02	-8.201911870520395276e-02	-1.083429485628747552e-01	-1.404441454709396964e-01	-4.800064048243045112e-01	1.797904879269181799e-01	1.557001233792045664e-02	-2.932598778383694871e-01	1.032739343409039140e-01	-2.275991891002805689e-01	2.916484443272187033e-01	3.132040528655967437e-02	9.891518971723615994e-02	3.200798169868988158e-02	-2.549245336221426239e-01	-2.867599647818903225e-02	-1.793092357714957952e-01	-1.259134794057608087e-01	-1.530590743775527701e-02	-1.549343440615685852e-01	2.502819453325276777e-01	-2.189491383669124880e-01	1.838346012904944760e-01	-2.112700290523549795e-01	-7.541721670991831383e-02	-2.300100583481610172e-01	-8.619563475440483735e-02	-1.990828537192079750e-02	-1.399089062289014807e-01	3.165611286846030659e-01	2.369726012380554414e-01	-2.606620177151032225e-01	-6.020048921944017029e-02	1.078443040126788738e-01	-1.848149882913411035e-01	2.540216063106922606e-01	6.527275865745812977e-02	-1.285527071599619486e-01	-2.205313779953310960e-01	-6.529311995910318939e-03	1.000000000000000000e+00	6.572743157177453055e-01	7.549950636801534554e-01	6.682705873594473323e-01	7.025084394456261316e-01	6.794847723726963329e-01	2.648079612125977741e-02	-3.613866893887907744e-02	1.252975517277701012e-01	1.234071071561079619e-01	9.308938716367198829e-02	3.687241482257762326e-02	1.348776723735452820e-01	5.719622614381567050e-02	1.008561747255263541e-01	3.596964287084667561e-02	1.892914090514492276e-01	-1.256366313718350058e-01	-9.223416741479047165e-02	5.785432557084851241e-02	1.623880826726906978e-01	-7.429812445218546280e-02	-5.191811886528598097e-02	-1.547510948568626143e-01	8.728074416193658258e-03	4.167477714304397840e-01	-1.335459575485891115e-01	-6.886339636377523596e-03	-1.162640894099478128e-01	-1.667487820828032485e-01	3.945572645481279506e-02	4.737999850858966994e-02	2.872380293469484550e-02	-1.044634434894043187e-02	1.882919047863606810e-01	3.624937550915481588e-02	-1.746262777613295514e-01	-3.164957146899364804e-01	-1.571698225646638580e-01	-6.649664118448743444e-02	-1.588043044052049602e-02	7.821162470858533666e-02	9.660610783556275449e-02	1.345531242964184415e-01	5.261787590738849912e-02	-1.030817148484152457e-01	-2.198265212264912394e-01	-1.257425376245423498e-01	-2.647824337349960477e-02	-1.094705275874239825e-01	-1.765854317807275808e-01	-6.896447543857572859e-02	2.277782712211595950e-01	-1.553355257125603461e-01	-4.053643428161779472e-02	-1.968267865786463289e-01	-2.621726532462418380e-01	-2.058444198613752774e-01	1.863288469457299867e-02	-1.153367152753772967e-01	-7.043732551643562545e-02	-3.752531793428013490e-02	-1.468220560120579166e-01	-6.514655894283485904e-02	-2.161096749889905230e-02	5.908355273578145411e-02	-1.483718622201736677e-02	-8.499208464985681666e-02	-1.376905821325898616e-01	-1.489619847575062161e-01	-1.397497618617790094e-01	-2.804062448627743231e-01	-7.788178448703134138e-02	-1.882821555462178553e-01	2.677983606120213911e-01	1.042995306883359591e-01	-2.431956828751949407e-02	2.067950833298433655e-01	-1.873422333586252098e-01	1.637719588628254799e-02	1.038817653930799445e-01	-1.551164852311070208e-01	-1.761553170574618465e-01	3.418843526781494696e-02	-1.534299937381373435e-01	-1.303581938458079070e-01	-2.566206511820485689e-02	1.674051754368289513e-01	2.613304186450853273e-01	-4.260238024655810252e-01	3.432858327106335511e-02	6.337098791881302061e-03	2.643048018149738443e-01	3.944876105550326750e-01
-3.836559243211843939e-01	-3.188252059551386491e-02	1.148615437294645547e-01	-2.849525398653633412e-01	-2.113259228807151113e-01	-4.264459328757341794e-01	-1.094518898381582617e-01	6.344995941815053664e-01	5.159973142882324781e-01	7.782042654948063687e-01	7.640600844992727625e-01	5.626256713101471796e-01	1.036130236835592217e-01	-1.307223526588109641e-01	-6.237622738541703793e-02	-3.131317842665129469e-02	1.483502011145414745e-01	8.947103598409067438e-02	2.422709903899786243e-01	4.317898439837629665e-01	-8.647859393684309559e-02	-3.273812929196166094e-02	-8.144591511467142581e-03	-1.701217578210396375e-01	3.582862291925023590e-01	6.602890097081252473e-04	-2.048627129363684296e-01	-6.229396594484198912e-02	-1.094078158492677588e-01	-9.902693574676245392e-02	5.103207496485727690e-01	-1.990633136365745903e-01	-3.779454428602827543e-01	-3.246111351512575016e-01	-2.800378674031949733e-01	-1.650927045360120471e-01	-1.098499035947406305e-01	-1.290671978142253762e-01	-8.210430166943771813e-02	-1.201158438700228731e-01	-9.424145772912032037e-02	-1.114944053516773309e-01	-2.638414997191255162e-01	1.940797788917127120e-01	-9.472899783521443462e-02	6.079902893884035070e-02	2.074626303306791320e-01	-1.817684968745864604e-01	-7.460298536979352579e-02	-1.587917086194335914e-01	-1.493492670761170926e-01	-1.787215058906648779e-01	-1.901932960293669095e-01	-1.849738098327049773e-01	-1.411214041550255816e-01	-4.793588925219135349e-02	-5.773155211670084885e-02	6.975387790710979585e-02	-9.764225942758275600e-02	-1.045341536772833868e-01	-6.555618889289095697e-02	-2.697345511291191489e-01	-5.461025845141730811e-02	-3.375684149381037447e-01	-2.730697259436579705e-01	-1.902454794629541701e-01	-7.510186270479841941e-02	3.337868996534607002e-02	-1.427988962596086486e-01	-7.371961185793513005e-02	-4.475332268597904117e-01	1.934176604254116416e-01	1.477101138543139291e-01	-1.907639797864025544e-01	1.740215230430639526e-01	-2.127176722905476380e-01	2.483695040130811105e-01	-8.693459563987775141e-02	2.225569079438923792e-01	3.453370872722810736e-02	-3.847671185783003156e-01	-3.945350804139458045e-02	-1.442329748240268328e-01	-2.234617237768760645e-01	-2.400264624957647655e-02	1.853477519395292650e-02	2.848329629349690695e-01	-3.554398622740970182e-01	-2.752636094545805878e-02	-1.570054489668114284e-01	-1.042960849888221880e-01	-2.841327635266381879e-01	-2.616678766067259132e-01	-5.990789380569505433e-03	-8.353126497392204808e-02	3.781533162102797552e-01	3.450510832776772507e-01	-2.575451427630230938e-01	-6.118840224412627760e-02	2.137436422109365297e-01	-3.990456844288245986e-01	3.830953794967032477e-01	6.057527196280707016e-02	8.144298623271102600e-02	-2.716847386159148003e-01	-1.496103169462756899e-01	6.572743157177453055e-01	1.000000000000000000e+00	6.928819823242179377e-01	8.968290834842674863e-01	8.131601776639049151e-01	5.539542699316071239e-01	-1.346239662133527359e-01	-7.847214577979141903e-02	1.083055018159642113e-01	1.338458667339175734e-01	1.693988986913834149e-01	6.868850932205729232e-02	1.265220467429838958e-01	-8.961663390289361514e-03	2.210970109213306889e-01	1.783505344945782445e-01	3.421461807221123919e-01	-3.910192996781819419e-02	-1.216475902674627949e-02	9.980765884507179775e-02	2.681195162876047755e-01	-1.952740685215091088e-01	-1.303680449890832482e-01	-1.727919427062378221e-01	2.535223355566987389e-03	4.991005761631965854e-01	-1.974830554564554475e-01	-1.391940331575670098e-01	-1.667041498265719734e-01	-1.757062710575920950e-01	-1.091073815199036651e-01	-3.205263728909479859e-02	1.507062398546948900e-01	5.124439456386532810e-02	1.647278619818655643e-01	2.274348416611628176e-02	-2.760122165589150578e-01	-3.193699567576145371e-01	-1.816680061822603942e-01	-1.089934005645571413e-01	-1.104684947723054075e-02	-4.929409716763149402e-02	1.495719636610408076e-01	1.365458858829295130e-01	2.552694536538819281e-01	-1.383547730603219283e-01	-1.168254238520401445e-01	-5.031841332662143756e-02	3.485000855148707999e-02	-1.401609433786098757e-01	-2.101326290044949474e-01	-1.006672866524861154e-01	1.369409459743239632e-01	-3.206659618261406552e-02	1.954643774229064199e-02	-1.383252103341670869e-01	-1.906523345545672321e-01	-1.286859808118814841e-01	1.297902101985727863e-01	-7.586760572042398898e-02	-1.308856482806612098e-01	-4.935195047570792998e-02	-5.761781227400032679e-02	-8.034201130100232513e-02	-7.226921624076106110e-02	-1.121433557168576359e-02	1.183480457589080465e-01	4.646007564024309811e-02	-7.100958830538757482e-02	-8.234349282818645421e-02	-8.556056602570040470e-02	-1.386386889909487496e-01	-2.564253086454327483e-03	-1.522700902868933670e-01	3.375836135244387193e-01	2.300956237067058041e-01	5.223897837725749449e-02	3.581201249366064987e-01	-1.329681125725306612e-01	1.615094799782223478e-01	3.341177117957384868e-02	-2.265027665719502870e-01	-1.230984133553871124e-01	1.091123932500082938e-01	-8.861938226522059203e-02	-7.302107824728315544e-02	-4.282305087243850478e-02	1.510124972567501445e-01	4.441608563443595892e-01	-3.452302598772791775e-01	8.248648447621974300e-02	-3.597465502953624272e-02	3.503525813900522645e-01	4.687041832248878825e-01
-2.448654243991294222e-01	8.833300884254534358e-02	5.118860758257800514e-01	-1.345418383371658200e-01	-2.720014083070820821e-01	-4.094381920928762963e-01	-1.933158358890735284e-01	7.615115103247362960e-01	3.608692665901220287e-01	8.507031507202920118e-01	7.524286852036382589e-01	6.743585153648272712e-01	1.386027816010478031e-01	3.430404930650880757e-02	1.117552559638182452e-01	8.101609207357289566e-02	2.442339822507926805e-01	1.261973994855608572e-01	2.132482946714580052e-01	3.943289498277513516e-01	-1.439075561618430588e-01	2.486321238238136874e-02	-3.735085136178009635e-02	-1.130522955662849188e-01	3.282340657856026023e-01	-4.935061375238887493e-02	-5.627718997080063956e-02	5.600720972837628167e-03	-2.486399059581240745e-01	-1.921599986961168849e-01	4.639231733223507792e-01	-3.436133381268862697e-01	-3.524396074092289721e-01	-5.206856941983513121e-01	-2.305765589002240767e-01	-9.539471401898344527e-02	-9.696834890975358778e-02	-9.584737942443988246e-02	3.712856885194497185e-03	-1.501335075025100330e-01	-2.379028753091553816e-01	-1.828625721972991502e-01	-2.910768118797247839e-01	2.348307547287325769e-01	1.143990015241496327e-03	1.863960822022280306e-01	1.421010872792209945e-01	-2.009883330740490082e-01	-1.756234305558756204e-01	-7.877929645976065876e-02	4.034510064168101567e-02	-7.059526190755449626e-02	-7.487413649978237606e-02	-2.290748657778315100e-01	7.293141085493333453e-02	-4.189015205050440616e-02	-2.313352229107054348e-01	-1.147439663217074413e-01	-2.206214128090808746e-01	-2.223439619604396511e-01	-9.261663573370927660e-02	-3.196796820389031790e-01	-9.538229002570870751e-02	-3.995146466545038133e-01	-3.503437750140743212e-01	5.324474356169446587e-02	-2.233440902215869384e-01	-9.859671490185535625e-02	-3.204936525234928779e-01	-8.204385023725342674e-02	-4.810035313999175832e-01	2.727614382663512416e-01	1.384637341617858397e-01	-5.880215874351552019e-02	-1.730034168678892467e-02	-3.693460597796396350e-01	1.664836934526603140e-01	-1.154869084812615715e-01	1.042731816912696868e-01	5.295459248782864725e-02	-2.778063043114520902e-01	3.552979511182191574e-02	-1.714673950917684764e-01	-2.458761756318592617e-01	-1.231967997561730921e-01	-1.110948191037081090e-01	2.546769329976245055e-01	-3.227418407816718959e-01	2.501686806281915292e-03	-2.488500314322920626e-01	-2.018335824215095886e-01	-1.267433363465797769e-01	-2.460567942792994955e-01	-3.130819998709410967e-02	-1.352160272750545789e-01	1.438436896299404855e-01	1.805617270222734938e-01	-5.150122085447292886e-01	-1.035427134101938873e-01	1.253587926789430651e-01	-3.421111183350921681e-01	3.171311543236232655e-01	2.807307582103476529e-01	6.266461684381696706e-02	-3.342858879695247420e-01	8.110995903708197868e-03	7.549950636801534554e-01	6.928819823242179377e-01	1.000000000000000000e+00	7.701543576681812997e-01	7.837501860743431026e-01	6.757995805946344081e-01	1.068094810983960669e-01	9.988300798433213945e-02	1.575639805107129088e-01	3.104599529899103594e-01	1.930069835946179591e-01	2.449655310523650709e-01	2.616643173437382952e-01	1.383600507820234582e-01	2.936292868842376724e-01	1.377048142317841561e-01	3.693197257168173153e-01	-2.022469363925690281e-02	-6.141498544734756704e-02	1.041245907873794285e-01	2.074989217719337697e-01	-1.710570305965713744e-01	3.658708283427445501e-02	-4.458970239452272194e-02	-1.414373839912084208e-01	3.762448374207046364e-01	-2.962061289818960219e-01	-6.199320722284931001e-02	-2.364684499755597968e-01	-3.303659167394997209e-01	-4.068821132200485524e-02	8.505989081069235958e-02	8.243060175516039867e-02	6.399501180300586067e-02	2.747393459473364552e-01	1.987315069027582176e-02	-3.218267596999535574e-01	-1.163625025689223047e-01	-1.471619851996768535e-01	-8.610690830203965307e-02	3.623023632449361153e-02	5.835847186318213198e-02	1.665479827889418118e-01	2.348588287789968310e-01	9.875446261770405576e-02	-1.781609480203580065e-01	-2.309540438619659686e-01	-8.847868848947794407e-02	-1.250347757929927417e-02	-3.751889371965361208e-02	-1.127935624669338249e-01	-1.275657425579716439e-02	1.920888902215953098e-01	-8.727297131852491952e-02	-9.243292269015074281e-02	-2.077389395247143111e-01	-3.833804812561965036e-01	-3.549783111307931449e-01	-7.016990101858143480e-02	-9.597897134420019238e-02	-6.215710726568936945e-02	-1.140370404981668750e-01	-2.471971689674327399e-01	1.513452432085771182e-02	-1.456678791155956998e-01	-4.820591508241649226e-02	-9.362872992839953168e-02	-6.509659430991708573e-02	-2.318094417391243778e-01	-1.760638355791477039e-01	-1.166273117901961281e-01	-2.936710387382073240e-01	-4.484796803770300933e-02	-2.882397631294079665e-01	3.550170297018948595e-01	1.092278877226390693e-01	4.441035055004745845e-03	1.975630508971822907e-01	-3.042028629615281532e-01	-9.738845873934082534e-03	1.108557208247611253e-01	-1.248579424979542746e-01	-2.014492095560176110e-01	-7.953877497080046044e-02	-1.296605489958337076e-01	-2.857138010026651354e-01	-6.292188167446116642e-02	-4.509174166021120977e-02	2.610925476596596129e-01	-5.580673261850532807e-01	-8.706524452547560744e-02	-8.049093885969454965e-02	2.294491987867751659e-01	3.564709729833714924e-01
-3.553347836220556166e-01	-2.843742559668127959e-02	1.713056341956382678e-01	-3.078663242829191571e-01	-2.472182948755511367e-01	-4.945555118204656431e-01	-1.758681070163809756e-01	7.369284901991897119e-01	4.461771210714343683e-01	8.565851136798386944e-01	8.329789117332274673e-01	6.198822454391935688e-01	1.417767801031948882e-01	-6.119437357701468239e-02	-9.902263137609888452e-04	1.110818830997561263e-02	1.771906763594588707e-01	5.409048010051495381e-02	2.896551884253867892e-01	4.381186636640970189e-01	-1.305858825596213912e-01	-7.294468830181627395e-02	-4.150083597630995630e-02	-1.653784426774997374e-01	3.980797196645523006e-01	-3.473847923018572037e-02	-1.526857887773493683e-01	-6.077874756754340912e-02	-1.666241790791972710e-01	-1.581347950114002365e-01	5.171745304270261023e-01	-2.121827546639523665e-01	-4.377754363973376250e-01	-3.808074333962458979e-01	-2.884288406732703480e-01	-1.571549384320848342e-01	-1.375944074377362103e-01	-1.144341416702575609e-01	-8.528125613407611105e-02	-1.475992146802447003e-01	-1.730436002904972570e-01	-1.109185926118530369e-01	-2.965794315763512490e-01	1.943814593532018908e-01	-1.391793348755083759e-01	1.008816115031258009e-01	2.198243999046880504e-01	-2.268616121175878186e-01	-9.249372358115706683e-02	-1.959495999843874625e-01	-9.232378301412245969e-02	-1.851241211902471817e-01	-1.385810250403997357e-01	-2.067630945711036450e-01	-1.128603523335371395e-01	-3.781584090703331985e-02	-1.111503341056681027e-01	8.736545099009911108e-02	-1.205368805563547668e-01	-1.053309699549351275e-01	-1.023766177726264520e-01	-2.969412322841181728e-01	-3.887599124337617895e-02	-3.700597320168647619e-01	-3.105224178623788300e-01	-1.327477241685215137e-01	-1.139310540567248092e-01	3.923249043843212575e-02	-1.800795279125466386e-01	-4.018441295238860816e-02	-4.978113688737266784e-01	2.517101272558043279e-01	1.931362925807929287e-01	-1.951720750002671201e-01	1.924037565277286477e-01	-2.488985305908123224e-01	2.738269974302102727e-01	-1.622855275539173414e-01	2.395347820523198168e-01	-2.704195819450576008e-02	-4.022780255101563451e-01	-4.089347020527991927e-02	-1.754065353648810721e-01	-2.259944747919462316e-01	-3.198627958547706901e-02	-2.609598383378049224e-03	3.508155433941784751e-01	-3.550109439352653329e-01	-1.058667496608642344e-02	-1.905366975745564351e-01	-1.136399253966879908e-01	-2.252064652783452858e-01	-3.217538606113052313e-01	1.355667168667161991e-02	-8.088481834902888634e-02	4.111819864932523272e-01	3.265246188098646640e-01	-3.722123992467775699e-01	-8.500722197424404047e-02	2.477670938464521799e-01	-4.480336005824453460e-01	3.461577523927637512e-01	5.213382613517543451e-02	5.042551994557913086e-02	-3.457888094523223765e-01	-1.978996652390597188e-01	6.682705873594473323e-01	8.968290834842674863e-01	7.701543576681812997e-01	1.000000000000000000e+00	8.866787931529596101e-01	6.057729607265883720e-01	-9.768306449037790495e-02	-7.665754572645251674e-02	1.315039404812783919e-01	1.439912906267941661e-01	1.810739752019649151e-01	9.087210256558757304e-02	1.719170325337845695e-01	-8.422811341148569997e-03	2.959304640500369787e-01	2.362026673715261760e-01	3.750340674903578364e-01	-5.376180436198534085e-02	-5.405321991637331014e-02	1.172460091534633653e-01	2.991797609222652810e-01	-2.001557521855167054e-01	-8.138327507788792325e-02	-1.242393978131943605e-01	-7.002716432389946566e-02	5.058185497276830311e-01	-1.938529491638622815e-01	-1.041686415960561551e-01	-1.578192472423714243e-01	-1.852386284867168498e-01	-1.173100339669043424e-01	-1.890390740566563060e-02	1.583612770511944878e-01	5.646335869090013393e-02	1.217093260204408084e-01	3.335872444574932566e-02	-3.122734581554195143e-01	-2.924138428942089640e-01	-1.785883791584558788e-01	-1.159047370086804252e-01	-5.357931571541354326e-02	-4.843438437935724400e-02	1.127365721811141031e-01	1.426094047635322326e-01	2.696975518174881681e-01	-1.595880139902659256e-01	-1.600054473270966227e-01	-4.238695358715872941e-02	3.313223152995078274e-02	-1.606208040882570187e-01	-2.041350443953460769e-01	-8.704261284405612198e-02	1.131892317637834822e-01	-5.988924992737209435e-02	-5.128622223905498351e-02	-1.495956448744099054e-01	-2.345042945608590834e-01	-2.429679724808843089e-01	1.813655130183857989e-01	-4.430819587152775435e-02	-1.171077298523115207e-01	-2.838952992214161669e-02	-7.473210680791328442e-02	-7.752952889995423646e-02	-6.272429742214394310e-02	1.193707342707778056e-02	1.301706596262573457e-01	6.964944729156119507e-02	-8.337331544965105590e-02	-7.541814605596293408e-02	-6.098847477802873951e-02	-1.565022390981049283e-01	1.643935517104851141e-02	-1.487312744200905701e-01	4.175437750617059240e-01	2.730442443938874142e-01	5.154083968200168101e-04	4.062078477839955459e-01	-1.415584102542430944e-01	1.547118179814882255e-01	8.965926289099325139e-03	-2.986532370535044945e-01	-1.406250630234355814e-01	6.173731387241688379e-02	-1.016155169884868925e-01	-9.050254487677598936e-02	-4.831497471506535774e-03	1.715760008730863040e-01	4.645846385075014240e-01	-4.292922869778326156e-01	7.216250748408234439e-02	-6.486099027034324116e-02	3.458425817828023607e-01	4.605985603333546674e-01
-3.669634856267205980e-01	-6.169432729573853802e-02	1.330175320950535423e-01	-3.747328255242773909e-01	-2.220016317740649281e-01	-4.845016402552486667e-01	-2.157991021534585441e-01	7.806774759229549998e-01	4.273751536125221517e-01	8.543856064103493297e-01	8.253686853250989941e-01	6.571156485494066279e-01	1.261009010184084844e-01	-8.375986846493750637e-02	-5.986566521623187809e-02	-1.058271215605295287e-02	1.944424768936874326e-01	-1.720728837180273557e-02	2.648028063931994192e-01	4.528549647848816306e-01	-1.130611426570700545e-01	-5.834556375746178386e-02	-7.826622451809493730e-02	-1.265754962098695202e-01	3.901878224475925361e-01	1.707207011061674315e-02	-1.957057355211568872e-01	-3.140410124133821007e-02	-1.200336169208135184e-01	-1.189040468936034683e-01	5.758774556928779598e-01	-2.557716998060123315e-01	-4.270625546186881394e-01	-3.237385382522030564e-01	-2.182405301607600878e-01	-9.629840212102412644e-02	-6.470474136208953508e-02	-1.731347396362845903e-01	-1.240556642085974132e-01	-5.641781545781055646e-02	-1.364213078736608575e-01	-8.879226127836688243e-02	-2.676930629206513146e-01	1.966575270980116530e-01	-1.222924076149781158e-01	8.977922451508650592e-02	2.798565200295881628e-01	-2.350299934763697696e-01	-1.191861409401968608e-01	-2.531295963541756455e-01	-1.609060795615792350e-02	-1.246563670802439683e-01	-1.083000290906439289e-01	-9.827333151099650055e-02	-9.058916030843905398e-02	-6.976651690371428460e-02	-1.288039613849571371e-03	1.457569658068301743e-01	-6.084949558794261470e-02	-8.530936535631561402e-02	-9.829871668036482824e-02	-2.646921963889931617e-01	-5.076056291080436461e-02	-2.904619666416293766e-01	-2.599151245887648121e-01	-1.831857729900977227e-01	-8.398078990878495020e-02	2.948162698407468321e-02	-1.733386956112014654e-01	-3.504293749969278338e-02	-5.621087658496004558e-01	2.353028059951108586e-01	1.885159987173946894e-01	-2.058990954587329725e-01	2.438697748122028441e-01	-2.334876794702888392e-01	3.223427342380923988e-01	-1.300981205973679444e-01	2.001544440216625198e-01	-3.641842005413861022e-02	-3.558022868734873057e-01	-7.831465989222945179e-02	-1.835187521483994666e-01	-2.108028096020119757e-01	-3.126084872674353421e-02	-3.814901204226554127e-02	3.435601633758000317e-01	-2.989642191230283963e-01	3.246746514671481482e-02	-2.647533885905016260e-01	-1.882903331451698248e-01	-2.443383155626653314e-01	-2.892619464570617138e-01	-6.361435939107516063e-03	-1.162459604934543700e-01	4.772512415371905070e-01	2.910906127740859883e-01	-3.771086138066984672e-01	-1.107539897758359898e-01	2.676637003925368963e-01	-5.123239961977062995e-01	4.393844798205832625e-01	-3.266347468631503742e-02	1.516774089233663934e-02	-3.680283796339759994e-01	-2.646904327821008041e-01	7.025084394456261316e-01	8.131601776639049151e-01	7.837501860743431026e-01	8.866787931529596101e-01	1.000000000000000000e+00	7.084885200205257583e-01	-1.184511389752436472e-01	-1.227630657356549720e-01	1.121767281079005113e-01	9.560438057132619738e-02	1.858139281730577519e-01	3.982400302007572945e-02	1.899580738714022610e-01	-3.315826430040431927e-02	2.763724868728248407e-01	2.177965566354297389e-01	3.593887956186072596e-01	-1.186323721097366501e-01	-1.067487532269509320e-02	5.663891673470265731e-02	2.619987547088102886e-01	-1.761903256615656721e-01	-7.900719344106330033e-02	-2.025085751558464153e-01	-1.535388865332168104e-02	5.935037208057849512e-01	-2.125744082560737380e-01	-1.004906636213004634e-01	-1.187060752873044245e-01	-1.775166139321181780e-01	-9.036848401793379226e-02	1.230911957760190065e-02	1.442866172428348137e-01	3.613753334040008258e-02	1.606764565663247324e-01	1.009927618756364665e-01	-2.870945473372997769e-01	-2.784734756981191439e-01	-1.548200987526903993e-01	-8.765149011203740570e-02	-8.925365156377525200e-02	-2.344336695856507127e-02	8.032574378414306104e-02	1.024652346573757949e-01	2.678218563038395339e-01	-1.079340719372420265e-01	-1.801148659121846185e-01	-6.584808983480670841e-02	2.276682356612435079e-02	-2.414748159577257691e-01	-1.483685395239524585e-01	-4.527523058287771102e-02	9.647858768531794582e-02	-8.234691446140846027e-02	-4.367044801680890903e-02	-5.470719827354422055e-02	-1.852409685451960331e-01	-2.145655243257387490e-01	1.945059576849295369e-01	-5.892704270096557617e-02	-1.352220072016623309e-01	-1.505580587116830699e-03	-5.870777340297485963e-02	-1.667821726501491630e-01	-5.137852306595883795e-02	1.255692963298322452e-02	1.392365058300648328e-01	5.557530123502993358e-02	-1.057710745337155228e-01	-8.371058875336127858e-02	-6.488519749618316956e-02	-2.691691590951406643e-01	-6.122876130975389575e-02	-1.506696189969685407e-01	4.002138508475256984e-01	2.855411958323078592e-01	-9.036040920211239891e-02	4.374674142458901960e-01	-1.368327038833664355e-01	1.377987992571372833e-01	2.237919308196370007e-03	-3.056507671430013784e-01	-1.242013421586315308e-01	3.968850830026449117e-02	-9.656818321419306794e-02	-7.310626206999362720e-02	-1.748290605183329665e-03	2.047760937590909214e-01	4.004037432713126732e-01	-4.864298114201574541e-01	9.344749687815973038e-02	-6.686447786540379579e-02	4.090573174194487294e-01	4.679111493592155724e-01
-1.574159224072104457e-01	-1.502474896407405593e-02	3.079140375914640182e-01	-1.774708641429665334e-01	1.181077984726408570e-01	-1.220265927072290563e-01	-8.666027919837021587e-02	6.494475869272838819e-01	2.391683462605906640e-01	6.906183895517942206e-01	6.023077822137912207e-01	7.338664729151856969e-01	1.059275604157287470e-01	-9.611141039980770906e-02	-8.203532651876012383e-02	1.164386456135967952e-02	1.047606444907771411e-01	9.673925131782790121e-02	1.495230676652343216e-01	3.129192498687243806e-01	-1.564653261115217520e-01	-3.276395126897319737e-02	-1.023185481332974378e-01	-2.505593862375537495e-01	1.616528707630118245e-01	-1.088081217830940001e-01	-2.679066243027160010e-01	-1.004547617867423623e-02	-3.400247966700799956e-02	7.678605901147145252e-02	4.971987169939391382e-01	-1.711496499609071742e-01	-2.505993436587620748e-01	-2.533627083973329919e-01	-2.117557628190788466e-01	-7.968940764187359971e-02	-4.357436185507360810e-02	-1.362071208244685638e-01	-6.626358869906129323e-02	-7.607992281599595952e-02	-1.158752484219746220e-01	-2.192007548157966224e-01	-3.544592987684002661e-01	1.692938013744299530e-01	-8.086433776613802249e-02	6.889530921735613489e-02	1.057580007765407115e-01	-1.651953009967541963e-01	-2.740029237147239560e-01	-9.390586600464008449e-02	5.327846188647379633e-02	1.342155158211249914e-02	-1.061459451541202914e-01	5.649553126530518915e-02	1.174838190530267355e-02	-1.231686593059092838e-01	-4.433146318800216916e-03	-1.934433421141827994e-02	-1.519149098825491595e-01	-1.961067660487140207e-01	-5.869846757122336445e-02	-2.345987168675684742e-01	-1.777969364965816534e-01	-2.286505215111626632e-01	-2.505361541405960457e-01	-7.912749122125591061e-03	-2.010582286126086915e-01	-5.766458748461173595e-02	-1.609868302021890962e-01	-1.825347691336387523e-01	-4.576326515899872827e-01	8.280363980883558017e-02	3.377706368168625212e-02	-3.084542498741772443e-01	5.772829461434016152e-02	-2.800249339705724316e-01	7.850005209906460446e-02	-6.684881077016911755e-02	-3.351376012718308012e-02	3.203845959818465896e-03	-1.591476838489335466e-01	1.100691074541165944e-02	-2.743932440027878061e-01	-1.868766185554334713e-01	-1.559762604480889048e-01	-1.586001993099110108e-01	2.121590211878946752e-01	-2.065444876411410557e-01	-1.263654840486178391e-02	-2.209440710940024921e-01	-2.145068862952494715e-01	-3.340946671946898316e-01	-1.595819730202285291e-01	-1.078631474788476763e-01	-2.568087427268893608e-01	2.283096835772745470e-01	1.161456161532798959e-01	-2.082961002697023278e-01	-1.340773596605300266e-01	9.618506306760124872e-03	-1.997404278742571371e-01	3.623467716671191496e-01	6.974059037161532693e-02	1.843863402624299277e-02	-3.726675985860270629e-02	4.818955248016346810e-02	6.794847723726963329e-01	5.539542699316071239e-01	6.757995805946344081e-01	6.057729607265884830e-01	7.084885200205257583e-01	1.000000000000000000e+00	-9.733536111411107694e-02	-4.434452891141907327e-02	3.474891859960397428e-02	5.992751776954648862e-02	1.337857719949762936e-01	2.733306433947395309e-02	1.460198770384454892e-01	1.121138154306623724e-01	1.400089516650798727e-01	8.311262196827511051e-02	2.471561184182545778e-01	-1.450649672955499625e-01	-9.664132499872203630e-02	-9.000858762741584251e-02	8.248542051108075437e-03	-2.644797496595047703e-01	-1.785277462015349981e-01	-2.598514402929635869e-01	8.682738192688985168e-02	4.542869709391955668e-01	-5.479895034373032797e-02	3.927456279551296003e-02	-3.990007340443532668e-02	-1.229574079009460724e-01	-8.100529171913904702e-02	5.399618135706311245e-02	5.604164291518605456e-02	1.011876734439772357e-01	2.648102012456004517e-01	-7.892940502423513582e-03	-2.289283407783334334e-01	-3.287225228929012144e-01	-2.111070482137613336e-01	-2.222303082934073970e-01	-1.050042896531944991e-01	-5.126502957995507370e-03	-1.086138468725755118e-02	1.056850192487863022e-01	3.511161650615527569e-02	-9.041884576978809207e-02	-2.415376640193956093e-01	-2.406460626133361813e-01	-1.788925299257501933e-01	-7.289827551040575782e-02	-7.178906409873549166e-02	-9.320972369267864488e-02	8.249541198116909502e-02	-9.444809439339280077e-02	-1.428381967674988151e-01	-8.889334912751023499e-02	-1.663534418603510590e-01	-9.717975178254119328e-02	-3.231995450831043164e-03	-1.279033229658827209e-01	-7.655596503584344292e-02	-1.078649598975773422e-01	-1.543929702287591688e-01	-3.272492582625597529e-02	-1.064990971071837766e-01	-9.255995828042133666e-02	-6.233074572933765961e-02	-1.013523072446086554e-01	-1.128382095667662122e-01	-6.967789133914868704e-02	-1.218649492286387193e-01	-2.802063490814869495e-01	-1.227788949110512756e-01	-2.282775727441327951e-01	2.246303752380756358e-01	2.539107969910182200e-03	-1.542660514866232568e-01	1.593984443367804926e-01	-1.777238076180971404e-01	-1.424746662128961727e-01	1.219782288600968490e-01	-1.582068668333521388e-01	-1.384282454645618110e-01	-1.009333635733975776e-01	-1.610319320971983215e-01	-1.280384441687004715e-01	-1.217732042386249769e-01	1.275786623168503608e-01	1.225790649932109733e-01	-3.787324078575147746e-01	2.482620327308725575e-02	-1.293473699093938833e-01	2.017998473658913494e-01	2.717363189539091506e-01
1.207773532922631760e-01	-2.540962484963407882e-03	2.695714965713568723e-01	-2.073300799341277773e-03	-2.584148240385711337e-01	-1.715982525393189018e-01	-8.634446763152264781e-02	-9.160930033589399779e-02	-1.712046838573696439e-01	-4.186266649281294994e-02	-9.469599998509228844e-02	-4.462172788311791205e-02	2.002887874108373045e-01	7.167858511351178352e-01	6.078770084419611308e-01	3.535742896112921141e-01	4.698070988569018058e-01	2.141051207493611941e-01	1.224900015492313421e-01	1.037654285370908230e-01	-2.037748359309687505e-04	2.387803359895579736e-01	9.647425903924632118e-02	2.931618708510016491e-01	1.926804956642948485e-01	3.441753112128491665e-01	3.627710885095127291e-01	3.305185399653061684e-01	1.315914718697411556e-01	-8.458092470096016668e-02	3.956957763512495424e-02	-3.055238029223756868e-01	-3.169653695275297389e-01	-3.230881807005530071e-01	4.781597513801609800e-01	6.113407173523529581e-01	3.717390464516180937e-01	1.740502450333670792e-01	-1.857691763148808795e-01	3.864516495962713183e-01	-3.223472381959466976e-02	5.784007826819331094e-02	3.797173950290444466e-02	5.440544158361753507e-02	-8.574938340032857431e-02	7.510923465343546934e-02	5.565836570150610452e-02	-7.103731032115757904e-02	-4.818718535247158707e-02	5.016174829685748904e-02	1.762949548604280867e-02	6.786277178636261620e-02	2.007737894372758902e-01	1.730111505590326282e-01	1.674137838599754902e-01	3.619901065455520262e-01	-5.118825268260420586e-02	-3.239988499667700861e-01	3.595523734117111320e-02	-1.403203042315025462e-01	-3.295399034899752500e-01	1.046682862359598343e-01	-1.790408850099980270e-02	-1.206431013744620195e-02	-2.838971161665018172e-01	2.418213445785024618e-01	1.065853825383076270e-01	-3.158483639795870990e-01	-3.410744610784175457e-01	7.479028878924373624e-02	-3.233025442563958879e-02	-1.527445614991737866e-01	-1.614954768922469697e-01	-1.160319396467710124e-01	-3.956633499528279807e-01	-1.917487407327096369e-02	-9.517380795559605977e-02	-5.440552147658116178e-02	-2.991670453417381581e-01	2.348961716243919140e-01	-1.101601537877960751e-01	6.114142048062119750e-02	2.089118492963120410e-01	1.903463740257421433e-01	1.456393942348527815e-01	-2.432617181646987703e-01	-1.676641856598616032e-01	1.829415905675952081e-01	6.737452985675586314e-02	-1.748200907863964038e-01	-3.626403976771664928e-01	2.627699561751222768e-01	1.408457452810149280e-01	1.324157116227368536e-01	7.056403663628883771e-02	-2.199391945033705997e-01	2.548319519941058542e-02	-3.594140122063228110e-02	7.770150212563115000e-02	-9.018277882579887883e-02	4.263798984156809413e-02	-1.263863784308936686e-02	1.431784007293697147e-01	-1.202181284379832960e-01	-1.538925768338716138e-01	1.505770769164231247e-03	2.648079612125978088e-02	-1.346239662133527359e-01	1.068094810983960669e-01	-9.768306449037789108e-02	-1.184511389752436472e-01	-9.733536111411107694e-02	1.000000000000000000e+00	2.744816222087910762e-01	1.693428975579873708e-01	4.595798156461753936e-01	6.091809228062734505e-01	4.733188312970105782e-01	7.177983001635172000e-01	3.380273392521039311e-01	2.883457141643764876e-01	1.464226317606524552e-01	2.130423453185020244e-01	1.649724638848797942e-01	1.792296070035503952e-01	3.048002076560122897e-01	2.857200845333462413e-01	3.519922297893943175e-01	6.339876209493935377e-01	3.684690331724236878e-01	9.475175429770603397e-02	-1.648391019198353902e-01	-2.997973902335338559e-01	-3.129644855785090364e-03	-2.071039428604662669e-01	-4.286241260395818320e-01	7.300678639061776165e-01	7.675665759237429997e-01	-1.341876934242097197e-01	3.740926177107675721e-01	3.650412954551540690e-01	5.553524936011287050e-01	1.402239772623606606e-01	3.627727394203050237e-01	1.222972617166003806e-01	1.582962432872747349e-01	-3.725210233349864758e-02	7.608672235082142299e-02	1.109021051584432177e-01	4.677657367374509628e-02	-8.904384513823392078e-02	1.108552043576275098e-01	5.259699856520097527e-03	3.833340257300100334e-02	8.002674188409793221e-02	-1.318584704849864175e-01	-4.572444893368901586e-03	2.390610093479174098e-03	4.792775662101205619e-02	-4.405279014433982621e-01	2.430531573801569534e-01	-2.165130422019526796e-02	-3.449586380877560088e-01	-6.531581851903464631e-02	-3.638203206825191272e-01	1.773068928156901897e-02	-1.672827787593945681e-01	8.191182940573830951e-02	-9.755197286448248628e-02	-3.762884239583985657e-02	-3.090333761314303929e-02	-6.903453018835566113e-02	-3.638001949654773304e-01	-2.481508412169622368e-01	-1.946335968134907113e-01	-2.854452704411716835e-01	-1.106559710607777913e-01	-3.502530977608884349e-02	-2.668683733612100539e-01	-2.863194211172950254e-01	-1.336167435121803637e-01	-2.778059310453872555e-01	-2.610100885451580033e-01	-2.933347790673642708e-01	-3.451184069593375980e-01	-1.332814870653221961e-01	-1.216416321658365420e-02	2.407579635457457179e-01	-1.082906657473100692e-01	-2.079077104011674282e-01	1.729561204826104426e-01	-3.237435976867907295e-01	4.878261811366979561e-02	-3.497271812619333620e-01	9.691190875784190528e-03	-7.317990500868289117e-02	9.393034704906384758e-02	1.710683233089383692e-01	-4.529380945896274019e-02	1.316219668903616524e-01
-4.022370983460303584e-02	1.732615040466558842e-01	3.737289915540950025e-01	6.481185145167886463e-02	-2.248232445871961027e-01	-6.155102642791632217e-02	3.014347287476015214e-01	-1.329366232417584226e-01	-1.212022350981082214e-01	-3.741210414845477089e-02	1.361589672702528397e-01	-1.548420878132212852e-01	4.376155138508988629e-01	1.930798086586187623e-01	5.955144739493738459e-01	5.427907696188524200e-01	2.444457305958804838e-01	4.630277761053734342e-01	3.743859825226494298e-01	3.352345417725970389e-01	3.464360371502546443e-02	4.071346635979074535e-01	2.055504149285597160e-01	2.047745074107894525e-01	1.837082431438436525e-01	-1.419564400807288851e-01	5.440052409198358196e-01	3.221435089410322750e-01	-4.446260329964458191e-01	-4.297628420562422669e-01	-2.039363046296528148e-01	-4.439938234805245604e-03	1.092880012121379557e-01	-3.436112567026132769e-01	-1.121372136941868880e-01	-2.188961755867992465e-01	-4.188766101203162534e-02	1.103402634684010619e-01	5.836161737406820871e-01	-1.862917749126948297e-01	-8.343591232180543049e-02	-2.451533833750313973e-01	-1.297066964002964451e-01	5.307256619426713451e-01	5.747078499603897050e-01	5.559420136683087543e-01	-7.683716280493359252e-02	2.538622546598727214e-01	-2.878670105369076151e-03	6.014539436973739273e-01	-2.625056649883115711e-01	-2.584563834480022027e-01	-2.121690819825287067e-01	-2.214766685498398557e-01	-1.161862100253120700e-01	-1.427802857603155950e-01	-3.542284076917511237e-01	-2.118356933243515927e-01	-1.505139930535167314e-01	-2.375431991701649481e-01	2.940301619940871025e-01	-2.045237258597100150e-01	4.750993682411327329e-02	-2.103972546075840722e-01	-9.356079414839704733e-02	2.827834034073458680e-01	-2.343552417161153811e-01	7.067877342825795717e-02	-9.854924723189696645e-02	-4.623327070058684540e-02	1.359841459159947807e-01	2.664419505802355648e-01	1.828417419731793447e-01	1.920536838395002499e-01	-2.166285772052132519e-01	8.662088262017522688e-02	-2.261170576272351351e-01	-6.389377078620123163e-02	-7.072269883704698779e-03	1.380799962816912918e-01	-8.330765313585787590e-02	4.304829054125139942e-01	-3.426057209590746000e-01	-9.022000509241542843e-02	-4.414459283120042432e-01	-6.579993369388363600e-02	-2.300344940961623549e-02	-3.022552056309451562e-01	-6.516890205256851976e-02	3.697191042380257309e-01	9.720205849469182313e-02	-2.967830949860414749e-02	-3.085802036636702828e-01	-2.151087550543018811e-01	-2.065108465789463887e-01	-2.179089760941932130e-01	6.252812344283760482e-02	-1.698352006061292496e-01	-2.859650725526878268e-01	-7.911841065930702577e-02	5.021515319524876703e-02	-2.212080779583079360e-01	2.365626434432694936e-01	-6.086267349078420402e-02	-2.697489833648244462e-01	1.043237036242423005e-01	-3.613866893887907744e-02	-7.847214577979141903e-02	9.988300798433213945e-02	-7.665754572645251674e-02	-1.227630657356549720e-01	-4.434452891141907327e-02	2.744816222087910762e-01	1.000000000000000000e+00	4.076612173731563038e-01	6.785998903210038735e-01	2.256383272870683410e-01	6.574875046378614307e-01	1.974887113033313435e-01	6.770026933492152565e-01	3.280004597895801455e-01	3.666777532849052057e-01	4.101314247049353545e-01	3.464916946293304378e-01	6.827591910697060340e-02	2.004963669726561593e-01	3.278080790221973295e-01	1.477141947974439928e-01	1.935305910725931555e-01	5.359002351865037594e-01	-4.920737340370726076e-01	-1.831846738553375431e-01	-9.838729966353079726e-02	1.706286255176732714e-01	-3.255364545012449096e-01	-2.178646438183595435e-01	1.116331619374644722e-02	9.964289687791429151e-02	1.178900079584938587e-01	3.155375409422087052e-01	6.173643010049326696e-01	-1.974340078151905209e-02	1.890854390134151242e-01	1.301235597692083912e-01	1.117226445395016338e-01	1.047348208598299080e-01	6.701047893368738961e-01	4.483623214982209726e-01	5.264295946769911305e-01	5.825781485824058636e-01	4.019007768017938097e-03	-3.684408909745488514e-01	5.020356563880223194e-02	1.879526783466228257e-01	5.259210220073620018e-02	5.271776207223591859e-01	-3.029017562583036782e-01	-3.329533505544252092e-01	-1.887230372374317233e-01	-1.825459443216475852e-01	-5.223982272059726206e-01	-4.141780362492099576e-01	-3.923842366407362392e-01	-4.070952562261616614e-01	-1.843259431377211877e-01	-9.485834878302601414e-02	5.065852413941952515e-01	-2.140237199885313968e-01	-2.390284425548291347e-01	2.962132950482571636e-01	-1.938376659196143492e-01	-2.653859719690707664e-01	-1.080715748228547879e-01	5.809059883016531867e-02	5.615883965850370502e-02	1.225005529780794772e-01	-2.554673547616610474e-01	1.427407901202116802e-01	2.820799702588090430e-01	2.110722025150716108e-01	3.255935750513893612e-01	1.573038850991227977e-01	6.490101561377517592e-02	-1.650445366804150216e-01	1.711118762587254261e-01	-9.508148257880968957e-02	3.330545685139778000e-01	4.250802340523196499e-01	-1.824150917946402994e-01	-1.074974338631229376e-01	-4.264755019610737552e-01	-1.311011328416473998e-01	-1.817153621018478271e-01	-1.556592021254614433e-01	1.025198668453200651e-01	1.832713692161980906e-02	-3.479075075388935456e-01	-3.401725559576518898e-01	-3.376039127762474612e-01	-7.522623684068303895e-02
4.976695181895816888e-02	-5.647252594629966621e-02	1.332246028255408277e-01	-2.100759411175181016e-02	-1.826620416265691826e-01	-8.512754721555962356e-02	9.400784021304728344e-02	3.229678505072674372e-02	5.536170467243102522e-02	1.309261623708243283e-01	2.069072291826874743e-01	-2.963035782399701251e-02	6.819299257877530218e-01	9.272161383922318534e-02	2.989191772986741769e-01	3.966228835030559674e-01	4.506100434332663274e-01	4.348359858013577384e-01	6.504833853329035076e-01	5.144451527213477204e-01	2.790918248982538485e-01	4.717765890238641985e-02	3.875975045467881519e-01	2.947772328630085537e-01	2.269168431169608924e-01	5.299179608389358205e-03	2.191128424562600041e-01	2.261261247864680413e-01	-1.301462419184872543e-01	-1.554735526799456979e-01	-1.980799943930546814e-01	-3.398840572268745086e-02	-1.823574562354300099e-01	-2.436511124162930031e-01	-1.322742431589873646e-01	-1.327590760445411522e-01	-8.566945844670249832e-02	2.396145414586520195e-01	-7.432737024537358281e-03	-5.942767705694482205e-02	2.397380812011607187e-01	2.033238996917068053e-01	6.944612938893654497e-02	5.632725787397827588e-01	2.509594227808444877e-01	4.897508500247721441e-01	-1.249061842847980913e-01	5.504424876277649176e-02	2.710543794795450823e-01	2.300516938016803625e-01	-2.276172618034237594e-01	-2.475914934610904117e-01	-1.529099841535494775e-01	-1.523542687456526101e-01	-1.964260920888829531e-01	5.593951162625361573e-02	-2.508877705773960298e-01	-2.043916064793197818e-01	-4.252791353587243722e-02	-3.765546445231504613e-01	-7.806466114338410367e-02	-1.397422868892136787e-02	-4.733778441202297904e-02	-6.064559542159361771e-02	-2.481188932952753667e-01	1.045867848674453260e-01	-9.285767953226237159e-02	-2.048249593196687646e-01	-1.515467411099400696e-01	-7.823717436173105444e-02	-2.301050842697207333e-01	2.216202788032612392e-01	2.236027752264054327e-02	9.559337370461551409e-02	-2.084804028269798548e-01	-1.062994480843595935e-01	-1.526076346886769686e-01	3.388494857150473744e-02	-2.569058764372807516e-02	1.783226894397713369e-01	-3.956901789107877820e-01	2.747704394773437322e-02	-2.049200670190970963e-01	-1.275938170401962890e-01	-2.626704591939366118e-01	-2.485889517267625970e-01	-2.150332705138164324e-01	-2.432755149306576326e-01	2.275610943172436673e-01	2.157315954640109945e-01	1.185199328898647458e-01	9.947628102039030463e-04	-2.278546442434986885e-01	-8.148288122234921549e-02	5.180415150004407526e-02	-5.615373923583470706e-02	-4.742587619033419161e-02	-2.368895334836793320e-01	-3.609012654414242571e-01	-2.265399647862955945e-01	2.344816357977137430e-02	-9.271021304310432531e-02	1.220044692022730914e-01	-6.497557935120823469e-02	-4.660177698020956383e-02	1.391846721773747353e-01	1.252975517277701012e-01	1.083055018159642113e-01	1.575639805107129088e-01	1.315039404812783919e-01	1.121767281079005252e-01	3.474891859960397428e-02	1.693428975579873708e-01	4.076612173731563038e-01	1.000000000000000000e+00	5.212235507463872652e-01	4.617429844651377846e-01	5.630210698177806616e-01	3.316612528770092050e-01	4.554979807173221706e-01	5.737002571353649882e-01	6.201270132916852917e-01	5.525661333304086043e-01	3.237679777504343659e-01	-1.085719649134743586e-01	4.836301793815440120e-01	3.848469432665474477e-01	1.639045706858930085e-01	5.322513901977612288e-02	1.660296205697825989e-01	-7.770310714755657155e-02	-1.753013017081516967e-01	1.265758460705262434e-01	1.615343527753389796e-01	-2.227913491167964888e-01	-1.481386237177281517e-01	5.011059967379611485e-02	2.471781266450434889e-01	8.046231123779341854e-02	4.482916832370293925e-01	3.308962937794653891e-01	-3.173986202104724791e-02	-8.688825080800156864e-02	-8.160596814432805046e-03	1.313942431629522567e-01	1.902819311235970368e-01	4.516370361646416254e-01	6.058980325557090652e-01	5.125764186818683177e-01	3.855650251357556346e-01	-1.371198492057588703e-01	-7.690353782447074960e-02	-4.763426431496477903e-02	1.186562489006065839e-03	1.060799779012769756e-01	4.419502988753260322e-03	-2.957349456485041106e-01	-3.420129923944142947e-01	-2.830201724573671029e-01	-2.429523955593273499e-01	-2.407229354595780968e-01	-3.783339243451219192e-01	-3.607912586530801491e-01	-3.127048511751108761e-01	-1.198359339100532328e-01	-9.512915613834709017e-02	1.262227988358760877e-01	-8.939382131108714047e-02	-1.730005819232008635e-01	-2.161106663182578436e-02	-3.013883504207873765e-01	-1.200201917770883642e-01	-2.680657311935711884e-01	-9.980488971040316071e-02	3.050751218997157371e-02	-2.029234597902805359e-01	-2.363776001861337128e-01	-7.833827584989917769e-02	-4.142292209191698882e-02	-1.782786373881246333e-01	1.781753271105930569e-01	-7.345857448997381023e-02	1.094361861617828557e-01	-2.744387662716356591e-01	-7.440513810933774286e-02	-2.619027952994474884e-01	-1.142242299035804293e-01	2.445982145659991377e-02	-4.303643297014157487e-01	-1.980471233729258207e-01	-3.073729322400974850e-01	-2.148636004573608593e-01	-1.551712310939396544e-01	-9.062842190226172434e-02	-2.134585535630010786e-02	-2.102407909721201451e-01	-2.091698538767050308e-01	-3.285374371040850616e-01	-3.212148425544243402e-01	-1.090583763792181554e-01
-1.729942991583387213e-02	2.672952928245807547e-01	4.538785659712292198e-01	8.975099222891382011e-02	-3.305783387624928182e-01	-1.757869095972169060e-01	1.356522352193687553e-01	-5.986053402277644736e-02	-1.122084329238668410e-01	1.931921163996764279e-01	2.419841936251583281e-01	1.823925244887977457e-02	4.661940169451360139e-01	3.640341380157980367e-01	6.687608498382325850e-01	5.861035399353781150e-01	5.714905657463927868e-01	5.329201282553432950e-01	5.392477290330233153e-01	5.698515278048716937e-01	-1.587580681993197018e-01	9.688895905943870068e-02	5.561028098099355527e-02	-2.303383862633541848e-02	1.569509328394659842e-01	-1.006598043876104909e-01	3.679387728915469169e-01	1.580630214338934192e-01	-2.985232476250220257e-01	-3.333795344407677330e-01	-1.789909419070622940e-02	-1.813466110094898165e-02	-4.924442468735450856e-02	-4.688552458997666816e-01	-7.285783875262821785e-02	-3.403624985718858159e-02	6.958669638196664231e-02	2.808550007914586977e-01	3.071917841553030715e-01	-2.007276311949313663e-01	-1.721164055648150282e-01	-3.204562315022316255e-01	-2.559247178126028421e-01	5.064934808277163913e-01	2.005800967242121757e-01	2.792666344941234224e-01	-1.014575430655737659e-01	1.348293496431882121e-01	-9.510169779620926411e-02	4.033781195438292944e-01	-3.157985802331261249e-01	-2.431796535923723135e-01	-2.239806295827819760e-01	-2.102411827820557799e-01	5.804347151365225194e-02	-1.333224755316334692e-02	-3.429263226376334517e-01	-2.005596364106664031e-01	-4.736534175504012595e-02	-2.996823675197235470e-01	1.384883157133932341e-01	-1.937942758645528896e-01	-2.285864627162447621e-02	-3.108237204437487300e-01	-1.873230945319871721e-01	2.713906874215012421e-01	-1.767669999448828189e-01	-8.523490344930780005e-02	-1.195955745248223484e-01	-1.037533115343828444e-01	-5.128791697781815567e-03	2.201405523285229759e-01	1.942488687553121374e-01	5.713679978910123775e-02	-2.308717532868844735e-01	-1.288242881719970680e-03	-1.038742371642645546e-01	-6.573517483690775876e-02	1.052307319247028361e-01	1.888948797040340410e-01	-2.349610532200097635e-01	3.147134040148760192e-01	-2.106754242314286263e-01	-1.542621097932357632e-01	-3.066046161480788790e-01	-1.407819521543851593e-01	-8.608056967501770754e-03	-2.170786212024545803e-01	1.879206501175884406e-02	1.365769240563652065e-01	-2.359292986558329114e-02	-1.695984375188085147e-02	-2.790625799489673264e-01	-1.626487145335937801e-01	-1.387008174221152357e-01	-7.324095054352630640e-02	8.259299903205900850e-02	-2.883231043324431808e-01	-1.991417354150942232e-01	-4.226187232965979146e-02	5.477381344628255537e-03	-5.360897323044316876e-02	3.954074404062152825e-01	1.229120467515608384e-01	-3.254786941836049219e-01	1.361280513466996689e-01	1.234071071561079758e-01	1.338458667339175734e-01	3.104599529899103594e-01	1.439912906267941661e-01	9.560438057132619738e-02	5.992751776954648862e-02	4.595798156461753936e-01	6.785998903210038735e-01	5.212235507463872652e-01	1.000000000000000000e+00	4.689388094402259233e-01	8.257777034240036951e-01	4.525168730480224055e-01	6.168697713922411952e-01	5.644115750124224506e-01	5.285618672919087935e-01	6.615922566908927216e-01	2.564822159971466009e-01	3.021637569251250238e-02	2.205273508253528247e-01	3.944961666360658481e-01	-6.590058432131411237e-02	1.718759054861509206e-01	4.003086006113915629e-01	-3.563105506176032500e-01	-1.409739802671576836e-01	-1.801583067382353520e-01	1.636812148155647184e-01	-4.674585850262272801e-01	-3.872971766969587892e-01	8.930641909967672321e-02	2.752602019621376850e-01	2.283115217123394269e-01	5.108376607766041966e-01	5.941389700962060871e-01	-5.467856756983085348e-02	-7.300753306081414484e-02	8.210554763598919281e-02	-4.019777534778013958e-03	-7.134678503292317397e-02	2.987519874448145707e-01	3.542810655865551439e-01	5.306595980085653252e-01	3.242392904749715199e-01	-1.586737277889052333e-01	-4.141379476026598727e-01	-2.021017442205640460e-02	5.329144689507839955e-02	-4.281760323330725815e-02	1.943674756608541887e-01	-3.228857812120897175e-01	-3.685409886630627851e-01	-7.310375141165928459e-02	-2.637071560176502683e-01	-2.822549575675143418e-01	-4.644240124649537949e-01	-5.823507066113544628e-01	-4.037815029167224345e-01	-3.092775061906315459e-01	-2.484016968533047653e-01	2.641522476649099671e-01	-3.250055618963972881e-01	-3.020483652925504692e-01	1.594466034504274654e-01	-3.232501452586770685e-01	-3.033140630930368231e-01	-3.208433226382411685e-01	-1.968678127372723297e-01	-1.400515926799682509e-01	-1.169594506246476179e-01	-3.175497379884398841e-01	6.338810800144109581e-02	2.094830576107901618e-02	-7.622246925891676406e-02	2.812634943753513639e-01	9.759600165465591448e-02	4.787814430740625765e-02	-2.214237684509959836e-01	-9.480057945399679442e-02	-7.412095142750946275e-02	2.961391484463952173e-01	3.336042767533947684e-01	-1.916291410862151767e-01	-2.147585632605964467e-01	-2.134722402903638239e-01	-2.424117008551525398e-01	-2.126188254366486730e-01	-2.843699709310487656e-01	2.170011945415073196e-01	-1.180474239667506087e-01	-1.598828885473128347e-01	-2.013759467371744050e-01	-1.223655889280832049e-01	2.571510785645940173e-03
5.717754123288099066e-02	1.096832853067978425e-01	6.359941916647113280e-02	-7.488270974115920735e-03	-3.587805355842801219e-02	-1.413301290973062452e-01	-1.419402402656441131e-01	2.795290668028818995e-02	-7.228966523469763927e-02	1.808423309858634143e-01	1.443971591507048069e-01	1.367210088547595181e-01	3.327933671475818977e-01	3.750043138167751811e-01	4.763046094147244114e-01	3.627882324951309800e-01	5.690104281398139507e-01	3.540683355849001401e-01	4.312679595006418953e-01	5.240815276393895328e-01	8.225028168062321898e-02	7.493411366005245378e-02	1.942140289096751793e-01	1.572229473314404047e-01	3.562591472190748676e-01	1.904448496299442073e-01	1.678499521196356037e-01	9.773073358525569132e-02	1.723643451437829321e-01	9.522511295152552568e-02	2.169772774226415013e-01	-2.130235110904983575e-01	-3.919848107382146174e-01	-2.454564552827585289e-01	2.732497451726351723e-01	3.827243787408827758e-01	3.573018310388411667e-01	3.707382895754072760e-01	-2.914596112219622337e-01	3.015907654692512319e-01	1.742822541008034742e-01	1.542782208382133535e-01	-1.915217545247505093e-01	3.066279078323398966e-01	-1.506857372090692482e-01	1.167835946755687165e-01	7.377727619002914794e-02	-1.933123279297450925e-01	-3.998725433265305773e-02	-1.304807597334207460e-02	-2.973309953963172991e-01	-2.508244379264506496e-01	1.238495704431131911e-01	4.910564884981993145e-02	4.316520133873073123e-02	1.264270700587999119e-01	3.340941199266327100e-02	-2.426003714680141643e-01	1.884911240321624493e-01	-3.087571608128869549e-01	-3.110377863712661117e-01	-1.527209628083343006e-02	-2.008942712422007726e-01	-1.002612176688369300e-01	-4.294380008099736301e-01	7.796252240557519086e-02	2.671800544393279284e-02	-3.111201944938388197e-01	-2.927404320465936682e-01	-1.680898492478869188e-01	-3.479829141430503259e-01	-1.229790183705365691e-01	9.901531802013807670e-02	-1.285741367872361984e-01	-3.937287615616599790e-01	-1.141216101982774622e-01	-1.563714874727255011e-01	-1.225929840470878218e-01	-1.648998332968808767e-01	1.601491610592140902e-01	-4.922576548234812721e-01	-6.225811686081881430e-02	-7.901218657032004974e-04	-1.359864799175419248e-01	-1.239457917459641512e-01	-4.408074852488972351e-01	-3.214517270377741376e-01	-9.362683926624024155e-02	1.097530111680997816e-01	-1.756609547481977895e-01	-3.325973547893740223e-01	-1.234818674592331467e-01	-1.848566492348538426e-01	-1.783546073717768576e-01	-1.887449178302289254e-01	-2.894685423491635129e-02	-9.511987002253403933e-02	-2.184275837160920553e-02	-3.192636163691337514e-01	-2.938117141224443341e-01	-2.665724744433385640e-02	2.022334425286273496e-01	9.247187773641911412e-02	4.772841949067202494e-02	-6.424764329023085162e-03	3.609895108753781445e-02	9.308938716367197441e-02	1.693988986913834149e-01	1.930069835946179591e-01	1.810739752019649151e-01	1.858139281730577519e-01	1.337857719949763213e-01	6.091809228062733395e-01	2.256383272870683410e-01	4.617429844651377291e-01	4.689388094402259233e-01	1.000000000000000000e+00	4.720075519408819531e-01	7.564174558650028635e-01	3.869086852676552057e-01	5.342412465627509599e-01	5.018650624651926906e-01	5.986904353487935149e-01	1.592339447924804585e-01	3.919496538003069269e-02	4.014983103915319984e-01	3.910279086362775103e-01	2.147771920084079467e-01	3.710802528263355549e-01	2.141438819478406475e-01	2.124227080179704463e-01	5.725870491626069286e-02	-6.617146666847616154e-02	7.280814543593326638e-02	-1.694346332335813221e-01	-2.617959920560626319e-01	5.600768753678611045e-01	7.656578029971792265e-01	1.917753034409112878e-01	6.688596770404661163e-01	4.912001315693088621e-01	4.897416242327466418e-01	-2.088092354179793553e-02	8.822865760028492099e-02	2.929370276607274823e-02	2.725201214117012327e-02	-1.448690032020785723e-02	2.086969772246732024e-01	3.721333487946991148e-01	3.917744516070194999e-02	-9.430008819391758057e-02	-1.999807051961561416e-02	-1.378174706041012110e-01	-1.876124292842557550e-01	-1.445658511126616391e-02	-2.810063889753117161e-01	-3.157242420722292664e-01	-3.616374977686191983e-01	-1.936650908697148399e-01	-5.893911112420210374e-01	1.244090148722062916e-01	-1.584940060549415164e-01	-3.110904923073474770e-01	8.814076285783173717e-03	-2.283592953593456820e-01	-9.641448327063661949e-02	-2.052931674374357529e-01	-5.424848833890100891e-02	-1.699009629937724697e-01	-2.000702817400395184e-01	-3.195454663898651404e-01	-1.818491541424760716e-01	-3.599840504228032922e-01	-2.395995842573353796e-01	-1.849250984240613793e-01	-3.853927386912714970e-01	-3.387169975712630565e-01	-1.379837002725741724e-01	-4.071358619612935881e-01	-3.406825853696701101e-01	-5.025164298848328048e-02	-2.011059460685575284e-01	-1.423000975186383410e-01	-3.315570616468966336e-01	-3.197670167641732397e-01	-2.874447445568468762e-01	-1.464306741952688673e-01	4.939404124518549655e-02	-3.108364615082945259e-01	-3.733698625732959631e-01	5.420300635488655913e-03	-2.342267796384061851e-01	-3.055982610743318006e-01	-1.761296895993721967e-01	-5.292522578611643519e-02	-7.765701855054712999e-02	6.765306385836796985e-03	-1.539077166975712507e-01	-1.440295104653112335e-01	1.483826876134247859e-02
1.903894194530403317e-02	5.541554133163931195e-02	3.863822867600607003e-01	1.290031327067611699e-01	-3.044762864428710580e-01	-1.182670107659398590e-01	8.210627451591551162e-02	-1.097110639250752639e-01	-4.897445674906376889e-02	1.358094488618886431e-01	1.706615385021126308e-01	1.619248643116664305e-02	5.584361896884215692e-01	3.828485529429946910e-01	6.444204646941039671e-01	7.449128491253724782e-01	6.072865720530709055e-01	6.013255299826859579e-01	6.845900119280136087e-01	5.226051656021517555e-01	7.462411516127284705e-02	1.792910250076727163e-01	2.199768767251168711e-01	7.647704878998293210e-02	1.275484892961352146e-01	-9.255138399996493126e-02	3.105865697179429064e-01	1.103189428513406123e-01	-2.347127494130386294e-01	-3.095502790921500491e-01	-1.388326559530267956e-01	4.053371601435878935e-02	-4.553893187460122775e-03	-3.802748883640550415e-01	-1.836067290711451139e-01	-4.001057653681908133e-02	-1.751262802717837644e-02	3.552475547331279682e-01	2.229837919520889500e-01	-2.461612630597287965e-01	-4.643978888069565797e-02	-2.277325566431759318e-01	-2.744534331953740747e-01	4.345314132133533680e-01	2.769903636219231968e-01	4.209281629837673400e-01	-2.587915395833464416e-01	-8.224293208431937216e-03	-7.445483824672523288e-02	4.252310019093656357e-01	-3.337166875076224559e-01	-1.024137567431065571e-01	-1.794096498813125551e-01	-9.459103699380795593e-02	1.444988874600669319e-02	1.445581911119064034e-01	-3.555099405990176376e-01	-2.851950605352602253e-01	-1.704844152895714782e-01	-4.402354390969163145e-01	8.013227428895584870e-02	-2.310915005380448639e-01	-6.968990177014967868e-02	-4.086097016844830732e-01	-3.475625115953877020e-01	2.542782420271263444e-01	-9.873621482097430513e-02	-1.952054171009338368e-01	-2.594687550087343419e-01	-6.693833001377250125e-02	-1.163560516598647308e-02	2.883111354776708435e-01	2.225585379634697769e-01	8.658196480875969547e-02	-3.073321000327162711e-01	-1.229143614287701997e-01	-7.650629340866961503e-02	-8.851298261176381368e-03	1.518723084177602545e-01	2.053807570970073992e-01	-1.968862086791869914e-01	2.134635055873066456e-01	-2.038819567530493759e-01	-7.033738306105896676e-02	-3.443588980474159844e-01	-1.432109392729606356e-01	-1.442294121936862628e-01	-3.169759882739574541e-01	-3.501400316486533854e-02	1.796659230876943847e-01	-5.226040224281788826e-02	-1.737010092359484240e-02	-1.798007474309828990e-01	-1.017635108796682286e-01	-1.716288298777027266e-01	-2.281446256644798221e-01	3.917883008809455378e-03	-2.476759396642257138e-01	-2.296053508706354107e-01	-1.673070924920411762e-01	4.233397073669395438e-02	-1.412728567903714094e-01	3.362507692064948261e-01	-1.443882062733684198e-02	-2.010914070282999733e-01	2.199567502380742334e-01	3.687241482257762326e-02	6.868850932205729232e-02	2.449655310523650986e-01	9.087210256558757304e-02	3.982400302007573639e-02	2.733306433947395656e-02	4.733188312970105782e-01	6.574875046378614307e-01	5.630210698177806616e-01	8.257777034240036951e-01	4.720075519408820086e-01	1.000000000000000000e+00	5.578395948942742599e-01	6.352466642008289810e-01	7.428497199379029414e-01	6.643129335765275423e-01	6.678422847292424525e-01	4.033647211495441920e-01	1.004092823044498012e-01	2.229446797861200924e-01	3.931128590520582833e-01	-2.024695729987452397e-03	1.898348961109472266e-01	3.293357551314864962e-01	-3.121278130196237788e-01	-2.505598499439349314e-01	-6.014189737580263179e-02	1.941780914213515896e-01	-3.896228541480521446e-01	-2.726046158057928159e-01	7.733197325437395075e-02	2.483786393623829136e-01	2.971604864354164821e-01	6.094010476083353556e-01	5.482664102069362277e-01	-4.339481124393853445e-02	-1.600395574698635082e-01	2.512003347700429989e-01	2.139171979231686838e-01	-2.832916464335833925e-02	3.614715053485924590e-01	4.356357240128991282e-01	5.188943955604858882e-01	3.661319793826269264e-01	-2.426975609600163786e-01	-4.309709812989546140e-01	-1.052826380864453487e-01	3.576483815120969773e-02	-8.828726577123191532e-02	2.234201959242291258e-01	-1.719095554728876374e-01	-2.895107055269037222e-01	-1.381213571157472453e-01	-2.219268631122859325e-01	-2.657124940234296129e-01	-3.937489264146074031e-01	-5.273675820894755395e-01	-3.750158793110816569e-01	-1.995868410334092902e-01	-2.249123322643292178e-01	2.228821629442717944e-01	-3.695753824901643614e-01	-3.938468210748197196e-01	4.220621619622753895e-02	-2.636587346109510732e-01	-2.576415364750616610e-01	-2.880864811001821457e-01	-1.787295209854314337e-01	-1.471501054337938930e-01	-1.835340716128717187e-01	-1.901625578399682437e-01	8.051093322318349232e-02	-2.342400584920144996e-02	-7.927325933188113238e-02	2.702066837857815540e-01	1.112689572995849002e-01	8.378484213651658796e-02	-2.873021344294814372e-01	-9.234130878534846376e-02	-7.957289032904206472e-02	1.169558478647852867e-01	3.158043839706237699e-01	-3.293305963546503956e-01	-1.820978690746044293e-01	-2.781664453339018350e-01	-3.654567158805416272e-01	-2.724476666511170819e-01	-3.053238221577115330e-01	1.095296623231280519e-01	-1.461156583392866914e-01	-2.305454387070196010e-01	-2.743236173268102096e-01	-2.816656778085235291e-01	-5.799147089440540026e-02
4.043312781348894214e-02	-1.810321260184244788e-02	2.185461117213823856e-01	-2.234283184518334048e-02	-1.946071070709203266e-01	-1.708294743599507726e-01	-1.533490200757500477e-01	7.697453146212408781e-02	-6.854898081744657812e-02	2.164363594385186884e-01	1.732930255952999377e-01	1.712279033831776154e-01	3.128323792668065151e-01	5.634541812408521144e-01	5.047648305632413956e-01	4.847038005952958306e-01	7.317536211012058978e-01	3.513011445340656902e-01	4.369381992192802877e-01	3.612484716230794368e-01	3.093956700233849166e-02	1.767215392660438922e-01	2.150401007736761905e-01	1.533114770124629211e-01	3.426059235923901158e-01	2.799420983373333560e-01	1.312857860326978043e-01	2.221651859218386482e-01	1.410212248768926702e-01	3.116283002687251103e-03	2.154769292671004366e-01	-1.899492566070154487e-01	-3.211893412691501082e-01	-2.631801523823399935e-01	2.599009483215276028e-01	5.056463166854440194e-01	3.921606712398935657e-01	2.978405824144482739e-01	-1.579889750463321363e-01	2.854870405592300764e-01	8.422706589797518406e-02	6.978352060151780945e-02	-1.378471110075767947e-01	1.686041832156718323e-01	-8.515276690163542384e-02	1.925271797110940375e-01	8.975366450849679711e-02	-2.168869974720586125e-01	-5.489427063643866761e-02	1.276126499800371052e-02	-6.306666700471220965e-02	5.967824170928139743e-02	1.213847311342780427e-01	2.252094422246113670e-01	1.536537678830492484e-02	3.134313754249381523e-01	-6.893803430413841067e-04	-2.642396964036222706e-01	7.494541228684423184e-02	-2.412596126946909281e-01	-2.925047294695495848e-01	2.438723535637631057e-02	-2.735110836473898452e-02	-1.179462208018543790e-01	-3.891436874698709913e-01	1.438004046803608715e-01	1.023739805943724573e-01	-2.927872491076988215e-01	-4.043965701983338601e-01	-1.996818195509439745e-02	-2.542728838008163073e-01	4.675577755269630376e-02	1.743801083098489232e-02	-4.721575224462475073e-02	-3.479295874210670547e-01	-1.903310046752885454e-01	-4.977098063130345335e-02	-1.209198302054355079e-01	-1.777960849933279408e-01	2.667323516500521019e-01	-2.380513430695257449e-01	1.065445486226657135e-02	4.067108598622739407e-02	8.585039187923804160e-02	-4.686671283494267537e-02	-2.376488711748047933e-01	-1.761065414262058537e-01	-9.226186745785729115e-02	-5.627802389200260019e-02	-1.737103758858632163e-01	-4.386933078506141670e-01	1.242827879236261951e-01	-5.322608628832263544e-03	1.079542362298193392e-01	-1.614242423673856522e-02	-1.159723338679112120e-01	6.179985396181200512e-03	-1.140340712838260467e-01	-8.259600374638799425e-02	-1.372337190136914131e-01	-1.023972839242088817e-01	1.365116148981530553e-01	1.229683530853653561e-01	-7.642592124134310605e-02	-9.573059115687845844e-02	-1.568571311326032169e-02	1.348776723735453098e-01	1.265220467429838958e-01	2.616643173437382952e-01	1.719170325337845695e-01	1.899580738714022610e-01	1.460198770384454892e-01	7.177983001635172000e-01	1.974887113033313435e-01	3.316612528770092050e-01	4.525168730480224610e-01	7.564174558650028635e-01	5.578395948942742599e-01	1.000000000000000000e+00	3.764493136161169984e-01	5.799495429133716407e-01	4.747524418962402182e-01	5.024039835873856941e-01	1.746242848492083333e-01	1.351204400624117785e-01	2.761933942349610871e-01	3.985256412342065846e-01	1.361636032571159616e-01	4.002294600251870005e-01	1.016539405122746931e-01	1.217863422310024590e-01	9.225612285871253107e-03	-1.540155250101618023e-01	8.563567442003282293e-02	-1.225081379465929043e-01	-2.702525145489765301e-01	5.020241892489947233e-01	6.644848653778545611e-01	1.014845238303054148e-01	6.621015148710418519e-01	4.338140569002221780e-01	5.185353733995003989e-01	-9.953423896671972221e-03	2.202475584938931308e-01	1.613067935451857060e-01	4.443312093643377036e-02	-3.639041103338595817e-02	1.655116063762107903e-01	2.914190437728762517e-01	1.127826841344802544e-01	-4.579377928132917497e-02	3.265360046347772632e-02	-9.541076708209909885e-02	9.926427535380500169e-03	4.226498841876399210e-02	-1.549135286924874233e-01	2.810074133934870738e-02	-6.538512481144601041e-02	-5.323262270718771665e-03	-4.430703800714461682e-01	1.149896254187417755e-01	-3.881499280596682061e-02	-2.736771897147530219e-01	-8.150925184616984731e-02	-2.189044203020211743e-01	1.236975905878150844e-02	-1.323158984320365605e-01	-2.404206738282814101e-02	-1.015012938676378706e-01	-2.347941047487989985e-01	-1.851507567173680535e-01	-1.000023586761833172e-01	-3.276965787976029443e-01	-1.799208388716743712e-01	-7.308771204653362330e-02	-2.690668574389196155e-01	-4.734270519627393342e-02	-3.359893491861590947e-02	-3.336330607862901254e-01	-3.558085578510697400e-01	7.326799532727246156e-02	-1.439124845492291416e-01	-1.918853860644635645e-01	-2.719377404260961417e-01	-3.013806016831971357e-01	-1.424121046199600393e-01	-4.984757914026731462e-02	1.634530342429232896e-01	-2.601890798908325086e-01	-2.085342003622544516e-01	5.811631855676935299e-02	-3.751237126191906968e-01	-1.065954534926566166e-01	-3.059829441141221351e-01	1.167725053640344610e-02	-2.081054192192959840e-01	-3.191144890360595593e-02	-2.607791679131420126e-02	-7.865690316413403993e-02	1.180197855459920175e-01
5.945934831066748347e-03	9.765599569482232012e-02	3.724628687809629080e-01	1.038259788503351627e-01	1.918406083088774897e-03	1.492114110845861874e-01	2.873431961271912805e-01	-2.442795508546245428e-02	-1.543753384006237295e-01	-7.858478483934640962e-03	9.019328382543972955e-02	2.193295388963183851e-02	4.209660770682194797e-01	2.127952142786850298e-01	4.923047889503608943e-01	5.577950002573366373e-01	3.801645363845035930e-01	7.359956588108917952e-01	4.488126325466514355e-01	4.102400568544266046e-01	-1.105401938208065704e-01	1.595953536815399032e-02	1.204199120296404850e-02	-4.174899603510935642e-02	1.698241468371040896e-01	-2.103157672139629453e-01	2.427070229407995716e-01	2.480826671720809673e-01	-2.379931020284928034e-01	-1.707614908175983381e-01	9.924268274869148254e-03	1.140221082284686854e-01	1.328429036089951720e-01	-2.618699308017717331e-01	-3.941062917795811610e-02	-4.319227531552126235e-03	1.732931902589593676e-01	2.893503464559695204e-01	4.282931169675334715e-01	-1.479607399145616842e-01	-1.106748361630595784e-01	-3.047965667336449691e-01	-1.866104946867071235e-01	4.687668153797156512e-01	3.173957478753594574e-01	5.166611406521308680e-01	-8.072304434755164793e-02	7.856056615790008024e-02	-1.268414983423631348e-01	3.155724138834762327e-01	-3.627607781228667228e-01	-2.412961573402049587e-01	-1.290314736508330062e-01	-1.638324775359463747e-01	-8.266350231035260454e-02	-6.784179823270004850e-02	-2.137077288403350928e-01	-2.788758914875081873e-01	-2.079746547965001177e-02	-2.099818832419830805e-01	3.193100641968887876e-01	-1.904111638259920747e-01	-4.163012705374849465e-02	-1.555588498578545087e-01	-1.685646632340672968e-01	2.206041139498614856e-01	-2.644533222623814961e-01	-1.031978122140893850e-01	-2.169544837489592870e-01	-2.279892389814869025e-01	-7.778204287808883344e-02	1.527182833027639630e-01	3.002036726898886232e-01	-7.718821006085230252e-02	-3.300909635483367244e-01	-6.085344013858773327e-02	-3.185009851835555739e-01	-2.503520966262427483e-01	-8.909222225461659386e-03	-2.543712747483073064e-02	-2.423473606041013362e-01	4.116876523247874758e-02	-3.763902108036757399e-01	-1.375130900524811073e-01	-3.474782407612977408e-01	-1.854960379547246074e-01	-2.431809894242116868e-02	-3.088315335796925076e-01	-8.445003973644474304e-02	2.031950738033836967e-01	-5.047220331057364340e-02	-1.265202793992832031e-01	-2.957051524545093457e-01	-1.414154563189461700e-01	-1.780123884315188698e-01	-2.217638569751474165e-01	-1.205356146328685901e-01	-1.360161246377054600e-01	-2.384752011251049797e-01	-8.120104836353536637e-02	9.939821687789754390e-02	8.429541460478567200e-03	2.073351565383134976e-01	-1.218953528499481520e-01	-1.759806518653260834e-02	2.092452659661819259e-01	5.719622614381567050e-02	-8.961663390289361514e-03	1.383600507820234582e-01	-8.422811341148569997e-03	-3.315826430040431927e-02	1.121138154306623586e-01	3.380273392521039311e-01	6.770026933492151455e-01	4.554979807173221706e-01	6.168697713922413062e-01	3.869086852676552613e-01	6.352466642008289810e-01	3.764493136161169984e-01	1.000000000000000000e+00	4.539446812921414387e-01	4.404289612517815478e-01	4.624482262175886316e-01	1.240934212485869936e-01	-1.295569324004542944e-01	1.127508607145063374e-01	2.552280998374971688e-01	-7.823709126988488693e-02	5.273895939063883570e-02	2.784403167441747429e-01	-1.531934464574674915e-01	3.994749090145090220e-02	9.246242142319270607e-02	3.433683402048057220e-01	-1.676220243017932376e-01	-1.046540585117083921e-01	1.156054426001764945e-01	3.082344420875292035e-01	2.886552784443255359e-01	5.242272479565001086e-01	7.691439096060957992e-01	7.302298532894795080e-02	1.635588272944842325e-01	-3.140448890869240728e-02	-7.618147651010946653e-02	-8.176719881099478449e-02	4.642870466522300843e-01	3.902371633960206587e-01	5.235098933152561029e-01	5.044606659439767604e-01	3.021666267433699643e-04	-2.455654802812509974e-01	3.058892139444988403e-02	2.205097855477607810e-02	-2.668300352124375330e-02	2.611516326026957491e-01	-2.258074127208602178e-01	-3.029348171170876403e-01	-2.629979091287639181e-01	-1.454030289712153756e-01	-4.099313524692281829e-01	-3.557456753902792923e-01	-4.793085061855529294e-01	-2.635812314287951930e-01	-1.898603391368643978e-01	4.490945511168139420e-02	5.709004101890395866e-01	-1.867734573609617643e-01	-1.454758154123442226e-01	1.485408050555110104e-01	-2.471323666982380984e-01	-1.966196906310049008e-01	-2.182808899788208912e-01	-5.436206757373607257e-02	1.091851439192620121e-01	7.636717370156109741e-02	-2.797856064031905010e-01	3.663606233596483630e-02	1.455199259592645233e-01	1.467547137826648584e-01	2.555882272849735459e-01	7.071829245281172072e-02	6.582960830838233829e-03	-1.512676065059649078e-01	1.785375384624610928e-01	-1.468432229904648723e-01	7.504814058411211908e-02	2.216675796324188985e-01	-2.242676555093227331e-01	-1.635856608680683888e-01	-3.331652875379591539e-01	-2.112409070243622122e-01	-1.671485121131965623e-01	-7.389027358231398113e-02	8.506192149263235025e-02	6.756948743436273774e-02	-2.363912125394685704e-01	-2.466421519456575839e-01	-2.104876222642547146e-01	2.467644696594435000e-02
2.999393184813627100e-02	-8.769503233179674895e-02	2.138272658888522026e-01	-2.389015370980834135e-02	-2.157531655020119843e-01	-1.468526060642361963e-01	-1.524842103303555678e-02	5.023509262316204482e-02	1.232968160924766687e-01	3.232862103081065586e-01	3.300963992542460534e-01	2.083306309671989764e-01	5.500574828009249240e-01	2.425048779818131106e-01	4.722149192412801733e-01	6.440237858167914275e-01	6.697191590320226151e-01	5.276730318277728093e-01	8.088200540322274534e-01	6.490550020958263389e-01	1.509961585845377152e-01	8.073908573727757443e-02	2.398732026593929367e-01	7.252666076251387817e-02	2.794194724348159631e-01	-4.873013749593883837e-02	5.581215376601955658e-02	2.321789510788621960e-02	-5.614669163487220199e-02	-1.821346367662200205e-01	3.751049211318745191e-02	1.077136954231431611e-02	-1.556560859679721465e-01	-2.981944029539079222e-01	-1.897491119973651885e-01	4.102891334968366416e-03	3.404564271258800345e-02	4.716770673397182034e-01	-1.754374977443012851e-02	-1.548888397397326366e-01	1.295948828697452149e-01	-1.364353965899128655e-02	-2.410736010556700781e-01	4.352903382328754400e-01	8.890988181807364665e-02	3.452107424409870395e-01	-1.258738822687387460e-01	-1.653873071502109660e-01	-2.814577194487375561e-02	1.851359160728469622e-01	-3.746670555141909387e-01	-1.747537400782165906e-01	-8.049573344780798501e-02	-7.751046806219412562e-03	-3.193178910658873298e-02	8.496011496575110733e-02	-2.392013594911094332e-01	-2.005089040736741102e-01	-7.456488318108017710e-02	-4.316400324465361482e-01	-1.131633444728121635e-02	-1.846623514493256069e-01	-1.213973444258005518e-01	-3.113748262892355179e-01	-3.954411648885973740e-01	1.023218276085010175e-01	-5.934872824396313085e-02	-2.303550231167063589e-01	-2.883346747030046675e-01	-1.073378636224087829e-01	-2.029027526166402584e-01	2.703084324874890920e-01	3.160701917877540290e-01	-1.255665928977984895e-02	-2.460199956184402348e-01	-1.495679236322935146e-01	-4.733079186083202772e-02	-5.031597180518091600e-02	2.393748434761596711e-01	9.962161447667804148e-02	-3.249534953208604859e-01	-1.366381850819537065e-02	-2.497911506320144026e-01	-1.841614324729949348e-01	-2.952333114228624100e-01	-2.041715825353280500e-01	-1.603955114870214971e-01	-3.315288699230853897e-01	7.151176218690782904e-02	2.846996869900383573e-02	-1.067386546262133612e-01	-9.786989744735272168e-02	-2.330489619698496162e-01	-1.442456556029035886e-01	-1.711800831860827710e-01	-9.169537526573477704e-02	-5.940747616599773712e-02	-2.187265487470931025e-01	-2.499474926115371476e-01	-1.439526214048096331e-01	-3.824703073895659167e-02	-1.155760271769257089e-03	1.546467984813462426e-01	-7.792181426158739654e-02	-1.421073520672986590e-01	1.104731823725254719e-01	1.008561747255263541e-01	2.210970109213306889e-01	2.936292868842376724e-01	2.959304640500369787e-01	2.763724868728248407e-01	1.400089516650798727e-01	2.883457141643764876e-01	3.280004597895801455e-01	5.737002571353649882e-01	5.644115750124224506e-01	5.342412465627509599e-01	7.428497199379029414e-01	5.799495429133716407e-01	4.539446812921413832e-01	1.000000000000000000e+00	8.374824326799280572e-01	7.629224160868554039e-01	2.812399510601248931e-01	8.647263936639272564e-02	2.052044278445242509e-01	3.874787368849025304e-01	-3.612505819282642999e-02	1.063097188767223866e-01	9.717932512940645473e-02	-1.211447067914743214e-01	-1.078562695513041181e-01	2.362028362325161585e-02	1.840274311917386996e-01	-2.662483023315840858e-01	-1.347967448547744695e-01	1.877438798777210024e-02	2.212612006042557755e-01	4.422014879678350940e-01	7.156963473197893721e-01	3.926468914425587653e-01	1.520525227741544201e-02	-2.641591355352115311e-01	1.149606518842341829e-01	1.403265798968712785e-01	-7.427536948650090287e-02	1.624741170381238387e-01	4.719632748122097321e-01	5.442464566707830853e-01	2.167290220605815054e-01	-1.789620572263250220e-01	-3.424267233055421911e-01	-1.480479755052696855e-01	-9.088212937897542643e-02	-7.694749885117638244e-02	-6.049805958474249040e-02	-2.161431999948820737e-01	-3.555858956641794189e-01	-1.733132066147892725e-01	-2.633843329424525592e-01	-1.941109428327156827e-01	-2.496821198205019243e-01	-4.048739784114869789e-01	-2.327008297638508971e-01	-5.045216183543699967e-02	-1.612250317915805697e-01	8.931244286010595057e-02	-3.254130352915972635e-01	-3.135747766826101346e-01	-1.497508320462369313e-01	-3.325840718878576019e-01	-2.016687636336436384e-01	-2.521561630981205004e-01	-1.491503681588955965e-01	-9.385804668305501586e-02	-2.597643370227954440e-01	-1.935097869684394012e-01	4.919349921373317863e-02	-1.804922125207308603e-01	-2.007025088604997565e-01	2.906190310716061376e-01	1.420313888072971542e-01	3.708378082460380559e-02	-2.736732307920948792e-01	-1.398396466703681340e-01	-1.107614511199807306e-01	-1.489978433092308541e-01	4.366070919556618718e-02	-4.018838905682603491e-01	-2.143197311117599202e-01	-3.184873298508401063e-01	-3.086442252670631992e-01	-3.288856629489768646e-01	-2.281568249495612988e-01	9.852898635872929523e-02	-1.974633064657921877e-01	-2.731206084893862407e-01	-2.602970217750345538e-01	-2.219753078174313277e-01	-5.315220571396227917e-02
2.682960157095511805e-02	-2.042266974665809393e-02	9.255584109574857554e-02	-5.154848319694738112e-02	-1.769520907959458156e-01	-1.433991688948059173e-01	4.549891830325896933e-03	-2.942489971687460223e-02	4.575775597545479745e-02	2.216671497343788710e-01	2.834231539055122595e-01	8.886644647069463776e-02	6.407350056471112776e-01	1.564035020051236513e-01	4.807189293556649035e-01	6.476602782347999909e-01	5.993199809153880731e-01	5.513279942112202514e-01	8.679351586809933572e-01	6.962204565049061600e-01	2.033941327540313981e-01	2.779396936079464933e-02	2.463222175102094680e-01	9.930341217504545792e-02	1.939717500654919990e-01	-1.124106497574074714e-01	9.794461368965130810e-02	7.967158508793426019e-02	-1.175046522191132703e-01	-1.773237194846251086e-01	-6.246357981761995609e-02	7.169994330419300621e-02	-9.857915002197031873e-02	-2.041158668796261288e-01	-2.745704640378446304e-01	-1.164826147116028165e-01	1.000196297282423055e-02	4.174912346408496955e-01	6.849064516474027975e-02	-1.893864414864845913e-01	2.224959109174933225e-01	5.680985825125391825e-02	-2.155809981483791382e-01	4.707230245854641670e-01	1.876685639568789754e-01	3.629417228480762980e-01	-1.564219669604366147e-01	-9.634276458755440531e-03	6.156131631559347978e-02	3.079291469921126012e-01	-4.396691091966551945e-01	-2.565516548497751570e-01	-2.048907167352633507e-01	-3.710772534402052760e-03	-1.512641285967897542e-01	5.306491050484112536e-03	-2.064945995738327322e-01	-1.193258287912131177e-01	-6.666485035928564062e-02	-4.187521398616453894e-01	6.531575383979869309e-02	-1.581385112335163823e-01	-9.015212456595381174e-02	-2.425537952697723043e-01	-2.429451421148189627e-01	1.393918180812131202e-01	-4.774089425543384668e-02	-1.373132673522117764e-01	-1.019865397091166137e-01	-1.321155698739111262e-01	-1.621003174959561310e-01	1.647700902906316378e-01	3.262320323148183987e-01	-5.370364335515942500e-02	-1.611030470351760557e-01	-2.939919502636385504e-02	-8.353515138444400634e-02	-7.288789742022036555e-02	2.628395096614725146e-01	5.292247253562364778e-02	-3.904782787243578634e-01	1.346463822117983655e-01	-3.551306744859227260e-01	-1.270119857449188983e-01	-4.078640970725275205e-01	-2.460969757973943128e-01	-1.853747880601862297e-01	-3.317004033000273688e-01	9.744433598196096391e-02	1.789236177382400039e-01	1.130236926786717527e-01	-1.790262233620234233e-01	-2.876685761874080982e-01	-1.692398878163057507e-01	-1.657687164630397836e-01	-7.089012146939613693e-03	-9.064078164189426357e-02	-1.577393014594305476e-01	-3.883842756118691120e-01	-2.069070302050404764e-01	-5.185340328618415900e-02	-4.311199871580840420e-02	9.432227801192921701e-02	-2.745162581056021650e-02	-1.181646588829147193e-01	2.307479485187341819e-02	3.596964287084667561e-02	1.783505344945782445e-01	1.377048142317841561e-01	2.362026673715261482e-01	2.177965566354297111e-01	8.311262196827511051e-02	1.464226317606524830e-01	3.666777532849052057e-01	6.201270132916852917e-01	5.285618672919087935e-01	5.018650624651926906e-01	6.643129335765276533e-01	4.747524418962402182e-01	4.404289612517815478e-01	8.374824326799280572e-01	1.000000000000000000e+00	7.903162026123711215e-01	2.424216375196979745e-01	-6.326408310666279105e-04	1.891439644388372421e-01	3.997265504349542531e-01	5.974120571398497392e-03	-8.346635672750986681e-03	1.333499934642697060e-01	-1.422392909570956709e-01	-9.571904796330724108e-02	7.407620702626808995e-02	1.985454876717771822e-01	-2.098998186764610696e-01	3.160449064721507911e-02	-7.755896128053366145e-02	1.326955198047237994e-01	4.911842443989205553e-01	7.067427873752316625e-01	3.697972885519153485e-01	-3.913546393332989481e-02	-1.288925477042449086e-01	-3.432310269171289039e-03	1.530348471473461369e-01	-7.193012671668025382e-02	2.314440791893559723e-01	4.898572601736240206e-01	5.503878118509062389e-01	2.357660147130116735e-01	-1.651840361293381021e-01	-3.353220241481674191e-01	-1.109488680466293731e-01	8.725090237412068753e-03	-7.052754042178868699e-02	-2.553432156836104444e-03	-2.945066209360763798e-01	-4.961911825007588317e-01	-2.928475769501550086e-01	-2.843685450287941063e-01	-3.698820547515167534e-01	-3.143106683425582193e-01	-2.710251633403285010e-01	-1.930271673518553499e-01	4.161473087878340971e-02	-1.949083280438737020e-01	2.128607136460753391e-01	-3.007147785182410216e-01	-1.763830180334285402e-01	-1.072806585562678661e-01	-3.300352296986871492e-01	-1.907769622618548377e-01	-1.629020282633496242e-01	-1.138076529396574166e-01	4.905286541133816597e-02	-7.461316653819376199e-02	-1.724801442772216642e-01	1.060614145491619587e-01	-4.534240409632073893e-02	-4.626328500888387055e-03	2.491268490432694549e-01	2.213860457099899592e-01	1.457306132856907820e-02	-2.541276642829277121e-01	1.171303057595759062e-01	-1.556944098861506864e-01	-4.539270185413778885e-02	9.764141269705640946e-02	-3.557992937274336853e-01	-2.141662341963117555e-01	-3.763425079257802230e-01	-3.277559256133655979e-02	-3.234170843810963980e-01	-1.632102162861388261e-01	7.984048424539846867e-02	-1.207769674811192406e-01	-2.575055551319740954e-01	-4.037336156301138401e-01	-2.559171314082967497e-01	-1.636248173426214370e-01
-7.711788911917632355e-03	1.779591269815209986e-01	2.257049518602328442e-01	-1.595985558704338114e-02	-1.947169881080360043e-01	-1.605863795619463796e-01	-6.400497683430754481e-02	9.256325532669890110e-02	6.033166726010294467e-02	3.935138087635747239e-01	3.905402229299925754e-01	2.298251662943591178e-01	4.909599256364930997e-01	6.294705808627593102e-02	4.742307057156291972e-01	5.187302066309819049e-01	5.872019767644641730e-01	5.176365837163037220e-01	7.122115359320442263e-01	8.235515094829134464e-01	9.748638591486365190e-02	7.884003256954846828e-02	2.216319252868556022e-01	-5.969451891849830022e-02	2.569242576041408932e-01	-1.462328220763434161e-01	9.665368534633086983e-02	-5.555767652212951352e-02	-1.291480010815611590e-01	-1.572333841826966117e-01	8.353681853816043168e-02	9.647151131181523620e-03	-1.980149285164019002e-01	-2.499972257065347647e-01	-1.958747236458891483e-01	-9.692057801392356398e-02	8.389665349835796759e-02	3.797023841852441017e-01	6.519014666144985759e-02	-1.346066272659067475e-01	1.307705144042863032e-01	-1.255400585311850503e-01	-3.713667514991188523e-01	4.945840882459111576e-01	1.016435293911426563e-01	2.158528775896050578e-01	-6.816551364767013677e-02	-9.677982097929657690e-02	-3.737387415686244801e-02	2.642862183897149997e-01	-4.219165728175151009e-01	-3.104259845815154906e-01	-2.076579767670772569e-01	-1.205571571114640445e-01	-8.290820185915633023e-02	-1.709732359125113454e-01	-1.968714994435592780e-01	-8.441120348557638875e-02	6.386391207550293214e-02	-3.718639603797315174e-01	2.176898101475091551e-02	-1.790332517256099376e-01	-1.454245020152308554e-01	-3.098419062696051718e-01	-2.650569391888309978e-01	1.704942148910186528e-01	-1.270878382433762721e-01	-1.316693676301711746e-01	-8.793817113406379726e-02	-2.003036095823107765e-01	-2.428028892441546349e-01	1.721240137285499072e-01	3.379671486630515531e-01	-7.485496096992519388e-02	-2.048553147993954771e-01	-1.358012757260226577e-01	-1.079747678877897438e-01	-5.563850016644423385e-02	2.297476723145671362e-01	5.609479611245649089e-02	-5.267522830287558744e-01	1.441609790946174752e-01	-3.598623112725377049e-01	-2.877515348023576558e-01	-4.693521340201679548e-01	-2.773691146104396155e-01	-1.582415549635192709e-01	-3.637581392298174232e-01	9.158409165842971988e-02	1.062559621119539971e-01	-2.629602878453332973e-02	-2.616819998368347666e-01	-3.993209172443372146e-01	-2.360790768840798914e-01	-2.359466547862058561e-01	1.367819832361136939e-02	-4.081662528462162709e-02	-2.844839145744069153e-01	-4.023368736632904064e-01	-2.264485901155693648e-01	-6.428015260341321535e-02	9.999296691900566580e-02	2.249146963131871124e-01	1.749341692874118170e-01	-1.617230945984818591e-01	7.306248112647803494e-02	1.892914090514492276e-01	3.421461807221123919e-01	3.693197257168173153e-01	3.750340674903578364e-01	3.593887956186072596e-01	2.471561184182545778e-01	2.130423453185020521e-01	4.101314247049352990e-01	5.525661333304086043e-01	6.615922566908927216e-01	5.986904353487935149e-01	6.678422847292424525e-01	5.024039835873856941e-01	4.624482262175886316e-01	7.629224160868554039e-01	7.903162026123711215e-01	1.000000000000000000e+00	2.732666658478859478e-01	-9.525697920421467846e-03	2.253180416043702172e-01	4.309751202887031063e-01	-6.590930699656612213e-02	6.945723318916066646e-02	1.617650656699178291e-01	-1.236788200070561283e-01	4.079257445359633916e-03	-1.982246320080088484e-02	1.245938512681005056e-01	-2.656658665144691622e-01	-1.177162766773434677e-01	2.572968187204844465e-02	2.409201491296414366e-01	4.638471809176724636e-01	6.756424930761848469e-01	4.715806669416085506e-01	1.974360377742526151e-02	-1.931610749422079665e-01	-6.063542499728868940e-02	-2.987636541460624365e-02	-1.517308815770741226e-01	1.380774840539420456e-01	3.430164703816921956e-01	5.539191936123162296e-01	1.958145016589779297e-01	-1.654092274005932450e-01	-3.788357836208878782e-01	-1.799769845562237403e-01	-8.779198412604247159e-02	-1.259737077794509386e-01	-1.999409632707914442e-02	-3.806185315121941581e-01	-5.782096500239702896e-01	-3.171240616416032276e-01	-3.983267664046902801e-01	-3.094432925147015956e-01	-3.859928949485064154e-01	-3.681830358800678438e-01	-1.821589502789330295e-01	-5.136807902765180844e-02	-2.419670108971299638e-01	1.262776450929778138e-01	-3.594085625825767516e-01	-2.764579712588731142e-01	-7.845178550307925491e-02	-4.260599398121482362e-01	-2.196143156689346898e-01	-2.314097260553576174e-01	-1.728610475724587370e-01	-8.238972576099892753e-02	-1.938092972727461227e-01	-3.075464800177341029e-01	1.288893124705930461e-02	-1.823305596533361939e-01	-1.681900308917454179e-01	2.988786169321974162e-01	1.811259367728334790e-01	4.697321515430556010e-02	-2.377468185218728491e-01	-5.700573322447195085e-02	-1.567763740079853585e-01	2.910979122775621264e-02	1.227100574161175683e-01	-3.721066278574921005e-01	-2.869078432332587969e-01	-3.505669347263488667e-01	-6.521558825159473605e-02	-4.621346116490324674e-01	-1.807021233944220151e-01	1.415089643649395934e-01	-1.881447176931582144e-01	-2.636453556653737818e-01	-4.044118542307912345e-01	-1.745539709134823481e-01	-1.369343975767548516e-01
1.512120892118546389e-01	-8.762548107689133170e-02	7.969759277113501461e-02	9.268884117997722161e-02	-1.940318948312649006e-01	-7.583193236675345172e-02	-8.682899216980279056e-02	-1.312294900639871253e-01	-4.071682586516778973e-02	-6.713398264305305008e-02	3.128521958739290815e-02	-1.973860275682370879e-01	3.432717749516168149e-01	1.074773501581050283e-01	2.598238922157678488e-01	2.355498334883919520e-01	8.358629350007880376e-02	3.717837663091211331e-02	2.305513171433906383e-01	1.552209681426140742e-01	4.042320239578802155e-01	5.594744734591220459e-01	4.721364128876169852e-01	3.388018679049880633e-01	1.481215346516984166e-01	1.324903325006333843e-01	4.354875507666474688e-01	1.194449099962259682e-02	-1.722581248463168624e-01	-2.286329027276256254e-01	-2.675018526209796965e-01	-8.170665905024056264e-04	-1.209814121785283414e-01	-1.710254895288242372e-01	-6.163846146981666330e-02	-1.463402371591354667e-01	-2.683601369276891746e-01	-7.430233152555230924e-02	1.468108944069238669e-02	-5.339524696296640144e-02	7.355451213356339890e-02	1.293392918142015902e-01	3.204514148838813557e-03	2.690476771439892500e-01	2.819255547284380548e-01	3.006559309252781476e-01	-1.860663648908671142e-01	-2.806398642812875099e-01	1.174927281349379543e-01	3.346875368124471728e-01	-1.083463119344577896e-01	9.631292494421333367e-03	8.529940162146898430e-02	1.851123112718722555e-02	6.671516364891504070e-02	1.629298428245580244e-01	-2.958101934436907499e-01	-2.222809477983589410e-01	-2.089922709909652898e-01	-3.088148567930099619e-01	-1.812559325740037974e-01	-1.407007828845781849e-01	-1.317784163106203721e-01	-2.816401607549124386e-01	-2.815706096855971063e-01	1.718894421188860711e-01	7.039416279706604829e-02	-8.638579424956643882e-02	-1.965541461131918022e-01	-7.351440051627473014e-03	-3.160617937556326612e-02	2.205872561051395730e-01	-5.475955328918939019e-02	3.296801865363656603e-01	-1.440836642493674991e-01	-2.408265423432536523e-01	9.875393485538427885e-02	8.714511928002056929e-02	8.030207991671199641e-02	1.082013708004041230e-01	-1.521255441202245262e-01	1.196597199543959766e-01	8.323189411213664790e-02	-4.131923470881457977e-02	-8.836512229132632845e-02	7.459482630976634054e-02	-1.026858269859361183e-01	-2.093087683747336392e-01	-1.726932058544909110e-01	1.141383207641894215e-01	8.886387411785634819e-04	8.779291679347912825e-02	-1.807021038045616979e-01	-1.027995681515073839e-01	-5.135566951406932840e-02	-1.701323936950676075e-01	7.261561544098689425e-02	-1.731454342299194593e-01	3.404798810154634203e-02	-1.499374045581141623e-01	9.199680896700508648e-02	-2.177847907921316994e-01	-5.985400680532653589e-02	6.644296520630105923e-03	-1.280593792523823382e-01	8.857244796910898610e-02	-1.256366313718350058e-01	-3.910192996781818725e-02	-2.022469363925690627e-02	-5.376180436198533391e-02	-1.186323721097366501e-01	-1.450649672955499625e-01	1.649724638848798219e-01	3.464916946293304378e-01	3.237679777504343104e-01	2.564822159971465454e-01	1.592339447924804585e-01	4.033647211495441920e-01	1.746242848492083610e-01	1.240934212485869936e-01	2.812399510601248931e-01	2.424216375196979745e-01	2.732666658478859478e-01	1.000000000000000000e+00	4.303169556575649479e-01	4.621402537159051693e-01	4.012622409665511647e-01	3.773331264125253659e-01	4.128505698622866316e-01	4.162509711145525038e-01	-2.602928085127477753e-01	-3.272897670668095671e-01	-5.390961005868862357e-03	1.403743182806378373e-02	-2.447641916541832829e-01	-2.005948166032885671e-01	1.240298939602914458e-01	2.269151053817057215e-02	-2.196264500282678681e-02	8.505313059689251221e-02	4.602303597525606721e-02	8.401491713714885623e-02	-1.538587850148410152e-01	3.140661871619196965e-01	4.707427732880724580e-01	3.640468560682160182e-01	3.414388292860259244e-01	3.419115361985811674e-01	2.578260018803325004e-01	2.280095271359191544e-01	-6.917095224140844267e-02	-1.909258314519843014e-01	-1.380349116663976416e-01	1.171380682447670518e-01	8.786991517478467961e-02	3.000075116072165593e-01	-6.437403629144866635e-02	-1.048347086266886719e-01	-1.225685025939909495e-01	-2.109120370721909998e-01	-4.813013769624867322e-02	-8.849695933566373296e-02	-3.107673132213111672e-02	-1.298612829654359480e-01	-1.367934457310224054e-02	-2.174545811848948573e-01	-8.792129404746504284e-02	-6.899918205636210167e-02	-2.533937728805127909e-01	1.027645018656295484e-01	-4.673748997498747282e-02	-1.518766222389812404e-01	-2.916769212604590489e-02	-3.588679709087951725e-02	-1.078808149069694911e-01	-1.578027199024082117e-01	-2.530610786400628795e-02	-1.716983067101270771e-02	-1.799002467615790427e-02	-7.165024821814312828e-02	1.663750518786950849e-01	1.751368646241814875e-01	1.007853302706901155e-01	-1.134273358121893338e-01	-1.097994677282028847e-01	1.121742131470019749e-01	1.160433675008911009e-01	2.429507147905737852e-01	-2.038953423493287120e-01	-2.952947009778526984e-03	-9.987042382536634455e-02	-2.266415394433125841e-01	-9.314901258519288352e-02	-1.289275848353832465e-01	1.417577047517208644e-02	-1.032106103259046170e-01	2.297366331093197902e-03	2.828869444089026838e-02	-1.969788597925236917e-01	2.435421337542239412e-02
-1.279646058532657449e-01	-2.789615845859216847e-01	-1.797979624756226302e-01	-1.545927443635741194e-01	-2.258631501940716879e-01	-1.403875588487817350e-01	-9.925168848970622459e-02	-8.851810083178546229e-02	1.909974415980434936e-01	-1.003749544663002785e-01	-1.309104600191577164e-02	-1.353151513634592573e-01	-1.253857640453275024e-01	1.660735019575546034e-01	6.814806915289907396e-02	7.767360465479676568e-02	1.779621859730936284e-01	-1.992445050288816355e-01	-2.600673151326451590e-02	-7.167117533596277512e-02	1.546472705053946739e-01	4.900016890958089344e-01	-2.451053673869614882e-02	2.027290361840060895e-01	1.727357025740521579e-01	2.590467847922671707e-01	9.403616830934959092e-02	1.794057709212829380e-02	1.952866701122361881e-02	-1.466882778532172527e-01	9.355209994063311274e-02	-1.911129530460057291e-01	-7.917908638036821878e-02	-2.433732689196655558e-02	2.336621122503939330e-01	2.216115901457082482e-01	1.513454118585594033e-01	1.617538846974735448e-02	-4.276428814591626271e-02	1.361312826913508300e-01	-1.337089882649587225e-01	1.069292489023555663e-02	-4.743187864174928242e-02	-3.211398680203787076e-02	-6.001221060229244147e-02	-8.801238812790735180e-03	6.430539900125716024e-02	-3.046209349721076820e-01	-1.569745011895163356e-01	-2.666355599572560811e-02	2.426044155092483764e-02	1.443080125993925489e-01	2.580577902000614210e-01	4.182360473423626934e-01	1.982453572240631401e-01	2.085035740568786100e-01	6.986406750063865745e-03	-3.133588249130635911e-02	-1.050186873394831459e-02	6.903062386933149497e-02	-9.924196161904902391e-03	-1.196386332644064771e-01	-5.479295703031750869e-02	-1.393569094449514933e-01	-1.175832401780843167e-01	-1.046608882774663629e-01	1.501334995492360491e-01	-2.311382508634795760e-02	-1.136998280658638727e-01	4.718003344473808286e-02	7.667111477612671699e-02	6.848754809542516309e-02	4.195068207272667493e-02	2.235847233472509632e-01	5.676421428234321859e-02	-4.666355041393598253e-03	2.883318210485565358e-01	1.290083400289724069e-01	1.989271304058446710e-01	7.342427945713381199e-02	1.222035358915292275e-01	6.602467432124742297e-02	2.743666252036920383e-01	1.240276293621199455e-01	2.786454215645148280e-01	2.021718752549190590e-01	2.554349972058683749e-02	2.351284377033523859e-02	-1.421350581675093483e-01	-2.856090218984514428e-01	-2.867626882824571011e-01	8.914945934807291805e-02	-4.031821913741850255e-02	-9.502022188435158001e-02	-1.233947085922642573e-01	1.089531092700953274e-01	1.593508011580232475e-01	7.541776837359248642e-02	3.177487692561259958e-01	1.821143872286546672e-01	-1.730741727469186086e-01	9.246946950439530188e-02	-2.740658905069981444e-01	-1.500924293595858328e-01	-1.534338787247339075e-01	-1.744168655874593077e-01	-9.223416741479047165e-02	-1.216475902674627949e-02	-6.141498544734756704e-02	-5.405321991637331014e-02	-1.067487532269509320e-02	-9.664132499872202242e-02	1.792296070035503952e-01	6.827591910697060340e-02	-1.085719649134743586e-01	3.021637569251249891e-02	3.919496538003069269e-02	1.004092823044498151e-01	1.351204400624117508e-01	-1.295569324004542666e-01	8.647263936639273951e-02	-6.326408310666278021e-04	-9.525697920421469581e-03	4.303169556575650034e-01	1.000000000000000000e+00	7.609394041664320658e-04	9.305136219633201866e-02	3.253977524940490085e-01	4.663057714448418101e-01	1.302622110248352338e-01	-5.608948023246014547e-02	-5.026597604946582420e-02	-1.996057365190078425e-01	-5.950072911195850023e-02	-2.050018951481263063e-01	-1.826379575743122263e-01	1.220893668460521081e-01	5.513283815868372933e-02	-1.862359372159102036e-02	2.929401152889954743e-02	3.520616819353969418e-02	2.068123757108913663e-01	-1.946255317210309477e-01	4.625515246309939155e-01	3.813301778271425690e-01	1.618419472998675890e-01	4.087380017600559384e-02	1.507052378793174718e-01	2.383850688192735989e-02	-4.413022371779442427e-02	5.238120383469335034e-02	-1.602493860322002917e-01	-8.713846084727171204e-02	1.692935873630833227e-02	-5.751145283944596870e-02	5.976510722533872992e-03	1.860577329560955118e-01	1.114291253615455474e-01	1.327981789405703883e-01	-2.077497185171660668e-02	3.262588033226579975e-01	4.456226885098574786e-01	5.113958666191534969e-02	1.544573168303077781e-01	1.045963860805168739e-02	-7.494434237288702394e-02	-1.783897745077305530e-01	-1.212342530826291120e-01	-2.194172515258694944e-01	-5.936788546186222426e-02	1.277164150572329127e-01	-1.043896414900717107e-01	7.465175317833344648e-02	1.102751387627431447e-02	-2.090871051429175342e-01	-1.980027917320069109e-01	-3.281141627492497465e-02	4.530416180063395054e-02	-2.408614714643244059e-01	-1.791025426421653452e-02	5.949468622343314500e-02	1.424254988879470052e-01	-1.272758009920410271e-01	8.114255481041490747e-02	-1.375221000457008125e-01	2.529627012560897170e-01	1.125133018828532727e-01	2.470345691089351758e-01	9.945269575454583622e-02	1.809497955828745508e-01	1.398793769218118765e-01	-1.679214906991158829e-01	-1.875799827646265974e-02	-2.670477432261858866e-02	1.151612071469065857e-01	1.218547369121464677e-02	2.192498817469811512e-01	3.840520059122604635e-01	1.758010332852369961e-01	2.675823408869678621e-01
3.160909694405324155e-02	2.615527713927873546e-02	7.328158324438066584e-02	2.565106676410516123e-02	-2.888933091510982876e-01	-2.223020032636975341e-01	-1.151021544842049070e-02	3.364616538096127513e-02	-2.197882458994691868e-02	7.747514057716688163e-02	1.267496658219092187e-01	-2.372891809225459447e-01	3.491986670526742165e-01	2.103212132239275500e-01	2.213758656183103801e-01	1.918985409047101751e-03	1.658139230588608626e-01	-4.980465266363550553e-02	1.950606154547248339e-01	2.867722396512820682e-01	1.908165553683159876e-01	2.955020756123506454e-01	5.576954296606437822e-01	5.211536868000279377e-01	3.215755214468801193e-01	4.268131631728114828e-01	4.947728162566787380e-01	2.973632407050325055e-01	-1.672646056660090919e-01	-2.116108229408439900e-01	-6.218291615918244974e-02	-2.000925558485268929e-01	-3.184932455681062646e-01	-2.170953169642577119e-01	2.521267392954925635e-01	9.439772483894361133e-02	-1.974411825112743456e-03	-8.038562267559870578e-02	-1.778360633327654983e-01	3.495383085212035446e-01	2.433948420179989081e-01	3.732049603890447709e-01	2.709830759502294129e-01	3.399919851910427337e-01	1.307525151881954451e-01	2.296447857980838392e-01	1.900159225064398383e-01	-1.982785250397523236e-01	2.597516974247859323e-01	1.041838924494245117e-01	2.670157549838516470e-02	-1.565768596986914507e-01	-3.196184153860139737e-02	-6.586856616171467282e-02	-1.811033208483021073e-01	6.073149164592381299e-02	-1.733736298826960842e-01	-4.542504216213474888e-02	2.266601264017564787e-02	-1.119722868386955617e-01	-3.706764093795625881e-01	4.179604725252334535e-02	1.233732614813223740e-03	-2.283632129182819673e-02	-1.451052678562251008e-01	-1.473537352698256302e-02	6.170141882113381465e-02	-2.494191815359456110e-02	-1.716030833953530454e-01	1.793667943425054645e-01	-2.172145089223100900e-01	7.579448961544740793e-02	-2.139018737667686965e-01	1.275498915437451308e-01	-6.371778895794030784e-02	-1.045578363140359235e-01	-4.825769653292125844e-02	-4.765443691572186086e-02	-2.304235828114421514e-01	5.686429491852395407e-02	-4.281643750943508464e-01	2.885902004078657115e-02	7.020530027361374104e-02	-3.621618013749729886e-02	1.673763634552501503e-02	-8.471237943489631772e-02	-2.078636731255649461e-02	-1.071663227922574693e-02	2.314952856106411785e-02	1.482260387222279763e-01	-1.198015889109613347e-01	9.036399201077589816e-02	-8.264256092958721656e-02	1.724634030231678994e-01	2.315182442964561771e-01	5.191391535503028787e-02	2.041738116907682032e-01	-9.895570988965635140e-02	-9.203408800882513507e-02	1.926799715793313167e-03	-6.412144089078275488e-02	-4.863601142076110634e-02	-5.089731031689377627e-02	3.517405599935101435e-02	-2.286838534176960647e-01	-1.006920994521411095e-01	5.785432557084851934e-02	9.980765884507181163e-02	1.041245907873794424e-01	1.172460091534633653e-01	5.663891673470265731e-02	-9.000858762741584251e-02	3.048002076560122897e-01	2.004963669726561593e-01	4.836301793815440120e-01	2.205273508253528247e-01	4.014983103915320539e-01	2.229446797861200924e-01	2.761933942349610871e-01	1.127508607145063513e-01	2.052044278445242509e-01	1.891439644388372143e-01	2.253180416043702172e-01	4.621402537159051693e-01	7.609394041664319574e-04	1.000000000000000000e+00	6.098775889552057183e-01	5.232734083153183224e-01	4.593754844063928089e-01	4.644348776879860807e-01	-1.360574665162740116e-01	-1.973838655630518954e-02	-1.203841688076661559e-01	-7.117504871805835354e-02	-2.307846557643951635e-01	-3.367595435161082618e-01	4.409173710799788592e-01	3.504520334816662586e-01	-2.284779008379317633e-01	3.783631528173028030e-02	1.501267707839091248e-01	3.982992829297824500e-01	8.742211915930271637e-02	5.767865062160201090e-02	2.474867688639257601e-01	5.221458145358119918e-01	2.924506377858027695e-01	2.376539408104298146e-01	2.996045701471448108e-01	2.351272679045780800e-01	1.806527126641899461e-01	1.131920916360507345e-01	-4.446884371166436728e-02	1.422443537540780678e-01	3.871923972512155698e-01	-3.976852030410173849e-02	-2.022334191198587316e-01	-9.883493321441964852e-02	-9.323630232327134726e-02	-3.609523623154928806e-01	1.947961201969224815e-02	-2.451493500812457482e-01	-7.628253046076415023e-02	-2.556004020919871444e-01	-9.155123698397310550e-02	-1.075972384568661816e-01	-1.863690862661943060e-01	3.007744456223371832e-01	2.937737135133952626e-02	-1.489885441519283454e-02	-1.345295487998914574e-01	-6.479199474377000945e-02	-9.655135743138772153e-02	-6.000061751698435031e-02	-1.139205025419634393e-01	-1.840373113571211194e-01	-5.777629454732257502e-02	-1.790238664870119900e-01	-5.221379376129213663e-03	-2.235239938434792628e-01	1.276215469086406928e-01	-3.956643511996289775e-02	-1.264804902615337956e-01	-2.427858204627611829e-02	-2.083223156172673285e-01	-7.492019306643032950e-02	-6.431664727420342842e-02	-6.493288589828223600e-02	-1.810650398320176047e-01	-5.431225771502760230e-02	6.706440860597069620e-02	-1.455755662614173496e-01	1.690366626988427656e-01	-3.546102215383856865e-02	1.211160785093711167e-01	-1.223198262455055391e-01	3.554678608685329227e-02	1.183958774916647229e-02	-1.244235563130895866e-02	1.172616243743126174e-01
-1.627614641167470233e-01	-1.021632234355388386e-01	6.506509518070519027e-02	-2.469076715722992033e-01	-4.611696295774527776e-01	-4.043123121489528571e-01	-6.740904801821412384e-02	1.108437486930538562e-01	-9.795835068684512204e-03	2.273635580187654270e-01	3.666140470305583321e-01	-8.817926104763028350e-02	4.737521479804838176e-01	3.073843569205336190e-01	4.086365622593138291e-01	3.132200405193701909e-01	3.606066975334155100e-01	1.256263991687667503e-01	4.174208104843555867e-01	4.072231747844071714e-01	5.955780502453753011e-02	3.981324446945818663e-01	5.052022788014003396e-01	3.326840675354432175e-01	4.320027319384097675e-01	3.565866217206968836e-01	3.888458803711420941e-01	2.920532721956536348e-01	-2.968011768490488311e-01	-5.229219981069316292e-01	1.925601110299055355e-02	5.911502644019236974e-02	-2.065337654418030466e-01	-1.973803295880184050e-01	1.300704224796559172e-01	8.529009263700858268e-02	8.562428846450721720e-02	-3.586435693508174816e-02	6.500603549535233228e-02	1.749078528688685907e-01	7.810014540059963262e-02	1.392243437172922538e-01	7.502627669708848701e-02	4.998951245282927114e-01	2.362629818138476945e-01	2.607344501538881865e-01	2.222883772516424106e-01	-2.077704073478710278e-01	2.261099875255474234e-01	2.154318019160429143e-01	-1.082035213831452070e-01	-1.161414258368473340e-01	-1.677882961721866850e-01	-5.856252548886978909e-02	-1.678854322590851156e-01	9.223149650925599463e-02	-8.413385562018121933e-02	1.667543432980375662e-01	8.031905472346691222e-02	-1.926220838892453782e-02	-1.785827168521856578e-01	-1.317558651120528390e-01	5.874347295099412170e-02	-1.767978607689350279e-01	-1.211617285306061803e-01	9.643071448397128043e-02	2.530086728833647047e-01	2.381267064015702983e-01	-1.954238632119042474e-01	1.914593632907873877e-01	-2.338511578734122076e-01	2.709238499869223160e-01	8.066648646075229301e-02	-3.113914582846632681e-02	2.322036266614583289e-01	-8.339719673883827511e-02	2.142247165505131445e-01	-6.178303623453241383e-02	1.295408631248563813e-01	5.491336883897068692e-03	-3.589024077477581121e-01	9.654229940949148048e-02	-1.823045894228972688e-02	1.074656882185915374e-01	-7.988935535760405271e-02	2.071215655640979980e-01	2.619092569532811554e-01	-2.162790550275863477e-01	-7.358914884468314987e-02	1.917822965854374950e-01	-7.012767856986568127e-02	1.171124608068979389e-01	-2.185481559250175010e-01	1.712393933888560205e-01	1.368921932839485545e-01	2.794705094983767069e-01	3.371052281916394611e-01	-2.008866400413590880e-01	-1.704847038149463062e-02	2.571389752973728404e-01	-2.921911325043058949e-01	-2.028792010341554097e-01	-1.101782209092286025e-01	-1.702421855401603512e-01	-4.802193061813202490e-01	-3.199568786180759239e-01	1.623880826726906978e-01	2.681195162876047200e-01	2.074989217719337697e-01	2.991797609222652810e-01	2.619987547088102886e-01	8.248542051108075437e-03	2.857200845333462413e-01	3.278080790221973295e-01	3.848469432665475032e-01	3.944961666360658481e-01	3.910279086362773993e-01	3.931128590520583388e-01	3.985256412342065291e-01	2.552280998374971688e-01	3.874787368849025304e-01	3.997265504349542531e-01	4.309751202887031063e-01	4.012622409665511647e-01	9.305136219633200478e-02	6.098775889552058294e-01	1.000000000000000000e+00	3.086636126934124702e-01	3.371917516413382998e-01	3.369978254379777938e-01	-3.554782146156703071e-01	7.577952704605689371e-02	-8.446035517141083082e-02	2.095228886373729296e-02	-1.634692879066065030e-01	-1.630020592365961363e-01	2.661389001088418915e-01	2.414873543023721980e-01	2.129929542288338390e-02	2.213021451799483952e-01	2.556862724277679799e-01	3.794621049562418857e-01	1.518494121526675275e-02	8.538888288575266494e-02	2.205397782812017482e-01	3.952881778686239134e-01	2.644415578310161385e-01	3.057683649816380633e-01	4.640798330774686953e-01	2.616173402338085596e-01	3.507083195691684252e-01	-1.436237857179880617e-01	2.846029850625621596e-02	3.290179808316960330e-01	3.279687662126270498e-01	1.344568962098804665e-01	-2.006232298804769831e-01	-1.897972493257354676e-01	-1.781720611909932694e-01	-3.732312212913544425e-01	-2.045131692757441721e-01	-2.069549112431726123e-01	-1.873150753895758414e-01	-3.566030430739460244e-01	2.066755603172118760e-01	2.488827966085641399e-02	1.731346484993759663e-02	1.836748761772146465e-01	-2.018038451356312171e-02	2.028088203477823506e-03	1.075956898749738794e-01	1.238819121967682513e-01	2.159972755775360631e-01	1.906366116482562101e-01	1.760235344872964833e-02	3.818644520069446047e-02	3.599265881042887361e-02	1.700581487295589611e-02	1.530604341546611680e-01	-2.190608540009613553e-03	3.462736251923871911e-01	3.578646839300502758e-01	-1.850286957577830793e-01	2.539037779433441777e-01	-6.649028219985355856e-03	1.898027654023015653e-01	7.429759501047053516e-02	2.066868086499439386e-02	-1.947302029248531574e-01	2.035386738430648712e-01	-8.943079674334677986e-02	-6.058755865863798412e-02	1.223618754017254256e-01	5.318173145215306097e-02	3.264954407791931801e-01	-1.317696067974636065e-01	-3.712805548720192472e-02	-9.933383492007946680e-02	8.225400200782709281e-02	2.179127092467573745e-01
7.402098354758376506e-03	-3.199289320452719521e-01	-2.721094682561368550e-01	-3.014807558639028828e-01	-2.516987961841039567e-01	-2.618788508405579529e-01	-1.617070473527676966e-01	-1.246669204111984230e-01	-6.258008108371630740e-02	-2.324334759028400532e-01	-1.578293191542493867e-01	-4.107905277015365675e-01	7.475163827062163147e-02	1.990846612231275681e-01	1.755744112862586415e-01	-7.427808594474893944e-02	-2.904750070040150109e-02	-2.447252873077659929e-01	-1.085511188126631471e-01	-8.105115451010777572e-02	4.586216081046657345e-01	4.522196252736579991e-01	3.489122961535351952e-01	6.752204313783057854e-01	1.143316796924478684e-01	4.536288467152140291e-01	5.135334366029756792e-01	3.637165862457582000e-01	3.283497965252633183e-02	-1.810765124562422335e-01	-1.352454647953704181e-01	-3.588103619457235216e-01	-3.344595503317400187e-01	-7.275984377935759695e-02	3.641381615565563723e-01	2.161582027921996607e-01	3.547248412398547324e-02	-1.998775447320802756e-01	-2.034618583282907511e-01	4.377011138265354817e-01	2.303925482341694642e-01	3.647095448254115690e-01	3.772680743018590466e-01	8.390169752708151463e-02	1.723499114270634347e-01	1.305852999399280678e-01	1.828231167720255068e-01	7.451493200682653660e-03	2.202534286643005601e-01	1.112578606695590888e-01	1.118839757491110753e-01	-8.103140876537111986e-03	1.397885885019354291e-01	2.201664632671946620e-01	-5.692243613229359261e-02	1.980446574290833650e-01	1.055709651177671737e-01	-1.001060043913565983e-01	-1.889264106499339603e-03	1.008752144416841939e-02	-2.894329318954562136e-01	1.062303418726526782e-01	3.803707214872513453e-02	1.175955996567144973e-01	1.318858785366771799e-02	-2.026569290344311727e-02	2.985901725685489727e-01	1.831354878487838692e-02	-3.488319516354993627e-02	1.857515273718943483e-01	-2.610692542747987746e-02	-2.416345760490919148e-01	-1.983358418465017703e-01	2.851160254719649692e-02	-2.033867497335420729e-02	1.506910306297607471e-01	9.304844459334378481e-02	1.205333894732684395e-02	-1.325790925068088266e-01	1.433626047207456067e-01	-7.096277538455383893e-02	5.627661852389974351e-02	2.551238850681893378e-01	2.373277421689486688e-01	2.325101980188546691e-01	-2.311092747946172365e-02	-9.103380250749920632e-02	1.487706259177959678e-01	1.376557912908231152e-01	6.034210839861919862e-02	-8.092792974278048557e-02	2.419687191212009647e-01	1.219935567501578000e-01	5.197289085867961428e-02	1.359896504127635353e-01	5.721219550597905421e-03	1.017947933666563526e-01	1.337178344483709036e-01	8.479737506771824196e-02	1.404961756666215332e-02	-1.155821393872404484e-01	-1.055875356767671247e-01	-3.975488945062066182e-01	-3.193739134610395491e-01	-2.063760806886645871e-01	-2.784884637004337860e-01	-7.429812445218546280e-02	-1.952740685215091088e-01	-1.710570305965713744e-01	-2.001557521855167054e-01	-1.761903256615656999e-01	-2.644797496595047148e-01	3.519922297893943175e-01	1.477141947974440206e-01	1.639045706858930085e-01	-6.590058432131411237e-02	2.147771920084079467e-01	-2.024695729987452397e-03	1.361636032571159616e-01	-7.823709126988488693e-02	-3.612505819282642999e-02	5.974120571398497392e-03	-6.590930699656612213e-02	3.773331264125253659e-01	3.253977524940490085e-01	5.232734083153183224e-01	3.086636126934124147e-01	1.000000000000000000e+00	6.384037446623037626e-01	4.934183725115320329e-01	7.458008130832092034e-03	-6.714030301227053021e-02	-1.613184920153297730e-01	-1.832012599962389854e-01	-1.176580548804942034e-01	-2.162562690616546823e-01	5.323594144100310954e-01	3.388597121846038673e-01	-2.069545810498747695e-01	-1.447354496984459005e-01	1.766850495194549966e-02	5.324431531156861297e-01	2.220620262446338644e-01	3.400629194237596575e-01	4.886880237596820109e-01	7.073247615721481862e-01	2.828377604218938468e-01	2.437870123290635238e-01	1.467155653882923350e-01	1.562977634726151754e-01	1.414148047942826447e-01	1.942860016294817582e-01	9.264406795934283789e-02	1.411039476992933250e-01	3.847660441433061740e-01	-1.945019708437395467e-02	-8.081738415680266019e-02	7.842042274940269619e-02	-5.748803521622244256e-02	-3.122405104873630100e-01	1.527073881033171598e-01	1.045828553300006403e-01	1.343553705760032191e-01	1.231535248241828057e-02	-7.963542277358666086e-03	-3.532407807673920014e-02	-1.436248234687419745e-01	3.202707187573473058e-01	7.001014287803168645e-02	-7.534347912993197283e-02	1.449399860343292823e-01	1.944575833326860764e-02	6.644371306515503561e-02	3.412333413134533344e-04	-3.138762387848793856e-02	-1.115107282917140591e-01	-3.188821832219843055e-02	-1.595377549105530257e-01	-5.129231284313907901e-02	4.936395150807847826e-02	-1.895352378770336910e-01	1.729348835720794300e-02	-3.336812435774784702e-01	1.834131924604523282e-03	-9.256792969518640515e-03	-6.355587833397284558e-02	-4.803579218178212484e-02	1.529233247790255656e-01	-2.472003708409726414e-02	8.372498832953861880e-02	7.359789890694930226e-02	3.688986328675700199e-02	2.003752337396826344e-01	6.535532616673960307e-03	-1.626828663566129429e-02	-3.371720108607261651e-02	1.364360419427813054e-01	1.761665129197773905e-01	3.006026524354104418e-02	1.404639194181760142e-01
7.185896028996892337e-02	-4.983191373790660239e-02	6.116355013899297394e-02	-8.118316297107815160e-02	-3.402520112619945580e-01	-2.949847956352577572e-01	-7.343666749625134271e-02	-1.236257327408646009e-02	-5.028244555442792918e-02	-7.718441472551763882e-02	-6.290787555225942074e-02	-2.165730275501782931e-01	-1.174308096332940532e-02	4.806545575953515281e-01	4.004985866460575861e-01	7.466357802555954881e-02	1.991633811956780575e-01	-2.392820072878355242e-01	-1.164195946341812643e-01	-1.499440666162579739e-04	1.477468684348806349e-01	4.919647217870161682e-01	2.050675300471253848e-01	5.766318990803890321e-01	3.167561499652298274e-01	5.951064959712890623e-01	5.854314611372017918e-01	3.259189455049619211e-01	-1.055321446163791713e-02	-1.909826985102499874e-01	5.998825023082265256e-02	-4.731496687330419282e-01	-4.812452326964070104e-01	-3.189665578615812902e-01	5.630741854168826999e-01	4.765171280525378195e-01	2.063963475721837804e-01	-1.015125567749293745e-01	-1.979160814825307868e-01	5.062239671585094802e-01	-9.171858933300287842e-02	2.461366884913967767e-01	1.851822664371777227e-01	3.700737485584633391e-02	-1.666382888558990208e-02	1.190229635252046253e-01	2.145687475941554789e-01	-1.926818056704352189e-01	-2.041123380412444843e-02	-1.836275662642190137e-02	9.173091288543658295e-02	5.913176236422641036e-02	3.312656743894373257e-01	2.180570225527928285e-01	1.301132551608215615e-01	1.881635721839075293e-01	-1.304299493532536658e-01	-2.627434490526478483e-01	5.405963401574927218e-02	-1.999022305048966594e-03	-3.035781970419803577e-01	2.624509449798362749e-03	-9.275703016388615885e-02	-6.240606905062009817e-03	-1.997152494591781513e-01	9.847193909762212705e-02	6.989145504618961280e-02	-1.743898947233392949e-01	-2.902094667514294457e-01	7.586409300245584852e-02	-4.866189826631805992e-02	-8.781577454391345516e-02	-1.037316998355401476e-01	8.604166745991694010e-02	-2.227951527264622755e-01	2.206814201721363569e-02	3.515696857041888945e-02	-1.091311000249276381e-01	-1.137009399839048196e-01	1.729821416124314309e-02	-1.195891863450212755e-01	2.102052696543603091e-02	2.431176773198338026e-01	1.037131761714178702e-01	2.249798901373244453e-01	-9.267256704757782793e-02	-6.859051168344845739e-02	1.727218649218102697e-01	3.283075903758096020e-02	-3.311313951205658301e-01	-2.783686747945014472e-01	2.628979813162553580e-01	-5.295383629573494760e-02	-1.669246198085796301e-02	1.250075162429886699e-02	-6.257739180595384143e-02	1.263131412175455548e-01	-4.921359406782916529e-02	1.666847994358180429e-01	4.805306750435746344e-02	-8.979253676802703699e-02	4.130745859208936888e-02	-1.086046526470003798e-01	-8.759846699159651306e-02	-2.922104473247728595e-01	-1.936955552752120113e-01	-5.191811886528598097e-02	-1.303680449890832482e-01	3.658708283427445501e-02	-8.138327507788792325e-02	-7.900719344106330033e-02	-1.785277462015349981e-01	6.339876209493934267e-01	1.935305910725931555e-01	5.322513901977612982e-02	1.718759054861509206e-01	3.710802528263355549e-01	1.898348961109472266e-01	4.002294600251870005e-01	5.273895939063884264e-02	1.063097188767223866e-01	-8.346635672750988416e-03	6.945723318916066646e-02	4.128505698622865761e-01	4.663057714448417546e-01	4.593754844063927534e-01	3.371917516413382443e-01	6.384037446623036516e-01	1.000000000000000000e+00	5.603853114734165253e-01	-9.232779347550094939e-02	-1.075550870563958678e-01	-3.924833609581607208e-01	-2.115993250553101779e-01	-3.265281131308636065e-01	-5.541420057450677783e-01	6.755205420481967815e-01	5.330671974333244245e-01	-1.962153886921680912e-01	1.247115931223756122e-02	1.504252646024378248e-01	6.435483591197197484e-01	3.923469781713849469e-02	5.050381032132206238e-01	3.461502010830702636e-01	4.376086255818803505e-01	6.835569987377825008e-02	6.970411123160111244e-02	1.193282951095815253e-01	1.669817299216108386e-01	1.337632402806549770e-01	5.387152085544696933e-02	-1.981113437233793934e-02	8.246761207851023567e-02	1.920722705358055560e-01	-3.334445937707467694e-02	4.433688381985899374e-02	7.413855481426295801e-02	-8.705276714096073232e-02	-3.387853221102495871e-01	2.532850145422495536e-01	1.762372327907499037e-01	-7.267512583189610076e-02	-8.908709562567736218e-02	-3.015787883327490371e-01	-1.144018187301307637e-01	-2.727252147701632601e-01	1.667055316997518022e-01	-1.289419794242453732e-01	-5.560540746111655719e-02	8.912361177060339201e-02	-1.360608663297089294e-01	-1.687148370701626043e-01	-1.435102859042290957e-01	-2.874657369926271744e-01	-3.095291191444742296e-01	-5.218928819282460385e-02	-1.509814219214948849e-01	-2.460110814727098916e-01	-2.121273330050844341e-01	-1.133281169238077174e-01	-8.575055427605465797e-02	-2.837913717228751076e-01	-4.346577207819159183e-02	-2.814953585056080287e-01	-1.739222369122164769e-02	-7.842460030276333927e-02	2.095923756250504810e-01	-4.607496585717191923e-02	-8.289462956093092416e-02	1.993131019726776254e-01	-2.259049259780282204e-01	1.065050205622964652e-01	-1.788976351570556456e-01	5.406872888424033713e-02	-3.470371517685757329e-02	1.402698879895449002e-01	3.009293906156559339e-01	1.042603194440260006e-01	2.478812070093978359e-01
4.284158468755383531e-02	2.618014391110484729e-01	1.829200693714930770e-01	1.224648412143964776e-01	-2.173311481327763750e-01	-1.970831360883686656e-01	8.116169302210413106e-02	-1.673623010840118441e-01	-3.597970778865742791e-01	-1.249887006255583910e-01	-6.993410204268403485e-02	-3.251583784872343896e-01	1.613691201524936614e-01	3.244801481079204741e-01	5.715527929949604236e-01	2.355680798674966991e-01	2.489365290322315474e-02	3.450023109749230515e-02	3.559272135891553002e-02	1.365882238378140767e-01	-3.955914679892549163e-02	3.264052216755632396e-01	1.381894883846643274e-01	3.314774648014907066e-01	1.097656189369309448e-01	1.342788334592680266e-01	8.717529462630154713e-01	2.810881378261467778e-01	-3.726665601351871193e-01	-3.552381008437837107e-01	-1.769052523128973042e-01	-2.377023488746465574e-01	-1.722269161089662604e-01	-4.457812370694249626e-01	1.461307608813457448e-01	-2.083436046663898755e-02	-1.043280639482607741e-01	-9.400514033596055197e-02	2.381302383938034006e-01	3.631096003328029148e-02	-1.975648030130409960e-01	-1.299817095034800363e-01	-3.108955143659490952e-02	2.175397220193057146e-01	1.949540563276530303e-01	2.301720015039617206e-01	-6.041664257201298516e-02	3.417781824557125647e-02	-9.969625712015457719e-02	3.025707761939003260e-01	-1.548045947155839985e-01	-2.370383795878241717e-01	-8.015172726834050854e-02	-1.335671885421987615e-01	1.042876405272618184e-01	-7.379143533680043721e-02	-3.805648672846306813e-01	-3.164245176323896569e-01	-1.561960266050875235e-01	-1.797403286608673378e-01	5.534669112370942112e-02	-2.634426352127519078e-01	-5.409357760779953672e-02	-1.803458539228204038e-01	-7.436565842929249159e-02	1.611756020639696918e-01	-2.139362070054037224e-01	-4.461410579083077005e-02	-1.004396512133220315e-01	-9.581999159783122222e-02	4.756840160455939881e-02	-9.378818761278754149e-03	1.006703204381000638e-01	1.003551302289771158e-01	-2.090049738187028661e-01	1.320225098946347375e-01	-6.112157967807084480e-02	-1.873503302831093509e-01	2.214789023051305997e-02	-1.081600342022969070e-02	-1.394521056187613683e-01	2.073561523585358279e-01	2.552355162046421322e-02	-1.521587227901262385e-01	-6.723126033690444980e-02	-1.430508544446116304e-01	-2.507839068570337504e-02	2.839322338381161312e-02	-5.219404470352480979e-02	1.389930483956581808e-01	1.140470482591583040e-01	7.957719005052818484e-02	-2.426737835707301894e-01	-1.582089985679227817e-01	-1.054751713061241880e-01	-1.003895500945000685e-01	1.063157616139370903e-01	-4.746080121568314880e-02	-5.344163583119190819e-02	-5.007816349705021021e-03	7.961494748404421284e-02	-1.504032907673306385e-01	3.808433268323802023e-02	1.065917756010401340e-01	-2.807200627388747871e-01	-3.357470046971681304e-02	-1.547510948568626143e-01	-1.727919427062378221e-01	-4.458970239452272194e-02	-1.242393978131943605e-01	-2.025085751558464153e-01	-2.598514402929635869e-01	3.684690331724237433e-01	5.359002351865037594e-01	1.660296205697825989e-01	4.003086006113916184e-01	2.141438819478406197e-01	3.293357551314864406e-01	1.016539405122746931e-01	2.784403167441747429e-01	9.717932512940645473e-02	1.333499934642696783e-01	1.617650656699178013e-01	4.162509711145525038e-01	1.302622110248352338e-01	4.644348776879860807e-01	3.369978254379777938e-01	4.934183725115319774e-01	5.603853114734165253e-01	1.000000000000000000e+00	-3.665331098345250282e-01	-1.660771090015032980e-01	-2.283421311859262781e-01	-2.575107229553736179e-02	-4.453104569903290622e-01	-4.270106932426838142e-01	3.448983274438589541e-01	1.522056742763400750e-01	2.742629931843274319e-02	-4.226711106340863555e-02	2.804057952137335996e-01	2.167220703019070716e-01	1.657161162607160010e-01	1.787971711299071731e-01	1.215628762749395714e-01	3.190091771786665031e-01	3.432826735784493266e-01	1.659039491860910820e-01	2.733513163616618225e-01	2.516992220758436094e-01	5.551801884009243716e-03	-2.676352061978918284e-01	-2.792865575235841877e-02	1.512410467076583942e-01	1.694369610790636693e-01	2.154879241843026538e-01	-2.687799723266743324e-01	-1.164668307366983763e-01	-1.032095277534030020e-01	-2.045303713870874618e-01	-1.226448028280828217e-01	-1.808237912181140938e-01	-1.620699563271419397e-01	-2.518330712970026641e-01	-2.666665493869913584e-01	-2.711149647324138656e-01	1.459016064226623111e-01	3.323276157598418351e-02	-1.072788217181149667e-01	2.299287986546696971e-01	-1.677737710027290552e-01	-3.537565712527457329e-01	-1.220226438784155765e-01	-1.552591799748880841e-01	-2.064386106909899543e-01	-3.404816605209583930e-02	-2.261748925069311522e-01	-5.902049652729909890e-02	2.107945110639563857e-01	1.902838170180181365e-01	8.116027081770139928e-02	1.644827764560129746e-01	-1.022191019152749042e-01	-5.796424574422682358e-02	6.614675219871514467e-02	2.310945839832932811e-03	1.822262047423116316e-01	1.987761084574957149e-01	2.720608114487541723e-02	-1.709986473523860129e-01	6.044371889691488309e-02	-8.945980694439222003e-02	7.537962737415364323e-02	-8.414538679193143966e-02	1.878433017823099016e-01	1.435034034027296290e-01	6.570160607307128087e-02	3.960731663159868660e-02	-4.879078787280792529e-02	1.089706308338210805e-01
2.047949674910537199e-01	-1.744523990118277690e-01	-2.792927341583602008e-01	-4.123053714961106425e-02	3.640697855460520715e-01	2.463951748191330060e-01	-2.526278926072088593e-01	1.911703606403468078e-02	5.568746579899145482e-02	-7.079498683950585791e-02	-2.770363722290249409e-01	1.861101051633707038e-01	-2.282026146610564021e-01	-1.292846873808719821e-01	-3.567218620265030782e-01	-3.162497032449815837e-01	-9.033397911515035628e-03	-1.253634668723996662e-02	-1.941758911345408678e-01	-1.410291646887788519e-01	9.135404520026046971e-02	-2.754133894765692370e-01	-1.935763063023736574e-01	-1.628518062595045723e-01	-1.587680779090246408e-01	-6.573913765567291657e-03	-4.636538203289540250e-01	-1.617337307524487067e-01	7.771441779051410093e-01	7.374667966657463269e-01	2.692939920286822608e-01	-1.080283649275137620e-01	-1.755683834290627521e-01	3.090186587798271489e-01	2.387950986014824306e-01	4.031137804825878357e-01	3.587516099662209079e-01	1.088581001724218678e-01	-5.398010525149791183e-01	3.499442369013093801e-01	2.695086804969908933e-01	1.283612706666471537e-01	-2.173580989957921497e-02	-3.456954284665323396e-01	-4.114082682554835446e-01	-3.135923401513713293e-01	-4.700759892041848041e-03	-1.221904499333155980e-01	-7.282609822912228248e-02	-4.257710911529286602e-01	3.568380017209040606e-02	1.179345216518254413e-01	3.264335907798566749e-01	3.443041161386925508e-01	-5.506169487739837748e-02	1.537358661690853834e-01	4.801559603408178112e-01	-1.225196212227783327e-01	2.563241863826985489e-01	4.321504318087290852e-02	-2.115347715779594961e-01	3.692235783870321253e-01	-1.652069198697999342e-01	3.491387072664990376e-01	-5.822850197911012132e-02	-1.084733103003040350e-01	7.553945658489527593e-02	-4.022461872304755603e-01	-2.196798415362378673e-02	-1.654528864193083870e-01	-1.404477833816591692e-01	-5.321595919021092636e-01	-2.228834866096697231e-01	-3.553131692767306227e-01	-3.074019354743913746e-01	-5.067173332500628236e-02	-2.194662577847433238e-01	-1.469680402692003646e-02	-2.841857416280814674e-01	6.093461473277856505e-02	-1.274774706864013896e-01	-4.254382091651854880e-01	1.486834890842450296e-01	5.872487351089585028e-02	2.259747844956666030e-01	-3.618129202889648344e-01	-3.872491155099191951e-01	2.067983625565255890e-01	1.254714306417216985e-01	-2.701142652609270778e-01	-3.310452970719081622e-01	-1.918340437921105812e-01	2.682127917808165840e-01	2.441986459805045584e-02	-2.801029471647725408e-02	-1.182778263293390586e-01	-3.675421852286551716e-01	3.492404225680018626e-01	2.261206005232145946e-02	-2.503256713166799319e-01	1.943561775013935289e-01	4.785998399416782068e-01	-1.498638699587306056e-01	4.419472882117565088e-02	4.930597125513030976e-01	9.643826867464258545e-02	8.728074416193658258e-03	2.535223355566987389e-03	-1.414373839912083930e-01	-7.002716432389946566e-02	-1.535388865332168104e-02	8.682738192688985168e-02	9.475175429770603397e-02	-4.920737340370726076e-01	-7.770310714755655768e-02	-3.563105506176032500e-01	2.124227080179704463e-01	-3.121278130196237233e-01	1.217863422310024590e-01	-1.531934464574675192e-01	-1.211447067914743214e-01	-1.422392909570956709e-01	-1.236788200070561144e-01	-2.602928085127477753e-01	-5.608948023246013853e-02	-1.360574665162740116e-01	-3.554782146156703071e-01	7.458008130832092034e-03	-9.232779347550094939e-02	-3.665331098345250282e-01	1.000000000000000000e+00	2.493645141567797374e-01	1.518424743060343418e-01	-1.117372783415499227e-01	3.429107270528822804e-01	1.640912239286672070e-01	3.206156696749123403e-01	3.473646601581241722e-01	-4.029816584188188749e-02	1.107782081462734686e-01	-8.815618365669081191e-02	2.586276562646432353e-01	9.174696855443024990e-02	-1.775127765246927725e-01	-2.526579567194078280e-01	-1.398029743617515974e-01	-4.257264593056052648e-01	-2.475949971019863194e-01	-2.862618582113696797e-01	-3.435665619909605284e-01	-1.515465369162441178e-01	5.042756525445994953e-01	4.077425508140847255e-02	-2.808861765767208252e-01	-5.407576406186948709e-02	-4.930730198517130902e-01	1.410710513283145728e-01	6.097933918771891032e-02	2.233450340352910457e-02	-4.104982240626858098e-02	4.668366027654141104e-01	2.863427288287662686e-01	2.936404329473936148e-01	6.407715146339302281e-01	-1.139488550320224419e-01	1.574706221397391692e-01	-3.189011262574830141e-01	1.845390046400453288e-01	2.559767403537663855e-01	-3.478957251582936450e-01	-9.048791756284131627e-02	8.210383291736735034e-02	-3.111074930147568196e-01	-2.759075325464529493e-01	7.846970735765744498e-02	-2.623837191645799760e-01	-2.830014435539911569e-02	-4.302008044549317234e-02	-4.914911385159003721e-01	-2.808499521063402282e-01	-4.882260749569424796e-01	-4.964538478723983794e-01	-9.429247398820322923e-02	-2.245344736839367528e-01	-1.562739201501483766e-01	-3.320524647414776487e-01	-3.206359709884837317e-01	-8.491949551873979873e-02	2.246032366135979844e-03	-2.100347790313862595e-01	1.929703819250505048e-01	-1.343237526203392221e-02	-7.869718650585832975e-02	7.095564021014972265e-03	-3.628249627465479632e-01	6.743082145121199848e-03	2.652582280406288739e-01	1.956638214820121957e-01	9.975949842507163268e-02	6.032964033239358176e-02
-4.410994274496579659e-01	-8.185375178502848903e-02	-1.709222090110354697e-01	-3.630458222398417756e-01	5.412367068291316224e-02	-2.396667605436988147e-01	-2.132200247727949194e-01	5.324311737466130845e-01	1.988627753271771104e-01	4.105121126984253022e-01	3.852100906100491828e-01	2.879996637468699161e-01	-2.275931875123194947e-01	-2.685883934738932388e-01	-3.150440555919521990e-01	-3.222822578791328940e-01	-4.013058163285162377e-02	-6.105965846077458098e-02	-1.139266236526428056e-01	1.877018688736948604e-01	-2.615385195442837540e-01	-2.202992674277508001e-01	-3.205666841701820258e-01	-2.287052153869185978e-01	2.730555899185435620e-01	-2.583324924963997099e-02	-2.396463180856691355e-01	-6.772522582388146306e-02	2.452392711442028667e-02	1.563137252959303225e-01	7.364269717672776716e-01	-1.689945957584177705e-01	-1.633322681263647547e-01	-5.061317379311425918e-02	6.665654385670619075e-02	3.052498662235397092e-02	2.453598085291156528e-01	-1.779798994036831394e-01	-2.645071831571440754e-02	1.552196673282182915e-01	-1.061504391016931947e-01	-1.566186828469844916e-01	-1.668624288750018281e-01	1.767041619648263354e-02	-2.111959029632570761e-01	-7.900205100993322460e-02	5.221417597777867625e-01	-1.130706503497246607e-01	-2.290092238772677702e-01	-3.417561125700824265e-01	-5.017240022564637553e-02	-2.161617311648539042e-01	-2.142880836197622735e-02	-2.054466058646414999e-03	-1.460645013410652449e-01	-1.366152599568399850e-01	3.738383878597179577e-01	2.465205602206796687e-01	2.107568353505235581e-01	3.358209193329130260e-01	1.701745767618116356e-01	-1.893261804127122361e-01	-6.447829162053894669e-02	-7.340697331678942839e-02	6.333980854477944122e-02	-2.492731813993447343e-01	-1.800802168076624452e-02	2.228335982999500864e-01	1.521177672759299951e-02	-1.018005961357805744e-01	-4.285976775096360103e-01	-8.346263018200889006e-02	2.161286535025356004e-01	-2.062358476287941833e-01	2.605809113906389918e-01	-4.917731937590784363e-02	1.154114991791210520e-01	-2.839482018861086421e-01	8.423200217294513070e-02	-2.135317712579092031e-01	-2.739416219122420837e-01	-2.429387076871518669e-01	-1.311118403473985339e-01	-9.259019349015380762e-02	1.011542923421829832e-01	2.839859533661830832e-02	3.555612818186690838e-01	-2.020444902544754617e-01	-6.575332971617024735e-02	-2.290849672646062263e-01	-2.750264777120888238e-01	-2.918492271448006048e-01	-1.250430386877527111e-01	-1.787593191619440969e-02	-1.386033051985257614e-01	4.991633612074379833e-01	5.851568719187175659e-03	-6.602114846685706862e-02	3.018500192425688233e-02	4.068995519892162904e-01	-5.145567697460614598e-01	6.523718035162571205e-01	-2.692692900612456697e-01	-7.013998928326377336e-02	-1.715749287216560004e-01	-3.487233937111142157e-01	4.167477714304397840e-01	4.991005761631965854e-01	3.762448374207046364e-01	5.058185497276830311e-01	5.935037208057849512e-01	4.542869709391955668e-01	-1.648391019198353902e-01	-1.831846738553375431e-01	-1.753013017081516689e-01	-1.409739802671576836e-01	5.725870491626069286e-02	-2.505598499439349314e-01	9.225612285871253107e-03	3.994749090145090220e-02	-1.078562695513041181e-01	-9.571904796330724108e-02	4.079257445359633048e-03	-3.272897670668095116e-01	-5.026597604946583114e-02	-1.973838655630518954e-02	7.577952704605690759e-02	-6.714030301227053021e-02	-1.075550870563958678e-01	-1.660771090015032703e-01	2.493645141567797374e-01	1.000000000000000000e+00	-7.788122351639387153e-02	-2.765846023913307722e-02	1.173570168350784454e-01	1.470398392092691318e-02	4.773841114597283247e-02	4.956680517982085810e-02	1.834484153231811243e-01	-1.421790918172486373e-01	2.708477408641546957e-01	3.239877459756300704e-01	8.109839902094251318e-02	-3.421959685212556113e-01	-2.059898789578759881e-01	-4.210629597094136742e-03	-1.293661923340675424e-01	-2.346361558676533232e-01	4.526589262275495379e-02	6.693856084826887987e-02	5.233210034199697880e-01	1.070774637908223220e-01	7.062926585696552295e-02	-1.019133747166612591e-01	1.763441976421248891e-01	-2.438315385680488445e-01	-1.121769651448213390e-01	5.982437460846620064e-02	5.273193355452609338e-02	5.994639339482616541e-02	-7.824364283482614438e-03	1.753894606073867074e-02	3.638367614839038006e-02	-1.504660969027075273e-02	1.971842673482704922e-01	1.939516777950880955e-01	1.507127439371734323e-01	2.171650076181525502e-01	2.408111177578861339e-01	-2.218305553064408575e-01	1.933656570234594529e-02	4.776591419083287687e-02	2.695736123185385469e-01	1.491233511594200756e-01	1.066330275751828788e-01	1.427422595044854914e-01	-4.471025589322177168e-02	-2.485908027630490125e-01	5.267403231022559952e-03	1.680808553097866975e-01	1.791321564718127146e-01	2.444883014731012438e-01	-1.960979197538284813e-01	5.812401037369389067e-01	1.625278832255547257e-01	9.573888009421081813e-02	-4.936640897939023609e-02	-2.539124526312638852e-01	1.104708875025909309e-01	1.586564661596077119e-01	6.028610072094776895e-02	1.189647763260852503e-01	1.311412580259414540e-01	4.151014527708151158e-01	2.241765231749472120e-01	-2.023558436515670855e-01	2.313138218449778682e-01	1.080094081457107086e-01	5.665332646006772110e-01	5.167122157572888730e-01
2.143420078720376376e-01	-1.959413141463643426e-01	-2.119019882964060519e-01	1.514150974066681421e-01	5.543760939660520304e-01	5.824792550925972368e-01	1.672063436680016058e-01	-1.596073619821760381e-01	-1.638257009224607652e-01	-2.048833449777944515e-01	-1.961469980810974234e-01	-2.773997907188856596e-02	5.205431532445045639e-02	-2.505291240903820826e-01	-1.626752050652195691e-01	4.729163137108047255e-02	-1.296591738997181220e-01	2.913994350444354398e-01	1.231637837395243990e-01	-5.488049801842211778e-02	4.650137020122007553e-02	-2.390190985081609432e-01	7.221339577684489364e-02	-2.161200382828326605e-01	-2.077685284431590451e-01	-2.890978652309292296e-01	-2.447313622432994440e-01	-2.123591087030708147e-01	7.501531901259064772e-02	1.563197932714311955e-01	-2.575731006553549363e-01	6.827403156334769241e-01	4.978912331546662684e-01	3.459722276991754053e-01	-1.663695712944389948e-01	-2.038938347862450096e-01	-1.021467660640685698e-01	3.180513605495927654e-01	-5.562269099014437862e-02	-1.779180161945508043e-01	1.016912505733505584e-01	9.953087559181085769e-04	-1.087424447932695271e-01	1.946224811284752096e-02	-4.669182908704618690e-02	1.282808027412348818e-02	-2.895066370864652350e-01	-1.769408199531047332e-01	-2.300467563023443629e-02	-9.469532040479733404e-02	-2.726591460390642152e-01	-7.228307639314912603e-02	-1.448143441469680326e-01	-7.533465402771527542e-02	-6.381210290510740124e-02	-2.573772197864172134e-02	9.181009469757035746e-02	8.113797286278601195e-02	9.258205301534382092e-02	3.231851651537698787e-03	1.868189765742586661e-01	-1.268848646734480612e-01	-3.070605376876243131e-01	3.956228249780201905e-02	-1.142388507358512856e-01	-1.763881432526070436e-01	1.261139867893545929e-02	-6.853920607566807432e-02	3.646811961201833902e-02	-3.007654595491530691e-01	-1.394613238127880017e-01	2.032160703675571500e-01	1.288398061576150888e-01	-4.605132777267302580e-02	-2.905303649931074983e-02	-2.196533789134300918e-01	-5.070945228978294972e-02	7.359284801498729156e-02	1.230837655314505619e-01	-2.562007612726774908e-01	-1.428804280511465352e-01	-3.552954259703504092e-01	-1.596999761261766737e-01	-7.875494117107664782e-02	-1.851859828301444799e-01	-6.661022202460072095e-02	-2.980081576284513978e-01	-2.312669470372549219e-01	2.120948132710923084e-02	1.860174466349279188e-01	9.936485710140831318e-02	-1.529135197607201790e-01	-1.304078778791197823e-01	-2.023337976482603162e-01	-1.937362199529991114e-01	-7.046498226102225482e-03	-2.354845719481035160e-01	1.426802317944496357e-01	-2.957007068386528492e-01	-3.514845427303093239e-01	3.891919755790377300e-01	-2.859920194555847783e-01	-5.392175267989261084e-02	-1.669903247362299337e-01	5.619293323828018494e-01	4.043968962415541157e-01	-1.335459575485891115e-01	-1.974830554564554475e-01	-2.962061289818960219e-01	-1.938529491638622815e-01	-2.125744082560737380e-01	-5.479895034373032797e-02	-2.997973902335338559e-01	-9.838729966353079726e-02	1.265758460705262434e-01	-1.801583067382353520e-01	-6.617146666847616154e-02	-6.014189737580263179e-02	-1.540155250101618301e-01	9.246242142319270607e-02	2.362028362325161585e-02	7.407620702626808995e-02	-1.982246320080088484e-02	-5.390961005868862357e-03	-1.996057365190078425e-01	-1.203841688076661559e-01	-8.446035517141083082e-02	-1.613184920153297730e-01	-3.924833609581607208e-01	-2.283421311859262781e-01	1.518424743060343696e-01	-7.788122351639387153e-02	1.000000000000000000e+00	6.357632065434720703e-01	5.087200483271915319e-01	6.115122944624190593e-01	-1.658314098756791810e-01	-1.717336095949201502e-01	2.504983775505110200e-01	1.932038098253375524e-01	-2.002531798986686151e-01	-2.513259197161420988e-01	1.738664463176570543e-02	-2.024737341052000594e-01	2.684228784809295637e-02	-1.656793649801116264e-01	2.253719686851765255e-02	2.105185116130368905e-01	3.515628215720283112e-02	-5.071646017447264954e-02	-1.741694080988345772e-01	-1.342208593062147737e-01	-7.818660704016304475e-02	-1.707332870341463638e-01	-1.351815112124989948e-01	-1.108830782209744605e-02	-2.435999723748824911e-02	-2.350363204260149941e-01	-3.110897163739620441e-01	4.616338522177813354e-03	-1.694926550178901536e-01	-9.412584585667053971e-02	6.822884699640667516e-02	6.449623188625236425e-02	3.498323273035030545e-01	2.819529995724064930e-01	2.706977570905558794e-01	-7.045271680759922217e-02	-1.822199892345827688e-01	-2.248282814852918254e-01	-1.350053111199653044e-01	1.464392365666039586e-01	6.825768403047285937e-02	1.003675294990132999e-01	2.054451736283724461e-01	-2.577345399753525057e-02	-1.471610075742913748e-01	-6.898750661673544449e-02	1.738608278582296288e-02	7.660218168567095587e-02	1.353032578190911106e-01	-6.590959566840864925e-02	2.290066763196350330e-01	-1.264074231302033946e-01	1.387754960786508063e-01	-1.039375236206476760e-01	-3.318229219154939513e-01	-1.311316731972614336e-01	-3.108222446090957991e-01	-6.102285412642740117e-03	-2.853618588712434900e-01	-5.583207581498440125e-02	-2.632392118595559549e-01	5.219364393114541700e-01	-2.567526599514477481e-01	2.296571759849848071e-01	-1.392887898153335191e-01	-2.122331291078458360e-01	-4.166743356908280127e-01	-3.465345919230718996e-01
1.389050937330701119e-01	2.462910427213838016e-02	1.290694649569363306e-01	2.201811765627333106e-01	3.801709098479074678e-01	4.689412160243735528e-01	2.605886886688911219e-01	-6.353267330346500097e-02	-1.762300375238178840e-01	-8.685973147145317763e-02	-6.049824012214297803e-02	8.924715004008766661e-02	1.992004609967934770e-01	1.011437247192776556e-01	2.007769742357213283e-01	3.320869804869647779e-01	1.728789915809376687e-01	4.805648378605812399e-01	2.423255247064922402e-01	1.485625518210418605e-01	-1.394855118052987508e-01	-2.236031379523704121e-01	-5.472020230991601897e-02	-1.895211245488025720e-01	-2.670946752673375099e-02	-2.691972069847307081e-01	-6.704262431123887700e-02	-2.468428079686874402e-02	-9.616447171723940812e-02	-4.118552922015753653e-02	-7.954474841241607197e-02	4.739614765354530634e-01	4.575046356555512173e-01	-2.827298543606997921e-02	-5.805805890751232490e-02	-6.987768991422253773e-02	4.088354165485488106e-02	4.361180680032363255e-01	1.043703462252687647e-01	-2.214555094439040472e-01	-7.020595383168046211e-02	-1.170713035626151227e-01	-2.205157213019570406e-01	7.815973354784945537e-02	-2.876771947126977036e-02	1.544781670073736013e-01	-1.651831799778913645e-01	-1.376579342916747217e-01	-1.921012707162688959e-01	-9.076843748471076154e-03	-3.403409953066108273e-01	-2.632805546232557803e-01	-1.583023132857690474e-01	-1.479060753733051348e-01	6.912765299829214116e-02	-4.270199515653502753e-02	-1.686995737139106166e-01	-5.634101004171039595e-02	-2.934492384017162604e-03	-6.775434588478304598e-02	2.503276659527314263e-01	-3.304292353664391446e-01	-3.179004117832991971e-01	-1.552361266952886620e-01	-2.326316604897457618e-01	-1.088024946423883921e-01	-1.843482187988193799e-01	-1.021801432643564267e-01	-1.537429575206979704e-01	-3.352015458910262424e-01	-1.452149612164534975e-01	3.103618675366043300e-01	2.913537152045108658e-01	2.110332242890311169e-02	-1.258875502775078092e-01	-2.379271752908849735e-01	-8.761771662970510577e-02	-1.795909592752346073e-01	1.560968655967819307e-01	-1.639488809555692816e-01	-1.886053931966139019e-01	-1.230247489941750372e-01	-1.907006262893545800e-01	-1.719372551364811152e-01	-1.485431275363599257e-01	-1.294840443945207697e-01	-1.489138892986014429e-01	-3.280814859571755115e-01	-9.946758831214391749e-02	7.004380229195165952e-02	-2.845162596370859678e-02	-1.205607806342430949e-01	-2.435320155390960084e-01	-2.588092910800213198e-01	-2.881450371089603335e-01	8.846695936358107276e-03	-1.797639421550323025e-01	6.049359675559193988e-02	-2.924424453117200895e-01	-2.319797755364065017e-01	3.040562423597103492e-01	-2.195716251026481047e-01	1.688683441774701255e-01	-1.156764996976993309e-01	3.093120361742312530e-01	3.975281061348933109e-01	-6.886339636377523596e-03	-1.391940331575670098e-01	-6.199320722284930307e-02	-1.041686415960561551e-01	-1.004906636213004634e-01	3.927456279551296003e-02	-3.129644855785089930e-03	1.706286255176732714e-01	1.615343527753389519e-01	1.636812148155646907e-01	7.280814543593326638e-02	1.941780914213515896e-01	8.563567442003282293e-02	3.433683402048057220e-01	1.840274311917386996e-01	1.985454876717771822e-01	1.245938512681005056e-01	1.403743182806378373e-02	-5.950072911195850717e-02	-7.117504871805835354e-02	2.095228886373729296e-02	-1.832012599962389854e-01	-2.115993250553102056e-01	-2.575107229553736179e-02	-1.117372783415499227e-01	-2.765846023913307375e-02	6.357632065434720703e-01	1.000000000000000000e+00	1.421911075021357884e-01	3.080522893177420896e-01	-1.170801431231776879e-01	-2.182411851240047621e-02	3.578631452944306957e-01	3.717180910090040480e-01	1.162491668202938477e-01	-1.673652249935527747e-01	-3.368315220459641712e-02	-4.912045616881522553e-02	3.447849704520934006e-02	-2.356961494020117232e-01	7.726033716013637476e-02	3.269647354259792027e-01	1.172633760854796398e-01	3.668658304581287610e-02	-1.437521858924434570e-01	-3.133912919086067062e-01	-1.256788958904626052e-01	-1.529054208454292407e-01	-2.489824137202563958e-01	3.052518713233752165e-03	-1.343084108903662421e-01	-2.943755357109100745e-01	-2.100120388145821637e-01	-6.259712893326466188e-02	-2.461824074238484206e-01	-1.426004545456069639e-01	-2.991214876926039934e-01	-7.320633720392291655e-02	1.518293501048734173e-01	1.238612589691203553e-01	4.180118644812781392e-01	-2.722291242208315643e-01	-3.187601344717699847e-01	-1.615357029176199555e-01	-1.759519789101992027e-01	-1.309399902325424359e-01	-2.494159462585340131e-02	-1.100192519249300338e-02	6.779052123251673445e-02	-9.484762560635903728e-02	-3.052297178549895906e-01	-8.643730202216028113e-02	-7.949577134427144101e-03	1.082175157049042324e-01	3.211803814664462853e-01	5.402418433661131808e-02	8.370600411117529172e-02	-1.139762665569473005e-01	7.374431183907349807e-02	-9.215779081839048370e-02	-1.825146909747543122e-01	1.196757946777891705e-02	-2.844761293633573662e-01	-5.096527824642272525e-02	-2.068411623157081214e-01	-2.187639098547038419e-01	-2.507480084173666079e-01	3.755454115112033531e-01	-4.163940922922857585e-02	2.370903910531306502e-01	-1.126552870049452176e-01	-1.624434787429969995e-01	-3.108536088084844495e-01	-2.310258332018639005e-01
-3.362782460828335485e-02	-2.603158090215942910e-01	-2.969051941442810150e-01	-1.353899606127051680e-01	2.794604983159761913e-01	1.971625097309042396e-01	-2.266983462336982502e-01	-2.706730779272494697e-02	-1.561335630209305381e-01	-1.583328009307750639e-01	-1.830921571256242941e-01	-3.695889117065742635e-02	-1.650367282032330352e-01	-1.799543356456003718e-01	-2.870486067246740269e-01	-2.316218462239070519e-01	-2.862966538750317258e-01	1.262083999006784370e-02	-1.717144549695138744e-01	-3.065933613950065917e-01	8.690959977929389735e-02	-1.052913766958202130e-01	1.258357042232502096e-02	-1.179662124594305778e-01	-1.501888452772967009e-01	-7.666121183519501725e-02	-4.361563510848309178e-01	-9.038920566271196888e-02	1.424229416894095823e-01	1.377549380356430653e-01	-1.047666673479902694e-01	3.415009128897391055e-01	2.904909716034901890e-01	5.378222132014744972e-01	3.830114038473311083e-02	5.145773155953969891e-02	1.462886593372804411e-01	-6.886119279707866858e-02	-1.273705000250568431e-01	1.199067220315488125e-01	2.591529712307465427e-01	1.908727045446578507e-01	1.754042056633014213e-01	-1.282554377649548494e-01	-5.102245261830200967e-02	-1.433343235854862008e-01	1.125451769103497368e-01	-6.756815189115993048e-02	1.423235006317846996e-01	-2.571179922921840721e-01	1.787025256419507158e-01	2.052560798955535004e-01	7.305216672398989752e-02	1.773223749944150829e-01	-2.661456618873506152e-01	-6.222731876104118515e-03	5.160254099306573750e-01	3.223327124088985474e-01	3.353591860663288626e-01	3.267996804374048714e-01	-1.784254799545278991e-02	2.695410066323529197e-01	-2.236625406354614612e-02	2.710056554415343766e-01	9.925590713879531291e-02	-7.906962709639987763e-02	3.006113477438288051e-01	1.743328300406932208e-01	1.501288389301235794e-02	9.697720826788810977e-02	-5.834379100381015953e-02	-6.820614477827213751e-02	-2.359726734164915296e-01	-4.877364707209456279e-02	1.303403327922366406e-01	-1.609799946348584587e-01	-3.964338569866905637e-02	1.720462122170745289e-01	-2.724856760222642560e-01	-2.352610575438672524e-01	-2.880152693304398326e-02	-2.728226166444833178e-01	-1.589550992029098442e-02	3.474399614021325133e-01	-2.274419201322678413e-02	1.222186663279553331e-01	-1.088861575085265238e-01	1.611449223038139700e-01	2.515582609923229000e-05	5.897897219623104981e-02	-4.379695029185395883e-02	4.711693148978363804e-03	1.527080628025305753e-01	2.066875877925409000e-01	1.579879605117141816e-01	4.114157715176559177e-02	-2.806260236752687875e-01	-2.773290968834518991e-02	-4.894911531860126307e-03	-1.699014666869126111e-01	-6.810686917711829963e-03	-1.602416435317411958e-01	-3.048245734485983682e-01	-2.715302810822197710e-01	2.725802827013539265e-01	-8.969252874772179474e-02	-1.162640894099478128e-01	-1.667041498265719734e-01	-2.364684499755597968e-01	-1.578192472423714243e-01	-1.187060752873044245e-01	-3.990007340443532668e-02	-2.071039428604662669e-01	-3.255364545012449096e-01	-2.227913491167964888e-01	-4.674585850262272801e-01	-1.694346332335813221e-01	-3.896228541480521446e-01	-1.225081379465929182e-01	-1.676220243017932376e-01	-2.662483023315840858e-01	-2.098998186764610419e-01	-2.656658665144691622e-01	-2.447641916541832829e-01	-2.050018951481263341e-01	-2.307846557643951912e-01	-1.634692879066065030e-01	-1.176580548804941895e-01	-3.265281131308636065e-01	-4.453104569903290622e-01	3.429107270528822804e-01	1.173570168350784454e-01	5.087200483271916429e-01	1.421911075021357884e-01	1.000000000000000000e+00	6.913270385679234353e-01	-3.938366363938616832e-02	-3.237570994689764614e-02	-1.510823991410904787e-01	-8.138366879629234385e-02	-3.198087089317729892e-01	3.475060803528173120e-02	3.033687876304326791e-01	-1.752225705657831922e-01	-5.554715913637067043e-02	7.433696394456762446e-03	-2.127991732637889433e-01	-5.987847271204518873e-02	-1.276571532780153562e-01	-1.702200711226797003e-01	2.474141597448634433e-01	4.290158282456835726e-01	2.389185418017122364e-01	5.265408483769840747e-02	1.469852801023364686e-01	-1.415951872073716034e-01	2.698808711950714256e-01	6.194421909879057470e-02	-8.984189111733111022e-02	1.248136689415340998e-02	-1.895614165294867356e-02	2.232392649144695207e-01	4.326970921694787142e-01	1.907181749740677057e-01	4.517578425199628156e-01	7.513066692248731027e-01	9.889102326778143048e-02	3.865522613755545400e-01	3.250530135356726191e-01	-2.010075098110873648e-01	3.052517301118729542e-01	6.259751354425572289e-01	2.837250811366533454e-01	4.740315309037717029e-01	4.568889024905508078e-01	3.229669390143536378e-01	3.508196971623225857e-01	7.515405842901090594e-02	1.426016471746510139e-01	2.744256299347668654e-02	-6.487023594471294508e-02	-1.280075216735336030e-01	1.058684072700959711e-01	7.298138191662525975e-02	1.629659247429487146e-01	3.923854304998008330e-02	-1.734195907082246857e-01	-1.697232605309099418e-01	-1.609192955042611575e-02	2.452689243895711246e-01	-8.518761733275538595e-02	3.326970962442380442e-01	1.107523590741404107e-01	2.726651189411142817e-01	-3.415523451542878397e-01	-1.169313233716631900e-01	-7.189002352643326932e-02	-1.473430685147355569e-02	-1.709026732699049089e-01	-1.911595338318471116e-01
-1.432993251015760895e-02	-2.574138276358678423e-01	-3.648472666208109616e-01	-9.258725183725692587e-02	3.217660698756232840e-01	2.895954226608461468e-01	-1.772119385908067779e-01	-1.575928055905079783e-01	-1.048848150855175299e-01	-2.314093792475982736e-01	-1.921508099155371241e-01	-6.239719726180924936e-02	-4.145939309296821362e-02	-3.992131821667423419e-01	-3.026945483620023802e-01	-8.084211096474359926e-02	-2.761729226231321999e-01	1.567562143482910397e-01	3.611970456232060922e-02	-1.368094433271013766e-01	1.518201401578784804e-01	-1.770757459986991023e-01	1.422732946721753586e-02	-2.555478449054086609e-01	-3.057342633254446218e-01	-3.928271249676619781e-01	-4.562098111695510050e-01	-3.142895503711440885e-01	1.434238059726541253e-02	9.164444222159418008e-02	-2.658339944235002528e-01	5.624755027102812388e-01	5.390092630983613908e-01	6.134841264540870087e-01	-3.067521957914636221e-01	-3.077072846593715272e-01	-7.997528191181671464e-02	1.499129122935184966e-01	4.059406724093048840e-02	-2.462580912863926719e-01	2.563605921546504018e-01	5.017009262221098359e-02	-1.002412816089866127e-01	-1.228912035881353088e-01	2.034150415610272086e-02	-1.533493523081659593e-01	-1.917268252653182847e-01	-5.008866808103296792e-02	6.282571271922084144e-02	-1.397606946118756278e-02	-1.824354366236828340e-01	-4.841917035537416508e-02	-1.621254972398573357e-01	1.545056415014182429e-02	-1.395288401489117869e-01	-9.895549178783823174e-02	3.565347630633491360e-01	3.904833216088856584e-01	1.454886576793393282e-01	1.746968410580065356e-01	1.877471424612215667e-01	1.418070536774674456e-02	-1.097232547518571938e-01	4.214463402728264863e-02	1.455731488523643591e-01	-8.379389157627070706e-02	2.770402926546155498e-01	2.599353174799492461e-01	2.696559674742086132e-01	-1.294197624867641540e-03	5.167836203703560227e-02	-6.722952306220712770e-03	1.330027632574177499e-01	-1.501050479391989254e-02	2.418128666131608151e-01	-9.302806180796431568e-02	3.892611737419127138e-02	1.325346958062590952e-01	9.905506121875548575e-02	-2.794191891735152145e-01	-1.162226151065510506e-02	-2.171724432682662076e-01	-1.901054247347390980e-01	2.123062986342219016e-01	-2.053848953864032267e-01	1.147753446203145650e-01	-1.756386477422349768e-01	-1.629597777565923167e-01	-1.071262814871489465e-02	2.559409663935066637e-01	1.587886219902639451e-01	-1.912351054600094080e-01	-1.477389564016415476e-02	-4.850155269639478545e-02	-8.903244938464871527e-02	-1.780471126607528071e-02	-3.058002408239132719e-01	7.456173283496658755e-02	-1.783419070772356008e-01	-2.739650289804785865e-01	4.461344199220969309e-02	-2.788660460281605635e-01	-2.217422725447639742e-01	-2.665787520811161437e-01	3.286720149974326488e-01	1.905583812441239908e-02	-1.667487820828032485e-01	-1.757062710575920950e-01	-3.303659167394997209e-01	-1.852386284867168498e-01	-1.775166139321181780e-01	-1.229574079009460863e-01	-4.286241260395818875e-01	-2.178646438183595158e-01	-1.481386237177281795e-01	-3.872971766969587892e-01	-2.617959920560626319e-01	-2.726046158057928159e-01	-2.702525145489765301e-01	-1.046540585117083921e-01	-1.347967448547744695e-01	3.160449064721507911e-02	-1.177162766773434538e-01	-2.005948166032885394e-01	-1.826379575743122263e-01	-3.367595435161082618e-01	-1.630020592365961085e-01	-2.162562690616547101e-01	-5.541420057450677783e-01	-4.270106932426838697e-01	1.640912239286672070e-01	1.470398392092691145e-02	6.115122944624190593e-01	3.080522893177421451e-01	6.913270385679234353e-01	1.000000000000000000e+00	-3.626632217570346373e-01	-3.439742060763645304e-01	2.710734691263653739e-01	5.606290045000295041e-02	-2.941427599271431159e-01	-2.939173313283977573e-01	1.154659488215274837e-01	-2.069092253289874506e-01	-3.093859068813312185e-02	-1.890217712423170049e-01	-1.093470122456014632e-01	7.415018392151490056e-02	-9.495527222217026164e-02	-2.426104159273994310e-01	-3.360461893276004189e-04	2.510631810739719777e-02	8.014959175033116445e-02	-6.657915498262272080e-02	-7.858188099299903695e-02	-2.555407357867711324e-02	1.674001195202709513e-02	-1.854144712769292269e-01	-1.590601880050185324e-01	1.044371190467859450e-01	-1.862682315249616360e-01	4.041091590622424012e-02	3.485375256853691650e-01	1.718035102983128393e-01	6.623199445002377894e-01	4.563726195490594439e-01	2.840365830045601947e-01	5.254154498693570235e-02	1.062282812972856483e-01	-1.866511866180231571e-01	1.741028958629990964e-01	5.026458402939090186e-01	4.370214449854916694e-01	4.142773116465753303e-01	4.598933455949061888e-01	3.887005112256427530e-01	2.012084451095968451e-01	2.478068809596847000e-01	1.641140117987202607e-01	3.229759385864972576e-01	2.372297557622881498e-02	1.539942313249931527e-01	1.750542898721348939e-01	1.746074701645698377e-02	3.788678791948142943e-01	9.626218122100049790e-02	-1.609966401493927168e-01	-1.576104609751818320e-01	-8.409562543243470634e-02	2.487674925441837326e-01	-2.769531119631699068e-01	4.446778648746044782e-01	-1.677626187345756248e-01	2.866593400367656863e-01	-3.013720391417691324e-01	4.617583644308677349e-02	-2.308510206015925437e-01	-2.190765382072671075e-01	-3.132507407816030320e-01	-3.785401879325658303e-01
1.726509061508017528e-01	-9.627291211900218526e-02	3.911722922799111719e-03	-5.273970761328949930e-02	-2.561186996588766043e-02	-5.217379014776933610e-02	-7.249071294338382820e-02	-7.044278473529358431e-02	-1.611600585827034082e-01	-1.126909713419928655e-01	-1.288122896675132079e-01	-9.410501308966792711e-02	-1.365484916241749931e-03	4.742835015251274378e-01	2.980012516044421300e-01	-6.440402999060022664e-03	1.501714479797233437e-01	-6.461353074701420285e-02	-1.350125873608268579e-01	1.798498177982524662e-02	8.248966945871745449e-02	2.419933348980025933e-01	1.359733332144169304e-01	4.268144659943464703e-01	2.176749146622880271e-01	5.390167199223585559e-01	3.519313160324289425e-01	3.599196921168051899e-01	2.902913236149146647e-01	1.085904374582263854e-01	1.725210091272081081e-01	-2.736693554571346665e-01	-3.562947789901239060e-01	-1.590496377816499329e-01	6.476733276929154126e-01	6.376803542886637644e-01	3.561955077709387796e-01	-5.269804082159502967e-02	-4.232667633205814961e-01	7.049317698498872575e-01	1.429761831821150242e-01	2.624868424346687434e-01	2.056703524241693393e-01	-1.151682391758570428e-02	-1.778502594067536413e-01	-5.988705783833950247e-02	1.929555434424087834e-01	-2.010738978576099290e-01	-4.879305313389195251e-03	-1.533502606565491644e-01	2.633884271347564088e-02	1.919803939552981384e-02	2.154820638356298723e-01	2.269368477556372721e-01	1.530775796379379820e-02	2.215771621419175275e-01	1.337871354931561840e-01	-2.223488383273366786e-01	1.486052525366225452e-01	-1.015155276152085798e-02	-4.148088425692347259e-01	1.598992767161159789e-01	-1.561807992190985817e-01	1.855763533070387827e-01	-2.201496192364295890e-01	1.591210137972831618e-02	1.511224411433478854e-01	-3.050910653482472035e-01	-2.853597235566980861e-01	-3.514838805520646009e-02	-2.391119171656808928e-01	-2.447153024838200075e-01	-2.732338568416173841e-01	-1.986620026809767792e-01	-3.076908776151078828e-01	1.534159307167244461e-02	-5.995558999188962263e-02	-2.070924354173281703e-02	-3.379824660084039256e-01	6.732601941615970476e-02	-2.672683689921699357e-01	-1.856419619959809864e-01	2.777067252367305117e-01	1.509715719355484709e-01	2.338780667749449649e-01	-2.892291483719275913e-01	-2.143315315627446760e-01	2.813312027370431512e-01	1.721417861822392426e-01	-2.364011942438224989e-01	-3.678098445516860271e-01	1.372172816363205761e-01	1.360591290065445991e-01	8.759543187893584215e-02	5.868054871175407139e-02	-5.825442699578072675e-02	4.671714425753646649e-02	1.263448028681653512e-01	5.655331007037846247e-02	-8.227112910283690406e-02	8.621443223905646269e-02	1.374991896389984869e-01	-1.197095977787385607e-01	-1.207459722193534868e-01	-2.138737858424996988e-02	-6.211345181482658129e-02	3.945572645481279506e-02	-1.091073815199036651e-01	-4.068821132200485524e-02	-1.173100339669043563e-01	-9.036848401793379226e-02	-8.100529171913904702e-02	7.300678639061776165e-01	1.116331619374644722e-02	5.011059967379612179e-02	8.930641909967672321e-02	5.600768753678611045e-01	7.733197325437395075e-02	5.020241892489947233e-01	1.156054426001765084e-01	1.877438798777210024e-02	-7.755896128053367533e-02	2.572968187204844812e-02	1.240298939602914319e-01	1.220893668460521081e-01	4.409173710799788592e-01	2.661389001088418915e-01	5.323594144100310954e-01	6.755205420481967815e-01	3.448983274438589541e-01	3.206156696749123403e-01	4.773841114597283247e-02	-1.658314098756792365e-01	-1.170801431231777018e-01	-3.938366363938616832e-02	-3.626632217570346373e-01	1.000000000000000000e+00	7.806097123682256278e-01	-2.365528573888467934e-01	1.189091119243105288e-01	2.345430247933431578e-01	7.880983665166122476e-01	3.303389305649062080e-01	1.556171389893209744e-01	1.007204913473122437e-01	3.599667263354161539e-01	-1.058742902995651464e-01	-1.070155812562776088e-01	9.376203634724281435e-03	-3.103387822850057695e-02	6.797858347594380735e-02	3.217733427096201027e-01	-2.656190745895854743e-02	-5.533572101997569215e-02	2.160878814423974337e-01	-2.712576042320614667e-01	-6.706780809486481698e-02	7.660683830434349487e-03	-8.915753258155330319e-02	-5.454806943835442956e-01	3.491706501985887834e-01	8.367222608910310222e-02	-4.333935615430758309e-02	1.258909123524249718e-01	-2.975099854710045455e-01	4.098633224767820465e-02	-3.358146377569264929e-01	3.735584734126248807e-01	6.459815235419304191e-02	-2.060553745785180246e-01	-2.577114792405108250e-03	-1.433284603425149725e-02	-2.757632009348058855e-01	-1.995827156187274520e-01	-1.875773077266656430e-01	-3.223912305887775553e-01	-1.424439967236541815e-01	-2.356257036665679039e-01	-3.340702737429778191e-01	-3.196913860310802713e-01	-2.188659849669292723e-01	-3.114864103639305437e-01	-2.966790406724884033e-01	-1.771154567872716412e-01	-3.463186261876846639e-01	-1.507240077093295882e-01	-1.994542704172259373e-01	5.947270130876147060e-02	-1.052171953364142570e-01	-1.679701129274319416e-01	2.183613912816693425e-01	-2.030958320558999552e-01	1.255726306374960743e-01	-8.635771035050590627e-02	-7.775064595411874946e-02	-7.195388194983239234e-03	2.220780722228916093e-01	2.543473728229136421e-01	9.228175278739640663e-02	2.146571704963294303e-01
1.114121497078054690e-01	-4.171991035955866650e-03	5.067798245918785083e-02	-7.606689258717459767e-02	-6.156918039914764662e-02	-9.291458387624433601e-02	-9.604215577803580650e-02	1.080709796671477756e-02	-9.879649440427624996e-02	-2.500430749918398313e-03	-4.595078263155604609e-02	2.299476599097263069e-02	1.625726171816642418e-01	5.388634232183043826e-01	3.842052044699564295e-01	1.782790678505319082e-01	4.096626087049224929e-01	1.719571328471398985e-01	9.009308579458261135e-02	2.140603221397408273e-01	4.540503789930409179e-02	8.150899249499438115e-02	6.997618077019118754e-02	2.929254266176301025e-01	2.782763239450773418e-01	3.982885310832955938e-01	1.419467313614773962e-01	3.094631109676328484e-01	3.431869955057578747e-01	1.624084338775190761e-01	2.461882310428336329e-01	-2.803953596634509160e-01	-4.020871167523976664e-01	-1.350452944465057592e-01	6.086145742507569345e-01	6.782250669305502910e-01	5.094194519018466760e-01	1.866509916710655526e-01	-3.531425367637416324e-01	5.777650860765582985e-01	1.048146075281421730e-01	2.840775157945188978e-01	1.111317360892482009e-01	1.148068397021257542e-01	-1.939566644868656597e-01	5.340678854061570863e-02	2.305623632581616789e-01	-9.995525315947302591e-02	6.398857458268143727e-02	-1.658145281960435313e-01	3.115045411137364398e-02	-3.910039034114473622e-02	3.549209443026223876e-01	1.983017173340154704e-01	4.113513799671324189e-02	2.245527271500640798e-01	1.493422115148093088e-01	-1.754352980881288826e-01	2.810593247786266069e-01	-4.105859783993422857e-02	-3.911818589113957856e-01	2.434159699922961995e-01	-6.857178109280555323e-02	1.725859387841677528e-01	-2.540684274907343831e-01	1.105868285640208282e-01	1.183189532377594833e-01	-3.077199914929108493e-01	-2.989679876236518985e-01	-1.141101483567325339e-02	-2.241876492678098742e-01	-2.458026527839480835e-01	-1.666939792507309559e-01	-2.021301415664183143e-01	-3.764565876518987109e-01	-3.098789423032999660e-02	-2.109762300642776811e-01	-1.333428266950855423e-01	-3.884538562859355393e-01	9.814460692772752903e-02	-3.080695316143493012e-01	-9.647700448489662794e-02	2.120978800608953607e-01	9.782294689441529967e-02	1.560598326776484190e-01	-3.444124803408560309e-01	-2.446483125335414677e-01	1.980505451892823343e-01	1.407547486089883171e-01	-2.899490348400045603e-01	-4.378389864317771552e-01	1.227043659031216011e-01	6.497369828777395384e-02	4.694724139153373665e-02	4.731290861459547942e-02	-7.269466090415170612e-02	-3.195147415429334253e-02	5.005721969773345437e-02	-6.469739445603768513e-02	-1.436375236368671315e-01	-1.505500041505203682e-02	2.152196660251425309e-01	-2.783737143944655518e-02	-8.989644364964309575e-02	-9.353368916622521734e-03	-6.060421018587570929e-02	4.737999850858966994e-02	-3.205263728909479859e-02	8.505989081069235958e-02	-1.890390740566563060e-02	1.230911957760190238e-02	5.399618135706311245e-02	7.675665759237429997e-01	9.964289687791427763e-02	2.471781266450434889e-01	2.752602019621376850e-01	7.656578029971793375e-01	2.483786393623829136e-01	6.644848653778545611e-01	3.082344420875292035e-01	2.212612006042557478e-01	1.326955198047237994e-01	2.409201491296414366e-01	2.269151053817057215e-02	5.513283815868373627e-02	3.504520334816663141e-01	2.414873543023721980e-01	3.388597121846038673e-01	5.330671974333244245e-01	1.522056742763401027e-01	3.473646601581241722e-01	4.956680517982086503e-02	-1.717336095949201502e-01	-2.182411851240047967e-02	-3.237570994689764614e-02	-3.439742060763645304e-01	7.806097123682256278e-01	1.000000000000000000e+00	-1.625151033741460693e-01	4.158575508759354000e-01	4.186122874203241362e-01	6.716182340487290015e-01	2.065987055435683506e-01	2.206574063224790438e-01	2.117041023082657722e-02	1.795944242890045728e-01	-8.998288577702849567e-02	4.692088216466644424e-02	1.026976711138502946e-01	3.849573422246188592e-02	4.228468699630968247e-02	3.294963232390591967e-01	4.443173758422257896e-02	-6.722543265579093708e-02	1.412010072082872936e-01	-3.023458735560420885e-01	-7.351013569041002504e-02	-9.169764225269844138e-02	-1.257733282537216168e-01	-5.301264121669502227e-01	2.905664293471276749e-01	3.000350554917358484e-02	-2.060508134516484124e-01	1.202926539479707013e-01	-3.148971162448590544e-01	1.049598271691825346e-01	-2.709068877907230277e-01	2.329194863431560125e-01	4.260718001048679343e-02	-1.603812854568905100e-01	-7.485622691064779122e-02	-1.308604175097881123e-04	-3.773531459773499797e-01	-1.960687308774363147e-01	-1.142394112627786174e-01	-3.402881000927912014e-01	-1.946701737673849908e-01	-1.682835767023891926e-01	-3.977890872077080586e-01	-3.948443795891244390e-01	-1.971900492184155140e-01	-3.942562246875407350e-01	-2.702271292816315618e-01	-2.558195420921833829e-01	-3.488773746755668981e-01	-2.663761552659616449e-01	-1.634729732766157240e-01	9.762572914169609373e-02	-1.226825917465587112e-01	-2.835874262387039768e-01	1.944447508414338388e-01	-2.088559752643014411e-01	4.519851345656061142e-03	-2.125431011892779665e-01	-8.470555842342125663e-02	-4.733888638244972136e-02	1.593039714029513831e-01	1.066094347569291889e-01	1.612167912072567585e-02	8.455743958321931819e-02
-1.402600294547316946e-02	1.931122994597964451e-02	-6.523557260337520258e-02	7.515898864396597379e-02	2.405655677375383994e-01	1.615001353730930733e-01	-7.984199903380537200e-02	1.414106160807863249e-02	6.970737882039340638e-02	9.756426037052617906e-02	6.553247403160580853e-02	1.780008575471542231e-01	4.693048608547314982e-02	-2.516057739700806040e-01	1.084234993658638874e-01	3.093329425614977368e-01	2.234358415661535091e-01	4.362032494245177694e-01	3.559219756413981584e-01	4.147023951629109084e-01	-2.696395101053984319e-02	-2.257080950723159840e-01	-1.305151744888199683e-01	-2.973253938312952482e-01	-9.733808069331731372e-03	-3.835632468692959374e-01	-7.311818763501305718e-02	-3.784385466271606435e-01	-4.319766112406212000e-02	8.002443244337345551e-02	1.668427445177553814e-01	2.676258278355943543e-01	2.086734719083732370e-01	-3.308499547214219239e-02	-3.287412503661122920e-01	-2.672783206322314475e-01	2.972133356472199481e-03	5.283897935035978266e-01	1.057706763768652136e-01	-3.656846805756963636e-01	-2.330221781943478399e-02	-2.878364794904206270e-01	-5.301896890368913429e-01	9.343221884986423198e-02	-1.319020801368843698e-01	1.774617334754489614e-02	-2.040834087055209134e-01	-1.296802318408845633e-01	-3.573829055555511891e-01	4.160435737227916736e-02	-5.861686581459479850e-01	-3.774248563526441669e-01	-2.739809574327233821e-01	-2.545462575215840517e-01	1.475808319118133705e-01	-1.459299032422120834e-01	-3.144491939724861074e-02	-7.061109705478764431e-02	-3.980449886689450822e-02	-1.938253792085134208e-01	4.324296902431120082e-01	-4.802993741680350870e-01	-4.032687985007866738e-01	-3.964214580668016796e-01	-1.915436173607284187e-01	-7.093162838201878817e-02	-1.148413165149643478e-01	-8.254649491545675011e-02	7.153239957264904969e-03	-4.207370982092647482e-01	-1.469736523950594120e-01	6.944103371297051519e-02	7.681002528339642144e-01	-1.258837880214448424e-01	-1.125623258530956544e-01	-8.890464841715192690e-02	-2.582082037137402308e-02	-2.410788400352100735e-01	6.080624388965608640e-01	-1.964961823764889703e-01	-2.983400839399970583e-01	-2.398818628677530096e-01	-4.078011974728901201e-01	-3.872607414305027640e-01	-3.715911111518866994e-01	-2.218501806693152500e-01	-1.898399041199571868e-01	-5.260722181819244003e-01	-6.436208335316533080e-02	1.924321895863138118e-03	9.438384566127437647e-02	-4.630890986629354611e-01	-3.133726530850863279e-01	-5.413155323389696738e-01	-5.749425363703530856e-01	1.935876238062166424e-02	-3.128858558110800825e-01	-6.111275302646728205e-04	-3.848707474371606541e-01	-2.160406889337735392e-01	4.357761159711047438e-02	1.491562682065540602e-01	1.187844158006975959e-01	7.304223372232524630e-03	1.463491945131914218e-01	2.397181004475149591e-01	2.872380293469484897e-02	1.507062398546948900e-01	8.243060175516039867e-02	1.583612770511944878e-01	1.442866172428348137e-01	5.604164291518605456e-02	-1.341876934242097197e-01	1.178900079584938587e-01	8.046231123779341854e-02	2.283115217123394269e-01	1.917753034409112878e-01	2.971604864354164266e-01	1.014845238303054148e-01	2.886552784443255359e-01	4.422014879678350940e-01	4.911842443989205553e-01	4.638471809176725191e-01	-2.196264500282678681e-02	-1.862359372159102036e-02	-2.284779008379317911e-01	2.129929542288338390e-02	-2.069545810498747418e-01	-1.962153886921680912e-01	2.742629931843274665e-02	-4.029816584188188749e-02	1.834484153231811243e-01	2.504983775505110200e-01	3.578631452944306957e-01	-1.510823991410905065e-01	2.710734691263653739e-01	-2.365528573888467656e-01	-1.625151033741460693e-01	1.000000000000000000e+00	4.520004501031759103e-01	2.383118676936155644e-01	-1.927216684993027784e-01	-3.159875769462073269e-01	-1.136099911769818255e-01	-2.978706609073619727e-02	-3.701236966827353148e-01	-4.383463893336933537e-02	1.779599430865193010e-01	3.225842760625960981e-01	-6.698094122227425673e-02	-2.227541083974318714e-01	-6.263215180343009170e-01	-2.187791600147663551e-01	-3.448617146960261670e-01	-4.233329659837708481e-01	-5.599528064023955726e-02	-3.134695601262786346e-01	-4.133544751954576491e-01	-2.639898236589586777e-01	-2.022215058369977725e-02	-2.539833523600648624e-01	-2.720298637700131472e-01	-3.022670917777924848e-01	3.752400077328142680e-02	1.892170619799912468e-01	-2.087844642573893628e-01	3.504939346218531870e-01	-5.410841987584618096e-01	-3.937394701318470691e-01	-2.014973784115637878e-01	-3.914754232937610046e-01	-2.374295193029787310e-01	5.143932177789208027e-02	-1.259558738929316968e-01	-9.461032815702039023e-02	-1.015328768336073995e-01	-2.650711484457657918e-01	4.347986962047617476e-02	-1.454778973171603762e-01	2.199449472535602579e-01	1.331101686290607211e-01	3.627477448805491722e-01	2.656849592201108307e-02	-7.172261639304350345e-02	2.130007197160787014e-01	-6.025764314108460196e-02	-2.533198516075878537e-01	-3.633075855533697551e-02	-3.114629197910512848e-01	-1.916094249857518972e-01	-3.613586951636493239e-01	-4.145529956995839399e-02	-5.899144969819541950e-01	1.185747063835495552e-01	-4.609140685012977183e-03	9.260930415732900045e-02	-2.462773398276131565e-01	-3.236802372973832664e-01	-1.194879439542391314e-01	-1.473097398038736294e-01
1.576426655062693749e-01	5.498788166712682834e-02	1.420980702072092705e-01	1.231243764205311592e-01	8.244107322685963191e-02	1.547732082912784135e-01	4.290469740703471702e-02	-1.391350335671725225e-01	-3.503902068012464815e-02	8.296649994228741387e-02	5.732371167239865006e-02	1.852988174848766711e-01	4.258491197780154836e-01	2.649641180556305819e-01	4.711173817834242716e-01	6.423427514440984698e-01	6.923336957272437919e-01	6.690696526374976250e-01	6.595411883046218282e-01	5.400134922666196546e-01	2.450212561647155743e-02	-9.857648911546975160e-03	1.092708047462511434e-01	-8.282337980837320424e-02	1.593908611338470394e-01	-1.194175390940267062e-01	-8.886525578648514501e-02	-9.257987713400668908e-03	1.764542850619846837e-01	1.113263861662654869e-01	3.700865573294320060e-02	1.729731007491663308e-01	3.918225580439826418e-03	-7.862820166523963594e-02	-1.940043434462841720e-02	1.936259370290349946e-01	3.075060684869921346e-01	6.992189043599404963e-01	-1.233929309643136754e-02	-3.447313310528551250e-02	1.800621005322875501e-01	-1.990198331273758045e-02	-3.305887194289185427e-01	2.703033467869941919e-01	-2.759614509375508257e-02	2.263117813199967132e-01	-1.648512576276474906e-01	-9.203775779014555791e-02	-9.805771377325592231e-02	1.720040466690763159e-01	-3.964772051051125845e-01	-1.924008737105691036e-01	-2.344003590447762964e-02	1.375759933115670679e-02	5.468782233128291134e-03	4.054311105421769951e-02	-7.578343088640829284e-02	-1.978263506212634137e-01	1.022229163818216685e-01	-3.398647818785837660e-01	4.163381251932422866e-02	-4.637561094320442195e-02	-1.966708745033041439e-01	-1.395385174168841669e-01	-3.289482613135597533e-01	1.474096910408650429e-01	-5.260367878513427797e-02	-2.864255750937246270e-01	-1.729625810451152768e-01	-2.415284502787415633e-01	-1.191062243749557159e-01	6.453407584593838509e-02	2.756884897159013192e-01	-1.078061190818923737e-01	-3.964826725142779895e-01	-1.261191996135166415e-01	-2.479048190946782082e-01	-8.323236288008720174e-02	4.582811470497714923e-02	9.050125190579071111e-02	-2.951787247554641946e-01	2.006272581685548256e-02	-2.617893313044150627e-01	-1.392951720727457210e-01	-3.410361810737351784e-01	-3.588299513340771907e-01	-3.894812512725874254e-01	-2.692645853862425942e-01	3.464041844623341748e-02	-2.276227118363046819e-03	-1.980466736930504290e-01	-2.259710821408155434e-01	-2.137868641010583215e-01	-2.308909495422605263e-01	-2.849763949777197602e-01	-1.709278908060405666e-01	-2.221645661527612559e-01	4.167654565461232502e-02	-3.401082374763854665e-01	-3.830414886052622703e-01	1.606662008197755065e-01	3.983936592312798536e-02	2.298762935233557292e-01	6.328515623996108959e-03	1.968791136816151199e-01	2.508442003190434200e-01	-1.044634434894043187e-02	5.124439456386532810e-02	6.399501180300586067e-02	5.646335869090013393e-02	3.613753334040008258e-02	1.011876734439772357e-01	3.740926177107675721e-01	3.155375409422087052e-01	4.482916832370294480e-01	5.108376607766041966e-01	6.688596770404661163e-01	6.094010476083353556e-01	6.621015148710418519e-01	5.242272479565001086e-01	7.156963473197893721e-01	7.067427873752317735e-01	6.756424930761848469e-01	8.505313059689251221e-02	2.929401152889954743e-02	3.783631528173027336e-02	2.213021451799483674e-01	-1.447354496984459005e-01	1.247115931223756122e-02	-4.226711106340863555e-02	1.107782081462734686e-01	-1.421790918172486373e-01	1.932038098253375247e-01	3.717180910090040480e-01	-8.138366879629235773e-02	5.606290045000295041e-02	1.189091119243105149e-01	4.158575508759354000e-01	4.520004501031758548e-01	1.000000000000000000e+00	4.598233361537493735e-01	6.027700399589482755e-02	-1.117738136107348651e-01	8.422927829883078421e-02	-2.700123612280356036e-02	-2.933602086414214827e-01	4.737491383220294311e-02	3.636688640671294492e-01	4.084600818195955885e-01	1.122204374375022212e-01	-3.087458547769225681e-01	-2.678814141167963903e-01	-1.439670753899033873e-01	-1.789798209151243769e-01	-2.655659805456663247e-01	-6.464520458538509928e-02	-2.038410682695789566e-01	-4.698850522008608532e-01	-2.556855171734480070e-01	-3.763777106504390124e-01	-1.460103626489771544e-01	-2.393815922084840120e-01	-3.782499344859929780e-01	4.657182323118391060e-02	-1.360726820753292154e-01	-7.467094549230339495e-02	1.418240255050083887e-01	-3.845485254639104400e-01	-2.849028969535831735e-01	-1.871912062888755057e-01	-4.036861875439839431e-01	-1.990938132876037270e-01	-3.749614309913241739e-01	-2.203342844931827915e-01	-1.069191727451878487e-02	-2.610609573565191299e-01	-2.893283850920503331e-01	1.155460998772454562e-01	-3.421038912913214602e-01	-2.320221261248923417e-01	8.761131070701590196e-02	-1.570800112950687388e-01	-8.219394883302888824e-03	-4.962885974818070367e-01	-1.136088841854677317e-01	-3.177513977233962783e-01	-1.247120971883101254e-01	1.997728343385177796e-01	-3.888683826698009494e-01	-3.340098931031817986e-01	-2.739431266368651530e-01	-2.235204784244456122e-01	-5.149223394458405378e-01	-2.308028345821372951e-01	-1.248983537108327158e-01	5.107266540627473927e-02	-2.765423893238364572e-01	-2.891083542981696675e-01	-3.686700495357770890e-01	-2.690622393706915694e-01
-1.916302593840533142e-01	1.114985208334213496e-01	2.620655695414627617e-01	-3.952293603437595504e-02	-7.329027406021837443e-02	-2.681215519145879050e-02	2.087348348286669486e-01	6.377420362611732618e-02	-2.579866208772273531e-02	1.190227040207835207e-01	2.277437357472943402e-01	6.811267543651684797e-02	3.426394729360101032e-01	1.719180507244147116e-01	4.035481902930000975e-01	4.438991389548512800e-01	4.475531744557578184e-01	5.587031517867862007e-01	3.684819735676734820e-01	5.250549304923303184e-01	-1.372515425798170874e-01	1.329971600877900562e-01	-7.989257556636795987e-02	-6.879428913310513087e-03	2.773120302097981105e-01	-6.791461209555756107e-02	2.127262663821142541e-01	2.534997622604627798e-01	-1.465052733281150543e-01	-8.294406548053699646e-02	3.221593841689912030e-01	-1.168029664693767400e-01	-1.905076325698290551e-02	-3.215001136112548563e-01	7.425107445699015429e-02	8.625099743491324022e-02	2.973117318906022821e-01	1.960440938912638709e-01	3.593939557991183698e-01	4.083508606053382756e-02	-6.708409793844727353e-02	-2.911161899453838520e-01	-2.344907657691844283e-01	4.962100383413293181e-01	2.414775592991450226e-01	3.987224838639313873e-01	1.198766758641609670e-01	9.114150272470784853e-02	-1.653206708588302876e-01	2.594432115952579609e-01	-2.806371989291500668e-01	-3.436901395334231446e-01	-8.710981764256241211e-02	-4.383990931733066504e-02	-3.854260712936838362e-02	-1.492022880802626184e-01	-1.030270480733995742e-01	-2.048520772301420656e-01	2.995407293173592278e-02	-1.718989873030844495e-01	2.843492026329401678e-01	-2.028359519416330636e-01	-3.205195562696732531e-02	-1.708444775036452867e-01	-1.304505438577183429e-01	1.947885183362182415e-01	-2.389192987465196816e-01	-7.485601236878509923e-02	-1.693792775503480952e-01	-2.681079715114710882e-01	-1.766740067815603665e-01	1.094477207620330739e-01	2.900153664798343356e-01	-4.805293056290307202e-02	-2.606323988322103435e-01	4.874337176852540365e-02	-2.286305237710380966e-01	-2.064748684633800346e-01	-2.029609125819722189e-03	8.073504070786541309e-02	-2.442270580864807639e-01	1.923190048990883749e-01	-2.539842802778777275e-01	-1.897774831771459059e-01	-2.670938037769232110e-01	-2.144661452185971928e-01	-1.021470258419681504e-02	-2.143686470946543077e-01	-3.620817106675677799e-02	3.886372344082799496e-02	-1.948746029014243319e-01	-2.022658050300116528e-01	-2.146562407887401824e-01	-1.741729223197892862e-01	-2.539913034552769289e-01	-7.472043798113010837e-02	1.921261440686389266e-02	-6.838439342465189863e-02	-1.648092948929511803e-01	6.427607150290605420e-02	-1.169796310967206182e-01	3.007621711393136388e-01	7.332978794715913629e-02	-9.387425555054428050e-02	-1.363309747621170576e-01	2.393595199187788583e-02	1.882919047863606810e-01	1.647278619818655643e-01	2.747393459473364552e-01	1.217093260204408084e-01	1.606764565663247324e-01	2.648102012456004517e-01	3.650412954551540690e-01	6.173643010049326696e-01	3.308962937794653891e-01	5.941389700962060871e-01	4.912001315693088066e-01	5.482664102069361167e-01	4.338140569002221225e-01	7.691439096060957992e-01	3.926468914425587653e-01	3.697972885519153485e-01	4.715806669416084951e-01	4.602303597525606721e-02	3.520616819353969418e-02	1.501267707839091248e-01	2.556862724277679799e-01	1.766850495194549966e-02	1.504252646024378248e-01	2.804057952137336551e-01	-8.815618365669081191e-02	2.708477408641546957e-01	-2.002531798986686151e-01	1.162491668202938339e-01	-3.198087089317729892e-01	-2.941427599271431159e-01	2.345430247933431855e-01	4.186122874203241917e-01	2.383118676936155644e-01	4.598233361537494290e-01	1.000000000000000000e+00	2.577657539782706730e-01	1.924424067713369768e-01	-9.788763460747828150e-04	-8.977616458286352685e-02	-1.966599417358060303e-03	3.821653694746391383e-01	2.996637861859260399e-01	5.191856867867998826e-01	4.257310391300637153e-01	9.372615705329961910e-02	-1.673598202932159995e-01	4.730884238831167127e-02	6.150848211234415802e-03	5.719086406256798649e-02	1.932801864773210920e-01	-3.310563816440337814e-01	-2.599283805030758732e-01	-1.402299367182092138e-01	-2.560200099389792761e-01	-2.513265121422471604e-01	-2.527578648893797908e-01	-4.225140052604725027e-01	-1.812573456716422560e-01	-2.712533364691286364e-01	-8.891421920009881519e-02	3.845501851588697950e-01	-1.262058555542569793e-01	-7.381471380720612541e-02	1.409920057940900751e-01	-3.015002328502062179e-01	-3.089599118312012505e-01	-2.339138575279383070e-01	-8.936552279930755349e-02	-3.336119483106908881e-03	1.382541326332021626e-02	-3.540498586733283881e-01	-2.878637787641566761e-02	-1.460701022517308864e-02	8.525761253238320347e-02	2.678426368369290489e-01	8.366982307397823060e-02	-2.645388312924702029e-02	-8.381758493866316162e-02	1.073499809903393776e-01	-1.112074391799674905e-01	2.047922284680173677e-01	2.838572021188873751e-01	-3.108501803519454765e-02	-1.709470947729901658e-01	-1.624761848680606191e-01	-1.639374125983475705e-01	-1.362456736364012211e-01	-1.606160860410745794e-01	1.793792652294593781e-01	1.306258563717206320e-02	-1.211405465350006566e-01	-1.485479212904469437e-01	5.820890272633549856e-02	1.278014140387496445e-01
-8.091945456455032493e-02	-1.297173498782439871e-01	-1.154921958155699785e-01	-2.224947978943561944e-01	-1.187902242735798253e-01	-2.047949948167053502e-01	-1.264677568423308029e-01	7.675241010436704980e-02	-2.240207508013138810e-02	-5.037197358384442117e-03	2.960449974894123482e-02	-6.709788202180372307e-02	-6.479115613615306357e-02	3.639154814888455602e-01	1.591374550414511591e-01	-6.833782380761005415e-02	1.829822273982370795e-01	-1.585474755407257352e-01	-1.346576210482782754e-01	2.449401497346464021e-02	5.351331769963076773e-02	2.879635492190058543e-01	1.600870469164965004e-01	4.043702910216813162e-01	4.559186872402948287e-01	5.993627948094584212e-01	2.366873491932514617e-01	3.545457722568721159e-01	1.973239922970499993e-01	4.208646699231241572e-02	3.639982387695001043e-01	-3.521573285052934654e-01	-3.934803944809405207e-01	-8.344143873820988877e-02	6.610197522185289332e-01	6.277547615146732429e-01	4.947653848292151157e-01	-1.381469313352879646e-01	-3.141732377858691416e-01	7.417381833368112964e-01	1.675938683660173345e-01	3.111107557681196956e-01	2.316825193922991688e-01	6.007481550059321634e-02	-1.310728554551842118e-01	8.108956138572423131e-03	4.971285762088565319e-01	-2.052576523960022159e-01	5.041295237917182981e-02	-2.230973834751268925e-01	1.056693086800655906e-01	8.622970258007412944e-03	2.704576968607205201e-01	2.679234311011453040e-01	-1.143442613210181313e-01	1.466108120595187025e-01	2.739214484127295846e-01	-3.667710603079613052e-02	2.785864452504154265e-01	2.023304547024761257e-01	-3.316703350683549156e-01	1.277958999447075528e-01	-4.630747605553017093e-02	1.874883169449864662e-01	-1.474049289739116642e-01	-5.242575419127933067e-02	1.935082567952226551e-01	-6.877212994041173588e-02	-3.194041783097189002e-01	3.282183251880968489e-02	-2.953967004423763143e-01	-1.741114017474514053e-01	-1.409573669020448006e-01	-1.158822785404944739e-01	-1.109736431749023949e-01	-3.950579278054744121e-04	1.030376465078742913e-02	-1.695985019602874733e-01	-2.644534582670825529e-01	1.572992429072649773e-02	-2.549525377706126639e-01	-1.428673572965620531e-01	2.073277206961111063e-01	1.684238850868541582e-01	2.307082649985631173e-01	-1.102921292270356152e-01	-5.898304068479885871e-03	1.381739879661582071e-01	1.002734826904160166e-02	-2.893979655874954204e-01	-4.201142853075984784e-01	1.516868071708405985e-01	8.046700152350846902e-02	1.053768399142884643e-01	6.804818020209177365e-02	1.185439897826537775e-01	1.188079602547823105e-01	7.618941541843926579e-02	9.479212558557199853e-02	1.446152330045176182e-01	-2.210355433921335211e-01	2.720641153976080528e-01	-2.711861763066165110e-01	-1.794666244067203431e-01	-1.675163704593235214e-01	-3.454613295150805730e-01	3.624937550915481588e-02	2.274348416611628176e-02	1.987315069027582176e-02	3.335872444574932566e-02	1.009927618756364803e-01	-7.892940502423513582e-03	5.553524936011287050e-01	-1.974340078151905556e-02	-3.173986202104724791e-02	-5.467856756983084654e-02	4.897416242327465863e-01	-4.339481124393853445e-02	5.185353733995003989e-01	7.302298532894795080e-02	1.520525227741544201e-02	-3.913546393332988788e-02	1.974360377742525804e-02	8.401491713714884235e-02	2.068123757108913385e-01	3.982992829297824500e-01	3.794621049562418302e-01	5.324431531156861297e-01	6.435483591197198594e-01	2.167220703019070993e-01	2.586276562646432353e-01	3.239877459756300704e-01	-2.513259197161420988e-01	-1.673652249935527747e-01	3.475060803528173120e-02	-2.939173313283977573e-01	7.880983665166122476e-01	6.716182340487290015e-01	-1.927216684993027784e-01	6.027700399589482755e-02	2.577657539782706730e-01	1.000000000000000000e+00	3.369640953845564058e-01	1.318588016440709332e-01	1.702910189295813170e-01	4.338725902682598612e-01	-8.655200990342952483e-02	-1.068868149941851198e-01	1.012587034433798522e-01	3.404079220635697345e-02	4.325339643774176457e-01	3.889453607224421794e-01	6.238615175392429879e-02	8.285288631752059374e-02	3.748554691031004693e-01	-2.282426048394600171e-01	2.945179093275816090e-02	1.098666969009919475e-01	-1.012080464924552808e-01	-4.550954330460397212e-01	2.332506991089740300e-01	2.248935188424192322e-01	1.146354295419134139e-01	8.243665901499619419e-02	-1.239185895091459155e-01	2.109986166946548891e-01	-2.371140603145954207e-01	4.636979834680231005e-01	2.096505649994970244e-01	-2.571795471686280088e-01	1.031095495539514767e-01	5.990126088685186062e-02	-4.689809343571767902e-02	2.922175297772074132e-02	-2.530903098547999594e-02	-1.640408779389067040e-01	2.110218053519864745e-02	-2.063286697150450155e-01	-2.627073015480687612e-01	-1.861900095055611937e-01	-9.424626657696452692e-02	-1.325701754376171770e-01	-3.678937438407479110e-01	1.018738595689796383e-01	-1.960149056432321513e-01	-3.466350173017993669e-02	-1.637305914990509481e-01	-7.058816396981174371e-03	-3.187540345799656782e-02	-1.350021735542939957e-02	2.276792687528617631e-01	-1.448854349918616835e-01	2.172955006921412635e-01	2.878588537606922501e-02	5.101267352833992880e-02	-1.446149279438140034e-02	2.146080522366264065e-01	2.420982346176412114e-01	2.573801860464762781e-01	3.569213790123932917e-01
4.775058616716555682e-02	-1.732135602468966307e-02	4.996352435753098446e-03	-1.145082112013750819e-01	-2.735727849720128758e-03	8.771824920117125834e-02	2.245636574823280107e-01	-2.645335812330971703e-01	-2.731108372183416733e-01	-3.369224002078981539e-01	-1.621326660302162825e-01	-3.391660318843744415e-01	2.312192781130907940e-02	8.612805082944600954e-02	4.871574992222211381e-02	-1.043748407940293943e-01	-1.712560808140133617e-01	1.166614211049339656e-02	-1.612986710207569563e-01	-1.214470190676124467e-01	1.051342162924269984e-02	1.271487154840794942e-01	6.822341506874500701e-03	2.175196503460672115e-01	-4.962576962989990494e-03	1.646124831676048783e-01	1.693786638620018159e-01	5.262807293183120461e-01	-6.451055523003746024e-03	-9.037113855056708167e-02	-9.400674846977619126e-02	5.329901999384340644e-02	1.462672394080047344e-01	1.145137374307701600e-01	2.900513387378845787e-01	1.637924446866243500e-01	2.262842459699555553e-01	-3.168743295070616250e-01	2.545191329779373235e-01	4.122216515340859644e-01	2.183321876216467727e-01	1.417357180597468846e-01	4.553000686383503193e-01	7.709710837815948736e-02	3.276992783558788092e-01	1.197132886656635253e-01	2.617915566517726167e-01	2.481198283261657478e-01	2.875952266745032682e-01	2.217386346198240432e-01	1.618731519450460066e-01	4.293436939384897427e-02	1.971949997619830766e-02	1.281114953398371781e-01	-4.159062322476259621e-01	-5.043759084013314797e-02	1.890774088938937392e-01	3.671864741403801230e-02	1.224856591239686932e-01	2.274840895445079114e-01	8.748494620315722115e-02	3.868926686201064613e-01	3.292221105872786824e-01	5.372707004960871613e-01	3.836208934388779523e-01	6.810119379104137560e-02	1.110674663361706505e-01	1.235830464029248760e-01	1.116349077355812125e-01	1.487672658486252908e-01	1.358850194428981584e-01	-1.208850965272469796e-01	-3.154864021267645424e-01	-2.344684171106142453e-02	-8.080655430892715041e-02	3.411023445437470492e-01	-2.585318417489264053e-01	2.679800939844280069e-02	-4.080298405075900026e-01	5.743652995228523683e-02	-2.995825921054613011e-02	1.696359452347231123e-01	-1.000135363093032775e-01	3.089759562669157633e-01	-6.826215813130613597e-02	-1.544113190527629347e-02	-8.724852152046340750e-03	3.226146295650672569e-01	1.664411324676147164e-01	3.380862531308720942e-01	4.572535173590389773e-02	2.213799779279759239e-01	1.217850081118245914e-01	2.629712986661003615e-01	3.218799895181479465e-01	-2.422955789556062098e-02	7.607609034675830162e-02	2.489635957098903507e-01	-1.168817680436475340e-02	6.697604900777506809e-02	4.439274060539608741e-02	-1.156913991513908585e-01	-1.981409128499874717e-01	-2.098189017333450535e-01	-1.042537746930737586e-01	-2.500405556209239211e-01	-1.746262777613295514e-01	-2.760122165589150578e-01	-3.218267596999536129e-01	-3.122734581554195143e-01	-2.870945473372997769e-01	-2.289283407783334057e-01	1.402239772623606606e-01	1.890854390134151242e-01	-8.688825080800156864e-02	-7.300753306081414484e-02	-2.088092354179793553e-02	-1.600395574698635082e-01	-9.953423896671972221e-03	1.635588272944842325e-01	-2.641591355352115311e-01	-1.288925477042449086e-01	-1.931610749422079665e-01	-1.538587850148410152e-01	-1.946255317210309477e-01	8.742211915930271637e-02	1.518494121526675275e-02	2.220620262446338644e-01	3.923469781713848775e-02	1.657161162607160010e-01	9.174696855443024990e-02	8.109839902094252706e-02	1.738664463176570543e-02	-3.368315220459642406e-02	3.033687876304327347e-01	1.154659488215274976e-01	3.303389305649062080e-01	2.065987055435683506e-01	-3.159875769462073269e-01	-1.117738136107348790e-01	1.924424067713369768e-01	3.369640953845564058e-01	1.000000000000000000e+00	-1.623791929489276642e-01	-5.840667636050474870e-02	3.059994758740771648e-01	2.534202771809003774e-01	-2.004252456179135902e-03	4.707510868987243441e-02	2.688686558224012146e-01	3.101522330051093013e-01	4.769738010545521711e-01	3.648018283188063093e-01	3.853425325677912183e-01	5.467424278816095384e-01	1.747119250634733834e-01	4.662437279358056658e-02	9.944833136956965358e-02	4.062638500822398496e-02	-1.455243965017544994e-01	-1.139448710114148167e-01	-7.141441467238683616e-03	3.064830950607048132e-01	3.334092083790078653e-02	-1.803501714897646352e-02	3.390513937838521841e-01	3.183257533878819379e-01	6.327848475960159425e-01	6.139372305659420714e-01	9.724252291478220622e-02	1.154593710046860761e-01	1.699941913346526279e-01	-1.657778178246942236e-02	1.786806394733750636e-01	4.630510992371404400e-01	4.169049214882334931e-01	1.503624433104596148e-01	1.794753983969155642e-01	3.157413366765463580e-01	2.457814351056103741e-01	6.184695620643105435e-02	-6.597697069862533403e-02	-7.094114585956647068e-02	-4.224124854094554737e-03	3.557710830489506093e-01	-2.693865847379936160e-02	2.193435095852469263e-01	2.040830312235734079e-01	2.387668599973391259e-01	1.029786088202038208e-01	-9.884565767614475473e-02	3.241764597435404238e-01	3.907859319534857656e-01	9.121313579238406188e-02	3.154364208115245649e-02	1.919766932465750975e-01	-4.038589967699562217e-02	-2.160052751669264484e-02	-5.870005933722118041e-02	-3.817122181701024936e-02
7.495340213389330153e-02	-1.168519139133814139e-01	-5.037310969788452025e-02	2.724438116198899060e-03	-3.598562136129078715e-01	-1.545203986598594204e-01	-1.249536842392051650e-01	-1.799697855457461915e-01	2.332874724473024339e-02	-2.379700526867247201e-01	-2.800959693804132566e-01	-3.005268599322813428e-01	-2.008741044716110674e-03	3.830201899163451773e-01	2.659336398478495678e-01	2.585552713876922426e-01	2.625911758262556850e-01	-1.020874079258470429e-01	1.757769416429823955e-03	-1.257698714853046351e-01	2.951919671385735411e-01	3.254479526456480198e-01	3.423547436547176581e-02	3.629411618679407869e-01	2.346168958189510587e-02	2.308294385338722776e-01	1.846653958093656123e-01	6.482777310656377689e-02	2.762507891792722117e-02	-2.162735646581170623e-01	-2.180743590390236131e-01	-1.468159133606022904e-01	-9.298882832298596690e-02	1.537302361792006709e-02	2.609662246105664551e-01	3.210507936104375903e-01	1.382527193721453107e-01	1.577939714958645490e-01	-2.685111586206220119e-02	8.990221227504281709e-02	-4.969975972089544364e-02	2.174518644077413909e-01	9.458866762111545201e-02	-1.810832916272781534e-01	6.239925475243748854e-02	1.139058380547951915e-01	-6.519092721717943684e-02	-9.858109667625511441e-02	6.626855202129354472e-02	6.935795659230038768e-02	1.696504454173590193e-01	2.406991572464990958e-01	4.020119215514577071e-01	2.300052182396840894e-01	2.092699302268643258e-01	3.579316655800638403e-01	-1.224298092961087492e-01	-1.301116712145858334e-01	3.309235662535176675e-02	2.614713114529814211e-02	-1.112583155816826708e-01	7.214121985067635523e-02	4.485288998152434786e-02	-1.192364714773461454e-01	-9.071294255770230575e-02	1.542955851732399353e-01	1.751962543379135540e-01	-7.148003403307781611e-02	-1.536405117965024825e-01	2.079348891618632567e-01	2.904615307518552125e-01	-2.322519998490568671e-02	1.470877747988980425e-02	3.586501800935608109e-01	-1.164358824314403185e-01	-4.176669397130865907e-02	-7.810296497856243636e-03	-2.922637459752828668e-02	8.059663728717418596e-02	2.542670031484242990e-02	2.649952237062466187e-01	1.031313517759108317e-01	3.936162004142891857e-01	2.684708235397015863e-01	2.470376248133489272e-01	1.388316873442959343e-01	-1.037052980926694845e-01	6.780287291515715853e-02	-1.361899297134566145e-01	-1.902796598644933557e-01	-2.475987075296093298e-01	3.574796190587064548e-01	1.119341286235038119e-01	9.253622969337250981e-02	6.710573259878135910e-02	-2.134109058475818499e-01	-4.088365524069859785e-02	-2.738458672665900970e-02	2.337711485097120345e-01	4.084941856871920907e-02	-9.205656873293550924e-02	-1.856376156699684754e-01	-7.529206101096377890e-02	-1.726195159615665775e-01	-1.620101531768391445e-01	-9.815542232553538249e-02	-3.164957146899364804e-01	-3.193699567576145371e-01	-1.163625025689223047e-01	-2.924138428942089640e-01	-2.784734756981191439e-01	-3.287225228929012144e-01	3.627727394203050237e-01	1.301235597692083912e-01	-8.160596814432805046e-03	8.210554763598919281e-02	8.822865760028492099e-02	2.512003347700429989e-01	2.202475584938931030e-01	-3.140448890869240728e-02	1.149606518842341829e-01	-3.432310269171289039e-03	-6.063542499728868940e-02	3.140661871619196965e-01	4.625515246309938600e-01	5.767865062160201783e-02	8.538888288575266494e-02	3.400629194237597130e-01	5.050381032132206238e-01	1.787971711299071731e-01	-1.775127765246927725e-01	-3.421959685212556113e-01	-2.024737341052000872e-01	-4.912045616881522553e-02	-1.752225705657831922e-01	-2.069092253289874228e-01	1.556171389893209744e-01	2.206574063224790716e-01	-1.136099911769818394e-01	8.422927829883078421e-02	-9.788763460747828150e-04	1.318588016440709332e-01	-1.623791929489276920e-01	1.000000000000000000e+00	5.006232868758305754e-01	3.179646769862399247e-01	1.044997003059068424e-01	1.961174542256765851e-01	-4.410910081141525968e-02	9.917416916123669712e-02	-7.406611296887730123e-02	2.376323994262259827e-03	7.756054078484367342e-02	1.428072253453403773e-01	1.446815508250174666e-02	1.046748103772085076e-01	2.949863560469951351e-01	2.716003653951962193e-01	-5.170814468800102176e-02	8.860190536143885964e-02	2.301076266206202314e-01	2.920685264827296290e-01	-5.203944508932004109e-02	-1.802345881267073888e-02	-8.696079050078782402e-02	-2.914179190620636711e-02	-1.229371579572699491e-01	-6.119140350265658834e-02	-2.086386192932579986e-01	2.488116575458124147e-02	2.815871060643785340e-01	2.168640747437578647e-02	-2.576880768038120051e-02	2.422032381588500038e-02	-1.591916776365157604e-01	-1.765595213917857675e-01	1.060884599694695146e-01	8.916480432080269025e-02	-1.410696630277940011e-01	-3.763679309687982533e-02	-1.408328357131500008e-01	-1.253062744410237545e-02	-1.108556422375175377e-01	-8.933380663747660100e-02	-9.404268575686318410e-02	1.065555373461921952e-02	-8.569629639467220283e-02	3.904240741144541227e-01	6.876169548544182331e-02	9.634359553476853910e-02	2.391323920062757569e-01	-1.721750979831100092e-01	5.414255182218011969e-02	-3.470624764148289576e-01	-1.077768136778022579e-01	1.094580604247784132e-02	4.312671379560979734e-02	1.654575282212830678e-01	-7.597391348668432187e-02	-6.582026369111793063e-02
4.103439195868997802e-02	-3.449154973066064223e-01	-1.212440300321586395e-01	-8.316028135384323505e-02	-2.332475560913838675e-01	-1.077716350778277904e-01	-7.883731380969463687e-02	-1.664479829857863080e-01	5.324584751308972241e-02	-2.028464322400339304e-01	-6.998741294467722418e-02	-3.504706992541227750e-01	1.316786078236190094e-01	1.100162380076630392e-01	4.515994163544297807e-02	1.004631853751141862e-01	8.655834385345841098e-02	-1.504998580638423344e-01	1.178858614912850211e-01	-1.021454778590374923e-01	5.365787422922039251e-01	3.434253008091056603e-01	3.357786022058364406e-01	5.162822133977165162e-01	7.189873861038875713e-02	3.298440192399433313e-01	2.169222335492153042e-01	1.579653451869680036e-01	-1.555137646588180544e-01	-2.819671381993846815e-01	-1.745771556458627916e-01	-1.659701193596797505e-02	-1.486053482379550220e-02	-1.004370404749346975e-02	2.957681913589757863e-02	8.014018471934562099e-03	-1.001881622717396420e-01	-8.259452722082520626e-02	-1.164338528441775655e-01	1.044874348927463670e-01	2.064543086028303442e-01	3.378405183638228393e-01	2.864942718563886492e-01	6.601730522102033927e-02	2.213657151836583015e-01	2.145062776471390875e-01	5.836436132122361370e-02	-1.261240162868346171e-01	2.645109720772371720e-01	1.873188951600977259e-01	2.182182616291461832e-02	1.697186615560878076e-01	1.018577224912114165e-01	2.600225879627933723e-01	-6.172508549224565988e-02	3.789128799187387320e-01	-4.253921449461729037e-02	-5.997677221608525150e-02	-9.953489978303776964e-02	-7.565189617759388030e-02	-2.105772779299300568e-01	5.820600188962170123e-03	2.322950002488514618e-02	-1.506335790266329910e-01	-9.390921153318773640e-02	-6.282907480557824165e-02	2.929940024422142963e-01	6.021005971592600231e-02	-1.335804932907543319e-01	2.746376410709748250e-01	5.746302763001896047e-02	1.388364457706896815e-01	-7.641378833652680280e-02	3.369845174020316692e-01	7.344180688166834781e-02	-7.273007353561272703e-02	1.380357876455965971e-01	1.925816966002195235e-02	7.273141290643429790e-02	8.179251687583109776e-02	1.008642476569494850e-02	6.815205890020537005e-02	1.943154702069261608e-01	3.079157010154522367e-01	1.189105124950387282e-01	2.168645257179431241e-01	2.789394456036630929e-02	-1.704361829697369490e-01	-6.635213768149310354e-02	4.217621716295995131e-03	-8.922670774489728507e-02	3.249300303390299516e-01	2.265998950543399171e-01	1.180657871036589618e-01	1.469712295388027057e-01	-5.517396858886901984e-02	4.090588502864250797e-02	-7.155270688343497165e-02	5.142547943051208742e-02	1.926355523213496568e-02	-8.971709023301059627e-02	-2.351548121346894726e-01	-1.311217547879891254e-01	-3.499895573257346681e-01	-2.098678442967007729e-01	-5.041263285771594577e-02	-1.571698225646638580e-01	-1.816680061822603942e-01	-1.471619851996768535e-01	-1.785883791584558788e-01	-1.548200987526903993e-01	-2.111070482137613336e-01	1.222972617166003806e-01	1.117226445395016338e-01	1.313942431629522289e-01	-4.019777534778013091e-03	2.929370276607274823e-02	2.139171979231687115e-01	1.613067935451856783e-01	-7.618147651010946653e-02	1.403265798968712508e-01	1.530348471473461369e-01	-2.987636541460624365e-02	4.707427732880724580e-01	3.813301778271425690e-01	2.474867688639257601e-01	2.205397782812017482e-01	4.886880237596820109e-01	3.461502010830703191e-01	1.215628762749395714e-01	-2.526579567194078280e-01	-2.059898789578759881e-01	2.684228784809295637e-02	3.447849704520934006e-02	-5.554715913637067043e-02	-3.093859068813312185e-02	1.007204913473122437e-01	2.117041023082657375e-02	-2.978706609073619727e-02	-2.700123612280356036e-02	-8.977616458286352685e-02	1.702910189295813170e-01	-5.840667636050475564e-02	5.006232868758305754e-01	1.000000000000000000e+00	5.498139044318396396e-01	2.542689536511170689e-01	3.042738470313942623e-01	1.522701326002500466e-01	2.288641774982776156e-01	6.721603527121099153e-02	-2.058279078566362108e-02	-3.638347246125123863e-02	1.334777086833986715e-01	1.733089876875242297e-01	1.509930279438267964e-01	1.709605764829215668e-01	1.287408811528976682e-01	-8.104491780402081624e-02	-3.160020160271913292e-02	2.380572923849165121e-02	1.280044787091688674e-01	8.172867454514355645e-02	-1.853734052873781124e-01	9.351443075479430600e-02	-4.479554176595989395e-02	-8.039306924029419876e-02	4.256418502938998094e-02	-1.721762697960890487e-01	-8.874319119196713568e-02	2.392133386675706630e-01	2.483095288935256023e-02	1.256886559050919838e-01	1.045301057971795428e-01	7.471376089527283215e-03	-5.801428010794433543e-02	1.890187675226584207e-01	-2.815996037470843913e-02	-2.202514809034232870e-02	3.916253681776491608e-02	2.708427969974422367e-02	1.498172421078377003e-01	-9.161240206584876644e-02	-3.673273941974710549e-02	6.168726011923319997e-04	5.852892835766283601e-03	-6.954141796018950550e-02	2.251977626949684397e-01	-2.098736104130195512e-01	2.173348415069365491e-01	-3.989596532529373490e-02	-1.281042781707883993e-01	1.280724184534367815e-01	-4.144099515100913705e-02	-1.105752948330917390e-01	-1.685820111844585911e-01	5.286930828933614906e-03	7.050145507345070839e-02	-1.315782665993133760e-01	-1.454077508589650056e-02
-2.258885168659276882e-02	-2.997681271642371748e-01	-1.505311816378835932e-01	-3.044743396294853355e-01	-3.771382887193428513e-01	-3.162895288499008584e-01	-7.568492318839707689e-02	-4.585122928904943745e-02	-2.754446360526581830e-02	-1.541372649849293286e-01	-3.291310741829306385e-02	-4.343311184049882812e-01	1.025955453467882889e-01	1.419301272680966453e-01	3.802974365003177620e-02	-1.457504169523400894e-01	-7.552853946460154344e-02	-3.254832845446645750e-01	-1.350310503001717621e-01	-1.343170396982506787e-01	4.494715233315972336e-01	4.195319011451436597e-01	3.794328826452681436e-01	6.741075784110871494e-01	1.553802225031434558e-01	5.138940012219396225e-01	3.857691713717688597e-01	4.061818583552167516e-01	-9.801241775824594271e-02	-3.072933492717213610e-01	-1.136779274382357374e-01	-2.109966576607185673e-01	-2.396897616152688371e-01	-6.438912848314445880e-02	3.024104348535903153e-01	1.390085802909836188e-01	-2.114125854240493999e-02	-4.222528131024693154e-01	-7.863852626667165724e-02	4.125593480956383785e-01	2.853381389960944481e-01	4.209358534840542121e-01	6.189157625655538064e-01	2.360485973136726978e-01	3.203579756998944927e-01	1.819604919867505999e-01	3.859862340716030404e-01	2.320149681317473095e-02	4.920958610338548311e-01	1.437697187803840537e-01	3.155673202193579607e-01	1.460000383761367593e-01	1.202835446561354993e-01	1.413712863897043093e-01	-2.793035100149787175e-01	2.248794971681710164e-01	1.128991651898946791e-01	4.069292548017976185e-02	7.960206478203792069e-02	1.758862273729822068e-01	-2.813297308039138245e-01	2.280694769882185280e-01	2.164459834359872548e-01	1.661724782548769652e-01	1.360310400843441347e-01	4.167176711510008763e-02	4.096184979619511002e-01	2.336433322103126653e-01	-1.139132556423992082e-01	3.335678810475353195e-01	-3.550469353101479847e-02	-5.908341440587412674e-02	-2.697159071082245729e-01	1.917627077624616538e-01	1.586618787340796088e-01	1.027898282257355828e-01	9.307296332173525810e-02	-2.564899814579174250e-02	-1.674878383349016342e-01	1.735436262833532917e-01	-1.534585708613232617e-02	8.198585980081625479e-02	2.508512803990334272e-01	3.753632376822960692e-01	1.938047062181302571e-01	2.836072709555187421e-01	1.641386129753847345e-01	1.345566641265763530e-01	1.603641915097313644e-02	1.242094459036800630e-01	-5.635727894285747636e-02	4.873134280585577627e-01	2.189201942896162045e-01	3.068030692277766147e-01	4.291915153056149457e-01	9.298708986340256666e-02	1.964226154927768697e-01	-6.303332720896049485e-03	1.801631916879961881e-01	2.394964119637167932e-01	-2.212888597115654221e-01	-1.718047469757520429e-01	-3.680196736224082832e-01	-3.754793463783110963e-01	-4.003200758494747658e-01	-3.604012134528131184e-01	-6.649664118448743444e-02	-1.089934005645571413e-01	-8.610690830203965307e-02	-1.159047370086804113e-01	-8.765149011203740570e-02	-2.222303082934073970e-01	1.582962432872747072e-01	1.047348208598299080e-01	1.902819311235970090e-01	-7.134678503292317397e-02	2.725201214117012327e-02	-2.832916464335833578e-02	4.443312093643377036e-02	-8.176719881099478449e-02	-7.427536948650090287e-02	-7.193012671668025382e-02	-1.517308815770741226e-01	3.640468560682160182e-01	1.618419472998675890e-01	5.221458145358119918e-01	3.952881778686239134e-01	7.073247615721481862e-01	4.376086255818803505e-01	3.190091771786664476e-01	-1.398029743617515974e-01	-4.210629597094136742e-03	-1.656793649801115986e-01	-2.356961494020117232e-01	7.433696394456762446e-03	-1.890217712423170049e-01	3.599667263354161539e-01	1.795944242890045728e-01	-3.701236966827353148e-01	-2.933602086414214827e-01	-1.966599417358060303e-03	4.338725902682598612e-01	3.059994758740772203e-01	3.179646769862399247e-01	5.498139044318396396e-01	1.000000000000000000e+00	3.527171357098113358e-01	2.151998723148290937e-01	1.916130479922011354e-01	3.316527992713926842e-01	4.294424452614769017e-01	3.898506611895512508e-01	2.786038993964494725e-01	3.769014696735945025e-01	6.234845167317993875e-01	1.532049321037143030e-01	1.050333637842972290e-01	3.165660912924052051e-01	-1.101721275370565016e-02	-1.139787941412483685e-01	9.220184470971654056e-02	9.544218685541061564e-02	1.987012481288635279e-01	-1.711709323733825172e-01	6.273511124179255438e-02	1.607892915529501865e-01	-5.460228746715376641e-02	5.658157461012646161e-01	2.290159426540455401e-01	-1.024539360798659921e-03	3.108669304662970423e-01	2.042176021107420802e-01	1.976919287925190671e-01	2.882015793058745334e-01	1.710932587891624279e-01	1.378919315886674990e-01	2.531562144454442831e-01	-1.008975028022366521e-01	2.083366282701770711e-01	7.517392937288865096e-02	-2.622264025827537870e-02	1.140156510296629622e-01	-2.110754439951142147e-01	1.769023596609382298e-01	7.337455883500318410e-02	2.965862792466599646e-02	3.723408803407066148e-02	1.180678192929286441e-01	9.164643919414690310e-03	3.423034445495753419e-01	6.510745384020791282e-02	5.611460008887929340e-02	4.734170653662287398e-01	-2.586379662406407612e-02	3.373926821202759274e-02	-1.767630517489070519e-01	-3.748920797305482257e-03	1.125691782521368034e-01	8.373006327240437030e-02	1.246009510191282837e-01
-1.049151271231223669e-02	-6.800729775444439018e-02	1.914325442874164895e-01	-4.358802057271694147e-02	-2.181709804200921143e-01	-5.042457627142411802e-02	3.757447639069205758e-01	-4.564410794327129067e-02	1.151523355903852491e-01	-6.595755249266577191e-02	1.624599811905879376e-01	-2.359868832451716969e-01	4.140121614040679354e-01	-5.764916342728870075e-02	2.203960125044478469e-01	2.672571108518184690e-01	3.475595162610396749e-02	2.680371013171142236e-01	2.707357862168033313e-01	1.637161633808897065e-01	2.924347759581507611e-01	3.973054979810569654e-01	3.068429692516415064e-01	4.093387414538224300e-01	2.067374845871433608e-01	-1.687257408525448879e-02	4.401641390225833339e-01	4.038268181452729921e-01	-4.189751588088937995e-01	-3.899716180666807919e-01	-2.893940811465086083e-01	2.316454937994219185e-02	8.081348550289449428e-02	-2.223098177429705391e-01	-2.115124812808147070e-01	-3.689850562562682623e-01	-2.750456152212922833e-01	-1.397804623485019160e-01	5.319724452910956636e-01	-1.385348296744542129e-01	1.358390243961392005e-02	4.821996154668588101e-03	2.526452601753164107e-01	4.614516077876994471e-01	7.506690987277335747e-01	6.765062119344112945e-01	-4.475060238725590139e-02	1.527653746117573208e-01	3.122351846361096084e-01	5.445279274131369363e-01	-1.081364553431744813e-01	-1.499543760555392957e-01	-1.369034379226096720e-01	-1.838767920579147952e-01	-2.404869101871298931e-01	-5.980693461237700931e-02	-3.013440714861293501e-01	-1.719038239119217437e-01	-2.678802638649158130e-01	-1.835683745028377500e-01	1.958024980320133557e-01	-7.282551241310550316e-02	2.266839174213960140e-01	6.081790372474520957e-03	9.304486769383540218e-03	1.237218340429080410e-01	-9.544396250724199171e-02	9.970628414920432170e-02	-1.005792727370325434e-01	1.017108094954077002e-01	6.256463781145993330e-02	3.075013732145386314e-01	2.483220404742824891e-02	3.374346800476574204e-01	-6.062683384875753451e-02	2.854164401409053919e-02	-1.364157189920847391e-01	2.396134450018726908e-02	-3.103561644692652902e-02	1.768768837192072341e-01	-7.743079509733996613e-02	2.792276855656192214e-01	-2.332221786517652551e-01	5.896449968754423690e-03	-2.831285275117279010e-01	8.944499252477224049e-02	1.932365597585742473e-02	-2.646039248687245826e-01	-2.864150634272985205e-02	5.031740712056984588e-01	1.594858714066832994e-01	1.265846228206829460e-01	-2.628473358536193571e-01	-1.143242407174214700e-02	8.648334298703740097e-02	-1.282950925483191396e-01	1.764255051808040764e-01	-9.710947376983765367e-02	-1.722269376076534242e-01	3.366132818666802556e-02	-4.278100086235947508e-02	-2.456407993760520436e-01	1.599656614529072068e-02	-2.038443532549856774e-01	-2.230083238573995208e-01	1.902049775709819396e-02	-1.588043044052049602e-02	-1.104684947723054075e-02	3.623023632449361153e-02	-5.357931571541354326e-02	-8.925365156377525200e-02	-1.050042896531944991e-01	-3.725210233349865452e-02	6.701047893368738961e-01	4.516370361646415699e-01	2.987519874448145707e-01	-1.448690032020785723e-02	3.614715053485924590e-01	-3.639041103338595817e-02	4.642870466522300288e-01	1.624741170381238387e-01	2.314440791893559723e-01	1.380774840539420456e-01	3.414388292860259799e-01	4.087380017600559384e-02	2.924506377858027140e-01	2.644415578310161385e-01	2.828377604218938468e-01	6.835569987377825008e-02	3.432826735784493266e-01	-4.257264593056052648e-01	-1.293661923340675424e-01	2.253719686851765255e-02	7.726033716013637476e-02	-2.127991732637889433e-01	-1.093470122456014632e-01	-1.058742902995651464e-01	-8.998288577702850954e-02	-4.383463893336933537e-02	4.737491383220293617e-02	3.821653694746391383e-01	-8.655200990342952483e-02	2.534202771809003774e-01	1.044997003059068424e-01	2.542689536511170134e-01	3.527171357098113358e-01	1.000000000000000000e+00	5.430914669740437573e-01	4.496030584671381614e-01	7.451718505646386381e-01	1.026879991300680139e-01	-1.454750591596844500e-01	8.832731971622380385e-02	2.959909676451393801e-01	3.050457853628992244e-01	5.529134435496944056e-01	-1.492499154507218040e-01	-7.633656679420716684e-02	-1.398724670805813752e-01	-4.427326712501011841e-02	-3.876878276223865161e-01	-3.544503790560376566e-01	-2.087252465728265116e-01	-3.951158938630351392e-01	-1.223396478249179700e-02	-1.611539580255534967e-02	4.521834912075135549e-01	4.865543089071911603e-02	-1.101669042995035569e-02	2.861052931400261956e-01	-8.023677848819583958e-02	-7.834274763230099359e-02	6.260105967620477330e-02	1.639917179038387907e-01	1.907774262091568862e-01	2.030994371375960394e-01	-1.142640701606148224e-01	4.020269936203860889e-02	4.377375280107786981e-01	2.496482213151252627e-01	3.435800177133225275e-01	2.218532425227932314e-01	1.144106550427722857e-01	2.020440842010509663e-02	2.972936520422532758e-01	1.940846752521863811e-02	1.884030909470063853e-01	2.877156344253777864e-01	-1.484457587865671280e-01	1.083558245877581511e-01	-4.396485792689293071e-01	-4.722717407507573406e-02	6.155272654037199226e-02	2.891807045244821142e-02	1.006349331925434631e-01	-5.833284843776771755e-03	-3.434288033467967627e-01	-2.605093317947480558e-01	-2.686048052343316117e-01	1.366027446836158218e-02
2.960230406889164875e-02	-2.497308564349651483e-01	1.102084424363870274e-01	-1.494912705313695966e-01	-1.300160179626485002e-01	7.019207488559715651e-03	1.879006068077845870e-01	-2.041346675187097684e-02	1.076919061375636311e-01	-2.219278089569939015e-03	1.439864718028948387e-01	-5.972230169313480497e-02	6.020989461511855323e-01	8.226509491879523128e-02	3.344773310637204067e-01	4.425061512580508172e-01	3.481622966195694335e-01	4.194142539675049797e-01	5.139069784251489859e-01	3.553646722081982845e-01	3.715928840999566662e-01	3.472201664889499328e-01	3.176728927883530340e-01	3.256225003964779430e-01	1.815158958178854365e-01	1.106933614887802876e-02	2.006080901124215610e-01	2.997057950418370864e-01	-2.736228856888870964e-01	-3.693980985228048630e-01	-2.868996005375280545e-01	8.252968765801638185e-02	4.248213946143879899e-02	-1.684140137973858808e-01	-1.398293320877482537e-01	-2.016129713933485501e-01	-1.038738892869138092e-01	1.880876133430653685e-01	2.181579494291120414e-01	-1.265935395968429134e-01	1.253276764824273748e-01	1.451276664739669098e-01	1.182161646510755809e-01	5.545822831339324299e-01	4.697429620916193094e-01	5.226210783628922885e-01	-1.235982408211509370e-01	2.271670750413018469e-02	2.310166889243303878e-01	3.445674132033063053e-01	-2.012143731977184546e-01	-1.576435480162189928e-01	-7.581099935648893950e-02	1.698166010840058623e-02	-7.784848192650675736e-02	5.775672009843015736e-02	-1.894189174122189179e-01	-1.954931390087409349e-01	-1.112285013596301109e-01	-3.290474645171642676e-01	9.890816273418957805e-02	-1.173286917273468344e-01	-9.351658261791348514e-02	-3.931048014913130634e-02	-1.770606261286184757e-01	1.115793585890249434e-01	3.108784706761248684e-02	-5.035548165000620913e-02	-2.324464069987181303e-01	-6.646821809560317373e-02	-5.940249774253222176e-02	3.112007610562209092e-01	1.510866109371152288e-01	2.391873290954937004e-01	-1.348349368515544267e-01	-1.467280049879837456e-01	-7.050780719523255802e-02	7.724939060300346771e-02	8.037953541216898146e-02	4.883528867253288108e-02	-1.772153726612848146e-01	1.481696386036507607e-01	-2.556004129998439289e-01	3.865960361939426663e-03	-2.822088819515317093e-01	-5.592857929615380891e-02	-1.659449488813144191e-01	-1.845308790043138081e-01	7.322989898411443044e-02	2.272758086688651813e-01	3.095749845068350090e-02	7.566157638349137182e-02	-2.602534615412464003e-01	-1.966226290666194254e-01	-5.368378078526114122e-02	-9.834313788136204992e-02	-5.238034955659725406e-02	-1.506111302541728036e-01	-2.546374291852071536e-01	-1.948724662678392172e-01	4.640702178961510216e-02	-3.051088362728210934e-01	-4.168140279223269545e-02	-3.704492047237749053e-01	-1.237858241339123699e-01	8.642052096981793496e-02	7.821162470858532278e-02	-4.929409716763148708e-02	5.835847186318213892e-02	-4.843438437935724400e-02	-2.344336695856507127e-02	-5.126502957995507370e-03	7.608672235082142299e-02	4.483623214982210281e-01	6.058980325557090652e-01	3.542810655865551439e-01	2.086969772246732024e-01	4.356357240128991282e-01	1.655116063762107903e-01	3.902371633960206587e-01	4.719632748122097321e-01	4.898572601736240206e-01	3.430164703816922511e-01	3.419115361985811119e-01	1.507052378793174718e-01	2.376539408104298146e-01	3.057683649816380633e-01	2.437870123290635238e-01	6.970411123160111244e-02	1.659039491860910542e-01	-2.475949971019863194e-01	-2.346361558676533232e-01	2.105185116130369183e-01	3.269647354259792027e-01	-5.987847271204518873e-02	7.415018392151490056e-02	-1.070155812562776226e-01	4.692088216466644424e-02	1.779599430865193010e-01	3.636688640671294492e-01	2.996637861859260399e-01	-1.068868149941851198e-01	-2.004252456179135902e-03	1.961174542256765851e-01	3.042738470313942067e-01	2.151998723148291215e-01	5.430914669740437573e-01	1.000000000000000000e+00	5.916644220754626593e-01	3.959896860401097007e-01	-5.835653638830894802e-02	-1.702846164604464585e-01	1.137401678746314398e-01	1.396796729760001743e-01	1.248790808995511592e-01	2.281840345208912268e-01	-1.617195431450952348e-01	-2.886062860966728261e-01	-2.522850594640294597e-01	-1.569196364612939210e-01	-3.012209062664877313e-01	-1.515499525583064167e-01	-2.169597576062498867e-01	-2.801554810036108178e-01	9.701319804988271789e-02	5.546641155289932373e-02	3.015349038698678652e-01	-7.635059549174275095e-02	-1.980012396062423852e-01	9.873763796755577471e-02	-1.135941839272269771e-01	4.038916056294442752e-02	-4.293634198772556393e-02	1.300659828785236671e-01	1.937798227159573949e-01	1.763587598915690099e-02	-1.211650978744216872e-01	9.556528071026049176e-02	8.048709282185406710e-02	3.379897376391285957e-02	2.803066905234806172e-01	1.483498703004923480e-01	1.073684978322596711e-01	-2.098786398931561104e-01	1.527413821785302828e-01	-6.069632623596270954e-02	-1.453474161893304924e-02	2.650633709898103096e-01	-3.100147236060948330e-01	2.737685306667553276e-02	-4.599690482875196662e-01	-8.020217405813702405e-02	-1.596618662582994785e-01	2.499128251958073854e-04	-4.401053222149001187e-02	-8.027496580832575723e-02	-3.536338820964674001e-01	-2.500516012164697432e-01	-4.100336172541126922e-01	-1.826569398091250629e-01
-1.132004905312756077e-01	-7.909572360099140220e-02	1.560445560968511669e-01	-1.183641117596263975e-01	-1.809651920236496347e-01	-9.099278222172058062e-02	1.814729622968689615e-01	-3.345758283101017000e-02	3.446613916836482189e-02	1.096144537315612982e-01	2.478400486513699097e-01	-1.061642918475963898e-01	4.175265499668984193e-01	-2.445806654415285872e-02	3.458942298198089960e-01	3.277041437712268634e-01	4.353321737910456624e-01	4.368838326482495371e-01	4.965900099927782474e-01	4.918554554323608663e-01	1.176799340819783962e-01	2.670373081713338648e-01	2.926583093581336392e-01	1.503373754042012789e-01	3.317902284294025339e-01	7.213855916041768401e-02	2.612119996644470254e-01	1.864271751846965364e-01	-3.319920481829457537e-01	-3.548593770355101817e-01	3.161202846458332355e-02	-1.967302917135865803e-02	3.504784055187417074e-03	-2.949661008351293079e-01	-7.242653378717994750e-02	-1.580061350548224164e-01	1.182880709019220877e-01	1.957271840893652914e-01	3.353458206362229244e-01	-2.768386019316278895e-02	8.083012987788974757e-02	-4.014586736636683445e-02	1.865944188875795842e-02	7.542857250544917624e-01	3.694916488928059461e-01	3.518969099557223146e-01	1.820893165721534646e-01	6.162464916135652199e-02	9.918504370534449166e-02	3.203602532793978774e-01	-2.667128762863348324e-01	-2.524586763456115879e-01	-2.305509093150632516e-01	-1.117584658474542469e-01	-1.296162183522913403e-01	-1.272910813870171409e-01	-6.041732421752799009e-02	-1.868558629510689850e-01	7.874750941092023560e-02	-1.796386012401659238e-01	2.642460018283763201e-01	-2.105215104973335305e-01	-6.696892413604516037e-02	-9.049135144315774426e-02	-1.403762098869269503e-01	1.751324650709078501e-01	-3.247824119372098861e-02	7.960597702006008691e-02	-2.502853358072906764e-01	-1.794539379906282539e-01	-1.449520782366263694e-01	2.094262900304412756e-01	2.910920464175688616e-01	1.716778979111800441e-01	-1.779668796097867711e-01	-3.814238708524804455e-02	-1.200808497451400503e-01	3.550021683059401828e-02	1.556018693444509715e-01	8.807583278934810744e-02	-3.014206877346381486e-01	1.079872117656017205e-01	-3.623184526739850475e-01	-9.727506801493070177e-02	-4.241815189915633666e-01	-5.867592588201971104e-02	-6.043588279685694481e-02	-2.491641709106836855e-01	-2.433096389051465566e-02	1.937515552504218419e-01	3.479123767404701528e-02	-5.382141352932070383e-02	-2.673426437944360634e-01	-2.000866031595433803e-01	-1.305058905687196680e-01	2.435294716479764754e-02	-3.037760539752779390e-02	-1.758929514577704523e-01	-2.989985733262138790e-01	-3.710648244021057945e-02	-5.915454092273198655e-02	-9.084512857030985211e-02	2.766182438489405218e-02	-2.320588753472751231e-01	-2.597071976421440609e-01	6.466908762812995440e-03	9.660610783556275449e-02	1.495719636610408076e-01	1.665479827889418118e-01	1.127365721811141031e-01	8.032574378414306104e-02	-1.086138468725755118e-02	1.109021051584432038e-01	5.264295946769911305e-01	5.125764186818684287e-01	5.306595980085653252e-01	3.721333487946990592e-01	5.188943955604857772e-01	2.914190437728761962e-01	5.235098933152562140e-01	5.442464566707830853e-01	5.503878118509062389e-01	5.539191936123162296e-01	2.578260018803325004e-01	2.383850688192735989e-02	2.996045701471448108e-01	4.640798330774686398e-01	1.467155653882923350e-01	1.193282951095815253e-01	2.733513163616618780e-01	-2.862618582113696797e-01	4.526589262275495379e-02	3.515628215720283112e-02	1.172633760854796536e-01	-1.276571532780153562e-01	-9.495527222217026164e-02	9.376203634724281435e-03	1.026976711138502946e-01	3.225842760625960981e-01	4.084600818195955885e-01	5.191856867867998826e-01	1.012587034433798522e-01	4.707510868987243441e-02	-4.410910081141524580e-02	1.522701326002500466e-01	1.916130479922011354e-01	4.496030584671381614e-01	5.916644220754626593e-01	1.000000000000000000e+00	4.331291261016237959e-01	1.893985189853554241e-01	-2.451064898192542030e-01	1.403327969250951213e-01	1.323976762844853716e-01	2.241785471474180835e-01	2.802808565057431922e-01	-2.498187880930838878e-01	-3.296444192623150249e-01	-1.961980269406088384e-01	-2.149716689331721275e-01	-3.561318364177433748e-01	-3.364865000766574243e-01	-2.745412467795035338e-01	-2.965800855332947350e-01	-4.872266619001174720e-02	6.487966499734104664e-02	3.739074455593101587e-01	-7.055722519714750784e-02	-9.812245137608574530e-02	1.355623515161586690e-01	-2.059346500711305983e-01	-4.897167071801156873e-02	-7.657400967229502364e-02	1.340343169660909717e-01	1.431430719598742185e-01	6.869911065408694506e-02	-1.081862955711283131e-01	7.527923585474144419e-02	1.469019121528847005e-01	3.898885026418649757e-02	2.676073787776781510e-01	2.185770865318075462e-01	1.863556550684780655e-01	-1.181718816100962438e-01	1.413136270154820573e-01	-3.308670013605619770e-02	1.277336757312806381e-01	2.134445251494499485e-01	-2.621047955922344297e-01	-8.763185994864463105e-03	-4.265456608768254942e-01	-8.896908546908209592e-02	-1.846563407358217668e-01	-2.461441014926520413e-02	9.517409564235528030e-02	-8.740534709374010724e-02	-3.905864672511406566e-01	-3.046661417266255389e-01	-2.242049582710370914e-01	-3.537062199379630012e-02
-7.357702537466873083e-02	-6.364209736508266713e-02	3.209993571233237253e-01	-1.169539515839959909e-01	-3.086250803803848863e-01	-1.760883105203667198e-01	3.005919038283638156e-01	1.393060538150943661e-01	1.417760455772479888e-01	1.260285977998826523e-01	2.839200811560350646e-01	-7.039404855547790052e-02	3.386367451650713067e-01	5.858692554607535657e-02	2.364938905334876273e-01	2.693220502076032474e-01	1.391263357210045237e-01	2.477092514993461392e-01	2.385522049502409592e-01	1.707584174558463841e-01	1.927727452001769537e-01	3.105053266440573334e-01	2.115715899690681356e-01	3.579952703700886030e-01	2.356606239568239392e-01	1.131090965516645119e-01	3.420294105191392653e-01	4.733658051119710719e-01	-3.363032405343644449e-01	-3.284646509367245559e-01	-3.533883140758404401e-02	-1.176854734156295573e-01	-1.197666669256265831e-01	-4.028790017711387228e-01	-1.430146027476535409e-01	-1.784186350241942220e-01	-1.498209929383327588e-01	-1.791813599533699231e-01	4.870056726415161186e-01	-2.935161417347992990e-02	-8.782436331248473504e-02	2.359113599671945616e-02	2.402160312349303772e-01	3.865047564461156493e-01	6.500256541106392838e-01	7.317827413360947775e-01	1.449552128673499973e-01	1.962175504292615891e-01	2.881373362579576214e-01	4.332359075636144086e-01	4.932623075936157231e-02	-7.690647050281290524e-03	-7.276647939775715557e-02	-1.672545960348202077e-01	-3.965880734437159938e-01	2.031925164624747392e-03	-3.495643847067603227e-01	-2.920150630902186850e-01	-2.562729292539655535e-01	-1.503566113561242423e-01	1.918775642064345921e-01	-3.351323502184875430e-02	2.540610992581571193e-01	1.791331887847452675e-02	1.433214545977637595e-02	1.423614175536419557e-01	-1.836379977080417059e-01	2.308438214310112868e-02	-1.848167733114170208e-01	1.203096850782625210e-01	-6.131740364332915333e-02	2.879459658502619424e-01	2.254696038188514981e-02	1.970609776460682250e-01	-1.566968319731258663e-01	4.389010801259057154e-02	-2.064928771053606005e-01	-1.449653059904850994e-01	-6.122967684589068760e-02	1.152229378831025747e-01	-1.039415815117851055e-01	2.494851322831559692e-01	-3.401797752235682371e-01	5.310336366095690097e-02	-2.632849943881497845e-01	5.663807774437732562e-02	1.231737502302483744e-01	-2.387160406660968348e-01	2.786979855823597621e-04	2.988063108650610422e-01	3.116296290339684583e-02	2.124363091445580498e-01	-2.975588296506668784e-01	9.824455888311034446e-02	1.516264924147862347e-01	-8.951858862127014260e-02	1.469759492639733101e-01	-1.556844681208930381e-01	-1.499244034468921738e-01	7.997036069348247012e-02	-1.496846058121197587e-01	-4.179004014553176771e-02	1.208034107161933129e-01	-1.862156307393906252e-01	-3.017614326040061190e-01	-3.949988871164106762e-03	1.345531242964184138e-01	1.365458858829295130e-01	2.348588287789968310e-01	1.426094047635322326e-01	1.024652346573758088e-01	1.056850192487862883e-01	4.677657367374509628e-02	5.825781485824058636e-01	3.855650251357556346e-01	3.242392904749715199e-01	3.917744516070194999e-02	3.661319793826269264e-01	1.127826841344802405e-01	5.044606659439767604e-01	2.167290220605815054e-01	2.357660147130116457e-01	1.958145016589779297e-01	2.280095271359191267e-01	-4.413022371779442427e-02	2.351272679045780800e-01	2.616173402338085596e-01	1.562977634726151754e-01	1.669817299216108386e-01	2.516992220758436094e-01	-3.435665619909605284e-01	6.693856084826887987e-02	-5.071646017447264954e-02	3.668658304581288304e-02	-1.702200711226797003e-01	-2.426104159273994310e-01	-3.103387822850057348e-02	3.849573422246188592e-02	-6.698094122227425673e-02	1.122204374375022212e-01	4.257310391300637153e-01	3.404079220635697345e-02	2.688686558224012146e-01	9.917416916123669712e-02	2.288641774982776156e-01	3.316527992713926287e-01	7.451718505646386381e-01	3.959896860401097007e-01	4.331291261016237959e-01	1.000000000000000000e+00	2.458912458380153043e-01	-4.495333530495572438e-02	1.932330981534906844e-01	3.386860116875410887e-01	3.683570579634832254e-01	5.381923206767931234e-01	2.334780512725980958e-02	3.362656396543428627e-02	-1.462775958498964413e-01	5.976318793804605289e-02	-4.125213539598321932e-01	-3.310838593339848757e-01	-2.549672411113572679e-01	-4.639484474977213502e-01	-1.364705183732648208e-01	3.603790464085758483e-02	4.597353788808729025e-01	1.477210511575237917e-01	2.275987598271904735e-02	2.137281280323599097e-01	-3.135035093779286325e-02	-1.192355525868437904e-01	-6.850407526148416526e-02	9.339148878616350402e-02	2.244188346797186262e-01	2.042682491130816680e-01	1.845093105177645840e-02	-1.587219015759997257e-02	3.938914548603125176e-01	1.548383865471197884e-01	3.408854253523598277e-01	1.135644759065015247e-01	4.748821672962539459e-02	8.564604206902111383e-02	2.829739495233771773e-01	-9.221959955650152474e-02	1.696616239463551168e-01	3.113033850782720990e-01	-1.592979406218304472e-01	9.030202264312288396e-02	-4.355988615002255315e-01	-7.485937157172899148e-02	1.531462680473751337e-01	5.306865733661941809e-02	1.380903533162312624e-01	-1.732159490091872978e-01	-3.510491189655721156e-01	-2.594379297563301767e-01	-1.896083786354106626e-01	1.084985543662270735e-01
-4.749425952693500652e-01	-1.618331941374113458e-01	-1.822400749658321384e-01	-4.691931451402315822e-01	-2.562522208784125399e-01	-3.910197698585513026e-01	-7.438673366098251354e-03	2.722306139857196272e-01	1.159740405119359108e-01	1.447242989672120339e-01	2.732916109712627550e-01	-1.424330609817442694e-01	-1.039520549981473030e-01	1.629316615855720685e-02	-1.151418342710508191e-01	-2.525251044959390678e-01	-1.315142293608828061e-01	-2.362480588622760669e-01	-2.027315228517984347e-01	-7.784157747642669878e-02	-1.085003888996598914e-01	1.654716368270532090e-01	3.755736413409412749e-02	1.424114799945624399e-01	4.235066765934396571e-01	3.321859275258595146e-01	1.340346711947409952e-02	2.479014670583710445e-01	-2.357901800476838727e-01	-3.113943214305866514e-01	3.310141316360851182e-01	-1.157511607195451930e-01	-1.128952051400518158e-01	6.785281493421189969e-02	3.060826839759268059e-01	1.312219841641985019e-01	2.553881219948074821e-01	-4.065824212890299938e-01	2.007978886255292472e-01	3.153994559121233165e-01	-7.413178904045009121e-02	1.460201441551242652e-01	2.989489673906050027e-01	2.640060903880500076e-01	1.255026543438273468e-01	7.645574152603150375e-02	7.542714777413395133e-01	1.961132818404942232e-02	2.210314364875531623e-01	-1.141491250159327731e-01	2.395044204346998551e-01	1.868702862043086083e-02	5.754229650793766387e-02	6.173525035523542287e-02	-4.221208606593847001e-01	-9.265372988515654940e-02	3.409521065717029398e-01	3.950523960980784621e-01	3.713806451815466203e-01	5.970714998568413812e-01	6.585430898356127438e-02	8.830713771069777229e-02	2.731532984425493193e-01	1.413928138388128031e-01	2.407491845089096694e-01	-1.091492163314137370e-01	2.485987207842935420e-01	5.773733126134519278e-01	-1.171825856282538852e-01	2.844164266690142884e-01	-7.664716854695093062e-02	1.142128326080614348e-01	-1.484988905120816424e-02	8.171426411315689531e-02	4.004478480671782026e-01	3.541037794194393240e-02	2.671091460750740429e-02	-2.595254742368194312e-01	-9.731036264272997782e-02	-1.800452437631149816e-01	-9.149504760614037002e-02	5.879370220582938282e-03	-2.447147634309428110e-02	2.464881592596215309e-01	8.532235047287202445e-02	4.600965197907547211e-01	5.328668454766601892e-01	1.510803987528874445e-03	-2.200686367967571999e-01	-2.322962641915459620e-02	-1.535849540414079561e-01	1.943380281301597401e-01	-7.058664384885904308e-02	2.575510132039533495e-01	2.621116340501755126e-01	4.382981446709617868e-01	2.305076378840848483e-01	-1.288128291069845222e-01	1.722503494267716428e-01	5.240152839591846190e-01	-5.656281149508419759e-01	7.168111527226879442e-02	-4.205999083986506903e-01	-3.203870526587086487e-01	-4.750662659948277078e-01	-6.170349416035627588e-01	5.261787590738850606e-02	2.552694536538819836e-01	9.875446261770406964e-02	2.696975518174881681e-01	2.678218563038395339e-01	3.511161650615528262e-02	-8.904384513823392078e-02	4.019007768017938097e-03	-1.371198492057588703e-01	-1.586737277889052611e-01	-9.430008819391759445e-02	-2.426975609600164063e-01	-4.579377928132917497e-02	3.021666267433699101e-04	-1.789620572263250220e-01	-1.651840361293381021e-01	-1.654092274005932728e-01	-6.917095224140844267e-02	5.238120383469335034e-02	1.806527126641899461e-01	3.507083195691684252e-01	1.414148047942826447e-01	1.337632402806549770e-01	5.551801884009243716e-03	-1.515465369162441456e-01	5.233210034199697880e-01	-1.741694080988345772e-01	-1.437521858924434570e-01	2.474141597448634433e-01	-3.360461893276004189e-04	6.797858347594380735e-02	4.228468699630967553e-02	-2.227541083974318992e-01	-3.087458547769226236e-01	9.372615705329961910e-02	4.325339643774175902e-01	3.101522330051093568e-01	-7.406611296887730123e-02	6.721603527121099153e-02	4.294424452614768462e-01	1.026879991300680139e-01	-5.835653638830895495e-02	1.893985189853554241e-01	2.458912458380153043e-01	1.000000000000000000e+00	3.339103300934397889e-01	4.538804112820748471e-01	3.835493592085028047e-01	6.022017959675990406e-01	1.185263505978251947e-01	1.447723983670386738e-01	2.187183745875359575e-01	-1.701302352714905916e-02	6.447955734215930768e-02	-6.689040328896524168e-02	1.808004746545327501e-01	2.018096162250487546e-01	-1.466297983968417318e-01	3.175940522662041299e-01	5.491440514697284447e-01	1.688938838743484772e-01	5.665433586024770651e-01	4.266845007706920323e-01	5.727447902447158068e-02	4.230256523878009878e-01	3.817667611332724031e-01	5.022713109790882813e-01	6.567143368703276529e-01	4.037447004251983329e-01	4.562693553368905586e-01	3.837574950778270266e-01	7.202839369038105399e-02	4.030992519782019556e-01	2.220638174946746868e-01	2.870442418820003949e-01	2.938751692910236968e-01	-1.200424892387836340e-01	6.495851883708781971e-01	2.404888862255031290e-01	2.706687762490220250e-01	1.308467820893772227e-01	-1.421804488198523675e-01	1.988189457054979070e-01	5.057037349145250271e-01	3.765318507065326670e-02	2.152942380060802463e-01	4.793796164958800676e-01	3.196387058364774103e-01	3.082423153294971407e-01	-9.851401678620257119e-02	2.414606903266953639e-02	9.599718367193026125e-02	3.433909064795668820e-01	3.673138485271897902e-01
1.204122860193856115e-01	-1.778553828314015650e-01	-1.588411550341111977e-01	-2.001718237580462911e-01	-5.325469726504789697e-02	-5.216634735988610189e-02	-8.735799326070976811e-02	2.312155112775248628e-02	-2.296185548739272664e-02	-1.522962208129883532e-01	-1.979663771999896904e-01	-1.493548589947741034e-01	-9.855654572864330776e-02	9.940234505924755437e-02	-2.697530971759999341e-01	-3.973403067997125504e-01	-1.194769906190505104e-01	-2.891723577786971533e-01	-3.224374690676661270e-01	-3.070905492787532332e-01	1.766475326782155630e-01	-1.610281624491044852e-02	5.287196443370989485e-02	2.467471037752229923e-01	3.425076472711964526e-02	3.688055273101114584e-01	-2.362978043233941172e-01	3.077399130813746053e-01	4.199712871060581887e-01	2.771342570531830640e-01	7.174290804793466425e-02	-2.126746057842343884e-01	-2.331166007138574803e-01	2.769315289390538171e-01	4.413938259156174326e-01	4.438822107366555691e-01	3.120500201059445700e-01	-3.754455582060200469e-01	-2.870492655602435161e-01	5.796914520966071072e-01	3.155954868534177060e-01	4.537218393588410281e-01	5.921803213518319620e-01	-1.258783892831024653e-01	-2.062046540942372164e-02	-1.078725283911766003e-01	3.995839885338554054e-01	1.070062500128380750e-01	4.230948877973638722e-01	-2.520234104559066490e-01	5.118127228457193256e-01	3.227318012373038836e-01	3.887036551886786651e-01	3.713277098826406886e-01	-3.472205609065938114e-01	1.439728505537422598e-01	4.164211291482690647e-01	8.813963454854402413e-02	3.309551458915300781e-01	3.018054908024878635e-01	-3.849798415516209604e-01	6.988008979303398371e-01	3.085336104277791036e-01	6.291188285876877506e-01	2.424442401426719629e-01	5.775172043537089156e-02	2.800407119351988605e-01	-1.973558136732748644e-02	-8.678148070615790410e-02	3.076314156494722729e-01	4.992040913159154214e-02	-3.541772449336114681e-01	-5.829184224776389200e-01	-2.087848654480250685e-02	-4.925555204356336925e-02	5.000581979645328523e-02	-2.008404676099354580e-01	3.052908137612151199e-02	-5.921310874429268623e-01	1.662550312420361942e-01	7.968757820052269070e-02	-6.209596900763841160e-02	2.796752974039403705e-01	4.241310713288346523e-01	3.085480994481916706e-01	3.409063355704706338e-02	-1.278088596848006228e-02	5.042480048756681210e-01	8.799261011418963926e-03	-7.056953064627324856e-02	-2.584035724858510519e-01	3.889351130415981128e-01	4.075720457721136447e-01	4.952369878720895846e-01	5.525334180213993251e-01	-6.332469629412881829e-02	-6.115832323348104754e-02	1.086701021976142489e-01	2.237767637989632463e-01	9.794384334976166673e-02	-7.001701686137351555e-02	1.297221369273854619e-01	-2.957749819800910007e-01	-1.634749720003303985e-01	2.502691444084924680e-03	-3.152425702238327299e-01	-1.030817148484152318e-01	-1.383547730603219283e-01	-1.781609480203580065e-01	-1.595880139902659256e-01	-1.079340719372420265e-01	-9.041884576978809207e-02	1.108552043576275098e-01	-3.684408909745488514e-01	-7.690353782447074960e-02	-4.141379476026598172e-01	-1.999807051961561416e-02	-4.309709812989546140e-01	3.265360046347772632e-02	-2.455654802812509974e-01	-3.424267233055422466e-01	-3.353220241481674746e-01	-3.788357836208878782e-01	-1.909258314519843014e-01	-1.602493860322002917e-01	1.131920916360507484e-01	-1.436237857179880617e-01	1.942860016294817582e-01	5.387152085544696239e-02	-2.676352061978918284e-01	5.042756525445994953e-01	1.070774637908223359e-01	-1.342208593062147737e-01	-3.133912919086067617e-01	4.290158282456835170e-01	2.510631810739719430e-02	3.217733427096201582e-01	3.294963232390591967e-01	-6.263215180343008059e-01	-2.678814141167963347e-01	-1.673598202932159995e-01	3.889453607224421794e-01	4.769738010545521711e-01	2.376323994262259827e-03	-2.058279078566361761e-02	3.898506611895511953e-01	-1.454750591596844500e-01	-1.702846164604464585e-01	-2.451064898192541752e-01	-4.495333530495572438e-02	3.339103300934397889e-01	1.000000000000000000e+00	4.596531268804350256e-01	2.740112030303239465e-01	4.967329747056642986e-01	-1.961479674523048666e-01	3.537955392809732369e-01	4.057693025217656291e-01	1.303515941320171345e-01	4.186927619933945854e-02	3.376532069145839476e-01	3.698267737960465595e-01	4.820536677473551967e-01	2.853394306078088083e-01	-4.243319403810391632e-02	4.452238174183277830e-01	-2.694954008692365122e-01	7.202806903071110600e-01	6.757778392473398066e-01	-6.662208972223961079e-02	3.185781702886386624e-01	3.852133273803362568e-01	-4.937455330763351746e-02	1.842422843708000080e-01	4.426506408129589065e-01	1.814723240325236131e-01	4.015422477206164187e-01	9.637202512753920147e-02	-1.415647871779809192e-02	-2.097501321301027122e-01	-2.882651978819574801e-01	-3.792116245636433236e-01	-6.733962851367278346e-02	2.813955582883599649e-02	9.038031259400515147e-03	-8.082243279844461559e-02	-3.159238965167729396e-02	-2.604145092511422899e-02	2.938008774888225538e-01	1.528006644194887798e-01	2.820042110916406441e-01	2.186243810436929724e-01	5.352465488706760199e-01	-1.197797806178440144e-01	-1.953020039352849901e-01	-1.226060292968148557e-01	1.806763163638794578e-01	2.417410938640728590e-01	1.399365192669143887e-01	6.042355839618911151e-02
-9.885628676902787071e-02	-2.593254706949383315e-01	-2.229000498757434390e-01	-4.585815689229705838e-01	-2.193251148594214384e-01	-1.770805128623588465e-01	8.403041885736307892e-02	-8.234953740740852401e-02	-9.734033129230909576e-02	-1.957042369799142922e-01	-1.581925530545630065e-01	-3.816760616679335527e-01	4.126647548008971489e-02	1.360296862367767756e-01	3.014480300093919096e-02	-8.281898648185950784e-02	2.783318692622133508e-02	-5.567059537565334504e-02	-1.579425408719179469e-01	-1.587247531251875510e-01	4.913570667452636653e-02	9.053398151707282848e-02	1.460679721335662873e-02	8.603894046639844195e-02	-7.927178469757381607e-02	1.844047231294349554e-01	-2.245400507011858712e-02	2.894724922088026120e-01	1.500296666067415241e-01	-7.901977144328029001e-02	-1.995280903096742497e-02	-1.206902238473478613e-02	4.251372193897106494e-02	2.328382198290351313e-01	2.785471226275361700e-01	1.584097886557921941e-01	2.797415958428890459e-01	-1.920177086281938394e-01	2.756754381708860224e-01	2.507236836405615787e-01	-1.764954165565188124e-02	7.153191381497496504e-02	3.324827510784510998e-01	1.580693016615367097e-01	2.308156156380175295e-01	1.618205715234195124e-02	4.092706192610202631e-01	5.378330565727577062e-01	3.500434091602199205e-01	1.492863395734788934e-01	2.350903803012507620e-01	1.521930234597884957e-01	3.506870651588680360e-02	2.010527040104761187e-01	-5.015813808629541182e-01	-3.554256724917740414e-03	3.687181689786835914e-01	1.880256456159666301e-01	3.420443524797326940e-01	4.182513878997651258e-01	1.613659326422704765e-01	4.945931635650932523e-01	4.041062652158629032e-01	4.297452760233811953e-01	4.916528477359803362e-01	1.705350594745495829e-01	3.080962827230298018e-01	3.598995850182729606e-01	8.134487890517562436e-02	3.391329283727886335e-01	4.758104947275204610e-01	-1.638733193999570292e-01	-1.410544406524676664e-01	7.166913150836157383e-03	1.370119180104795442e-01	3.454710364778164622e-01	-2.477616158873106045e-01	-1.369157186535153448e-01	-1.814663910554957515e-01	1.100830151740880836e-01	2.698384444626352185e-01	2.161123943079385767e-01	-9.193656976978221984e-02	3.901404355230419507e-01	9.239508430278813023e-03	3.328984952273078002e-01	1.905998609508859631e-01	3.392700083244770681e-01	-1.752104592721623610e-01	2.208325333107175048e-01	-8.461405066031107980e-02	3.456468889812379097e-01	1.226886009755185497e-01	2.572414753261220710e-01	3.062675059711880698e-01	4.853293118647566962e-02	-2.646105980259723031e-02	1.431683528245470682e-01	1.196657175908489440e-01	2.392942269036861247e-01	-2.068636388062430609e-01	-1.501918614066239110e-01	-3.649668648058273512e-01	-3.530768393881274503e-01	-2.857780648607451401e-01	-4.429122920310454292e-01	-2.198265212264912671e-01	-1.168254238520401445e-01	-2.309540438619659408e-01	-1.600054473270966227e-01	-1.801148659121846185e-01	-2.415376640193956093e-01	5.259699856520097527e-03	5.020356563880222500e-02	-4.763426431496477903e-02	-2.021017442205640460e-02	-1.378174706041012110e-01	-1.052826380864453487e-01	-9.541076708209909885e-02	3.058892139444988403e-02	-1.480479755052697133e-01	-1.109488680466293870e-01	-1.799769845562237403e-01	-1.380349116663976416e-01	-8.713846084727171204e-02	-4.446884371166436034e-02	2.846029850625621596e-02	9.264406795934283789e-02	-1.981113437233793934e-02	-2.792865575235841877e-02	4.077425508140846561e-02	7.062926585696552295e-02	-7.818660704016304475e-02	-1.256788958904626052e-01	2.389185418017122642e-01	8.014959175033117833e-02	-2.656190745895855090e-02	4.443173758422257896e-02	-2.187791600147663273e-01	-1.439670753899033595e-01	4.730884238831167127e-02	6.238615175392429879e-02	3.648018283188063093e-01	7.756054078484365955e-02	-3.638347246125123169e-02	2.786038993964494725e-01	8.832731971622381772e-02	1.137401678746314398e-01	1.403327969250951213e-01	1.932330981534906844e-01	4.538804112820747916e-01	4.596531268804350256e-01	1.000000000000000000e+00	5.254048201081539249e-01	4.919264722625739106e-01	2.509582289110388054e-01	2.212486049256814358e-01	1.998910761748953491e-01	4.919832972230132190e-02	3.072418537254295035e-01	-3.362832009313362208e-02	2.197305981277757891e-01	2.335293103862201569e-01	1.285819427070011567e-01	1.907311475756022778e-01	4.165062667680250463e-01	2.543768898184272653e-01	3.890852491017086079e-01	5.225407061044841095e-01	2.003236712549940068e-01	3.782115240611955698e-01	2.906677827886501309e-01	2.510736607805792442e-01	4.205140166050735928e-01	7.009154646653114051e-01	5.607216370423367957e-01	3.961655044076877741e-01	5.429819075756373570e-01	3.730781310644885052e-01	2.597298705118122886e-01	-2.414180988236032388e-02	1.195122167937196916e-01	1.223792531683348846e-02	2.426673816587754107e-01	5.122572458712463250e-01	1.513819631023641810e-01	2.564937114652264816e-01	2.623464026009080796e-01	4.651939923685160516e-01	3.983753505241234283e-01	-8.523238783911306349e-02	3.972053722229006434e-01	4.184751210730619508e-01	-2.256255303974590704e-03	7.402195818240232816e-02	9.135558676207699430e-03	-1.337256544725771434e-01	2.670094821713012850e-02	2.911615385629263975e-02	-5.199113789223851201e-02
-3.887924593260334849e-02	-1.359656396821537772e-01	3.877532933670694432e-02	-2.410833508862407493e-01	-4.712124672932932468e-01	-2.253214418502119676e-01	1.610717788607501921e-01	-4.358707407201751344e-02	-7.562628900769234608e-02	-9.461245629761314002e-02	7.187686968130037324e-02	-3.210863042314089921e-01	2.160531626351724632e-01	2.647977741185432721e-01	1.783235877436572525e-01	1.038661559763885550e-01	8.840521479445294373e-02	-1.068183045673283815e-01	2.586235434568535940e-02	-1.302453985929675484e-01	6.974030597039013180e-02	2.720256789847484424e-01	1.711990888412742162e-01	2.457663755471181655e-01	3.166484824598067571e-02	3.095088962482805961e-01	2.654405352495441961e-01	4.865503823798619232e-01	-1.446633362108238896e-01	-3.948871065018160764e-01	-1.679818611980228860e-01	4.038398012793575909e-02	-2.077801193564045301e-02	2.643288550908499610e-02	1.131393505890448542e-01	9.446854452925829149e-02	8.288310079274020803e-02	-3.645220999951834240e-01	4.379062722057786572e-01	1.562291537950842024e-01	-1.065634132701165360e-01	1.175297261648687863e-01	4.125505835451599435e-01	1.672765369437163308e-01	4.004470092825113126e-01	2.396619234008126875e-01	2.602201153476326745e-01	2.529649732878109791e-01	4.995523644913721917e-01	2.296722855797217744e-01	4.091999645712690592e-01	3.045415717189977611e-01	1.834055315369163310e-03	1.270929525812753424e-01	-3.845506423826462461e-01	1.643574680080628625e-01	1.764673330740808288e-02	1.334340634818417803e-01	3.056892577890047910e-02	2.850049305206892591e-01	5.503261648888132379e-02	3.402394304866622199e-01	6.204757714018572790e-01	3.472045583235666144e-01	3.741607115824396312e-01	1.740370604404339328e-01	1.751686513157706682e-01	3.051569678492764282e-01	-5.044190977362639217e-02	4.547855952942769786e-01	2.926182930613218103e-01	1.566598402488160180e-01	-1.532183131239189811e-01	1.282225547006013155e-01	2.129259145580916501e-01	1.885921853379441959e-01	3.010314764070241844e-02	-8.328950852397321025e-02	-1.039678114148652882e-01	9.922032056962364066e-02	2.220051747185139146e-01	3.660011715922506514e-01	1.485208213790639546e-02	3.445512383850639071e-01	5.688966968738850410e-02	4.361683645249888053e-01	3.206925846863649676e-01	1.762877031541265627e-01	-3.146957874118415655e-01	3.313731261628555802e-01	-6.980564977027244565e-03	5.388486469855444660e-01	5.762726246903411564e-02	5.108172168367920429e-01	5.227889558554099647e-01	8.799812548535605738e-02	3.608223945803377131e-01	3.653286774084785887e-02	1.489108317728507214e-01	3.996901652208784128e-01	-1.891053473926901374e-01	-2.626052365183341730e-01	-1.751016967607270658e-01	-1.986806796842044975e-01	-4.626857321131571110e-01	-4.098685768266197571e-01	-1.257425376245423498e-01	-5.031841332662143063e-02	-8.847868848947794407e-02	-4.238695358715872941e-02	-6.584808983480670841e-02	-2.406460626133361813e-01	3.833340257300100334e-02	1.879526783466228257e-01	1.186562489006065839e-03	5.329144689507839955e-02	-1.876124292842557550e-01	3.576483815120969773e-02	9.926427535380500169e-03	2.205097855477607810e-02	-9.088212937897542643e-02	8.725090237412070487e-03	-8.779198412604245771e-02	1.171380682447670657e-01	1.692935873630833574e-02	1.422443537540780678e-01	3.290179808316960886e-01	1.411039476992933250e-01	8.246761207851022180e-02	1.512410467076583664e-01	-2.808861765767208252e-01	-1.019133747166612591e-01	-1.707332870341463638e-01	-1.529054208454292130e-01	5.265408483769840053e-02	-6.657915498262272080e-02	-5.533572101997569215e-02	-6.722543265579093708e-02	-3.448617146960261670e-01	-1.789798209151243769e-01	6.150848211234415802e-03	8.285288631752059374e-02	3.853425325677912183e-01	1.428072253453403773e-01	1.334777086833986992e-01	3.769014696735945025e-01	2.959909676451393801e-01	1.396796729760001743e-01	1.323976762844853716e-01	3.386860116875410331e-01	3.835493592085028602e-01	2.740112030303239465e-01	5.254048201081539249e-01	1.000000000000000000e+00	5.302117435341204832e-01	3.969085897987236211e-01	3.581802722437292807e-01	3.561070521643932008e-01	1.150962782846387533e-01	2.351361982765739767e-01	-1.053272461366367430e-01	1.291058788376283628e-01	2.171074798824128016e-01	-6.832874716088273293e-02	2.002140937588874070e-01	2.241637271490478645e-01	1.856743912472402502e-01	4.371506046492303899e-01	5.100835840635424834e-01	2.727767613085434473e-01	3.304202828479597120e-01	2.334335530197049202e-01	2.547728321729397227e-01	3.583391357664278409e-01	4.918157338332669881e-01	5.096035048682353574e-01	4.784536957049997929e-01	3.987308641106143137e-01	5.122993702912466141e-01	2.768331775372642189e-01	2.274932120818212444e-01	2.528538973709398840e-01	-1.469575712651876188e-03	3.036884004730541209e-01	4.363548296731941112e-01	2.952749637930662807e-01	4.037973780138516822e-01	2.545746350532008262e-01	3.696073597645496700e-01	4.104455721179333660e-01	-6.774396177450911494e-02	2.099838044349442712e-01	6.034509158444603116e-01	-3.733839339015640468e-02	3.125532219935806544e-01	-5.618073977259993752e-03	-3.358747014453940249e-02	-1.807679701775744344e-02	6.695082277870888221e-02	7.017648336541751353e-02
-1.934839663401941856e-01	-1.916247125170925381e-01	-7.239187646963571310e-02	-4.055437681135221628e-01	-3.998744553776209520e-01	-3.511374258324067577e-01	7.177580753050289038e-03	2.232297394151435896e-02	-1.094491558274711812e-01	-7.131856336456209901e-03	1.214082882983300721e-01	-3.218408053416941805e-01	1.556516514008201846e-01	8.863514278782338995e-02	-2.087855741751035166e-02	-1.946040561274846592e-01	-5.103884316953143097e-02	-1.797826198809379661e-01	-8.364367471006019239e-02	-5.106175510235669984e-02	1.364836053294392060e-01	2.293914112050415843e-01	2.045793098369241558e-01	3.340951348131248611e-01	2.079687081797430281e-01	3.409626206695438033e-01	2.006108320748770379e-01	4.329218037186995383e-01	-1.078899199334489994e-01	-2.792729434703355440e-01	-3.091565421483726504e-03	-1.647963922837692163e-01	-1.558186322415582026e-01	1.534113341554542952e-02	2.320659835049135311e-01	1.051695850393787462e-01	8.487034824706470026e-02	-4.612416426825403648e-01	1.748502168304023330e-01	3.358330524395513050e-01	8.222365433630075826e-02	2.682012186708455093e-01	5.304450522181552996e-01	2.494677000058826699e-01	3.185061046733650425e-01	1.938649208190688089e-01	4.683758770104565206e-01	1.453046641422368612e-01	5.185306257679515030e-01	1.521711837795705347e-01	2.847211869653218375e-01	6.876033826382510483e-02	1.020104522610892211e-01	1.168767290931215785e-01	-3.928366256042575833e-01	8.646103179388223148e-02	1.896231233395804794e-01	1.539181599913250487e-01	1.452829410986564707e-01	3.214733347944669917e-01	-8.601792040391688376e-02	3.209756205947366658e-01	4.421855841894858918e-01	3.631778002433313501e-01	3.051200363706130791e-01	6.563112544435427409e-02	2.778946742061074726e-01	3.280964802047385831e-01	-5.012368744806001974e-02	3.258409967529936613e-01	8.184727331295708896e-03	6.487145088864376685e-02	-3.091206098831879023e-01	2.085703794585007098e-01	1.961612460606993180e-01	1.612322835896040640e-01	-3.492342744003437000e-02	-4.519277222920969200e-02	-2.512786854089414934e-01	8.080838619795734090e-02	-1.185571843097189305e-02	1.469006445111566139e-01	1.390776228096568812e-01	3.307975091671885859e-01	1.559939092310879960e-01	2.990318151892188969e-01	2.693011968767812792e-01	1.745710685185752065e-01	3.000655136083821978e-02	2.037282382008976656e-01	-9.856186014964755937e-02	4.680579246658922998e-01	2.465789481370895750e-02	3.856139717402468081e-01	4.863476979739743133e-01	1.270225271855887350e-01	2.571394571421500852e-01	-1.033427309295169945e-03	2.063746627613156914e-01	3.355683910429315686e-01	-3.368037436709370724e-01	-1.064590867629374576e-01	-3.369037505025663792e-01	-2.963796036893064367e-01	-4.362734968162743643e-01	-5.125974815698683962e-01	-2.647824337349960130e-02	3.485000855148707999e-02	-1.250347757929927417e-02	3.313223152995078274e-02	2.276682356612435079e-02	-1.788925299257501933e-01	8.002674188409793221e-02	5.259210220073620712e-02	1.060799779012769756e-01	-4.281760323330725121e-02	-1.445658511126616218e-02	-8.828726577123191532e-02	4.226498841876399210e-02	-2.668300352124375330e-02	-7.694749885117638244e-02	-7.052754042178868699e-02	-1.259737077794509386e-01	8.786991517478467961e-02	-5.751145283944596870e-02	3.871923972512155698e-01	3.279687662126271053e-01	3.847660441433061740e-01	1.920722705358055837e-01	1.694369610790636971e-01	-5.407576406186948015e-02	1.763441976421248891e-01	-1.351815112124989948e-01	-2.489824137202564236e-01	1.469852801023364963e-01	-7.858188099299903695e-02	2.160878814423974614e-01	1.412010072082872936e-01	-4.233329659837708481e-01	-2.655659805456663247e-01	5.719086406256799343e-02	3.748554691031004693e-01	5.467424278816095384e-01	1.446815508250174492e-02	1.733089876875242297e-01	6.234845167317993875e-01	3.050457853628992799e-01	1.248790808995511592e-01	2.241785471474180835e-01	3.683570579634832254e-01	6.022017959675989296e-01	4.967329747056642986e-01	4.919264722625739106e-01	5.302117435341204832e-01	1.000000000000000000e+00	2.064216456851980519e-01	1.184459902771325540e-01	2.522515005926102005e-01	7.694396982687611020e-02	-6.126244965090997877e-03	1.998953953813397549e-02	5.863406320887085826e-02	2.722657426845379036e-01	-1.829238236335372358e-01	1.349748658281696434e-01	3.831461563087775191e-01	1.000663018735436643e-01	7.196691373651039614e-01	5.368057810531605689e-01	1.610626051362404054e-01	3.033577629820309318e-01	3.287018388954575654e-01	1.887401315946386493e-01	3.493133357400677874e-01	4.610276767630360206e-01	3.420104618893221593e-01	3.027990217676327922e-01	1.198595158822900603e-01	3.561280601742886631e-01	1.262121036267782881e-01	2.090969614192909887e-01	1.116700357791872433e-01	5.244451195823278400e-02	2.836262064291156237e-01	2.378771096670273810e-01	1.589856710365337433e-01	2.576069549257690161e-01	1.170773962583524508e-01	2.553653927411129176e-01	3.527212795512984500e-01	4.446053810273878359e-02	1.637123077091030832e-01	5.952693204819438089e-01	1.022839371219394639e-01	1.853888330571751564e-01	-1.063602981646891571e-01	-1.940246846122892959e-03	1.353752345289002679e-01	1.491033827810700207e-01	2.082428141063924765e-01
3.887252240911135553e-02	-2.342290946593826584e-02	2.541030398697441961e-01	-2.013380925486318862e-02	-1.284341602435866425e-01	6.530032151749602665e-02	3.377121845681407830e-01	-1.396570362747345806e-01	-3.594479269955119100e-02	-1.289063101127706779e-01	2.859952440483880254e-02	-2.068000309475023502e-01	1.844900548994969636e-01	-4.011693661089605484e-02	1.361807723372943368e-01	1.962212848064279203e-01	-6.174569348165329791e-02	1.055640199594193446e-01	-1.550617346346444894e-02	-1.334631847310395192e-01	5.991331537705393145e-02	4.231257992716208616e-01	1.756337605568295268e-01	2.984587318314648255e-02	-6.954248587023122152e-02	-8.342678985390501734e-02	2.605741731235772241e-01	1.794748447093080235e-01	-3.341217173137051022e-01	-3.266724298839261964e-01	-2.693061914186606343e-01	1.941910884595962061e-01	2.722739301393545253e-01	-6.311874444604601009e-02	-1.935355245980758254e-01	-2.848262403750296823e-01	-1.906152924664083204e-01	-1.818191574270913435e-01	6.628705224890076853e-01	-2.108843256901788699e-01	-2.250073238986925184e-01	-2.175551650794898539e-01	5.208642573234176926e-02	3.021693384130024196e-01	6.714411175389618514e-01	3.374694104715264542e-01	-7.401358084508058433e-02	2.823438272472164612e-01	1.816210378303220185e-01	6.995150458720560405e-01	9.669991723789796156e-02	1.391632692466673316e-01	-1.406532783972391509e-01	-9.508739023400999968e-02	-1.939354315639212067e-01	-9.140612338266401737e-02	-2.321783085029709981e-01	-1.405140991411309714e-01	-2.595413489607149016e-01	-5.784950064779733475e-02	3.078555656251195649e-01	-1.251485829083314599e-02	2.817658648238185459e-01	-6.965176935472367978e-04	2.198082955316892906e-01	4.302150173818189982e-01	-5.004073470718505695e-02	2.769914669586964751e-01	-2.058141528253637845e-02	7.821329848428434928e-02	3.793548350523533452e-01	2.862240250325107649e-01	2.843083025946012421e-02	2.975258157528747338e-01	-8.808533685178209643e-03	6.754430814303907793e-02	-1.655935150421850577e-01	-2.884391516328113983e-03	7.850086461132799176e-02	1.787521632188432130e-01	3.022215025667482347e-01	5.119968890270418793e-01	-2.727422188016731530e-01	1.360179230992637212e-01	-3.674078943991524460e-01	3.227862302489183932e-01	1.951676167095359737e-01	-1.030786435491318903e-01	-2.579493596764458885e-01	4.546517640774929148e-01	1.991971420116497027e-01	1.888327756374363064e-01	-1.512983260545195663e-01	4.225462647634681268e-02	1.428291195224975531e-02	-2.140946298412860771e-01	1.268423816297906681e-01	2.339710874973784799e-02	-4.071339934419401438e-03	5.866422718085575333e-02	6.290892989547577918e-02	-4.042495977454843570e-01	6.692647005350786660e-02	-1.445951136868637299e-01	-1.845478438539941701e-01	2.342248816601726763e-02	-1.094705275874239825e-01	-1.401609433786098757e-01	-3.751889371965360515e-02	-1.606208040882569910e-01	-2.414748159577257691e-01	-7.289827551040575782e-02	-1.318584704849864175e-01	5.271776207223591859e-01	4.419502988753260322e-03	1.943674756608541887e-01	-2.810063889753117161e-01	2.234201959242290980e-01	-1.549135286924874233e-01	2.611516326026957491e-01	-6.049805958474249734e-02	-2.553432156836104444e-03	-1.999409632707914442e-02	3.000075116072165593e-01	5.976510722533872125e-03	-3.976852030410173849e-02	1.344568962098804665e-01	-1.945019708437395120e-02	-3.334445937707467694e-02	2.154879241843026538e-01	-4.930730198517130347e-01	-2.438315385680488445e-01	-1.108830782209744605e-02	3.052518713233752165e-03	-1.415951872073716311e-01	-2.555407357867711324e-02	-2.712576042320614111e-01	-3.023458735560421440e-01	-5.599528064023955032e-02	-6.464520458538509928e-02	1.932801864773210643e-01	-2.282426048394600171e-01	1.747119250634733834e-01	1.046748103772085076e-01	1.509930279438267686e-01	1.532049321037143030e-01	5.529134435496944056e-01	2.281840345208912268e-01	2.802808565057431922e-01	5.381923206767931234e-01	1.185263505978252085e-01	-1.961479674523048666e-01	2.509582289110388609e-01	3.969085897987236211e-01	2.064216456851980519e-01	1.000000000000000000e+00	1.111954859100807297e-01	2.420625522251374298e-02	-4.708080014764735345e-03	1.366950231254134007e-01	-4.678594389473271220e-01	-2.080675420422851141e-01	-5.834772761820269243e-02	-1.953463458315971013e-01	-1.024237769415805438e-02	-3.663829724939240279e-02	4.322172365970361474e-01	-3.325071030332996114e-02	1.615918441060597982e-02	5.896722610018410027e-01	1.479129571275409061e-01	-5.803641342833096121e-04	9.597396949636197161e-02	2.082830863564580082e-01	2.707538361821473782e-01	4.134791266419783340e-01	1.834992581501053710e-01	3.368202068096348145e-01	4.713032670492519616e-01	3.016303111324731834e-01	3.048667908396307524e-01	2.400999605295010275e-01	2.001517524469562381e-01	4.707438501883209198e-02	3.734203419671089930e-01	8.012523722531282588e-02	5.603106395996672040e-01	5.274103473075669735e-01	1.300922659745832322e-01	2.119419034435806315e-01	-3.601290557524297609e-01	4.112221024568552680e-02	6.584650964001201312e-02	-5.820138392589341292e-02	8.462887853558469231e-02	1.504785013330459664e-01	-3.961382879530874757e-01	-2.405038312172811943e-01	-2.391857153239563272e-01	-1.683752553750518799e-01
1.264084627953781514e-01	-1.898320089711154623e-01	3.121036529329119028e-02	4.954068219884100177e-02	-1.118050871009829556e-01	1.011928241286927932e-01	-1.183843355844675302e-02	-4.306659206532090917e-02	7.018755531856081531e-02	-1.442725589311008583e-01	-2.654171995720624455e-01	-1.014429186811063172e-01	-3.278022101470809413e-01	1.669614349221875682e-01	-2.259200102071156069e-01	-1.353927523030265534e-01	2.251482076949879590e-02	-2.834452400936592897e-01	-3.091186204434963058e-01	-5.060667260489624120e-01	3.165869500553823018e-02	5.375411477392418730e-02	3.017751130150288924e-02	2.015758777320147271e-02	-1.456065010898955903e-01	3.440915549668751017e-01	-2.136753732897782310e-01	1.373235071830886389e-01	1.896080768211452494e-01	3.781137967757403073e-02	-8.657345124515052059e-02	6.008260907295508331e-03	6.920610543835443995e-02	2.357396770427103161e-01	2.458789905967002920e-01	3.990106849931647215e-01	2.521810244782545785e-01	-2.159308163969542727e-01	4.179437958831408451e-02	2.151247946261942712e-01	-1.416307843036038461e-01	8.993733435085612959e-02	2.898602384508104923e-01	-3.204071648286468399e-01	6.203442365075785558e-03	-9.348853570434176308e-02	1.330323743431754968e-01	-1.039985853481875944e-01	7.315925439816121922e-02	-1.453837731681428269e-01	6.515905519238979204e-01	8.450763769448550455e-01	2.781357737109755868e-01	4.588795483223139793e-01	-1.622629091989809258e-01	3.749830195796925447e-01	1.597452603389097892e-01	-5.228973557764111241e-02	8.642206843423050344e-02	2.829761293122736721e-01	-2.182225073208756902e-02	3.690628922371024245e-01	2.884860048616970651e-01	3.377380667455154306e-01	2.018036637193038052e-01	-3.251117589641114303e-02	1.970656415452304855e-01	-5.795042071877839346e-02	-2.225926171444813362e-01	3.748557162954552768e-01	3.187318429702636347e-01	-7.533461756546874777e-02	-2.237666425328003472e-01	9.436722162134890401e-02	-7.570592986304873484e-02	-1.210785256433394158e-01	-4.553713579237857190e-02	1.370452531972839692e-02	-1.753630111993161600e-01	9.612250799675359225e-02	3.965622745011806449e-01	-9.350559552076287417e-02	1.545980525522795412e-01	4.230797261786377605e-01	1.574120171271846391e-01	2.593528531554413763e-01	9.045024399260055692e-02	3.076371426114817287e-01	-3.663369631211909061e-01	-9.698495910741224135e-02	-2.877737233272980033e-01	3.998826493856468267e-01	3.700110355630503722e-01	4.840526292219464177e-01	3.650934642892304516e-01	-6.395694864326471885e-02	9.126864774354625717e-03	1.538219270354161672e-01	2.279797535030364808e-01	1.106616995864553449e-01	3.783728554415630857e-02	-7.059576516287022208e-02	-6.555084880404907222e-02	-7.842409582924295131e-02	3.000455871576046540e-02	-6.433518571735596936e-02	-1.765854317807275808e-01	-2.101326290044949474e-01	-1.127935624669338249e-01	-2.041350443953460769e-01	-1.483685395239524585e-01	-7.178906409873547778e-02	-4.572444893368901586e-03	-3.029017562583036782e-01	-2.957349456485041106e-01	-3.228857812120897730e-01	-3.157242420722292664e-01	-1.719095554728876374e-01	2.810074133934870738e-02	-2.258074127208602455e-01	-2.161431999948820737e-01	-2.945066209360763798e-01	-3.806185315121941581e-01	-6.437403629144866635e-02	1.860577329560955118e-01	-2.022334191198587594e-01	-2.006232298804769831e-01	-8.081738415680266019e-02	4.433688381985899374e-02	-2.687799723266743879e-01	1.410710513283145728e-01	-1.121769651448213390e-01	-2.435999723748824911e-02	-1.343084108903662421e-01	2.698808711950714812e-01	1.674001195202709513e-02	-6.706780809486481698e-02	-7.351013569041003892e-02	-3.134695601262786346e-01	-2.038410682695789844e-01	-3.310563816440337814e-01	2.945179093275816090e-02	4.662437279358056658e-02	2.949863560469951351e-01	1.709605764829215668e-01	1.050333637842972290e-01	-1.492499154507218040e-01	-1.617195431450952070e-01	-2.498187880930838878e-01	2.334780512725980958e-02	1.447723983670386738e-01	3.537955392809732369e-01	2.212486049256814358e-01	3.581802722437292807e-01	1.184459902771325679e-01	1.111954859100807158e-01	1.000000000000000000e+00	6.602174766601267564e-01	2.739565884335395940e-01	4.407824072208961219e-01	3.091475334790491081e-01	4.837139196941957486e-01	3.425417313536305852e-01	2.701405827560192097e-01	-2.049832590119550491e-02	2.415451479863869322e-01	-1.362862062904516280e-01	2.716589037630289805e-01	2.425798599525304244e-01	-3.723438490152665425e-02	3.519944748208030383e-01	2.651745946564447731e-01	-2.303295102998758129e-02	8.170579330126070960e-02	1.481686710916779448e-01	1.175159029513635350e-01	6.817105591862794300e-01	1.864613240544010786e-01	6.851152108112314176e-02	-1.277978936316847836e-01	-1.529908825915543835e-01	-1.647376670845351887e-01	-1.280688855271002180e-01	1.094031541426868370e-01	1.312389914356681432e-02	3.013904363219926247e-02	6.872122943783035010e-02	1.504176414267396900e-01	1.894882109378401847e-01	2.324312034351077860e-01	1.804504506194363755e-01	-1.277052475376773966e-01	3.645138471610136488e-01	-2.358125733174476837e-02	-8.574920570909923268e-02	1.134250619555000027e-03	3.146889400101239576e-02	1.390720570304085080e-01	1.278617856413247211e-02	5.705320071725566294e-02
-7.130442642722197022e-02	-1.941250393729309354e-01	-2.096707117205559925e-02	-4.701972947750378273e-02	-1.969766397812128533e-01	-1.129650683925373794e-01	-6.732279358531344238e-02	1.023951315319053812e-01	6.682029320373317205e-02	-9.034396797143531832e-02	-1.515183186268770077e-01	-1.349319907739537083e-01	-3.999739833269620459e-01	1.416081998541073028e-01	-3.088426757073706730e-01	-2.820721955694670546e-01	-1.628910328482111591e-01	-4.621104249248925155e-01	-4.455904512399425088e-01	-5.837150655181948533e-01	-6.676596162579943872e-02	-5.895309501016249808e-03	-9.395691543723506955e-02	9.156143637189298468e-02	-1.062720869360860715e-01	3.261718637270479282e-01	-4.392147747776406486e-02	1.001897849491012182e-01	1.114462322371136960e-01	1.891379646668771980e-02	6.415910300799375354e-02	-2.058937621789787287e-01	-9.482054128287717432e-02	-1.290151988596329596e-03	1.680836136626115418e-01	2.610493481327620935e-01	3.603618925931532935e-02	-3.989994032966731052e-01	1.019754581929312003e-02	1.651962092128656800e-01	-1.652393021881424506e-01	4.637437585728827749e-02	3.628555851376527586e-01	-3.737451975037487384e-01	-4.578323321963604503e-02	-5.414352219139650924e-02	2.011241879687958867e-01	-3.314766200716589423e-02	1.122669083573265003e-01	-2.797679755926338330e-01	6.995363837161732157e-01	5.844649798359583537e-01	2.187249577597280281e-01	1.628033161537161544e-01	1.675543209389486476e-02	3.592715095932195735e-01	1.078882330735844025e-01	-6.706630791615222908e-02	-7.383630804024092498e-02	2.617336398025942867e-01	-9.098671322103288328e-02	2.348015122376019281e-01	4.159276302263728575e-01	2.430349419944637102e-01	1.793704790510070590e-01	-9.802108295304159946e-02	1.542886123395642572e-01	5.992377429901253605e-03	-1.277291588130821387e-01	3.411450552396304570e-01	1.217439522060880519e-01	-1.004380350568289948e-01	-2.355601509159697959e-01	6.370263368756914901e-02	7.418204721431954918e-02	6.164939713951787109e-02	1.854223666204252996e-01	-1.730858755604769428e-02	-1.558420594911246182e-01	2.262239036494010924e-01	4.992195095531082316e-01	-1.121152467569753036e-01	3.541785396011490894e-01	2.704853083861306073e-01	4.217064265842790927e-01	2.949349529907113743e-01	2.389667863588860186e-01	3.214832335016318265e-01	-2.567158089190271220e-01	-9.734744335562812989e-02	-1.693696930681056478e-01	5.100132193528120750e-01	4.469059759985143376e-01	4.989802174311136485e-01	4.394555487678617478e-01	2.072496418857832159e-02	2.605094569137585969e-01	1.195300133429015588e-01	4.098862576266757984e-01	3.691156927517388331e-01	-1.721890388379194170e-01	5.469903086159205036e-02	-1.681036464106726025e-01	-1.616554489397384886e-01	-1.323881523377161695e-01	-1.972724478889048005e-01	-6.896447543857572859e-02	-1.006672866524861154e-01	-1.275657425579716439e-02	-8.704261284405612198e-02	-4.527523058287771102e-02	-9.320972369267865876e-02	2.390610093479174098e-03	-3.329533505544251537e-01	-3.420129923944142947e-01	-3.685409886630627851e-01	-3.616374977686191983e-01	-2.895107055269037222e-01	-6.538512481144601041e-02	-3.029348171170876403e-01	-3.555858956641794189e-01	-4.961911825007588317e-01	-5.782096500239702896e-01	-1.048347086266886719e-01	1.114291253615455612e-01	-9.883493321441964852e-02	-1.897972493257354676e-01	7.842042274940269619e-02	7.413855481426295801e-02	-1.164668307366984040e-01	6.097933918771890338e-02	5.982437460846620758e-02	-2.350363204260149941e-01	-2.943755357109100190e-01	6.194421909879056776e-02	-1.854144712769292269e-01	7.660683830434350354e-03	-9.169764225269844138e-02	-4.133544751954576491e-01	-4.698850522008608532e-01	-2.599283805030758732e-01	1.098666969009919475e-01	9.944833136956965358e-02	2.716003653951962749e-01	1.287408811528976682e-01	3.165660912924051495e-01	-7.633656679420718072e-02	-2.886062860966728261e-01	-3.296444192623150249e-01	3.362656396543427934e-02	2.187183745875359298e-01	4.057693025217656291e-01	1.998910761748953491e-01	3.561070521643932008e-01	2.522515005926102005e-01	2.420625522251374645e-02	6.602174766601267564e-01	1.000000000000000000e+00	5.172857483597780304e-01	4.557349446625255096e-01	4.229212633120771891e-01	3.628963566931678320e-01	2.422626565014250888e-01	5.449185932325997794e-02	-3.673805308485280502e-02	1.461071929043593065e-01	-1.652339522307688102e-01	4.100277441991384553e-01	3.346246784032638200e-01	1.666649762922453940e-02	3.222376666278168322e-01	1.279298906942065717e-01	7.087648877890652399e-02	8.988859252476895378e-02	4.842091878296928692e-02	1.390860475962996390e-01	5.251820959041587633e-01	-1.298481009797915198e-02	1.854588326638012263e-01	6.062569688447445176e-02	-1.611494365511805527e-01	-6.233703607512421779e-02	-1.522266601694435284e-01	2.938270632876548438e-01	1.167386324311571813e-02	2.218069072517037665e-01	8.123847488770528924e-02	-9.136702970306580240e-02	3.972814739980550791e-01	2.659911645606896635e-01	3.905254381667773167e-01	-1.417967470878455372e-01	5.980285728022205483e-01	-3.136859329323207768e-02	1.799146910209194761e-01	-4.083308524961242608e-02	2.466941242169194970e-01	3.015483181010726321e-01	2.855873334130412666e-01	2.908087851630039578e-01
-9.057892241681966827e-02	-6.802716318744646273e-02	1.402710972131196165e-01	-7.632398630266255812e-02	-1.946963056653980284e-01	-2.028302130264754977e-01	-1.325374695961330507e-01	1.283334655942326430e-01	5.200643856357486938e-02	1.259607453649073672e-01	8.717286333365166506e-02	2.710528127625884756e-02	-2.893664500460874645e-01	6.882501061490266248e-02	-2.262010105713838648e-01	-2.941152503104964566e-01	-2.438782534213827791e-02	-2.889378670913731462e-01	-2.520164243958411543e-01	-3.306210140503295647e-01	-2.482733744244196850e-01	-2.773217980876931804e-02	-1.062581906478574645e-01	-1.655649709827395066e-01	-2.207323026864157767e-01	5.628281758308809751e-02	-1.312447315289454186e-01	2.069834821098540459e-02	3.736904105957319921e-02	-3.845340358815280829e-02	1.153368448787666506e-01	-2.570148316197193861e-01	-7.474201112132630720e-02	-1.568851315564040450e-01	-2.599518049467055766e-02	7.339903858316550178e-02	-2.550474776791995107e-02	-2.760833634927682967e-01	2.616936546034155653e-02	-5.387858190033460032e-02	-1.724356749657909582e-01	-1.571161220002032233e-01	6.519111499668868437e-02	-2.320825866375305357e-01	-7.652709238178351248e-02	-2.705600100930460328e-01	8.981375478961375891e-02	2.960812489215947085e-02	-1.522352709259559289e-01	-5.016185144017099029e-02	3.982109997811566493e-01	3.333154947426538173e-01	6.477226616955732152e-02	1.707851722281643336e-01	1.159638220723022556e-01	2.478089053078089965e-01	6.618322534087098252e-02	-3.849229639534783309e-02	-1.543295344460967333e-01	6.121078017385007258e-02	-7.107159551114924922e-02	1.310464237999630077e-01	3.213712097011879321e-01	4.237608403687906367e-02	1.313371362807191634e-01	-8.817534358888334811e-02	1.195938517898704895e-01	3.680138563972475130e-02	1.065433877571718702e-01	2.929094648947371815e-01	1.782843855765362528e-01	-1.682031576674794526e-01	-2.923711003640517281e-01	-5.021543210289970693e-02	6.451422023095362834e-02	1.977026124713274768e-01	2.530243897544434128e-01	1.820102226232625242e-01	-1.597440483402950695e-01	4.662834254029951109e-01	3.688605855602857808e-01	1.092460795533583273e-01	1.750101970465518242e-01	1.407351944263980081e-01	2.976235959977624468e-01	1.669097147530640979e-01	2.321360723691235917e-01	2.808657198766597030e-01	-8.134183654264956487e-02	-5.642720010930167562e-02	-1.249317236116658514e-01	1.873519347722250872e-01	4.060358297207573575e-01	3.228465828005805949e-01	2.250736499304374083e-01	9.224839727157153890e-02	2.497804058101365243e-01	1.057833932256352638e-01	3.498394424527609958e-01	2.719562685585472095e-01	-1.283583311703752616e-01	1.709820004621760356e-02	-2.471412290169697906e-02	-3.915771827477203954e-02	-1.763928058330121729e-01	-1.624827731397522068e-01	2.277782712211595950e-01	1.369409459743239632e-01	1.920888902215953098e-01	1.131892317637834683e-01	9.647858768531794582e-02	8.249541198116909502e-02	4.792775662101205619e-02	-1.887230372374317233e-01	-2.830201724573671029e-01	-7.310375141165928459e-02	-1.936650908697148399e-01	-1.381213571157472730e-01	-5.323262270718771665e-03	-2.629979091287638626e-01	-1.733132066147892725e-01	-2.928475769501550086e-01	-3.171240616416032276e-01	-1.225685025939909495e-01	1.327981789405703883e-01	-9.323630232327134726e-02	-1.781720611909932694e-01	-5.748803521622244950e-02	-8.705276714096076007e-02	-1.032095277534030159e-01	2.233450340352910457e-02	5.273193355452609338e-02	-3.110897163739620996e-01	-2.100120388145821637e-01	-8.984189111733111022e-02	-1.590601880050185324e-01	-8.915753258155328931e-02	-1.257733282537216168e-01	-2.639898236589586777e-01	-2.556855171734480070e-01	-1.402299367182092138e-01	-1.012080464924552670e-01	4.062638500822398496e-02	-5.170814468800102176e-02	-8.104491780402080237e-02	-1.101721275370565016e-02	-1.398724670805813752e-01	-2.522850594640294597e-01	-1.961980269406088384e-01	-1.462775958498964413e-01	-1.701302352714905916e-02	1.303515941320171345e-01	4.919832972230132884e-02	1.150962782846387533e-01	7.694396982687611020e-02	-4.708080014764735345e-03	2.739565884335395940e-01	5.172857483597779193e-01	1.000000000000000000e+00	2.143615419981868275e-01	3.714581723974719196e-01	1.739016677643255848e-01	1.400168906492013643e-01	6.695929805613354269e-02	-9.551581906419361057e-02	-7.132182250385545041e-02	-1.362333896536810640e-01	9.980507917435044174e-02	2.290101911465863560e-01	9.030110521582980498e-02	1.461752307908387449e-01	-1.010573586274946499e-02	-5.373788032813798382e-02	-9.847992900754665158e-02	-5.228298115445931260e-02	9.460721216151582458e-02	2.540435814226251754e-01	1.141220218793275176e-01	1.072288875858568857e-01	3.771558317396148802e-03	-6.460963375218402305e-02	3.654418700227840110e-03	-1.262517465388499349e-01	1.238110410166693293e-01	-1.434569130289413963e-01	1.828929845654533592e-01	4.367661692503588822e-01	-2.559354860903032686e-02	4.140325637178441376e-01	1.971228384761450902e-01	2.814338020174926291e-01	-6.061940767683945269e-02	3.451211764848295394e-01	-1.146888826681124463e-01	2.664901896518319102e-01	-7.040688884004824011e-02	2.445868616011262764e-01	3.521026940941413552e-01	2.873229027298178084e-01	3.008262938080785154e-01
-9.413431989190722271e-02	-6.066402734736401486e-02	-1.504391316430702188e-02	4.419271247999252694e-02	-8.690037135258484036e-02	4.949811476915844805e-02	9.246646057972257582e-02	4.801404380357018886e-02	8.108688140159954483e-02	-8.516426795861899157e-02	-1.677875723515569184e-01	-8.002556286768762461e-02	-2.944986551827657451e-01	-1.927932281269476023e-01	-3.273260364339486972e-01	-1.679935536890629910e-01	-1.650807872537518317e-01	-1.554469978651364936e-01	-1.953004880190734871e-01	-3.295164104091542479e-01	-1.269179273876315794e-01	-2.731346862322767688e-01	-2.523124343478762577e-01	-2.534561175433775460e-01	-3.065137080954090099e-01	-1.857040939347857911e-01	-2.198843126963285488e-01	-9.442850475945990807e-02	-3.676410463915819743e-02	-2.967935254096629692e-03	-3.207967341776118281e-02	3.026259251813388437e-02	2.082203163645079957e-01	1.436300823698111462e-01	-2.032655821310531963e-01	-1.522044461056265563e-01	-7.811999307502374978e-02	-9.590220396488036148e-02	2.898293507511103817e-01	-3.087672979732038470e-01	-2.774655418455458378e-01	-1.823370201249265299e-01	1.212935232835732173e-02	-3.013188792796918092e-01	-5.751848821573550541e-02	-3.824047551080015511e-02	-4.228317722648657073e-02	1.853669341181425068e-01	-2.813369189547567858e-02	-1.042993739038270834e-01	2.088539486752846175e-01	2.964160992277349305e-01	-9.796315303149085579e-03	5.124579114236846311e-02	-1.078586772583985942e-01	4.591937824297567805e-02	-3.788537351544329912e-02	7.523352907415096699e-04	-1.057307167131751047e-01	2.345695874828279404e-01	3.393041027154709566e-01	2.150460929910586252e-02	2.563036607677506296e-01	5.789698242337116413e-02	3.065815621338242591e-01	-1.512361336802003353e-01	-1.443337073224438272e-01	1.412663989150251542e-01	1.124076713412582446e-01	1.670732068011617499e-01	3.582603612864462272e-01	-3.464361879788290660e-02	9.258311947798666952e-02	1.410918468910383194e-01	1.819617660976881601e-01	8.356570678063197921e-02	-4.400968778461935432e-02	-9.313846709403375557e-02	1.805863755324980391e-01	-8.082313868041070271e-02	5.073724505766823434e-01	-5.634532101756040828e-02	5.823589437914013234e-02	8.688421060471945845e-02	2.031763251340732435e-01	3.630569454550496289e-01	2.771671654471033475e-01	4.650515471875950671e-03	-3.085184818537253237e-01	3.494219622203870168e-02	2.811217472096488174e-02	1.657174641758264733e-01	1.138229393729780353e-01	1.929172834934723135e-01	1.653509671849673346e-01	-7.371773527634507828e-02	-8.168970694021729373e-02	1.015741064641445951e-01	1.975433439672503733e-01	2.858531661133600354e-01	-8.775842999532715294e-02	5.128116225038739651e-02	6.049542148717750034e-02	1.278713249371177599e-02	-8.942874426674253183e-03	-8.267961354827180545e-03	-1.553355257125603461e-01	-3.206659618261406552e-02	-8.727297131852491952e-02	-5.988924992737209435e-02	-8.234691446140846027e-02	-9.444809439339280077e-02	-4.405279014433983176e-01	-1.825459443216475852e-01	-2.429523955593273499e-01	-2.637071560176502683e-01	-5.893911112420210374e-01	-2.219268631122859048e-01	-4.430703800714462237e-01	-1.454030289712153756e-01	-2.633843329424525592e-01	-2.843685450287941063e-01	-3.983267664046902801e-01	-2.109120370721910276e-01	-2.077497185171661015e-02	-3.609523623154928806e-01	-3.732312212913544425e-01	-3.122405104873630100e-01	-3.387853221102495871e-01	-2.045303713870874618e-01	-4.104982240626858098e-02	5.994639339482616541e-02	4.616338522177812487e-03	-6.259712893326466188e-02	1.248136689415340998e-02	1.044371190467859450e-01	-5.454806943835442956e-01	-5.301264121669502227e-01	-2.022215058369978072e-02	-3.763777106504390124e-01	-2.560200099389792761e-01	-4.550954330460397212e-01	-1.455243965017545271e-01	8.860190536143885964e-02	-3.160020160271913292e-02	-1.139787941412483685e-01	-4.427326712501011841e-02	-1.569196364612939210e-01	-2.149716689331721275e-01	5.976318793804604595e-02	6.447955734215930768e-02	4.186927619933945161e-02	3.072418537254295590e-01	2.351361982765739767e-01	-6.126244965090998744e-03	1.366950231254134007e-01	4.407824072208961219e-01	4.557349446625255651e-01	2.143615419981867998e-01	1.000000000000000000e+00	5.434094461007103055e-02	2.487338660094125242e-01	1.511054055456574896e-01	6.599611017246502509e-02	9.207079368084725157e-02	5.443168672059056634e-02	1.949004615626874493e-01	-4.123293995730522438e-02	1.326680726761706453e-01	1.209455629883701422e-01	2.218913905769191175e-01	-6.793639730501336259e-03	1.909253273981516563e-01	1.052218309708654181e-01	2.377480777756451336e-01	2.757564763050803780e-01	3.193316011817014521e-01	2.715312967687994461e-01	3.062180754448691755e-01	2.796714084899254993e-01	-8.631374103369685025e-02	9.809546433935709131e-02	1.322182787754796196e-01	2.758007616265277240e-01	3.213653702596583339e-01	1.290182379324649464e-01	7.510032847575683068e-02	-3.992506761062817634e-03	3.782270800910411679e-01	3.140022924013865513e-01	1.093712269074407911e-01	6.191471521723435067e-02	2.998329468009925947e-01	4.468070048274681849e-02	1.401454481032892233e-02	8.129958068759182005e-03	3.595626922644576395e-02	9.271783591439058947e-02	1.129370395642863706e-01	9.936405274558472722e-02
5.320602444473331027e-02	-1.521150917597055008e-01	-2.485119400126527267e-01	-4.694013981577073447e-02	-4.747572469517347821e-02	-6.270303557599302136e-02	-1.743643468267759011e-01	-3.913788410140824764e-02	1.184146754764151127e-01	-1.128690586254731398e-01	-2.589396380087912730e-01	-4.684727283620747362e-02	-3.956190832716036665e-01	9.526600260474069048e-02	-2.826926822057244659e-01	-3.915214134041373195e-01	-1.697340805100909164e-02	-3.978696597177957539e-01	-3.816578799881842898e-01	-3.241436502207363790e-01	3.288437587522988204e-02	-6.778584728853692676e-02	-1.183253024771947631e-01	-2.422325516600830168e-03	-1.046433407866072529e-01	3.161705595774109145e-01	-1.831205705217952007e-01	-1.370537266587703029e-01	4.786497661840491968e-01	2.796460461110788498e-01	9.613702197768533853e-02	-2.609072598193410419e-01	-3.030813687761582109e-01	9.806475721915630661e-02	3.726641048219619390e-01	4.470156285989669853e-01	1.970809370124300963e-01	-7.718210385168668142e-02	-4.821508864923251814e-01	3.054090566524347850e-01	-2.730410463155108491e-02	1.192092033596250794e-01	1.307069391394048985e-01	-4.300134959805326784e-01	-4.701795009748176435e-01	-4.747295683645097464e-01	7.562865847431750332e-02	-3.520923439164559965e-01	-4.783368074375018292e-02	-4.590660741262451161e-01	2.456168407559264077e-01	2.988066241764169018e-01	4.226053808411327495e-01	3.594212294482098113e-01	2.405690219942004104e-01	3.619106657027325036e-01	2.845326467767910761e-01	-5.988095996987261027e-02	2.173130898668391708e-01	1.656750738654405031e-01	-3.581856308250365162e-01	2.271278707165551858e-01	9.993313253895590512e-03	1.784348407394089064e-01	-1.058466340703564240e-01	-2.401543465554705770e-01	2.932980004145784858e-01	-2.388832906886471097e-01	-8.192748855625006654e-02	1.210294140197792634e-01	2.198548316780405895e-02	-3.776341066095140753e-01	-2.491102846476341282e-01	-9.701532098840144613e-02	-8.464698308246512704e-02	-1.545329757486781780e-02	1.510566797556152085e-01	1.067943378121840731e-01	-1.979749201417085602e-01	2.538912459497069674e-01	6.822949555779786457e-02	-3.324670267022444281e-01	5.762302075348753050e-01	1.714514078002374320e-01	5.717273186555211772e-01	2.453386649199073080e-02	-1.473507950056062998e-01	3.686863168309367222e-01	-1.920913706521696187e-03	-4.309903812886368146e-01	-4.221351371699149091e-01	1.852053686134617350e-01	3.782114857800831786e-01	2.108452389191596554e-01	1.862421833896257539e-01	4.513168001995010448e-02	7.445088767013754993e-02	3.195558598015397211e-01	3.794421807771770072e-01	5.509738290664098481e-02	2.560136752682291850e-02	1.960128497120298130e-01	-1.714396010725465491e-01	1.933291103719939931e-03	9.924224933850352148e-02	-7.619682645637848584e-02	-4.053643428161778778e-02	1.954643774229064546e-02	-9.243292269015074281e-02	-5.128622223905498351e-02	-4.367044801680890903e-02	-1.428381967674988151e-01	2.430531573801569534e-01	-5.223982272059726206e-01	-2.407229354595780968e-01	-2.822549575675143418e-01	1.244090148722062777e-01	-2.657124940234296129e-01	1.149896254187417755e-01	-4.099313524692281829e-01	-1.941109428327156827e-01	-3.698820547515167534e-01	-3.094432925147015956e-01	-4.813013769624868016e-02	3.262588033226580531e-01	1.947961201969224815e-02	-2.045131692757441721e-01	1.527073881033171598e-01	2.532850145422495536e-01	-1.226448028280828356e-01	4.668366027654141104e-01	-7.824364283482614438e-03	-1.694926550178901536e-01	-2.461824074238483928e-01	-1.895614165294867703e-02	-1.862682315249616360e-01	3.491706501985887834e-01	2.905664293471276749e-01	-2.539833523600648069e-01	-1.460103626489771544e-01	-2.513265121422471604e-01	2.332506991089740300e-01	-1.139448710114148167e-01	2.301076266206202314e-01	2.380572923849165121e-02	9.220184470971654056e-02	-3.876878276223864606e-01	-3.012209062664877313e-01	-3.561318364177433748e-01	-4.125213539598321932e-01	-6.689040328896524168e-02	3.376532069145839476e-01	-3.362832009313362208e-02	-1.053272461366367430e-01	1.998953953813397549e-02	-4.678594389473271220e-01	3.091475334790490526e-01	4.229212633120771891e-01	3.714581723974719196e-01	5.434094461007102361e-02	1.000000000000000000e+00	4.627563106174606977e-01	1.733078927069646724e-01	4.296100140206678963e-01	-1.106363680296309909e-01	-2.260052207665111477e-03	-5.959468164347796471e-01	2.017227897753889054e-01	1.092572931885755078e-01	-2.582786316164303875e-01	1.716999678945762275e-01	8.562533560680794797e-02	-1.197234909789591240e-01	-1.627658673407901546e-01	-2.239489232297817711e-01	-3.488018784802386363e-01	1.148114796692206591e-01	-3.678832454574966493e-02	-3.909576467211165474e-01	-2.914557111359577513e-01	-4.182066291096738775e-01	-3.034288160696053116e-01	-1.527157473705318402e-01	-7.591830730596263108e-03	-3.970434063686100745e-01	1.983045700105253578e-02	-1.781583594579602969e-01	-1.050237149194364339e-01	1.920267492861592040e-01	9.842934170418124462e-02	5.642542524500528955e-01	-1.604399357624290701e-01	1.665186520352124888e-01	-7.766548992440608368e-02	-2.708354742219298839e-02	7.999826563132489410e-02	4.281202514362482670e-01	4.935867615658614538e-01	2.680561753978358275e-01	2.422876423786074762e-01
-4.793623590744653523e-02	-2.509554614372485615e-01	-3.163688218312813993e-01	-2.025043502272445839e-01	-1.596933093247992694e-02	-2.256349145501123504e-02	-1.314919593777517659e-01	-9.615418390831062534e-03	-1.847885100799973729e-02	-1.501032653917992177e-01	-1.953155868138537754e-01	-6.369469419099776930e-02	-3.331825587679865253e-01	1.324539822583876425e-01	-2.226893012380317949e-01	-2.016424864338375589e-01	-2.771542062718644270e-02	-3.570939725073404292e-01	-3.316609336711325851e-01	-4.180670727235725193e-01	6.182844298439135050e-02	1.063596995592162309e-01	-2.039776787019531301e-01	7.058781411197281169e-03	2.696637057157873912e-02	2.538817713602282145e-01	-2.341483348647230844e-01	8.136865180295066446e-02	2.893193924615135026e-01	1.001643516745074486e-01	1.028695156665934141e-01	-1.526692957872708700e-01	-3.184080202478197646e-02	3.257755373171769553e-01	3.908059195115723417e-01	4.522373307449855107e-01	3.433077369260945089e-01	-1.763816042787629823e-01	-2.089344061171861944e-01	2.936086870522691683e-01	-7.268285384309244868e-02	1.316970964961546864e-01	1.214155058906954965e-01	-3.044056712006803500e-01	-2.468998809694785135e-01	-2.533187334004922131e-01	1.857427246989042380e-01	-1.417817740424644202e-01	-8.439483203197659100e-02	-3.790962512966670195e-01	2.985560489952268637e-01	3.861755974824941928e-01	4.762781335306983665e-01	6.044330696501882816e-01	-2.972232135400631678e-02	2.030466020865806243e-01	3.143841638376715930e-01	1.010501393931081543e-01	2.902138627917968394e-01	3.278380232991123244e-01	-1.084014150963346634e-01	2.655164899550309654e-01	9.861086421457641860e-02	2.249023463898039144e-01	1.068685049403038378e-01	-7.630120372340921941e-02	2.256242548981735596e-01	1.521436664490796210e-02	-1.280706526721805127e-01	1.318505947172196047e-01	1.902945255462698271e-01	-1.407282661604300211e-01	-8.739197603503573442e-02	4.234038920791149962e-02	1.038360270772014649e-01	1.315657324976205952e-02	1.253703610305789695e-01	-6.191607430705946963e-02	-8.078314708083349227e-02	-9.787239897181663692e-03	2.967834280866074037e-01	-1.160763629210058434e-01	3.429876512580114500e-01	3.116720783520918192e-01	4.156876030572703717e-01	2.371295049883841988e-01	1.116856504910612308e-01	3.596945140740011593e-01	-1.916676071085925970e-01	-4.415614430662056500e-01	-2.797581527758533637e-01	1.874620408324303988e-01	2.345879117157484706e-01	2.136457150215557987e-01	1.096953700909312213e-01	5.153350577426912826e-02	-6.830677588582909077e-02	1.754538417856008059e-01	4.124702264586115885e-01	2.451160509613376504e-01	-1.068286587747065003e-01	8.103398865016001040e-02	-3.935358754508848089e-01	-1.606574003972858766e-01	3.891666146405581284e-02	-3.256050748453667154e-01	-1.968267865786463289e-01	-1.383252103341670869e-01	-2.077389395247143111e-01	-1.495956448744099054e-01	-5.470719827354421361e-02	-8.889334912751023499e-02	-2.165130422019526796e-02	-4.141780362492099021e-01	-3.783339243451219192e-01	-4.644240124649537393e-01	-1.584940060549415441e-01	-3.937489264146074031e-01	-3.881499280596682061e-02	-3.557456753902792923e-01	-2.496821198205019243e-01	-3.143106683425581638e-01	-3.859928949485064154e-01	-8.849695933566373296e-02	4.456226885098575341e-01	-2.451493500812457482e-01	-2.069549112431726401e-01	1.045828553300006403e-01	1.762372327907499037e-01	-1.808237912181140938e-01	2.863427288287663242e-01	1.753894606073867074e-02	-9.412584585667053971e-02	-1.426004545456069639e-01	2.232392649144694929e-01	4.041091590622424012e-02	8.367222608910310222e-02	3.000350554917358484e-02	-2.720298637700131472e-01	-2.393815922084840397e-01	-2.527578648893797908e-01	2.248935188424192322e-01	-7.141441467238683616e-03	2.920685264827296290e-01	1.280044787091688674e-01	9.544218685541061564e-02	-3.544503790560376566e-01	-1.515499525583064167e-01	-3.364865000766574799e-01	-3.310838593339848757e-01	1.808004746545327501e-01	3.698267737960465595e-01	2.197305981277757891e-01	1.291058788376283628e-01	5.863406320887085826e-02	-2.080675420422851141e-01	4.837139196941957486e-01	3.628963566931678320e-01	1.739016677643255848e-01	2.487338660094125242e-01	4.627563106174606977e-01	1.000000000000000000e+00	5.147308325861749134e-01	4.431391943784320220e-01	8.513570774590824286e-02	2.536153664889128634e-01	-2.686967296190621579e-01	2.102265495514619442e-01	2.101353171497410688e-01	-7.368225424833829695e-02	4.080531155137656074e-01	1.785935748084227226e-01	1.327911470164590269e-01	1.533017820350628113e-01	1.125314872346704492e-01	1.886629607724861490e-02	3.157432467565379763e-01	1.753231275384538601e-01	-2.159664328089309082e-01	-5.595303717106236974e-02	-1.517314513161261424e-01	-2.743300514307648458e-02	-8.489212570641929689e-02	1.704925088317933712e-01	-7.166098608457464186e-03	1.651824952089956389e-01	-4.100057810356127347e-02	3.862391032062105489e-02	3.596344012034980442e-01	2.798906487100666363e-01	4.138407429671713822e-01	1.873997161680152762e-02	2.809684539100018030e-01	-2.567581420577941947e-02	-6.858907909005557135e-02	9.190027796811599259e-02	3.541832366234605178e-01	4.677747649813615571e-01	2.559556472514183389e-01	1.889355193592460458e-01
8.857933735292977673e-02	-1.076063218847569947e-01	-3.951495342693052137e-01	-1.059435301765353360e-01	7.631012206818992005e-02	2.242391205018357328e-02	-1.541743103855303665e-01	-1.417327754056463274e-01	-1.885406477001292935e-01	-2.621750545094565510e-01	-2.507726639227038645e-01	-2.549914211170267730e-01	-2.725749621743561169e-01	-2.167564784853151794e-01	-4.001678091958908445e-01	-4.142260829424713187e-01	-3.423483784862527135e-01	-4.308270848612463233e-01	-3.340516179527636687e-01	-3.663935367309187341e-01	1.736447601856938028e-01	1.127652784342077635e-01	4.376321539151054735e-02	7.117454124789919512e-02	-1.590565240296737404e-01	1.484766342766059011e-01	-1.816567074617901345e-01	4.023287176173514362e-02	1.937491265218549974e-01	1.952856915885806677e-01	-1.097204724459520109e-01	1.911326236767341147e-02	7.345044747463730372e-02	5.088031993105337492e-01	1.575147389613144044e-01	6.433894894728690861e-02	7.138706199275278441e-02	-4.199688893389015298e-01	-1.339366503603078018e-01	2.483162388980917901e-01	2.236203757626887834e-01	3.032256144110506146e-01	2.792882594302641408e-01	-2.419752941779075017e-01	1.779776158869078931e-02	-2.554125296976476056e-01	1.390678029851148967e-01	-2.093883183132420195e-02	1.427771333939499843e-01	-1.499577824647019275e-01	2.766983830082939688e-01	3.258061186704540590e-01	2.746946674918112619e-01	4.329694317462730591e-01	-2.532429977574746638e-01	-9.638946678292662287e-03	4.108066155179889156e-01	2.897744831324350345e-01	2.896121892856478031e-01	3.205566274592314135e-01	-1.322646874930619998e-01	4.067296512865646863e-01	1.142476665092768962e-01	3.875589960220450769e-01	3.419605215944221399e-01	-4.549363651344413145e-02	3.111454849795070032e-01	2.162814276704385641e-01	1.790994336326717229e-01	2.030262266394477488e-01	1.972696760848305086e-01	-2.605450036672370406e-01	-2.647451582225246458e-01	8.624377540457370261e-02	1.984741802586794945e-01	1.054971513243666142e-01	2.446285316798200299e-02	4.336018084211318985e-02	-2.218109654358391136e-01	-1.056208887489104298e-01	1.823478325241431330e-01	-4.497194147145945620e-02	1.106034263512423316e-01	3.156918910358039732e-01	1.227151179471445697e-01	1.764984541999410350e-01	-4.730604155840360814e-02	3.253532614258279332e-01	-1.491072524534684807e-01	-3.121754775048582453e-02	-5.304759965751902964e-03	1.064420921154116129e-01	1.996150658007523615e-01	2.025505635916750036e-01	1.987386732260470745e-01	1.437501848323979696e-02	-9.861897749764914067e-02	1.990088596351750339e-01	1.838237103171763698e-01	2.773404936767503645e-02	-3.292277233692630922e-02	-2.405177602868958930e-02	-4.076883483857983159e-01	-3.844853449384745959e-04	6.833294237511287894e-02	-3.567987813913046091e-01	-2.621726532462418380e-01	-1.906523345545672321e-01	-3.833804812561965036e-01	-2.345042945608590834e-01	-1.852409685451960331e-01	-1.663534418603510590e-01	-3.449586380877560088e-01	-3.923842366407362392e-01	-3.607912586530801491e-01	-5.823507066113543518e-01	-3.110904923073474770e-01	-5.273675820894755395e-01	-2.736771897147530219e-01	-4.793085061855529294e-01	-4.048739784114869789e-01	-2.710251633403285010e-01	-3.681830358800678438e-01	-3.107673132213111672e-02	5.113958666191534275e-02	-7.628253046076413635e-02	-1.873150753895758414e-01	1.343553705760031913e-01	-7.267512583189610076e-02	-1.620699563271419397e-01	2.936404329473936148e-01	3.638367614839038006e-02	6.822884699640667516e-02	-2.991214876926039934e-01	4.326970921694787142e-01	3.485375256853691650e-01	-4.333935615430758309e-02	-2.060508134516484124e-01	-3.022670917777924293e-01	-3.782499344859929780e-01	-4.225140052604724472e-01	1.146354295419134278e-01	3.064830950607048132e-01	-5.203944508932004109e-02	8.172867454514354257e-02	1.987012481288635279e-01	-2.087252465728265116e-01	-2.169597576062499145e-01	-2.745412467795035338e-01	-2.549672411113572679e-01	2.018096162250487546e-01	4.820536677473551967e-01	2.335293103862201569e-01	2.171074798824128016e-01	2.722657426845379036e-01	-5.834772761820269243e-02	3.425417313536305852e-01	2.422626565014250888e-01	1.400168906492013643e-01	1.511054055456574896e-01	1.733078927069647002e-01	5.147308325861750244e-01	1.000000000000000000e+00	3.738423740251594074e-01	2.463501053534408736e-01	2.368598903452980298e-01	-1.708663709934026831e-01	4.469960096702016994e-01	4.724928793131485394e-01	-1.280308801588465328e-01	3.066130213227833412e-01	3.433567753083093255e-01	2.405960998698555564e-01	2.580346660979001006e-01	3.935266513286366230e-01	3.092458965156665296e-01	4.688314580954469069e-01	2.239303747728842719e-01	3.460591992022012814e-02	8.446649179498962046e-02	-1.892106228328046258e-01	1.398318174200068910e-02	3.406867675994055406e-02	9.984473628394639755e-02	2.447919907707318266e-01	1.171612283902694618e-01	5.736020227730610765e-02	-3.453618175961058884e-02	3.282630453926194125e-01	2.557356674376246586e-01	1.784321521877968719e-01	4.006935891003718386e-01	2.521755381455113576e-01	4.852603398460576117e-02	-2.187314444398469060e-01	9.487964171457739793e-02	1.800663251442677915e-01	1.942891152924333675e-01	7.910837902321388171e-02	-3.340106702278329565e-02
2.687181326003914017e-01	-1.260706511581506373e-01	-3.764534160126357665e-01	-1.645348396243316927e-02	3.401319105753571326e-01	3.475319375601158556e-01	-9.182274972419218750e-02	-2.083555590298061810e-01	3.260948134343585880e-02	-2.740307851187644417e-01	-4.174151207778042383e-01	-3.675995158335350343e-02	-3.075109308424996413e-01	-1.025965242386145948e-01	-2.802078703302833262e-01	-2.542270312375226049e-01	-5.367794884649868675e-02	-1.019717116962816361e-01	-2.968125468003243728e-01	-2.467340139670380628e-01	8.709479011890386424e-02	-1.141317961576311518e-01	-1.806079176876935199e-01	-1.875062688198683714e-01	-2.588639194123305565e-01	1.777743804946452927e-02	-3.595365230033874537e-01	-1.707830936821586876e-01	7.061098581865280499e-01	5.479579265547167566e-01	1.094723712553370282e-01	4.676186776486304653e-02	3.566301266621865751e-02	4.835797488982367387e-01	3.029992672767676254e-01	3.875680843152669586e-01	4.188001121867824250e-01	1.486380776838629458e-01	-2.821054803510655296e-01	2.900564365189019500e-01	1.946456397786419656e-01	9.846304982217377044e-02	-5.446634225589413320e-02	-3.556347905389681818e-01	-3.141782004783151283e-01	-4.249027002498699246e-01	-1.438762554392932110e-02	-2.133328799085732613e-02	-1.358814236285055266e-01	-2.229814982565425097e-01	1.099125668232283498e-01	2.255651486257796434e-01	2.641354329474139284e-01	4.009172553115916138e-01	-3.247541206691224175e-02	8.200709289540021596e-02	4.442000203396331837e-01	-6.780690578113928065e-03	2.786730766155515737e-01	1.806934226339947103e-01	-1.353858818292724480e-03	3.917573599102063264e-01	-7.405016271299877384e-02	3.769422770272789491e-01	1.241669987746709114e-01	-5.700316575807256453e-02	1.170546657190294770e-01	-2.047219792306488317e-01	4.799372472945157703e-02	-7.941629963036496431e-02	2.815209876750784934e-01	-4.675681403350745446e-01	-6.008864817481751608e-02	-2.323342386604227150e-01	-2.074001382004899974e-01	5.603798383406947969e-02	-2.420655547978435296e-01	-5.220059002346921773e-02	-6.780618015546181765e-02	3.795527091521409824e-02	1.055926301885017765e-01	-2.110723034899730788e-01	1.445968729534449493e-01	2.552450309843497592e-02	1.602963285936520876e-01	-1.673959960097647359e-01	-2.838468399372533479e-01	2.443789334934998725e-01	-1.601596898949469439e-01	-1.666837320700210179e-01	-2.178091527215628431e-01	-2.096907433733053161e-01	2.474557500918993791e-01	-2.806143968793958082e-02	-1.130719981567390037e-01	-6.428090019910398523e-02	-2.477817741370784144e-01	5.686399160921153939e-01	5.154808220738986424e-02	-1.717564161351687879e-01	3.127035779248680258e-01	2.166061297538122155e-01	-2.602278421190435953e-01	8.161027223723327229e-02	4.060634541758501581e-01	2.798078750922898539e-02	-2.058444198613753051e-01	-1.286859808118814841e-01	-3.549783111307931449e-01	-2.429679724808842811e-01	-2.145655243257387490e-01	-9.717975178254119328e-02	-6.531581851903464631e-02	-4.070952562261616059e-01	-3.127048511751108761e-01	-4.037815029167224345e-01	8.814076285783173717e-03	-3.750158793110816569e-01	-8.150925184616984731e-02	-2.635812314287951930e-01	-2.327008297638509249e-01	-1.930271673518553499e-01	-1.821589502789330295e-01	-1.298612829654359480e-01	1.544573168303077781e-01	-2.556004020919871444e-01	-3.566030430739460244e-01	1.231535248241828057e-02	-8.908709562567736218e-02	-2.518330712970026641e-01	6.407715146339302281e-01	-1.504660969027075273e-02	6.449623188625235037e-02	-7.320633720392290267e-02	1.907181749740677057e-01	1.718035102983128393e-01	1.258909123524249718e-01	1.202926539479707013e-01	3.752400077328142680e-02	4.657182323118391754e-02	-1.812573456716422560e-01	8.243665901499619419e-02	3.334092083790078653e-02	-1.802345881267073888e-02	-1.853734052873781124e-01	-1.711709323733825172e-01	-3.951158938630351392e-01	-2.801554810036108178e-01	-2.965800855332947350e-01	-4.639484474977212947e-01	-1.466297983968417595e-01	2.853394306078088083e-01	1.285819427070011567e-01	-6.832874716088273293e-02	-1.829238236335372358e-01	-1.953463458315970736e-01	2.701405827560192097e-01	5.449185932325997794e-02	6.695929805613354269e-02	6.599611017246502509e-02	4.296100140206678963e-01	4.431391943784320220e-01	3.738423740251594074e-01	1.000000000000000000e+00	-3.423175749825433517e-02	-1.155432541984210797e-02	-2.676590657977742649e-01	-1.826874336412883911e-03	2.275224708641365723e-01	-7.461989562753282290e-02	5.439878021539312075e-02	1.816501835205935195e-02	-1.358260480339832932e-01	-1.702473046184662386e-01	7.411124227242132934e-02	-1.372290262012209328e-01	7.531622195238947548e-02	2.434272907985562118e-01	-3.405645245387233788e-01	-1.316602217523616114e-01	-3.978611722239160375e-01	-2.629155292884184925e-01	-7.579712470771918231e-02	-1.740462561369759686e-01	-4.336320286851527185e-03	-1.812648777570835534e-01	-6.110258943502747120e-02	1.264668398300121122e-01	2.199951825510053360e-01	-8.718744530213655419e-02	1.908188256926158233e-01	1.011864570420066001e-01	-1.113732353751713117e-01	-4.874620816258237732e-02	-2.140770286579934123e-01	3.263767683042531065e-01	2.187559685725344594e-01	1.640321846287744467e-01	7.420930585133649060e-02	-9.612202327829891257e-02
-2.728865808762496736e-01	-4.717381460472137022e-01	-4.534305558627161892e-01	-4.814369910197329183e-01	-6.332483658699759876e-02	-1.755098116683382059e-01	-2.483752695034167346e-01	1.455725879253311761e-01	4.851219276939424535e-02	3.915846178712933251e-02	1.635693828813501727e-01	-3.567093379796359293e-02	7.484478996015429819e-02	-2.430229179119157978e-01	-2.160233613325200641e-01	-7.430803103105805552e-02	-2.265456165163796387e-01	-7.597115268916523889e-02	6.286923401339976347e-02	-3.748464641573354822e-02	1.903024521874569219e-01	2.279129065903089460e-02	9.257644670970384404e-02	-9.464344450823383714e-02	-7.862418248377335550e-02	-1.703604410432350835e-01	-2.456429008019805349e-01	-1.710774933490232241e-01	-1.339597143903768772e-01	-2.643861101693353310e-01	-1.155062559004546574e-01	3.968275817881544154e-01	2.270909830801067786e-01	4.542630690212573485e-01	-2.456829760511517746e-01	-3.186481411154244991e-01	-1.960081499356897683e-01	-1.208430630217722374e-01	7.981259069048390886e-02	-1.948028487920499263e-01	6.197169581995789003e-03	3.739420650954280306e-02	-5.125519836219123715e-02	2.424858381935233315e-02	5.519690846058628031e-02	-7.042728983672728871e-02	7.902960814298126691e-02	-1.451661569549291264e-01	1.804997969517650458e-01	-7.703097930544008931e-02	-5.576804702440468081e-02	-5.377014847633079103e-02	-1.416981902075530042e-01	-1.702315914148213455e-02	-2.001883003833661578e-01	-2.775651617475667892e-03	3.692478620721924565e-01	6.090601604010507097e-01	1.426287349699702778e-01	3.090874320500655026e-01	8.894968687481380476e-02	-7.670500785437162072e-02	1.087163291627442491e-01	-8.685599342181532512e-02	1.390632684994393964e-01	-1.540864156391353323e-01	4.559256943418137364e-01	5.123089086159579031e-01	1.849979699700272651e-01	2.295199324568611143e-01	-4.734575543263835201e-02	1.685974637628286366e-01	2.149746967330761482e-01	-7.393699332607597818e-02	5.962198338083837257e-01	-3.327943213453739973e-02	3.613326918169326163e-01	2.270362571795818754e-02	2.586044030944097405e-01	-2.265609592002105765e-01	-8.345579120848753418e-02	-1.548117489168040761e-01	-1.436754146976368385e-01	2.666298246411070716e-01	-4.102370082904201187e-02	4.205939185380321854e-01	2.132330064175103346e-01	-2.028753682294032745e-01	-1.285657037247933121e-01	2.558286201101422352e-01	5.400864285529369951e-02	-2.147446466589704450e-02	-1.505339426014402349e-01	8.601389376931625752e-02	3.417733409702108233e-02	3.713103224226534937e-01	1.123275473745207753e-01	-8.872218655568334111e-02	-4.317290609763222570e-02	1.400115953054061613e-01	-3.780768074186297567e-01	-3.028439880936332207e-01	-4.993528383286852668e-01	-4.694651894181048335e-01	-1.774259558069136156e-01	-3.813314875103848700e-01	1.863288469457299867e-02	1.297902101985727863e-01	-7.016990101858144868e-02	1.813655130183857989e-01	1.945059576849295369e-01	-3.231995450831043597e-03	-3.638203206825191272e-01	-1.843259431377211877e-01	-1.198359339100532328e-01	-3.092775061906315459e-01	-2.283592953593456820e-01	-1.995868410334092624e-01	-2.189044203020211743e-01	-1.898603391368643700e-01	-5.045216183543699967e-02	4.161473087878340971e-02	-5.136807902765180844e-02	-1.367934457310224054e-02	1.045963860805168739e-02	-9.155123698397310550e-02	2.066755603172118760e-01	-7.963542277358666086e-03	-3.015787883327490371e-01	-2.666665493869913584e-01	-1.139488550320224419e-01	1.971842673482705199e-01	3.498323273035030545e-01	1.518293501048734173e-01	4.517578425199628711e-01	6.623199445002379004e-01	-2.975099854710045455e-01	-3.148971162448590544e-01	1.892170619799912190e-01	-1.360726820753292154e-01	-2.712533364691286364e-01	-1.239185895091459155e-01	-1.803501714897646005e-02	-8.696079050078783790e-02	9.351443075479429212e-02	6.273511124179255438e-02	-1.223396478249179874e-02	9.701319804988273177e-02	-4.872266619001175414e-02	-1.364705183732648208e-01	3.175940522662040744e-01	-4.243319403810392326e-02	1.907311475756022501e-01	2.002140937588874348e-01	1.349748658281696434e-01	-1.024237769415805438e-02	-2.049832590119550144e-02	-3.673805308485279808e-02	-9.551581906419361057e-02	9.207079368084723769e-02	-1.106363680296309909e-01	8.513570774590825674e-02	2.463501053534409013e-01	-3.423175749825433517e-02	1.000000000000000000e+00	4.273933994597693964e-01	1.790738156655149460e-01	1.831893753542063186e-01	1.494093978411220602e-01	-1.433425051406657935e-01	4.037618037159470541e-01	6.039587637923092833e-01	7.945557833137897319e-01	6.425895684057009172e-01	4.431853063149475136e-01	4.654479830704554844e-01	3.086585598683285747e-01	2.272669192897760759e-01	3.363901724738971866e-01	4.617582471565960245e-01	2.927451904768467728e-01	5.671754227352738820e-01	1.517416538779096588e-02	5.295119201911132611e-01	4.434326745934624725e-01	4.720902799361039182e-01	-8.617636226018605961e-02	-2.884617092631441282e-01	4.047276064947968877e-02	5.508480693185133781e-01	-2.640093309740538241e-01	4.389034867259495321e-01	8.895455412900811487e-02	4.619967571993895961e-01	1.513106354292884370e-01	-1.456681935361779368e-01	-6.068105097728030556e-02	-1.383499491789045577e-01	6.665310370291346875e-03	-4.752669827236449818e-02
-2.306724739828791837e-01	-2.821747046063605158e-01	-1.909727665414938103e-01	-2.935594244120823260e-01	-2.290165442198711931e-03	-3.857038542275930543e-02	-9.719995714004148191e-02	7.069188035804351011e-02	-8.530106391634595386e-02	-9.617110613843936340e-02	-5.285579231445124843e-02	-9.421548393399666044e-02	-5.968974423791658518e-02	3.243605611192906107e-02	-9.283298490158671534e-02	-1.161088374101122977e-01	-1.070098808834981374e-01	8.493005789097175795e-02	-1.397796862291991737e-01	-2.805240479109724072e-01	-9.496853850669145780e-03	1.902881147702452716e-02	-4.675442802237936291e-02	-9.892009680565239799e-03	1.541303067116341907e-01	1.368558202357762592e-02	-2.657883915975711719e-01	1.281866928309279841e-01	-3.817618331350850630e-02	-1.185097821937029366e-01	-5.180855940250876993e-03	1.691956495000570826e-01	1.901435970195887448e-01	3.550417797332867664e-01	2.080750640214448777e-01	1.676245556316551255e-01	2.810648474387779649e-01	-8.319044550919324488e-02	7.412382792725366598e-02	1.558746992608684157e-01	5.316252026944737891e-02	1.589822113294169781e-01	2.820412757977674989e-01	9.376989866171031585e-02	1.722079354597045101e-02	3.560013673271141682e-02	3.688172572626186585e-01	-3.087857702884126698e-02	2.494944864612090585e-01	-2.437029149055048582e-01	2.136679271245269796e-01	1.134955318394811896e-01	1.756064574529097311e-01	8.916057517066647287e-02	-2.923606794172842749e-01	2.647564064255734928e-02	4.709204041867735002e-01	3.193814286631907473e-01	4.232834186293745193e-01	5.080649739585711977e-01	4.299957170903646875e-02	2.360017773032269395e-01	1.600558147168994472e-01	2.622271569560604143e-01	9.091837202035478460e-02	2.480066664232603163e-02	2.983724577297746650e-01	3.155377041369195057e-01	-2.001967715625319888e-01	1.867260315931407733e-01	-3.758853589240825077e-02	7.790906009600657989e-02	-1.209535093420814056e-01	8.368724806767573188e-02	1.757158423315213769e-01	-1.253288249590608916e-01	-8.250979893421067635e-02	-3.416838956271243954e-02	-2.660452776829209109e-01	-1.732395460041328827e-01	-1.837464908587871718e-02	-1.900450700085586919e-01	1.903392080437351849e-02	4.068902741499760278e-01	8.321127398204901382e-02	3.017182396393312538e-01	9.384510306512021394e-02	1.192420942407249329e-01	-1.046651674367317097e-01	2.241121262431160915e-02	-1.579619056171964742e-01	2.498263117067702210e-01	2.738315235510176832e-02	2.748563713799114794e-01	2.777107062541841476e-01	7.300068535416924520e-02	-1.421552063429771806e-01	-1.618350349967195567e-01	1.231878472642573691e-01	1.220597513085846797e-01	-2.462355970032525099e-01	-1.693013858872050859e-01	-3.093480941585664556e-01	-4.435590669546873865e-01	-3.132403949013666533e-02	-2.879935213124519833e-01	-1.153367152753772829e-01	-7.586760572042398898e-02	-9.597897134420019238e-02	-4.430819587152775435e-02	-5.892704270096556923e-02	-1.279033229658827209e-01	1.773068928156901897e-02	-9.485834878302601414e-02	-9.512915613834709017e-02	-2.484016968533047653e-01	-9.641448327063661949e-02	-2.249123322643292178e-01	1.236975905878150844e-02	4.490945511168139420e-02	-1.612250317915805697e-01	-1.949083280438737020e-01	-2.419670108971299638e-01	-2.174545811848948573e-01	-7.494434237288702394e-02	-1.075972384568661816e-01	2.488827966085641052e-02	-3.532407807673920014e-02	-1.144018187301307637e-01	-2.711149647324138656e-01	1.574706221397391692e-01	1.939516777950880677e-01	2.819529995724064375e-01	1.238612589691203691e-01	7.513066692248731027e-01	4.563726195490594439e-01	4.098633224767820465e-02	1.049598271691825346e-01	-2.087844642573893628e-01	-7.467094549230338107e-02	-8.891421920009881519e-02	2.109986166946548891e-01	3.390513937838521841e-01	-2.914179190620637058e-02	-4.479554176595989395e-02	1.607892915529501587e-01	-1.611539580255534967e-02	5.546641155289932373e-02	6.487966499734106052e-02	3.603790464085758483e-02	5.491440514697284447e-01	4.452238174183277830e-01	4.165062667680250463e-01	2.241637271490478645e-01	3.831461563087775191e-01	-3.663829724939239585e-02	2.415451479863869599e-01	1.461071929043593065e-01	-7.132182250385545041e-02	5.443168672059056634e-02	-2.260052207665111477e-03	2.536153664889128634e-01	2.368598903452980298e-01	-1.155432541984210797e-02	4.273933994597693964e-01	1.000000000000000000e+00	2.540276455030163749e-01	4.813934569611409420e-01	3.483518823939174003e-01	-5.620934319105595073e-02	3.914210607901314476e-01	6.793061841800811518e-01	3.652649714686994620e-01	6.755958843076164122e-01	5.470237470787967515e-01	3.953687992692221376e-01	3.484654956879185139e-01	1.665804282427078287e-01	2.783067656436186699e-01	8.884293955984942648e-02	1.180768540930996480e-01	-3.971936038832703936e-02	9.756720440597861643e-02	2.434441805336828024e-01	1.906228887790994142e-01	1.752253939323498155e-01	-1.233086484946814970e-01	-1.302013401865626807e-01	4.581135907410862490e-02	3.885352040844784471e-01	-6.341981174399591303e-02	1.750589371929788807e-01	2.828816054852159034e-01	2.282782301729940067e-01	-1.255150034066906395e-01	-1.290162044740282288e-01	-1.105787063008421417e-01	8.136767685299624298e-02	-6.016952699058606552e-02	1.605627150146504353e-02
-1.595378983761037428e-01	2.073556227966379117e-02	1.016246198769720221e-01	-7.911468694060780349e-02	3.663949342615498844e-02	1.536417842739707385e-01	2.736997684000125886e-01	-7.786239590196980531e-02	-1.751102683866078424e-01	-1.358743219951835390e-01	-1.650092526899655382e-02	-1.894247299356075220e-01	1.798659009741365167e-01	-1.504774089566024431e-01	1.574745145372200839e-01	2.568352493988682594e-01	3.344733502226474725e-02	4.938965220647997256e-01	1.822141129269036208e-01	1.075998370765983980e-01	-1.461404005395443018e-01	-7.959793592569532061e-02	-1.676105424597296722e-01	-1.706426172407045638e-01	-8.095596240679044098e-02	-4.315865449047091018e-01	1.030897254934301233e-01	1.442909606797220801e-01	-3.889822280995506865e-01	-2.847953670346528576e-01	-1.262635642678739956e-01	2.980808605926553723e-01	4.407653538341189114e-01	3.164846175364822729e-03	-2.301731703919515371e-01	-3.334891809281284036e-01	3.495649628751176102e-02	1.356861728575621817e-01	6.880944104737709566e-01	-3.505414683991353031e-01	-1.098679075935766192e-01	-3.316573676150775807e-01	-6.407796859719297466e-02	2.869898668848737122e-01	4.299129129686561912e-01	3.658015974589689523e-01	3.080421512844657567e-02	3.455653409727869052e-01	-6.061872376899573450e-02	3.774724480844657837e-01	-2.128298396797107250e-01	-2.519006722934027387e-01	-2.721087500309461449e-01	-2.521708414291989886e-01	-2.262933277274870592e-01	-2.279164369426702474e-01	-5.917200750777426577e-02	4.722326129915236509e-02	1.543440504567229234e-02	1.638121404838706607e-01	7.028623749178650737e-01	-1.843557826091982987e-01	1.062950453243371868e-01	-3.959332761702938352e-02	2.821029699338647445e-01	1.602801385280892832e-01	-1.324780772025556941e-01	2.958166555600706404e-01	1.548217313450743760e-01	-1.563572197144993681e-01	1.716306643695472423e-01	2.006454475373047885e-01	3.783661106090214221e-01	5.214845774547147844e-02	5.886798604358358528e-02	1.945962327990154173e-01	-2.428157974581864886e-01	-2.175824301958548812e-01	1.931422925398587620e-01	-1.205991567268777792e-01	7.450428620311835360e-04	1.767209393440249965e-01	-5.091304065272247437e-01	-2.773711313917656338e-02	-3.562025242374022849e-01	1.207419950360203026e-01	1.593230060987562979e-01	-2.755300503984966509e-01	-7.176044449656204804e-02	3.803292851472925284e-01	2.768210357454259363e-01	-5.437715507538404269e-02	-2.590964914140040931e-01	-1.227848058278672855e-01	-1.135583904673904826e-01	2.443394495412371317e-02	-1.468275344389001758e-01	-6.422210175645122476e-02	-1.279702193131780907e-01	1.120630189171072377e-01	-4.507670257056879681e-02	-1.718302013607261869e-01	-1.983185013493126564e-02	-2.375328411974990672e-01	-6.160404223976001514e-02	-1.707451396089176149e-02	-7.043732551643561157e-02	-1.308856482806612098e-01	-6.215710726568936945e-02	-1.171077298523115207e-01	-1.352220072016623309e-01	-7.655596503584344292e-02	-1.672827787593945681e-01	5.065852413941951404e-01	1.262227988358760877e-01	2.641522476649099671e-01	-2.052931674374357529e-01	2.228821629442717944e-01	-1.323158984320365605e-01	5.709004101890395866e-01	8.931244286010593669e-02	2.128607136460753668e-01	1.262776450929778138e-01	-8.792129404746505672e-02	-1.783897745077305530e-01	-1.863690862661943060e-01	1.731346484993759663e-02	-1.436248234687419745e-01	-2.727252147701632601e-01	1.459016064226622833e-01	-3.189011262574830696e-01	1.507127439371734323e-01	2.706977570905558794e-01	4.180118644812781947e-01	9.889102326778143048e-02	2.840365830045601392e-01	-3.358146377569264929e-01	-2.709068877907230277e-01	3.504939346218531870e-01	1.418240255050083887e-01	3.845501851588697950e-01	-2.371140603145954207e-01	3.183257533878819379e-01	-1.229371579572699491e-01	-8.039306924029419876e-02	-5.460228746715375947e-02	4.521834912075135549e-01	3.015349038698678652e-01	3.739074455593101587e-01	4.597353788808729580e-01	1.688938838743484772e-01	-2.694954008692365122e-01	2.543768898184272653e-01	1.856743912472402502e-01	1.000663018735436643e-01	4.322172365970361474e-01	-1.362862062904516280e-01	-1.652339522307688102e-01	-1.362333896536810640e-01	1.949004615626874493e-01	-5.959468164347796471e-01	-2.686967296190621579e-01	-1.708663709934026553e-01	-2.676590657977742649e-01	1.790738156655149460e-01	2.540276455030163749e-01	1.000000000000000000e+00	-1.117460403443726047e-01	6.096456931030026088e-02	2.449172062622383128e-01	-8.907726998563630927e-02	-7.181385369297249230e-03	1.863005939532931532e-01	2.491547504214952358e-01	4.034510511929639831e-01	4.967056729190709174e-01	-6.865070407632734018e-02	1.709484382725273977e-01	4.889633433265356821e-01	5.929011097622338688e-01	3.805230607116592556e-01	3.662879696766278004e-01	9.576803385015797421e-02	1.440882206780807751e-01	6.381664831992838183e-01	2.559284298658629289e-02	1.967123996277022890e-01	2.206117767038264788e-01	1.757128880180713545e-02	1.440467675097772404e-01	-4.184062358271941617e-01	1.819316023413083128e-01	-4.076897494832716629e-02	2.136422240951199036e-01	1.424483483802261863e-01	1.681180640429940365e-01	-3.221329667684325604e-01	-2.433314270972757043e-01	-1.425404321026903232e-01	-1.347827503683000361e-01
-2.120395274758220955e-02	-2.362636552394340450e-01	-1.276095022798515721e-01	-3.071306671324241511e-01	-1.905865514715138487e-01	-2.213311261917750294e-01	-4.651573872564367107e-02	6.672834850403519535e-02	-8.053753060235992189e-02	-7.835237281197038328e-02	1.658455174168698559e-02	-1.945009765585828942e-01	-4.611328180586021092e-02	1.244187108041914652e-01	-1.531699022035616364e-01	-3.606733125889629021e-01	-2.284619706782832493e-01	-3.485318108399997894e-01	-2.884556614725752310e-01	-2.638271512484565706e-01	1.028516280146697798e-01	1.573202785430077577e-01	1.145383272927969071e-01	3.457298450363137099e-01	1.708428680039136838e-01	4.639157798608810057e-01	6.788254238980909183e-02	4.345617307878761326e-01	5.891480549396235084e-02	-9.627377096974902571e-02	5.189273396168102986e-02	-1.115955344377278224e-01	-1.810156808653255178e-01	1.128086563178099383e-01	3.805893379818237054e-01	2.842888761128382624e-01	1.318758190860065405e-01	-5.653344518581495670e-01	-7.611505282139181816e-02	5.397966513501994967e-01	1.232124467827897252e-01	3.987239726482183499e-01	6.043483338183305298e-01	4.893825574755219371e-02	1.298113650831676513e-01	5.717183035173724857e-03	4.544334349839933007e-01	-5.731959367995569793e-02	4.282317944113074315e-01	-1.526836170448135632e-01	4.766350345131783461e-01	2.538965318869128573e-01	2.457970185260748008e-01	2.270858270466757922e-01	-3.639776958236524695e-01	1.263824287219084130e-01	2.984411288614037816e-01	1.601941822611278876e-01	2.017580112963841543e-01	3.400735378069081882e-01	-2.860327797445869624e-01	4.141961320010009717e-01	3.253271709830796166e-01	5.142508071682443394e-01	2.257230195936223704e-01	-3.565014915640887794e-03	3.392544070741632667e-01	1.824154033319347890e-01	-1.233712667880007829e-01	3.488176714167410264e-01	-1.131813176076961608e-01	-1.194358130629728787e-01	-4.231808882287734219e-01	3.712578382787103115e-02	1.074054587519428228e-01	2.368536766477210773e-02	8.386293659395912398e-03	-6.553801335020113426e-05	-4.286252308843539471e-01	-9.597628247457865372e-03	-4.410112828622014119e-02	-9.059169737274500034e-02	1.911367532230110744e-01	4.407872338869999185e-01	2.217605511577124822e-01	1.718614140809577584e-01	1.425830889745994534e-01	3.769974473773143320e-01	-5.109487129135162863e-03	5.661877016944387442e-02	-1.672381215058068582e-01	4.199106790429271152e-01	1.461500194437623801e-01	4.721545368592299785e-01	5.245372626329090071e-01	1.491237572226686015e-01	1.995600727127485041e-01	5.590982296978121852e-02	1.660296984494469275e-01	2.299153096540856589e-01	-2.210992670231887447e-01	-3.767123465290035667e-02	-3.776993721888654010e-01	-3.013648977133016604e-01	-2.782814428630538961e-01	-4.496355495952278902e-01	-3.752531793428012796e-02	-4.935195047570792304e-02	-1.140370404981668750e-01	-2.838952992214161669e-02	-1.505580587116830699e-03	-1.078649598975773560e-01	8.191182940573832338e-02	-2.140237199885313968e-01	-8.939382131108714047e-02	-3.250055618963972326e-01	-5.424848833890100197e-02	-3.695753824901643614e-01	-2.404206738282814101e-02	-1.867734573609617643e-01	-3.254130352915973190e-01	-3.007147785182410216e-01	-3.594085625825767516e-01	-6.899918205636210167e-02	-1.212342530826291120e-01	3.007744456223372387e-01	1.836748761772146465e-01	3.202707187573472503e-01	1.667055316997517744e-01	3.323276157598418351e-02	1.845390046400453288e-01	2.171650076181525779e-01	-7.045271680759922217e-02	-2.722291242208315643e-01	3.865522613755544845e-01	5.254154498693570929e-02	3.735584734126248807e-01	2.329194863431560403e-01	-5.410841987584619206e-01	-3.845485254639104400e-01	-1.262058555542569793e-01	4.636979834680230450e-01	6.327848475960159425e-01	-6.119140350265658834e-02	4.256418502938998788e-02	5.658157461012646161e-01	4.865543089071912297e-02	-7.635059549174275095e-02	-7.055722519714750784e-02	1.477210511575237917e-01	5.665433586024770651e-01	7.202806903071110600e-01	3.890852491017086634e-01	4.371506046492303343e-01	7.196691373651039614e-01	-3.325071030332995420e-02	2.716589037630289805e-01	4.100277441991385108e-01	9.980507917435044174e-02	-4.123293995730522438e-02	2.017227897753889332e-01	2.102265495514619442e-01	4.469960096702017549e-01	-1.826874336412883911e-03	1.831893753542063186e-01	4.813934569611409975e-01	-1.117460403443725908e-01	1.000000000000000000e+00	6.685633034919487017e-01	-3.948796471515934881e-03	3.710690568265277989e-01	4.871298151158504064e-01	1.871970810072761948e-01	3.561244833710311419e-01	4.194041757122870528e-01	3.337986530263653551e-01	4.443991330669389561e-01	2.666180046092789593e-02	2.592057046993533342e-01	2.364325076613620416e-02	2.685767728263340620e-02	-5.791712388311047455e-02	-6.754685734339800629e-02	2.957583144991465240e-01	1.341223984716225504e-01	1.624719740708284177e-01	4.288888910258368409e-02	-1.184824443781638537e-01	2.270386260893720864e-01	3.013345703350194249e-01	1.484895547633624802e-01	2.557333967284201037e-01	6.421950368065805215e-01	1.481508487058023626e-01	5.633480166857364468e-02	-1.217376994725588024e-01	1.546016789342613551e-01	1.714352446933227747e-01	1.570472339669872208e-01	2.318618755353523964e-01
-3.603985561447497349e-02	-1.112083947428955250e-01	-2.015882576751174826e-01	-2.965915156822225840e-01	-1.280179634745876316e-01	-1.282991473355867273e-01	-1.529277618998516226e-02	-2.376754062699011280e-02	-9.223994230529267147e-02	-1.411958316728565421e-01	-6.909144842576285528e-02	-2.460271602286545622e-01	-6.530978173246188012e-02	-3.167935350682406920e-02	-2.379652692470773656e-01	-3.483807322914548865e-01	-1.605440051515333311e-01	-2.240934380806576809e-01	-2.146488889767473873e-01	-2.002980565923411782e-01	-6.786133183905981858e-02	-7.981519213453562578e-02	-6.367730706139496100e-02	2.073313442733211096e-02	-2.632318288455817376e-02	2.034179092977392578e-01	-1.063858488502298222e-01	3.093909298489707638e-01	1.907532018215611080e-01	6.448850009190687516e-02	8.927693923656007668e-02	-5.027505668880374173e-02	-9.680981769690885641e-02	2.839006858421628809e-01	2.315674066148244725e-01	1.808182771670728550e-01	2.346025698389411218e-01	-4.391706105908703139e-01	1.171876613308357462e-01	3.593078860732539237e-01	9.702947756592007755e-02	1.561990908722025451e-01	4.685488812002150394e-01	-5.381543500484704118e-02	1.085557650512646577e-01	-1.258107555033145808e-01	4.158347869427229115e-01	2.179957765822514437e-01	3.654619345339999437e-01	-4.560494171373721817e-02	3.927390794940662788e-01	2.062062191471769890e-01	1.873812025614748633e-01	2.991619968426895704e-01	-3.790391759106317426e-01	-2.916371949519704770e-02	4.150096386218991573e-01	2.435353008562619326e-01	2.961807298233272157e-01	3.971324626100341537e-01	-4.996036854216264617e-02	5.822625340664231430e-01	5.761682912593024675e-01	6.069217102111229556e-01	5.211532192611526559e-01	7.574769904732162051e-02	2.278748171146119106e-01	2.626918544551296586e-01	1.634637198755556353e-01	3.578554150648317056e-01	1.983023617870900701e-01	-3.022968893334487817e-01	-4.071562734457993549e-01	-1.017111184967705723e-01	1.640158331151542193e-01	2.584385457508827089e-01	-1.288900870882042082e-01	-4.668955114315536531e-02	-3.787460654000231464e-01	9.487184965052387897e-02	7.997587693083499372e-02	8.607549188987344280e-02	7.609246857362580996e-02	3.629687023166880411e-01	2.003133899306522303e-01	2.092985915793423579e-01	2.384153766101490546e-01	4.444966491595057634e-01	-1.209589310379972221e-01	2.211650350984817603e-01	-6.112340226255650460e-02	2.685261326699771578e-01	2.624589374549832210e-01	5.227461615887593060e-01	5.494566904102384797e-01	1.669600180675737677e-01	1.127475045588480218e-01	1.625937031880277939e-01	2.582230306702192335e-01	3.569520738572735108e-01	-2.219349947978250803e-01	8.474778341148657412e-02	-4.208691716243997960e-01	-1.280412307866145849e-01	-2.076455813110768545e-01	-5.257748773179019564e-01	-1.468220560120579166e-01	-5.761781227400032679e-02	-2.471971689674327677e-01	-7.473210680791329830e-02	-5.870777340297486657e-02	-1.543929702287591965e-01	-9.755197286448248628e-02	-2.390284425548291347e-01	-1.730005819232008635e-01	-3.020483652925505247e-01	-1.699009629937724697e-01	-3.938468210748197196e-01	-1.015012938676378706e-01	-1.454758154123442226e-01	-3.135747766826100791e-01	-1.763830180334285402e-01	-2.764579712588731142e-01	-2.533937728805127909e-01	-2.194172515258695222e-01	2.937737135133952973e-02	-2.018038451356312171e-02	7.001014287803168645e-02	-1.289419794242453732e-01	-1.072788217181149528e-01	2.559767403537663855e-01	2.408111177578861339e-01	-1.822199892345827688e-01	-3.187601344717699847e-01	3.250530135356726746e-01	1.062282812972856483e-01	6.459815235419305579e-02	4.260718001048679343e-02	-3.937394701318470691e-01	-2.849028969535832290e-01	-7.381471380720612541e-02	2.096505649994970244e-01	6.139372305659420714e-01	-2.086386192932579986e-01	-1.721762697960890209e-01	2.290159426540455123e-01	-1.101669042995035569e-02	-1.980012396062423852e-01	-9.812245137608574530e-02	2.275987598271904735e-02	4.266845007706920323e-01	6.757778392473398066e-01	5.225407061044841095e-01	5.100835840635424834e-01	5.368057810531605689e-01	1.615918441060597982e-02	2.425798599525303967e-01	3.346246784032638200e-01	2.290101911465863560e-01	1.326680726761706453e-01	1.092572931885755078e-01	2.101353171497410688e-01	4.724928793131485949e-01	2.275224708641365723e-01	1.494093978411220880e-01	3.483518823939174003e-01	6.096456931030026088e-02	6.685633034919488127e-01	1.000000000000000000e+00	1.458044643150844533e-01	3.122486261653250605e-01	3.500075706192264380e-01	1.679609566353968408e-01	2.550808731777234328e-01	5.782419895864288062e-01	5.410982755774620401e-01	4.452212811350460542e-01	2.973023804933234149e-01	3.426711985544431127e-01	2.237466760076639860e-01	-6.703600708654283702e-02	5.697727078882872803e-02	-1.248414805625570750e-01	3.107061148329158251e-01	4.088610844935378630e-01	1.892011859762347259e-01	2.644702227567199970e-01	-1.612638087430561711e-03	5.347118908024827144e-01	2.746473072470356214e-01	1.840187733715885066e-01	4.968534247326811815e-01	6.301348778472503076e-01	-6.937237848606076646e-03	1.561921783270092678e-01	5.495005108145134542e-02	2.602196171123087876e-01	2.145706765532055804e-01	3.342618259780879564e-01	1.707205751421648487e-01
-5.110426334077754207e-02	1.153267652270886373e-01	2.387923986962368350e-01	-7.747509674614433406e-02	-1.551633274101619775e-01	-4.327796715262793165e-02	2.935875872687415122e-01	-5.549666756348885233e-02	-7.130779973037637554e-02	-5.027231799143145469e-02	5.115616209776376738e-02	-1.517399975655543132e-01	2.092877997515139588e-01	2.198143840260690859e-02	1.233095894551078237e-01	2.717964652222304434e-02	-1.025686491243241738e-01	4.437974694786774033e-02	-5.281074208480937560e-02	-9.770754935061778945e-02	-1.058854913847530610e-01	2.164842095272871969e-01	-1.106498772621303528e-01	-6.749399927307971059e-02	4.717379094905205066e-03	-1.635880113250370305e-01	2.004102084084390112e-01	1.126523969411512421e-01	-2.908145471823765371e-01	-2.745923206633346658e-01	-1.741145688411791514e-01	-3.506916327944637618e-02	6.756106113362150833e-02	-8.910749578178815689e-02	-7.571581568056544309e-02	-1.607634771641529847e-01	-5.111437683950158239e-02	-1.521577140640267833e-01	5.032340635602673418e-01	-1.858930106485469635e-01	-2.811655974239251066e-01	-1.866853051736470093e-01	8.061643441213538208e-02	2.929533021736320797e-01	3.836959324938057359e-01	1.607193919204604471e-01	-1.165761523740856988e-02	3.489771135614783137e-01	1.347625225506629554e-01	4.484736934385610829e-01	1.611117486706024338e-01	-2.253655086575512626e-02	-1.117311708930835042e-02	-8.270519240276695550e-02	7.312455382273790050e-02	-1.006744200760369551e-01	-1.831388275572486957e-01	-1.145791422189577635e-01	-1.303943587218332478e-01	-5.758581965696186973e-05	2.325798941323544700e-01	1.046548224575532815e-01	3.490578741781865668e-01	1.365474351978292200e-01	2.392099995868850748e-01	4.941273738691063233e-01	-1.502795591651657769e-01	1.916015951205179979e-01	4.959196697762889572e-02	4.338705757921241385e-02	3.607381730693752231e-01	8.723013235021549738e-02	-5.833509171087623152e-02	1.961829960081506452e-01	5.328296929308878709e-03	1.608766311523100179e-01	-2.497936404879189110e-01	-9.787332439312412119e-03	3.042264274031131156e-04	8.742025855858337469e-02	2.431342971489096338e-01	4.576479387325019244e-01	-1.015906288194141499e-01	-4.323801800607052909e-02	-1.353058241057891742e-01	1.373063467529423709e-01	2.679937432829743726e-01	1.613964110821216325e-01	-8.866820870633063123e-02	2.538708458161678116e-01	2.947658343560098371e-01	1.327407536487920092e-01	-7.947950913009137197e-02	7.719207738407736497e-02	1.129289844237401641e-01	-7.092064281598053910e-02	1.670078647329274468e-01	-6.827682863836299909e-02	1.537679895058250146e-01	1.768929093515788642e-01	1.947166782242519198e-02	-2.696880121962179078e-01	2.115407550573929901e-02	-3.402876678744837929e-02	-2.116986213702941322e-01	-8.082419554097267089e-02	-6.514655894283485904e-02	-8.034201130100231125e-02	1.513452432085771182e-02	-7.752952889995422259e-02	-1.667821726501491630e-01	-3.272492582625597529e-02	-3.762884239583985657e-02	2.962132950482571636e-01	-2.161106663182578783e-02	1.594466034504274932e-01	-2.000702817400395461e-01	4.220621619622753895e-02	-2.347941047487989985e-01	1.485408050555110104e-01	-1.497508320462369313e-01	-1.072806585562678522e-01	-7.845178550307925491e-02	1.027645018656295622e-01	-5.936788546186222426e-02	-1.489885441519283281e-02	2.028088203477823506e-03	-7.534347912993197283e-02	-5.560540746111655719e-02	2.299287986546696971e-01	-3.478957251582935895e-01	-2.218305553064408298e-01	-2.248282814852918254e-01	-1.615357029176199832e-01	-2.010075098110873648e-01	-1.866511866180231571e-01	-2.060553745785180246e-01	-1.603812854568905100e-01	-2.014973784115637601e-01	-1.871912062888755057e-01	1.409920057940900473e-01	-2.571795471686279533e-01	9.724252291478222010e-02	2.488116575458124147e-02	-8.874319119196713568e-02	-1.024539360798659921e-03	2.861052931400261956e-01	9.873763796755576083e-02	1.355623515161586412e-01	2.137281280323599097e-01	5.727447902447158068e-02	-6.662208972223961079e-02	2.003236712549940346e-01	2.727767613085434473e-01	1.610626051362404054e-01	5.896722610018410027e-01	-3.723438490152665425e-02	1.666649762922453940e-02	9.030110521582980498e-02	1.209455629883701422e-01	-2.582786316164303875e-01	-7.368225424833829695e-02	-1.280308801588465328e-01	-7.461989562753282290e-02	-1.433425051406657935e-01	-5.620934319105595073e-02	2.449172062622382851e-01	-3.948796471515934881e-03	1.458044643150844255e-01	1.000000000000000000e+00	8.361052595111402586e-02	-1.452077429587824049e-02	-3.488750478008392081e-02	4.408866671786060981e-02	1.091359781511171689e-01	3.144312008923683122e-01	4.009402018989988159e-02	2.697916402482926079e-01	3.765884144739197192e-01	1.907315412409422151e-01	2.132422767241914097e-01	1.276667135933988173e-01	2.170451271937905435e-01	2.455778856301196050e-02	2.607397697688346727e-01	8.167209011250538275e-02	5.303181493936769408e-01	2.771557935881332480e-01	3.346171500965551271e-01	1.145072244942256512e-02	-3.597334193836871502e-02	1.153726241605124020e-01	1.987523242661568823e-01	-1.615653257369568663e-01	2.550423077565071583e-01	1.772700309275858921e-01	-6.504631687466817802e-02	-1.323169866352712915e-02	-1.374216767473800810e-03	-4.647541220247611293e-02
-2.082253634193846903e-01	-4.230511881976812827e-01	-2.591659865771095417e-01	-4.853557474939036442e-01	-3.483552863549198020e-01	-3.367900583811655468e-01	-1.784741304156858555e-01	3.665330580081616052e-02	-3.855037883065531856e-02	-1.594941304931246084e-01	-8.142084316902180319e-02	-2.050769596094798863e-01	-7.670404826846106972e-02	1.188408758864636511e-01	-1.439773164394884675e-01	-1.940244250001790238e-01	-2.362218733016187289e-01	-3.310236701512014879e-01	-2.833699872632229888e-01	-4.391739003555474863e-01	1.734532346692456428e-01	1.539411867550571911e-01	-1.223451735049114423e-03	1.114765636804537358e-01	-1.370586738447584496e-01	2.128821261538673681e-01	-1.153368598781833315e-01	1.553743556740820320e-01	-3.416960677996849077e-02	-3.316499167121020886e-01	-1.605322157920678061e-01	-3.245753442460428545e-02	-9.456427741436842366e-03	2.664662016829192348e-01	1.360549461493429091e-01	1.269039605473283316e-01	1.201123214298720557e-02	-4.511821067056339118e-01	6.349378207435434421e-03	7.999931326320119940e-02	-8.013201147849202677e-02	1.378940919847876923e-01	2.859007738117856356e-01	-1.950232607315431355e-01	9.198164390419195924e-02	-1.449063316850703609e-01	1.926613452173940866e-01	6.090387685478263619e-02	1.984253880310758722e-01	-1.257638691876103269e-02	2.858525219499430392e-01	3.558806699562313547e-01	1.656612724330440711e-01	3.010684516746195971e-01	-1.456075387235813423e-01	3.211622162634637512e-01	3.381145329299949376e-01	3.072297970979352422e-01	1.190426631540100894e-01	3.757091572686966918e-01	-1.331324653047679940e-01	2.005753368974244055e-01	2.594376950903092838e-01	1.171705044648535254e-01	1.946143206391401370e-01	6.114870231080046792e-02	4.788078415935111409e-01	4.239244669964029599e-01	2.065510105005712894e-03	4.737883727033299075e-01	2.782455829837293115e-01	-1.187419537590348462e-01	-2.509803717322370287e-01	-1.542796059070067338e-02	4.501756378482867360e-01	1.024445294913783749e-01	2.597171467997309025e-01	6.902695031560603101e-02	-7.950710238209068859e-02	-1.099178196315589093e-02	2.965795337730390280e-01	3.687102536089683497e-02	2.716712638787868173e-01	7.044617620305840822e-01	3.799228027713847378e-01	5.322806146553287210e-01	4.119002254810715802e-01	2.683250111499608792e-01	-1.099711483130893092e-01	-3.449283331618461373e-02	-6.067700158667080346e-02	3.240821868305225339e-01	2.050806174018172667e-01	4.348160991657773478e-01	3.298044769697798251e-01	1.859517622244643564e-01	1.174738146560940361e-01	5.008416842681378406e-02	4.295284502139359306e-01	3.440742918654041138e-01	-3.161184202892682871e-01	-3.455942197816304629e-01	-4.235241675707218656e-01	-4.348280153701042372e-01	-3.767715200776853846e-01	-5.162436627858110194e-01	-2.161096749889905230e-02	-7.226921624076107498e-02	-1.456678791155956998e-01	-6.272429742214394310e-02	-5.137852306595883795e-02	-1.064990971071837628e-01	-3.090333761314303582e-02	-1.938376659196143492e-01	-3.013883504207873765e-01	-3.232501452586770685e-01	-3.195454663898651404e-01	-2.636587346109510732e-01	-1.851507567173680535e-01	-2.471323666982380984e-01	-3.325840718878575464e-01	-3.300352296986871492e-01	-4.260599398121482362e-01	-4.673748997498747282e-02	1.277164150572329127e-01	-1.345295487998914574e-01	1.075956898749738933e-01	1.449399860343292823e-01	8.912361177060339201e-02	-1.677737710027290552e-01	-9.048791756284131627e-02	1.933656570234594529e-02	-1.350053111199653044e-01	-1.759519789101991749e-01	3.052517301118728987e-01	1.741028958629990964e-01	-2.577114792405108250e-03	-7.485622691064779122e-02	-3.914754232937610046e-01	-4.036861875439839986e-01	-3.015002328502062179e-01	1.031095495539514767e-01	1.154593710046860761e-01	2.815871060643785340e-01	2.392133386675706630e-01	3.108669304662970423e-01	-8.023677848819582570e-02	-1.135941839272269910e-01	-2.059346500711305983e-01	-3.135035093779286325e-02	4.230256523878010433e-01	3.185781702886386624e-01	3.782115240611955698e-01	3.304202828479597120e-01	3.033577629820309318e-01	1.479129571275409061e-01	3.519944748208030383e-01	3.222376666278168322e-01	1.461752307908387449e-01	2.218913905769191175e-01	1.716999678945762275e-01	4.080531155137656074e-01	3.066130213227833412e-01	5.439878021539312769e-02	4.037618037159471096e-01	3.914210607901314476e-01	-8.907726998563630927e-02	3.710690568265277434e-01	3.122486261653250605e-01	8.361052595111401198e-02	1.000000000000000000e+00	5.953971265391025947e-01	5.527546450899674113e-01	5.048780939587259597e-01	3.084167424192832963e-01	4.012702758684795201e-01	5.222429168015685352e-01	2.886537287591466328e-01	2.955942060054637111e-01	2.490273887468134051e-01	-1.002774819909345722e-01	2.421035263600582466e-01	-1.320872315059866409e-01	4.793039998149710712e-01	2.032475791276939781e-01	3.462835400045801704e-01	1.584973635495336708e-01	8.545681280585450124e-02	3.283530893546886542e-01	6.599818046199403820e-01	1.795321109113126590e-01	3.309860267270119949e-01	4.871173880462441597e-01	9.530002389189427825e-02	5.467613317055625144e-02	-9.250125834901411215e-02	1.877610026217098604e-01	2.401020847929904722e-01	2.030759755092527430e-01	2.349885475067017282e-01
-1.164249104756436143e-01	-4.202875438933513785e-01	-2.609709996383900443e-01	-4.183386334800413553e-01	-1.642468144471695701e-01	-1.784601484783399916e-01	-2.333946948905619712e-01	9.247873438568487980e-02	2.032631194497449764e-02	-5.210832388198167325e-02	1.249299284749372024e-03	-8.022513214949564264e-02	8.631079652028385545e-04	-6.293697139620441083e-02	-1.995577105318813993e-01	-2.109818109624651550e-01	-1.920511994089068863e-01	-1.042055178342664590e-01	-1.435997731124359911e-01	-2.423652048706420314e-01	1.731064785139592999e-01	7.194292359821734262e-02	9.741907302655244960e-02	2.933167151901859906e-02	-3.422347102751405190e-02	9.277274326674349314e-02	-3.103381125414794717e-01	5.438500008102252481e-02	-2.045373284573129974e-02	-2.126142436101958189e-01	-1.854360967510343405e-01	2.339133621570484989e-01	1.122046765122083345e-01	4.788372100513378915e-01	1.017840846137581107e-01	5.636543403037023309e-02	5.707850029449056811e-02	-2.567447554651152708e-01	-4.384855361778795813e-02	1.109267945718506038e-01	2.762997858533203926e-02	2.418149299839857380e-01	3.127313761548269344e-01	3.240396566404440265e-02	9.185435679848588664e-02	-1.495116167083488934e-01	2.122125270800536145e-01	-9.839302272847288977e-02	3.141715376512412283e-01	-1.325537841546747531e-01	2.643222245645554525e-01	2.724018633707034343e-01	1.794343959936620658e-01	1.542544966317484501e-01	-1.614901029039543245e-01	1.759842742724181397e-01	4.922878283747217365e-01	5.062600105992058896e-01	3.395588888077072931e-01	4.183067651162249434e-01	-1.507024386188202392e-01	2.978807371854876318e-01	1.791961755681885093e-01	2.443015073960639882e-01	1.882191429692961215e-01	7.671076864729388378e-02	6.064256336319243657e-01	4.115364956814956399e-01	5.251203388029913183e-03	3.817394393244969986e-01	4.081739277254699955e-02	-6.637050824705907105e-03	-1.718287400797029185e-01	4.772770317838512038e-05	3.899088818951682578e-01	-1.520152741926907025e-01	1.577249634173174819e-01	1.429616146737271998e-01	-1.528375012102572705e-01	-1.678587701472332161e-01	-1.813404806964869637e-02	-1.634978082871958172e-01	8.096488448347410882e-02	5.936887500652842098e-01	8.367097657985339554e-02	3.875859077002123398e-01	1.748297063710378685e-01	1.741646652524349026e-01	-4.862370151155770426e-02	7.875513659864460947e-02	-6.823965709391360823e-02	2.387995591438727971e-01	1.146909844983602378e-01	3.765108885756681123e-01	3.537109822049082086e-01	1.915219109371062989e-01	-6.992001391554077648e-03	-1.722480751958213596e-01	1.704346226983323997e-01	1.204251172436939660e-01	-2.699717172101150919e-01	-3.372737491875981153e-01	-3.915233104584339707e-01	-4.713635622877217490e-01	-1.961526929014248133e-01	-3.950348900488381276e-01	5.908355273578145411e-02	-1.121433557168576359e-02	-4.820591508241649226e-02	1.193707342707778056e-02	1.255692963298322279e-02	-9.255995828042133666e-02	-6.903453018835566113e-02	-2.653859719690707664e-01	-1.200201917770883642e-01	-3.033140630930368231e-01	-1.818491541424760716e-01	-2.576415364750616610e-01	-1.000023586761833172e-01	-1.966196906310049008e-01	-2.016687636336436384e-01	-1.907769622618548100e-01	-2.196143156689346898e-01	-1.518766222389812404e-01	-1.043896414900717245e-01	-6.479199474377000945e-02	1.238819121967682513e-01	1.944575833326860764e-02	-1.360608663297089294e-01	-3.537565712527456774e-01	8.210383291736735034e-02	4.776591419083287687e-02	1.464392365666039586e-01	-1.309399902325424359e-01	6.259751354425572289e-01	5.026458402939090186e-01	-1.433284603425149725e-02	-1.308604175097881123e-04	-2.374295193029787032e-01	-1.990938132876036992e-01	-3.089599118312013060e-01	5.990126088685186062e-02	1.699941913346526279e-01	2.168640747437578647e-02	2.483095288935256023e-02	2.042176021107420802e-01	-7.834274763230099359e-02	4.038916056294442752e-02	-4.897167071801156873e-02	-1.192355525868437904e-01	3.817667611332724031e-01	3.852133273803362568e-01	2.906677827886501309e-01	2.334335530197049202e-01	3.287018388954575654e-01	-5.803641342833096121e-04	2.651745946564447731e-01	1.279298906942065717e-01	-1.010573586274946326e-02	-6.793639730501337126e-03	8.562533560680794797e-02	1.785935748084227226e-01	3.433567753083092700e-01	1.816501835205935195e-02	6.039587637923091723e-01	6.793061841800811518e-01	-7.181385369297249230e-03	4.871298151158503509e-01	3.500075706192264380e-01	-1.452077429587824049e-02	5.953971265391025947e-01	1.000000000000000000e+00	5.278349845814455099e-01	6.524783006923834394e-01	4.637194518613358962e-01	4.154117944965939890e-01	5.426089544483497784e-01	2.111809401689355159e-01	2.492144826902265020e-01	9.207265625631978756e-02	3.364369042366781998e-02	1.514127667201489447e-01	6.631870802011044508e-02	3.154020054356329039e-01	1.714683450965068523e-01	3.060607460657506218e-01	-4.693597982456286510e-02	-1.624867563318220243e-01	5.530068636805766241e-02	5.276746680624917474e-01	-6.953573669767278143e-02	3.990320742362202244e-01	2.604225324813221887e-01	1.414679520204422947e-01	-1.105853699505053855e-01	-2.187649023742972987e-01	-7.438165079108988165e-02	5.397916080284263785e-02	-3.347456570085892945e-03	-3.232161965628903288e-02
-4.247720890074274114e-01	-3.430733734948390734e-01	-4.511307455198765304e-01	-4.889095798101983914e-01	-1.656003651418962996e-01	-3.212755706724792493e-01	-2.133280700055871226e-01	1.304176754443212571e-01	1.644021700629355251e-02	-1.764958435720611479e-02	1.260776620897150202e-01	-1.652882219772334460e-01	-7.031187160984839202e-02	-2.029515208796670300e-01	-1.975502879321211214e-01	-1.644676049543665475e-01	-3.535328307508094348e-01	-2.313847485616764288e-01	-1.401579854761421384e-01	-1.604625384008997180e-01	1.156837043312874402e-01	1.128646789851386056e-01	4.205789283386040384e-02	2.347988211044936373e-03	9.608666861494958786e-03	-3.822161266199548130e-02	-5.624693300639899834e-02	-6.713292995941889940e-02	-3.103002147182609138e-01	-3.681988360550825790e-01	-5.769864087156754973e-02	2.182374298990619188e-01	1.620157277040463473e-01	3.554522949092423501e-01	-1.387686423609635344e-01	-3.018049471498908676e-01	-2.096425254474076627e-01	-3.176414100989184974e-01	1.993442287714602135e-01	-1.513904968901805814e-01	-8.267011392993413310e-02	1.285804532546810756e-02	5.834229310596453916e-02	-1.852492505157244188e-02	1.076175771531742847e-01	-7.666977191511488432e-02	2.453384738014156574e-01	-1.271415868751347295e-02	1.372383002717409706e-01	-2.177601478590149645e-02	-1.140552568425967812e-02	-4.622829313512441529e-02	-1.810546813031989610e-01	-4.555879512951609145e-02	-1.598060105314182688e-01	-4.914553929493336443e-02	3.486706087010301158e-01	6.318578638190794905e-01	1.295576543011140447e-01	4.602666230526131219e-01	1.165753497328514410e-01	-1.376655231491304421e-01	1.777590924328383004e-01	-1.361254084795258668e-01	2.651955677883161555e-01	-1.536949943977809485e-01	4.622548294982117834e-01	7.286292502121903825e-01	2.006315368375388153e-01	3.202540868894341308e-01	5.272460256968986014e-02	1.317730181201831052e-01	1.825702181978560434e-01	4.092257941147496580e-02	7.608488462776336059e-01	5.579593103440495111e-02	4.088135133563929324e-01	-3.332976340230176145e-03	2.097213283405449102e-01	-2.411215573704818260e-01	1.034956637624573489e-01	-5.045847315485609691e-02	-9.387831114337934213e-03	3.060194478078879787e-01	1.027034839015966428e-01	6.397754649596856247e-01	4.799472022948795269e-01	-1.459231202598691990e-01	-2.350841384958086699e-01	1.871863612300846968e-01	1.015671428604917187e-01	7.971207830639992498e-02	-1.025642801905418955e-01	1.350402861898255258e-01	1.079391808744862152e-01	4.103971342070749095e-01	1.499551807119364477e-01	-1.364065785365496108e-01	1.944302013733168744e-01	3.981245633785391314e-01	-5.362925837266229179e-01	-2.508578679397543421e-01	-5.076216511605147197e-01	-3.817360887311385675e-01	-3.492102000421422048e-01	-5.228083688980539323e-01	-1.483718622201736677e-02	1.183480457589080326e-01	-9.362872992839953168e-02	1.301706596262573734e-01	1.392365058300648328e-01	-6.233074572933765961e-02	-3.638001949654773304e-01	-1.080715748228547740e-01	-2.680657311935711884e-01	-3.208433226382412240e-01	-3.599840504228032922e-01	-2.880864811001821457e-01	-3.276965787976029443e-01	-2.182808899788208912e-01	-2.521561630981204449e-01	-1.629020282633495964e-01	-2.314097260553576174e-01	-2.916769212604590489e-02	7.465175317833346036e-02	-9.655135743138770765e-02	2.159972755775360909e-01	6.644371306515503561e-02	-1.687148370701626043e-01	-1.220226438784155626e-01	-3.111074930147568196e-01	2.695736123185385469e-01	6.825768403047287325e-02	-2.494159462585340478e-02	2.837250811366533454e-01	4.370214449854916694e-01	-2.757632009348058855e-01	-3.773531459773499797e-01	5.143932177789207333e-02	-3.749614309913241739e-01	-2.339138575279383347e-01	-4.689809343571767902e-02	-1.657778178246942236e-02	-2.576880768038120051e-02	1.256886559050919838e-01	1.976919287925190671e-01	6.260105967620477330e-02	-4.293634198772556393e-02	-7.657400967229502364e-02	-6.850407526148416526e-02	5.022713109790881703e-01	-4.937455330763351746e-02	2.510736607805792442e-01	2.547728321729397227e-01	1.887401315946386493e-01	9.597396949636197161e-02	-2.303295102998758129e-02	7.087648877890652399e-02	-5.373788032813798382e-02	1.909253273981516563e-01	-1.197234909789591240e-01	1.327911470164590269e-01	2.405960998698555287e-01	-1.358260480339832932e-01	7.945557833137898429e-01	3.652649714686994620e-01	1.863005939532931532e-01	1.871970810072761948e-01	1.679609566353968408e-01	-3.488750478008392775e-02	5.527546450899674113e-01	5.278349845814455099e-01	1.000000000000000000e+00	7.422827655704511418e-01	3.698734187534914453e-01	5.797976331062965061e-01	3.440786622514466764e-01	1.546746648891050846e-01	4.684614096341392919e-01	5.268496289250940157e-01	2.249219000202034302e-01	6.492267447814946690e-01	-6.523237629481348776e-02	6.965861301013751561e-01	4.387477092665440503e-01	5.530990124471508729e-01	2.619316508152783746e-02	-2.590398521603693438e-01	1.733462820795233783e-01	7.097952735363411980e-01	-1.037605226347215887e-01	4.807076267446427909e-01	2.457266045888131523e-01	3.693865787366187869e-01	1.687223014143728883e-01	-1.280941955450072833e-01	7.129439494099707765e-03	8.729292915732499852e-03	1.979156051817651529e-01	1.427261509088184610e-01
-3.879093868524804423e-01	-3.093908352764236924e-01	-2.956335344754134620e-01	-4.318655249813432295e-01	-1.560079996083829634e-01	-2.400509365435690989e-01	-5.805470885200838399e-02	1.030126362192970435e-01	1.232277765884326297e-02	-3.369616200733564076e-02	1.323998037812738615e-01	-1.909980133401998903e-01	8.384625102885984171e-03	-7.494796933270747585e-02	-7.932438005750977461e-02	-5.742038484182626634e-02	-2.262496695782642842e-01	-8.988256008751800696e-02	-7.661067630554055374e-02	-1.570889341520416704e-01	9.418194420328188099e-02	2.101141441860948089e-01	7.575525232898831784e-02	7.171285305767327589e-02	1.378042362159683787e-01	2.565859257032373705e-02	-9.800346925482637805e-02	9.663727278989461822e-02	-3.201786650768277953e-01	-3.976380171133646058e-01	-8.768800031927859173e-02	2.273658389150539361e-01	1.951835081244690240e-01	3.571372574234326081e-01	9.024140879755690112e-03	-1.552819672020367692e-01	-2.580370070939659588e-02	-2.581669489280973284e-01	2.910392697234995829e-01	-2.251065796584355780e-02	-2.250850465146427698e-02	1.161768339344290829e-01	1.992800528001647253e-01	2.206558988254064546e-01	2.303973012672550502e-01	7.919848529962011940e-02	3.708315147160795577e-01	3.182402269676576356e-02	2.706417814367784169e-01	-6.764961282999455358e-03	1.285796160491293749e-01	2.496811093729751560e-02	-5.195763619573724040e-02	-1.186056033452152249e-02	-3.437489200586103522e-01	-9.177845765965733649e-02	3.821596598614502294e-01	5.461050019755619989e-01	3.223043243055816465e-01	5.072412845396652159e-01	1.155867095041401282e-01	6.767073451464443445e-02	2.458427618472608656e-01	3.746917641959071621e-02	2.188080478587837996e-01	-4.687852489557724212e-02	4.059065563164797608e-01	6.939617686552966846e-01	-1.175333038941597796e-02	3.008241973783708501e-01	6.609502498419746186e-02	2.625030069758749751e-01	5.804511782468044917e-02	2.074786172733751599e-01	5.346189270442346375e-01	-3.339996236161495158e-02	1.167555881702777715e-01	-2.942822332736977353e-02	-2.936993435603815761e-02	-2.010925210005649333e-01	6.861285918000822881e-02	2.241033243104623152e-02	-5.923069072570533167e-02	3.686113633161589020e-01	-5.151917961239283611e-02	6.052960595301573044e-01	3.651658936274783662e-01	-3.755017411039520553e-02	-2.398861932617375459e-01	1.862443940936853726e-01	6.013380928656324176e-03	2.092526907597284935e-01	-9.998587823237015115e-02	1.995416776819928240e-01	2.175698251201222122e-01	2.502841159234713286e-01	6.430431501330273469e-02	-2.534404518173465348e-01	1.101021329118514747e-01	2.863765617889330595e-01	-4.552673461067798799e-01	-3.270661699842517534e-01	-4.485016179164239003e-01	-4.885650395694590697e-01	-3.371239545285976691e-01	-4.662661432655545446e-01	-8.499208464985681666e-02	4.646007564024309811e-02	-6.509659430991708573e-02	6.964944729156119507e-02	5.557530123502993358e-02	-1.013523072446086415e-01	-2.481508412169622368e-01	5.809059883016531867e-02	-9.980488971040316071e-02	-1.968678127372723297e-01	-2.395995842573353796e-01	-1.787295209854314060e-01	-1.799208388716743712e-01	-5.436206757373606563e-02	-1.491503681588955688e-01	-1.138076529396574027e-01	-1.728610475724587370e-01	-3.588679709087951725e-02	1.102751387627431447e-02	-6.000061751698435031e-02	1.906366116482562378e-01	3.412333413134533344e-04	-1.435102859042290957e-01	-1.552591799748881118e-01	-2.759075325464529493e-01	1.491233511594200756e-01	1.003675294990132999e-01	-1.100192519249300338e-02	4.740315309037717584e-01	4.142773116465753303e-01	-1.995827156187274520e-01	-1.960687308774363147e-01	-1.259558738929316968e-01	-2.203342844931828193e-01	-8.936552279930755349e-02	2.922175297772074132e-02	1.786806394733750636e-01	2.422032381588500038e-02	1.045301057971795428e-01	2.882015793058745334e-01	1.639917179038387907e-01	1.300659828785236671e-01	1.340343169660909717e-01	9.339148878616350402e-02	6.567143368703276529e-01	1.842422843708000080e-01	4.205140166050735928e-01	3.583391357664278409e-01	3.493133357400677874e-01	2.082830863564580082e-01	8.170579330126070960e-02	8.988859252476895378e-02	-9.847992900754665158e-02	1.052218309708654181e-01	-1.627658673407901824e-01	1.533017820350628113e-01	2.580346660979001561e-01	-1.702473046184662386e-01	6.425895684057009172e-01	6.755958843076164122e-01	2.491547504214952635e-01	3.561244833710311419e-01	2.550808731777234328e-01	4.408866671786060981e-02	5.048780939587259597e-01	6.524783006923834394e-01	7.422827655704511418e-01	1.000000000000000000e+00	5.569628436527365167e-01	6.202419794908048400e-01	4.430394264201255594e-01	2.653135162989412321e-01	5.193729543951685068e-01	3.192908918171051269e-01	2.952557696888821748e-01	3.910172987709820691e-01	9.152180685063324161e-02	4.792348716818849441e-01	3.340572846352279912e-01	3.733485340110824224e-01	7.607109112171081544e-02	-1.488112096493700576e-01	1.140832383347172158e-01	6.693969005563009667e-01	-2.014407970953592530e-01	3.739115270951855474e-01	2.861790055733565152e-01	2.254403895519501433e-01	4.005750189907788389e-02	-1.824178018312601068e-01	-2.088230180905647215e-01	-7.877443547042997651e-02	-1.521487205292416933e-02	-6.745348629917467982e-03
1.144687828828415757e-02	-3.113205830936908169e-01	-1.772985748646697113e-01	-4.016923433093768647e-01	-3.873821575618426744e-02	5.403484710836196610e-04	1.053233448254146248e-01	-9.068579596334872331e-03	-1.496253695533236727e-01	-1.480153479705074160e-01	-1.490571628270564650e-02	-2.116858446284428374e-01	1.906825816674119767e-01	-9.629561426818669667e-02	-8.121799022390586986e-02	-4.321819501041259531e-02	-3.235819608087306398e-02	1.227085304197558929e-01	3.363905005659875713e-02	-7.703000415574373649e-02	1.472195718562749611e-01	6.502023829128088239e-02	7.994735830068809557e-02	4.909621703697089612e-03	-2.223942526551165796e-02	-3.867248400123753788e-02	-1.630870350079441922e-01	2.864620101478391190e-01	6.078266023711686311e-02	-4.728256338934481995e-02	-8.709252201409740934e-02	2.534979006306429250e-01	1.935435881135133263e-01	3.868807916534728331e-01	1.769014269927098038e-02	-6.671541703081231012e-02	1.374831772955055487e-01	-1.967049405936498740e-01	3.523495563681643405e-01	9.800271763976990680e-02	8.775153684319772496e-02	1.067473313505555577e-01	2.791447952154242906e-01	2.010003064845509446e-01	3.121840866128832159e-01	1.468179146252459599e-01	2.976005862839427030e-01	3.207280616593415901e-01	4.088125374257596256e-01	1.758910629795792657e-01	9.738853669732508433e-02	8.537367478677974908e-02	4.447106134392840755e-03	1.930054649876059847e-01	-5.394782661478941810e-01	-5.315533877279861319e-02	3.907545024954042767e-01	2.837478075868950511e-01	2.933057423646264761e-01	3.515345723531261291e-01	1.593829655559177161e-01	4.451476114461239697e-01	3.843536715255454483e-01	4.450311298588908171e-01	4.258800332522709731e-01	1.683318058022847397e-01	3.104163313480486353e-01	4.051423145618093802e-01	1.042197838242162194e-01	2.601791348431892748e-01	2.655880962717414029e-01	-2.253799555426248130e-02	-9.527143039774302324e-02	4.842183463144236755e-02	1.996157875041310592e-01	1.282258858113587696e-01	-2.390422117387266954e-01	-1.393390134952773030e-01	-2.087897187693858458e-01	9.141608588202575908e-03	1.122493445799049305e-01	1.315538012453805194e-01	-2.465777049117327258e-01	4.120040616083097129e-01	-1.358955501900684648e-01	3.077770641731890633e-01	1.504278423358288985e-01	5.674371599837144814e-02	-2.390923109593461604e-01	3.571654936955789839e-01	-4.703942647378409753e-02	2.606071301384634276e-01	-4.657200578027681503e-03	2.539923020807007825e-01	2.929881665425111970e-01	-7.828298693989562242e-04	-9.918461398749925384e-02	3.156638730088431877e-02	-1.500956852377891698e-02	1.133678801721087204e-01	-1.600317672377515044e-01	-2.108219910551102083e-01	-3.479490273198439509e-01	-4.333555657656239513e-01	-1.482448140109151047e-01	-3.657510660840428418e-01	-1.376905821325898616e-01	-7.100958830538756095e-02	-2.318094417391243778e-01	-8.337331544965105590e-02	-1.057710745337155228e-01	-1.128382095667662122e-01	-1.946335968134907113e-01	5.615883965850370502e-02	3.050751218997157371e-02	-1.400515926799682509e-01	-1.849250984240613793e-01	-1.471501054337938930e-01	-7.308771204653362330e-02	1.091851439192619982e-01	-9.385804668305501586e-02	4.905286541133816597e-02	-8.238972576099892753e-02	-1.078808149069694911e-01	-2.090871051429175342e-01	-1.139205025419634254e-01	1.760235344872964833e-02	-3.138762387848793856e-02	-2.874657369926271744e-01	-2.064386106909899266e-01	7.846970735765744498e-02	1.066330275751828927e-01	2.054451736283724739e-01	6.779052123251673445e-02	4.568889024905507523e-01	4.598933455949061333e-01	-1.875773077266656430e-01	-1.142394112627786174e-01	-9.461032815702037635e-02	-1.069191727451878314e-02	-3.336119483106908448e-03	-2.530903098547999247e-02	4.630510992371404400e-01	-1.591916776365157604e-01	7.471376089527283215e-03	1.710932587891624279e-01	1.907774262091568862e-01	1.937798227159573949e-01	1.431430719598742185e-01	2.244188346797185984e-01	4.037447004251983884e-01	4.426506408129588510e-01	7.009154646653115162e-01	4.918157338332669881e-01	4.610276767630360206e-01	2.707538361821473782e-01	1.481686710916779726e-01	4.842091878296929386e-02	-5.228298115445931260e-02	2.377480777756451058e-01	-2.239489232297817711e-01	1.125314872346704631e-01	3.935266513286366230e-01	7.411124227242132934e-02	4.431853063149475136e-01	5.470237470787967515e-01	4.034510511929639831e-01	4.194041757122870528e-01	5.782419895864288062e-01	1.091359781511171689e-01	3.084167424192832407e-01	4.637194518613358962e-01	3.698734187534914453e-01	5.569628436527365167e-01	1.000000000000000000e+00	7.021192642220366320e-01	4.379170891787066977e-01	5.673021857837341475e-01	4.109242895892326053e-01	3.256463786533773108e-01	1.764663826503820310e-01	1.957810368913590338e-01	1.259330705185310040e-01	1.824907775697589274e-01	6.341684869732261420e-01	1.361457034397468568e-01	2.055673753807909232e-01	1.241182611904726035e-01	2.567990605068723453e-01	4.325722658288553846e-01	-3.171703365218073722e-01	4.667663925371935418e-01	3.189993042212846408e-01	1.068068186398772601e-01	-5.396095712321045262e-02	-6.225237460086312236e-02	-2.186585500881358946e-01	-1.053447007250107176e-01	-1.357854698016917605e-01	-1.105615831543219907e-01
-2.514026551344102356e-01	-1.405625418154418660e-01	-1.261625656185119959e-01	-3.711690445919683667e-01	-1.377793719019655694e-01	-1.709550322848704396e-01	1.986100662487722684e-02	-3.113766955967802938e-02	-1.906208618046175696e-01	-1.177020922709550582e-01	2.887544226350170426e-02	-2.580342272081340704e-01	6.608845557003024951e-02	-1.125636498166025096e-01	-5.839641501202812862e-02	-7.186204576495940077e-02	-2.665841708814400413e-01	-3.101660666300046568e-02	-9.999680698996475658e-02	-1.849938129218571259e-01	-4.760758770619198470e-04	9.823648169850102141e-02	-2.377666697454811420e-02	-6.390640802277584853e-02	-1.273429842579120452e-01	-1.054759166332602804e-01	5.767567724559286187e-03	1.930858022471152180e-01	-3.163126378847232467e-01	-2.949653001553446119e-01	-1.340620142683722205e-01	1.913882946490489678e-01	2.632518817644808884e-01	2.513532017878095659e-01	-1.615220816435298801e-01	-2.685343228936717952e-01	-7.318066982328964853e-02	-3.970950657334182954e-01	5.594873717831873039e-01	-1.298728845565791101e-01	-1.041404282817866289e-01	-1.155254395300116671e-01	1.884880842173588256e-01	1.514450363697651958e-01	3.999993333705458287e-01	5.767809041620333005e-02	2.412105302381538363e-01	3.669256322823508665e-01	2.723427324396428539e-01	3.319328091545367676e-01	1.630485198955980430e-01	1.065399576279920241e-01	-1.973728060492899450e-01	4.210209049903014533e-02	-3.704990348383977450e-01	-1.514406293559434347e-01	2.566970314127434705e-01	3.548498424006600316e-01	9.511515102335750538e-02	3.526774785805513734e-01	3.007320570393088310e-01	1.903044505507966999e-01	4.899268452633578352e-01	1.895844343080303473e-01	5.808678665515294437e-01	2.134813420432423170e-01	2.695418841726172077e-01	6.406658343609653583e-01	2.734928625873904173e-01	3.430435321222601863e-01	3.192153721605059391e-01	-2.463603176164085029e-02	-3.093125317058911805e-02	1.722923938563723084e-02	4.347185550904711371e-01	2.963732290556981286e-01	-4.897528090728828221e-02	-8.066403313563200173e-02	-1.317895396874593228e-01	-5.469098306138304999e-02	2.484292558394415318e-01	2.802125672987441640e-01	-2.773582320117591316e-01	4.075463820200070919e-01	-1.783912147478335652e-01	4.930489665600455984e-01	4.203793578989910018e-01	1.186669064799003859e-01	-2.572472734080279433e-01	4.355583874880883388e-01	1.885323230161708163e-01	2.216625940805623252e-01	4.559865349670776460e-03	3.114186762776864903e-01	3.072794785705436071e-01	1.332396815374445875e-01	5.515785591384392283e-02	-8.387026904394380422e-02	1.174523453336595025e-01	3.005791246305616893e-01	-3.434020975904439887e-01	-2.795513465461906266e-01	-3.518727513584150590e-01	-3.321210238117702773e-01	-3.146905757731762732e-01	-4.601062496231199672e-01	-1.489619847575062161e-01	-8.234349282818644034e-02	-1.760638355791477039e-01	-7.541814605596292020e-02	-8.371058875336127858e-02	-6.967789133914868704e-02	-2.854452704411716835e-01	1.225005529780794772e-01	-2.029234597902805359e-01	-1.169594506246476179e-01	-3.853927386912714970e-01	-1.835340716128717187e-01	-2.690668574389196155e-01	7.636717370156109741e-02	-2.597643370227954440e-01	-7.461316653819376199e-02	-1.938092972727460950e-01	-1.578027199024082394e-01	-1.980027917320069109e-01	-1.840373113571211194e-01	3.818644520069446741e-02	-1.115107282917140591e-01	-3.095291191444742296e-01	-3.404816605209583930e-02	-2.623837191645799760e-01	1.427422595044854914e-01	-2.577345399753525057e-02	-9.484762560635902340e-02	3.229669390143535823e-01	3.887005112256427530e-01	-3.223912305887775553e-01	-3.402881000927912014e-01	-1.015328768336073995e-01	-2.610609573565190744e-01	1.382541326332021626e-02	-1.640408779389067040e-01	4.169049214882334931e-01	-1.765595213917857675e-01	-5.801428010794433543e-02	1.378919315886674990e-01	2.030994371375960672e-01	1.763587598915690099e-02	6.869911065408694506e-02	2.042682491130816680e-01	4.562693553368905031e-01	1.814723240325236131e-01	5.607216370423367957e-01	5.096035048682353574e-01	3.420104618893221593e-01	4.134791266419783340e-01	1.175159029513635212e-01	1.390860475962996390e-01	9.460721216151582458e-02	2.757564763050803780e-01	-3.488018784802386363e-01	1.886629607724861490e-02	3.092458965156664741e-01	-1.372290262012209328e-01	4.654479830704554844e-01	3.953687992692221376e-01	4.967056729190709174e-01	3.337986530263653551e-01	5.410982755774620401e-01	3.144312008923683677e-01	4.012702758684795201e-01	4.154117944965939890e-01	5.797976331062965061e-01	6.202419794908049511e-01	7.021192642220366320e-01	1.000000000000000000e+00	4.953958012960064106e-01	4.205308746474068493e-01	7.101746647929342293e-01	6.174007064913226150e-01	1.879201158174292063e-01	4.488196250079359850e-01	-3.071853947568281909e-02	4.124044002711649837e-01	7.067901525539579399e-01	3.153655719099101584e-01	4.189815492997410185e-01	5.221804109349946488e-02	3.802637243389125898e-01	5.097425019183503547e-01	-2.292674650309564910e-01	6.174602592834317338e-01	4.060431482301945505e-01	1.091968491979161543e-01	1.345798768061380324e-01	-5.377738099261233917e-02	-1.837638898462750914e-01	-1.273611809475561629e-01	3.148885639845385581e-02	-4.783225887660075282e-02
-5.100204638912998051e-02	-2.862586091997913473e-01	-9.084698722728595799e-02	-1.975812231033301503e-01	-2.481347918268256014e-01	-1.843259280802124755e-01	-1.809123576766478170e-01	-2.142349444314705503e-02	-8.253053242434551379e-03	-1.006830340608237118e-01	-1.100311890687074162e-01	-2.036544319099879152e-01	-1.272063377967770081e-01	3.134231293343688052e-02	-2.419372548354537245e-01	-1.788440504850385970e-01	-1.368002874292991167e-01	-3.096670691857871804e-01	-2.142210596224709829e-01	-4.095224123821802342e-01	1.578019512331118590e-01	1.336402411876194685e-01	2.356555534953320152e-01	9.031619578776488300e-02	-8.029000910339928465e-02	3.298556586165045101e-01	-1.443546358696134457e-01	1.318501975983329133e-01	1.337786559105479979e-02	-1.292570999656987296e-01	-1.391357433618689299e-01	5.184859453206471652e-02	3.657079748764761884e-02	3.051927105653337580e-01	7.210936609575947787e-02	1.311440057242269641e-01	7.279040987912363536e-02	-4.039871603031596758e-01	1.042937275746471520e-01	1.596815647373391878e-01	9.437851656790129801e-03	1.870393293800524104e-01	3.420900095271834918e-01	-1.075661622885880769e-01	1.469636157889188111e-01	-6.771594757359822303e-02	2.799394722798887458e-01	1.057175599685490110e-02	2.549889065931494336e-01	-1.976322190337326062e-04	5.593656083721721961e-01	6.371627813668908624e-01	1.035388018532654719e-01	3.065933143502623248e-01	-3.466228809119276666e-01	2.880237718766718302e-01	3.003881381667282691e-01	2.299127203401099273e-01	1.457879551723952616e-01	3.423107881556479160e-01	-7.808741900987957452e-02	4.041930210276312718e-01	3.899577480892495451e-01	2.716762357703049746e-01	3.340841815865303599e-01	9.663058660824445922e-02	4.747112622487764111e-01	3.107545159548398828e-01	-4.292305471178337051e-02	5.613819371392850810e-01	3.008999987336681836e-01	-7.318800176487856579e-02	-1.979415403247522243e-01	4.323617234620303479e-02	2.089639743046593778e-01	-5.222783358102914449e-03	3.280220421964055721e-02	1.460394521804457037e-02	-1.948402097426598090e-01	7.576471957506603072e-02	2.405638007187826388e-01	-7.085542820764790563e-03	-3.196555729539727470e-02	5.704960189311873986e-01	-1.630185566681932249e-02	4.229957796463556519e-01	2.683646192552476828e-01	2.522941167569189291e-01	-3.285107450413600194e-01	1.153568061706080755e-01	-6.045928677576569571e-02	3.550588398166575343e-01	3.754400440731696098e-01	5.537235454427361647e-01	4.519395072034586569e-01	6.252256307802848967e-02	2.065330504222058494e-02	-1.552955444699337384e-02	2.004227697419373178e-01	1.934230419932136957e-01	-2.180113507514634397e-01	-2.509787105650748695e-01	-2.478532181849835980e-01	-2.770943590730544082e-01	-2.338396540943661339e-01	-3.581290414478376372e-01	-1.397497618617790094e-01	-8.556056602570040470e-02	-1.166273117901961281e-01	-6.098847477802873257e-02	-6.488519749618318344e-02	-1.218649492286387193e-01	-1.106559710607777913e-01	-2.554673547616609919e-01	-2.363776001861337128e-01	-3.175497379884399396e-01	-3.387169975712630565e-01	-1.901625578399682437e-01	-4.734270519627393342e-02	-2.797856064031905010e-01	-1.935097869684394012e-01	-1.724801442772216642e-01	-3.075464800177341029e-01	-2.530610786400628795e-02	-3.281141627492497465e-02	-5.777629454732257502e-02	3.599265881042887361e-02	-3.188821832219843055e-02	-5.218928819282460385e-02	-2.261748925069311245e-01	-2.830014435539911569e-02	-4.471025589322177168e-02	-1.471610075742913748e-01	-3.052297178549895906e-01	3.508196971623225857e-01	2.012084451095968729e-01	-1.424439967236541815e-01	-1.946701737673849630e-01	-2.650711484457658473e-01	-2.893283850920503331e-01	-3.540498586733283881e-01	2.110218053519865092e-02	1.503624433104596148e-01	1.060884599694695146e-01	1.890187675226584207e-01	2.531562144454442831e-01	-1.142640701606148224e-01	-1.211650978744216872e-01	-1.081862955711282992e-01	1.845093105177645840e-02	3.837574950778270821e-01	4.015422477206164187e-01	3.961655044076878296e-01	4.784536957049997929e-01	3.027990217676327367e-01	1.834992581501053710e-01	6.817105591862794300e-01	5.251820959041587633e-01	2.540435814226251754e-01	3.193316011817014521e-01	1.148114796692206452e-01	3.157432467565379208e-01	4.688314580954469069e-01	7.531622195238947548e-02	3.086585598683285747e-01	3.484654956879185139e-01	-6.865070407632734018e-02	4.443991330669389006e-01	4.452212811350459987e-01	4.009402018989988853e-02	5.222429168015685352e-01	5.426089544483497784e-01	3.440786622514466764e-01	4.430394264201255039e-01	4.379170891787066977e-01	4.953958012960064106e-01	1.000000000000000000e+00	4.087838087359318973e-01	3.170239629998799491e-01	9.445902300174628674e-02	-6.779531262543740666e-02	1.356127188114714111e-01	-6.163648195990199113e-02	2.833270790103902814e-01	2.306000938438581005e-01	1.874378633690639284e-01	1.480457678222851237e-01	-5.236870529526491125e-02	2.288283709076753547e-01	4.926606518151949166e-01	7.173805860823815987e-03	2.697723789386034521e-01	4.497721648693985275e-01	-5.667998194655072403e-02	-2.820243537024022529e-02	-1.880943345668951716e-01	-8.352823707751123872e-02	-7.952616299214241083e-03	2.587079786076363231e-03	7.619593508505801728e-03
1.251128927363791554e-01	-1.669410174689477944e-01	-5.141923359654782671e-02	-1.771756137225543037e-01	-1.979001119629540673e-01	-2.644754701224940989e-03	1.111957794762675339e-01	-2.549524066452943938e-01	-1.125401574673483840e-01	-2.500131348333821668e-01	-1.539716699481266937e-01	-2.674965183398768098e-01	9.961622933804929747e-02	2.383469297394567171e-02	6.057124266406962998e-02	1.058819655195166604e-01	1.445740991990931146e-01	7.777469215178862971e-02	7.243663928824879694e-02	-9.223201689813077808e-02	4.456329851738155545e-02	1.484206366014071965e-01	5.992919454559129250e-02	-1.368790358005576024e-01	-1.526971797347027038e-01	-1.057452498093899157e-01	-8.935183447197272977e-02	8.896029895432945589e-02	1.252806487978635752e-01	-1.044344754352684174e-01	-2.157181922351444070e-01	2.039670246642915352e-01	2.073795072287037966e-01	3.217260579893801986e-01	-1.156886527811467821e-02	-3.899399387264422794e-03	1.995478710396369759e-01	6.344148776560180891e-02	3.697042520889341488e-01	-4.629201368705655739e-02	2.375277111445386630e-03	-1.336939431210869000e-01	-2.265194209075391957e-02	3.901684467673095791e-02	1.629503541190081006e-01	-4.710381385842257046e-02	-5.800661262687871597e-04	2.640348954669440862e-01	1.532918945973990033e-01	3.345729800275866195e-01	-4.870070429583440649e-03	1.408671598777574141e-01	1.810408414091085536e-02	2.647123543925692934e-01	-3.279663320855949471e-01	1.126824571104398376e-01	1.814825154241346550e-01	1.307596580224405225e-01	1.513215266176234086e-01	2.071908612267843175e-01	1.767405744891054065e-01	3.839397318351622235e-01	3.279163797219698528e-01	2.451806900300059211e-01	3.092481985014423063e-01	2.713297390510800988e-01	2.238666709084616568e-01	2.476548251770274156e-01	1.384346728902904333e-01	3.248416632855032349e-01	6.555525140207562051e-01	-7.732550021404280272e-02	3.943362411110516719e-02	4.777455954592517429e-02	3.274557277448152115e-02	2.391485393225244449e-01	-2.668016335328614042e-01	-7.530715564117727856e-02	2.830942203927945891e-02	1.603173864556110551e-01	2.220591717865019743e-01	2.858727469176648439e-01	-1.749358095335800112e-01	3.531548614899829297e-01	-1.564264110624877246e-01	2.565502337757701312e-01	7.717050396518865263e-02	1.053283434038553013e-01	-2.310882973664759865e-01	3.273995933102818445e-01	-2.272068870365545959e-02	1.208722346163164513e-01	7.513053797840814341e-02	1.723386338327097256e-01	1.071454423950077145e-01	-1.519969249968004532e-01	-5.650692779502407281e-02	2.656441925737136889e-01	5.820125240430128188e-02	5.579110593079643354e-02	6.829228595390145207e-02	-3.434852438738399960e-01	-9.871668703069909345e-02	-2.144862957887532506e-01	-1.743204123102830572e-01	-2.223017260177782839e-01	-2.804062448627743231e-01	-1.386386889909487496e-01	-2.936710387382073240e-01	-1.565022390981049283e-01	-2.691691590951406643e-01	-2.802063490814869495e-01	-3.502530977608884349e-02	1.427407901202116802e-01	-7.833827584989917769e-02	6.338810800144109581e-02	-1.379837002725741724e-01	8.051093322318349232e-02	-3.359893491861590947e-02	3.663606233596483630e-02	4.919349921373317863e-02	1.060614145491619725e-01	1.288893124705930461e-02	-1.716983067101270771e-02	4.530416180063395054e-02	-1.790238664870119900e-01	1.700581487295589611e-02	-1.595377549105530257e-01	-1.509814219214949127e-01	-5.902049652729909890e-02	-4.302008044549317234e-02	-2.485908027630489847e-01	-6.898750661673544449e-02	-8.643730202216026726e-02	7.515405842901090594e-02	2.478068809596847000e-01	-2.356257036665679316e-01	-1.682835767023891926e-01	4.347986962047617476e-02	1.155460998772454700e-01	-2.878637787641566761e-02	-2.063286697150450155e-01	1.794753983969155642e-01	8.916480432080269025e-02	-2.815996037470843913e-02	-1.008975028022366521e-01	4.020269936203860889e-02	9.556528071026049176e-02	7.527923585474144419e-02	-1.587219015759997257e-02	7.202839369038104012e-02	9.637202512753920147e-02	5.429819075756373570e-01	3.987308641106143137e-01	1.198595158822900464e-01	3.368202068096348145e-01	1.864613240544010786e-01	-1.298481009797915024e-02	1.141220218793275315e-01	2.715312967687995016e-01	-3.678832454574966493e-02	1.753231275384538601e-01	2.239303747728842719e-01	2.434272907985562395e-01	2.272669192897761037e-01	1.665804282427078287e-01	1.709484382725273977e-01	2.666180046092789593e-02	2.973023804933234704e-01	2.697916402482926634e-01	2.886537287591466328e-01	2.111809401689355159e-01	1.546746648891050846e-01	2.653135162989412321e-01	5.673021857837341475e-01	4.205308746474069048e-01	4.087838087359318973e-01	1.000000000000000000e+00	1.981920569154958511e-01	2.190253546440674992e-01	3.563270490902756965e-02	1.734673768139332883e-01	1.086669298658483468e-01	-3.946760753266463639e-02	4.189571666294827357e-01	9.977552581336657234e-02	3.091257454638743907e-01	3.256962245156669877e-01	3.340885633490261464e-01	3.052643479147773564e-01	-2.052423601910416118e-01	3.037583551463514109e-01	9.662739708758470714e-02	-2.177201477933538576e-01	2.621797099871808756e-02	1.404118918191179233e-01	-2.439368889069146451e-01	-1.108101881087567575e-01	-2.111932528458010938e-01	-1.872508589663946510e-01
-2.292022654956031025e-01	-1.475128782885659975e-02	8.431558058940678835e-02	-1.711817689108946494e-01	-2.121959082123133777e-01	-1.945905490592093334e-01	1.882396024434770665e-01	1.717096907541288894e-02	-9.267923205113393070e-02	-2.551118145792980602e-02	1.147951611517792903e-01	-2.646243402000543199e-01	1.062603928556363764e-01	6.778691446007707212e-03	1.102090270952870432e-01	3.777132303165269683e-02	-3.162446773285682577e-01	2.979698125165998902e-03	-2.436317621312438994e-02	-1.541328500500387388e-01	-9.074397140018018726e-02	6.410052376433642007e-02	8.754185488818222449e-02	3.126167342233605179e-02	-1.383587582833876728e-01	-1.076814318476772697e-01	2.523706636743469622e-01	2.476684256743937051e-01	-5.345512197255400944e-01	-5.088825706565897056e-01	-2.697456755834359288e-01	1.749512864331735640e-01	2.169727269578455298e-01	-5.688293963429866956e-02	-2.776228579009897279e-01	-3.896695288078334540e-01	-3.249148910264708090e-01	-3.915224372092859784e-01	5.893719058257226306e-01	-2.846000575158022516e-01	-2.062459955097799280e-01	-1.281727890518926938e-01	2.138167941913952652e-01	1.969031017175479070e-01	4.694292066057553225e-01	2.427939798899127755e-01	1.029706933430736410e-01	2.898403688007811785e-01	2.516807302465036700e-01	3.080731760037777600e-01	1.508252204615318504e-01	5.803024104853324316e-02	-3.581011027197726904e-01	-2.102461804528353295e-01	-3.148954916296071715e-01	-1.235779195513885681e-01	-1.110704539216013503e-01	1.736687114053174497e-01	-1.680010760331442365e-01	1.901869000090495032e-01	2.833027657383614950e-01	-4.976048889573399941e-02	4.467063239748440551e-01	1.886018758467936443e-02	3.290900674175122331e-01	2.832032370066516966e-02	-1.731789704177828446e-02	4.732839116203013674e-01	9.937161090983925860e-02	2.818819465147520131e-01	1.972551862855219107e-01	1.720039972342314871e-01	-6.209897974967708983e-02	8.520274853184010844e-02	3.536158530341825257e-01	2.268084695101210413e-01	4.222700609092795709e-02	7.495383695877781173e-03	1.159076759538982607e-02	-3.032386146720997960e-02	1.738429371957951330e-01	2.197744346506875501e-01	-1.879588224386058715e-01	1.795204514432214571e-01	-1.315511724954021577e-01	4.316750753753579861e-01	4.290391695940887207e-01	2.358511266502989062e-02	-2.100797371188773133e-01	5.741629255419533617e-01	3.107280825336553587e-01	2.653750170412597087e-01	-1.025152783818062269e-01	2.720470087470133747e-01	3.278227046059126182e-01	1.568580777582957164e-01	2.786951643563911896e-01	-1.628027408919056618e-01	1.897604987610951657e-02	3.059196942800478936e-01	-2.267214918230643639e-01	-4.195883137889855896e-01	-1.348591363477595340e-01	-2.165370518770186881e-01	-3.593658064080092474e-01	-2.313855016548680421e-01	-7.788178448703132750e-02	-2.564253086454327483e-03	-4.484796803770300933e-02	1.643935517104851488e-02	-6.122876130975388881e-02	-1.227788949110512756e-01	-2.668683733612100539e-01	2.820799702588090430e-01	-4.142292209191698882e-02	2.094830576107900924e-02	-4.071358619612935881e-01	-2.342400584920144996e-02	-3.336330607862901254e-01	1.455199259592645233e-01	-1.804922125207308603e-01	-4.534240409632073893e-02	-1.823305596533361939e-01	-1.799002467615790427e-02	-2.408614714643244059e-01	-5.221379376129212796e-03	1.530604341546611402e-01	-5.129231284313907901e-02	-2.460110814727098638e-01	2.107945110639563580e-01	-4.914911385159003165e-01	5.267403231022559952e-03	1.738608278582296635e-02	-7.949577134427144101e-03	1.426016471746510417e-01	1.641140117987202329e-01	-3.340702737429778191e-01	-3.977890872077080586e-01	-1.454778973171603762e-01	-3.421038912913215158e-01	-1.460701022517309038e-02	-2.627073015480687612e-01	3.157413366765463580e-01	-1.410696630277939734e-01	-2.202514809034232870e-02	2.083366282701770433e-01	4.377375280107786981e-01	8.048709282185406710e-02	1.469019121528847005e-01	3.938914548603124621e-01	4.030992519782020111e-01	-1.415647871779809192e-02	3.730781310644885052e-01	5.122993702912466141e-01	3.561280601742886631e-01	4.713032670492519616e-01	6.851152108112312789e-02	1.854588326638012263e-01	1.072288875858568857e-01	3.062180754448692310e-01	-3.909576467211165474e-01	-2.159664328089309082e-01	3.460591992022012814e-02	-3.405645245387233788e-01	3.363901724738971866e-01	2.783067656436186699e-01	4.889633433265356821e-01	2.592057046993533342e-01	3.426711985544431127e-01	3.765884144739197192e-01	2.955942060054636555e-01	2.492144826902265020e-01	4.684614096341392919e-01	5.193729543951685068e-01	4.109242895892326608e-01	7.101746647929342293e-01	3.170239629998798936e-01	1.981920569154958234e-01	1.000000000000000000e+00	5.746346999549228896e-01	2.647610085373576783e-01	4.413334420991295581e-01	4.042689422886665968e-02	4.389777846267636230e-01	5.352590174528858435e-01	3.637906651427079696e-01	3.701250971346291552e-01	-3.310376084113188927e-02	2.747912593671492654e-01	4.503541344003472169e-01	-2.180684750895067192e-01	3.734415511627767192e-01	4.865338549007022784e-01	2.180585748910205124e-01	3.054216561204349811e-01	-3.723898615807801071e-02	-1.543450627158412247e-01	-1.709040184290692710e-01	-3.144988155187678630e-02	2.571919475853385456e-02
-2.803620355193759961e-01	-1.249870934169703823e-01	-2.765597639098285598e-01	-2.771549906374225491e-01	-4.838712833942693942e-02	-8.091122073896364619e-02	4.336459559544984799e-02	-1.429878917453293041e-01	-1.752538360556271657e-01	-2.709056159939560171e-01	-8.762506931125338405e-02	-3.356445468446047631e-01	-2.088884887229258691e-02	-2.076011082178132738e-01	-4.964421272673013447e-02	-5.222055012959013823e-03	-3.098904948019677308e-01	-1.011037325932141739e-02	-9.502928851937557375e-02	-1.516796256869527848e-01	-1.017218617753904396e-02	-4.911326601436125788e-02	-1.643572427567093763e-01	-1.219743892063551161e-01	-2.638506004295854690e-01	-3.173978860285492920e-01	1.520334816172625170e-01	-3.326122065222925084e-02	-2.885882099982654547e-01	-2.709424154903083415e-01	-1.668816452122799110e-01	1.647995259635282317e-01	2.956911236246704267e-01	9.545609690835095418e-02	-2.759025983356231393e-01	-4.078264399798326445e-01	-2.106005040939445405e-01	-1.913500298716620807e-01	4.901064939359034422e-01	-3.384964731077506617e-01	-1.991106550678033160e-01	-2.923686487292358471e-01	-6.517829284164952663e-02	-1.507529257675665688e-02	2.934216493466622055e-01	6.942699849116694411e-02	9.078764001629548511e-03	3.135107328047097575e-01	5.522000034491117426e-02	2.584121491931239967e-01	-1.518169307236389154e-01	-2.018171470652491140e-01	-2.007306571377890370e-01	-1.268026437675013607e-01	-9.874351823948085416e-02	-7.099479613734668848e-02	6.022935399462708145e-02	2.112555379043311587e-01	-8.089614099497499655e-02	2.115339471438597019e-01	4.596338455973760784e-01	-1.961728089716012757e-01	2.827621339735427175e-01	-8.402206885985914753e-02	3.955388376221409263e-01	-2.283086813351392456e-03	7.203162128141675502e-02	4.524886351524608497e-01	4.147479806419975268e-01	7.134356315496075129e-02	2.371891440530718986e-01	-5.452546032432042944e-02	2.875665133164091447e-01	-7.582343721690694427e-02	3.675465057470874708e-01	4.547178779519310265e-01	1.300585691102182639e-01	-1.598091671662159874e-01	2.518988085928550724e-01	-8.085990877925999798e-02	1.581540660270570886e-01	1.583607154757526725e-01	-2.088995334111775348e-01	1.408982205587736569e-01	-6.348805845339906828e-02	3.024233205641659317e-01	2.905526981627079564e-01	-1.295007205273087658e-01	-7.742867770869532595e-02	4.067537865835943456e-01	3.251494067419567480e-01	3.512377401799710031e-02	-8.116871721955652708e-02	-1.824308549710587299e-02	-2.549569826417154295e-02	2.237805895272384493e-01	1.202457476063596292e-01	1.643226917476278692e-01	6.275933929239230734e-03	2.640501241570616386e-01	-2.137699784241565981e-01	-2.116266230827027750e-01	-3.246954351522021165e-01	-2.909294485520362850e-01	-2.012048712330727074e-01	-2.924115860184756666e-01	-1.882821555462178553e-01	-1.522700902868933670e-01	-2.882397631294080220e-01	-1.487312744200905701e-01	-1.506696189969685407e-01	-2.282775727441327673e-01	-2.863194211172949699e-01	2.110722025150716108e-01	-1.782786373881246333e-01	-7.622246925891676406e-02	-3.406825853696701101e-01	-7.927325933188114626e-02	-3.558085578510697400e-01	1.467547137826648862e-01	-2.007025088604997565e-01	-4.626328500888386187e-03	-1.681900308917454456e-01	-7.165024821814312828e-02	-1.791025426421653452e-02	-2.235239938434792628e-01	-2.190608540009613119e-03	4.936395150807847826e-02	-2.121273330050844341e-01	1.902838170180181365e-01	-2.808499521063402282e-01	1.680808553097866975e-01	7.660218168567095587e-02	1.082175157049042186e-01	2.744256299347668654e-02	3.229759385864972576e-01	-3.196913860310802713e-01	-3.948443795891244390e-01	2.199449472535602579e-01	-2.320221261248923417e-01	8.525761253238320347e-02	-1.861900095055611937e-01	2.457814351056103741e-01	-3.763679309687983227e-02	3.916253681776491608e-02	7.517392937288865096e-02	2.496482213151252627e-01	3.379897376391285957e-02	3.898885026418649757e-02	1.548383865471197884e-01	2.220638174946746868e-01	-2.097501321301026844e-01	2.597298705118122886e-01	2.768331775372642189e-01	1.262121036267782603e-01	3.016303111324732389e-01	-1.277978936316848113e-01	6.062569688447445176e-02	3.771558317396148802e-03	2.796714084899254993e-01	-2.914557111359577513e-01	-5.595303717106236280e-02	8.446649179498962046e-02	-1.316602217523616114e-01	4.617582471565960800e-01	8.884293955984942648e-02	5.929011097622339799e-01	2.364325076613620069e-02	2.237466760076640138e-01	1.907315412409422151e-01	2.490273887468133773e-01	9.207265625631978756e-02	5.268496289250940157e-01	3.192908918171051269e-01	3.256463786533773108e-01	6.174007064913226150e-01	9.445902300174628674e-02	2.190253546440674992e-01	5.746346999549228896e-01	1.000000000000000000e+00	1.168042383177933241e-01	6.008174245900562704e-01	-6.460760318916247691e-02	4.347495498971943872e-01	7.547449763237082943e-01	3.475627449388161150e-01	2.296689496310786727e-01	2.925931652941469313e-02	2.902738343536620524e-01	3.576058704748827921e-01	-1.489574509419997195e-01	4.564664756354787079e-01	1.757964699880161241e-01	3.413174327402728747e-01	3.036258375273875876e-01	2.331417663297319642e-01	4.495996868902498063e-03	-1.218826123408935647e-01	5.655142758282684368e-02	-2.869595556453893859e-02
-2.341441919036658381e-01	-5.714811157863548124e-02	1.867459823755171222e-01	-1.582835125512670749e-01	-1.773565985501103226e-01	-1.130536729871214757e-01	2.484715284231220345e-01	2.936061116239113145e-01	8.690220752850473518e-02	3.627209763982852664e-01	5.788559830142342433e-01	1.456637900068825653e-01	3.621263109289504234e-01	2.950921006334330035e-02	1.830289279893802246e-01	2.918212071070932501e-01	2.008743826158226331e-01	2.761719881987031999e-01	3.678842833303703763e-01	3.654027901993900929e-01	-1.628700905532328158e-01	1.785524073539953294e-01	5.614567574407323784e-03	-5.194870713971313364e-02	3.855297511248473308e-01	-1.032745052778086953e-01	9.582929965574665809e-02	1.873224094781925364e-01	-4.766951180264767385e-01	-4.623010804548941532e-01	1.147403774972599738e-01	2.676074343309061687e-01	1.769847232198751841e-01	-1.537123729644379877e-01	-1.870698075688811690e-01	-2.444879626516517079e-01	-1.146219743950161046e-01	-5.586825562834320247e-02	4.370414679832903548e-01	-1.888128670278667876e-01	-2.402538153697757195e-01	-1.604599244121881485e-01	-1.260294416608366830e-01	4.202728453477547754e-01	3.210942601422986376e-01	4.168872458956555116e-01	1.194963135420184092e-01	-1.287973969518006467e-01	-1.911024538601173092e-02	1.638934391117882472e-01	-1.094726753471216008e-01	-2.195934402074092573e-01	-2.157399231056913169e-01	-1.654423729692082734e-01	-2.021055255681739604e-01	-1.812029127002771078e-01	-2.574022704799326378e-01	2.016444554691670665e-01	-7.351814270595052880e-02	2.436859984276574728e-03	2.791489129110827361e-01	-2.637780716262603242e-01	9.437702217916459080e-02	-1.875290784362934060e-01	-7.255715166684473250e-02	-1.103484613845307459e-02	-1.355001137232882680e-01	2.131059468076455521e-01	-1.545937959685926844e-01	-4.373227642185242847e-02	-1.957627643553697117e-01	7.728426295148840275e-01	2.742541482431664623e-01	2.787846869026356922e-01	2.017963237817835820e-01	-2.251878419552371113e-01	1.224875580488717086e-01	-1.198945649564252675e-01	2.657915225885347787e-01	-1.542252088281190481e-01	-2.149742430553383543e-01	1.816602949473000439e-01	-2.901220860843187199e-01	-2.033309003880179322e-01	-2.407138353784636642e-01	1.770659409012080854e-01	3.069228007298744898e-01	-3.544985293839502116e-01	-1.637764775873544187e-01	1.581882190607073191e-01	1.681653870466367703e-02	-1.760448156106355494e-02	-4.715088733699682177e-01	2.020909459430372118e-02	-5.506246880414479572e-02	2.497652553381862206e-01	3.182523175657045456e-01	-3.833333276795398148e-01	-8.777562448445226650e-02	2.569789927703242105e-01	-2.412099611885675510e-01	-1.067182111350321455e-01	-5.259307778464904215e-02	-1.459811136839052892e-01	-3.404147312762550448e-01	-1.430271012694061261e-01	2.677983606120213911e-01	3.375836135244387748e-01	3.550170297018948595e-01	4.175437750617059240e-01	4.002138508475256984e-01	2.246303752380756358e-01	-1.336167435121803637e-01	3.255935750513893612e-01	1.781753271105930569e-01	2.812634943753513639e-01	-5.025164298848328742e-02	2.702066837857815540e-01	7.326799532727246156e-02	2.555882272849735459e-01	2.906190310716061376e-01	2.491268490432694549e-01	2.988786169321974162e-01	1.663750518786950849e-01	5.949468622343314500e-02	1.276215469086406928e-01	3.462736251923871911e-01	-1.895352378770336910e-01	-1.133281169238077035e-01	8.116027081770139928e-02	-4.882260749569424796e-01	1.791321564718127146e-01	1.353032578190911106e-01	3.211803814664462853e-01	-6.487023594471294508e-02	2.372297557622881498e-02	-2.188659849669292445e-01	-1.971900492184155140e-01	1.331101686290607211e-01	8.761131070701590196e-02	2.678426368369290489e-01	-9.424626657696452692e-02	6.184695620643105435e-02	-1.408328357131500008e-01	2.708427969974422020e-02	-2.622264025827538217e-02	3.435800177133225275e-01	2.803066905234806172e-01	2.676073787776781510e-01	3.408854253523598277e-01	2.870442418820003949e-01	-2.882651978819574801e-01	-2.414180988236032735e-02	2.274932120818212722e-01	2.090969614192909609e-01	3.048667908396307524e-01	-1.529908825915543835e-01	-1.611494365511805527e-01	-6.460963375218402305e-02	-8.631374103369685025e-02	-4.182066291096738775e-01	-1.517314513161261702e-01	-1.892106228328046258e-01	-3.978611722239159820e-01	2.927451904768467728e-01	1.180768540930996480e-01	3.805230607116592556e-01	2.685767728263340273e-02	-6.703600708654283702e-02	2.132422767241914374e-01	-1.002774819909345583e-01	3.364369042366781998e-02	2.249219000202034580e-01	2.952557696888821748e-01	1.764663826503820310e-01	1.879201158174291786e-01	-6.779531262543740666e-02	3.563270490902756965e-02	2.647610085373576783e-01	1.168042383177933241e-01	1.000000000000000000e+00	4.787650594634346723e-01	3.184299408697022216e-01	3.107019613994848606e-01	1.960518279224526539e-01	3.690484412940711056e-01	2.101636184699980370e-01	-1.500032384805208806e-02	-6.000100423937947125e-02	1.644605733992338670e-01	-2.970328080862905118e-01	-1.042517250121884620e-01	4.814449603604504385e-02	2.783741993761084110e-01	4.623494702568649029e-01	-9.422826199242140266e-02	-1.355787704427060258e-01	-1.035566098398117835e-01	5.308802248927438350e-02	1.571272575243132241e-01
-2.961377112274300449e-01	-1.835646117166896407e-01	-1.620616080017159288e-01	-3.896968475762467299e-01	-2.709405426733986766e-01	-3.350680973327929690e-01	-8.655167805473217013e-02	1.789022089620908029e-01	-2.599826644603649064e-03	1.573957331194895115e-01	3.506888089139277853e-01	-9.434376370516305010e-02	1.360866571833435346e-01	-1.305628023715354746e-01	6.291107376926423356e-02	1.194614641927869841e-01	-4.359467736000269267e-02	-2.445424053976628931e-02	1.667918083417172792e-01	2.286945774430728939e-01	4.784672280932560084e-02	1.365441182721530422e-01	-2.091970324706728460e-02	-6.230338953439157335e-02	4.311170654130443147e-02	-1.551389825323503946e-01	1.701593620825139208e-01	-2.560876499660319494e-02	-4.296654731069185496e-01	-4.889265882822459997e-01	3.630616348921947983e-02	1.872613778887098346e-01	1.079082420449136992e-01	-1.670988284912393318e-02	-2.922176027056279102e-01	-4.082356973324055560e-01	-2.710384653956543488e-01	-2.375184616168408702e-01	3.965943779772984068e-01	-3.166819225406095617e-01	-2.453375886903680914e-01	-2.507220764595669005e-01	-1.300955058516828633e-01	1.915485417022932679e-01	2.636959669009683593e-01	8.894028052091729197e-02	1.064673310041701487e-01	-9.000555127466688607e-03	-1.130318404978697747e-02	1.949433209368640063e-01	-1.959970119338464434e-01	-1.756934488908974412e-01	-2.585782685830530503e-01	-8.426436839560279279e-02	-6.973874959115262950e-02	-5.665403180042578868e-02	9.745673495069717696e-03	3.396813163979059969e-01	-6.866162318283765276e-02	1.282800726774131761e-01	2.926534011640780641e-01	-3.290031260548760828e-01	1.582664496806003018e-01	-3.087445378659899320e-01	1.881283710874627479e-01	-3.002765811518814595e-02	2.206581066940560831e-01	5.033834622572357365e-01	1.475073605489762851e-01	1.053563309553648963e-01	1.953166430825673330e-02	2.799429094656481487e-01	4.494439660388381275e-01	4.196121202062624150e-02	5.208254807659982166e-01	1.333442584354255223e-01	4.195307410155708627e-01	-9.796266251559786198e-02	5.432760310964237505e-01	-1.289768099029832693e-01	-6.266870091354566352e-02	1.088490049531229270e-01	-2.112593655378768864e-01	3.991624781355643248e-02	-1.083036361851768409e-01	4.235877224614222336e-01	4.932469413565962468e-01	-2.610517893193771144e-01	-1.944723204220324131e-01	2.562587599645776426e-01	1.912350621661056405e-01	-1.970014923229524589e-04	-2.747774302302716798e-01	-1.125408676590941917e-02	-5.651235673429724077e-02	4.267746900947815836e-01	2.539971511712288965e-01	-2.169733339068768141e-01	5.550407165597594922e-02	4.304543138304791627e-01	-4.262953620677688571e-01	-1.632920030491292473e-01	-3.469720393759768706e-01	-2.399231709453145678e-01	-5.319024712214559525e-01	-4.242616606029357973e-01	1.042995306883359591e-01	2.300956237067058319e-01	1.092278877226390554e-01	2.730442443938874142e-01	2.855411958323078592e-01	2.539107969910182200e-03	-2.778059310453872555e-01	1.573038850991227977e-01	-7.345857448997381023e-02	9.759600165465592836e-02	-2.011059460685575284e-01	1.112689572995849002e-01	-1.439124845492291416e-01	7.071829245281172072e-02	1.420313888072971542e-01	2.213860457099899870e-01	1.811259367728334790e-01	1.751368646241814875e-01	1.424254988879470052e-01	-3.956643511996290469e-02	3.578646839300502758e-01	1.729348835720794300e-02	-8.575055427605465797e-02	1.644827764560129746e-01	-4.964538478723984349e-01	2.444883014731012716e-01	-6.590959566840863537e-02	5.402418433661131808e-02	-1.280075216735336030e-01	1.539942313249931805e-01	-3.114864103639305992e-01	-3.942562246875407350e-01	3.627477448805491722e-01	-1.570800112950687388e-01	8.366982307397824448e-02	-1.325701754376171770e-01	-6.597697069862533403e-02	-1.253062744410237718e-02	1.498172421078377003e-01	1.140156510296629622e-01	2.218532425227932314e-01	1.483498703004923480e-01	2.185770865318075462e-01	1.135644759065015386e-01	2.938751692910236968e-01	-3.792116245636433236e-01	1.195122167937196916e-01	2.528538973709398840e-01	1.116700357791872433e-01	2.400999605295010275e-01	-1.647376670845351887e-01	-6.233703607512421779e-02	3.654418700227840110e-03	9.809546433935709131e-02	-3.034288160696053116e-01	-2.743300514307648458e-02	1.398318174200068910e-02	-2.629155292884184925e-01	5.671754227352738820e-01	-3.971936038832703936e-02	3.662879696766278004e-01	-5.791712388311046761e-02	5.697727078882872803e-02	1.276667135933988173e-01	2.421035263600582466e-01	1.514127667201489447e-01	6.492267447814946690e-01	3.910172987709820691e-01	1.957810368913590338e-01	4.488196250079359850e-01	1.356127188114714111e-01	1.734673768139332883e-01	4.413334420991295581e-01	6.008174245900562704e-01	4.787650594634346723e-01	1.000000000000000000e+00	-1.552170437258594202e-02	6.012945393438366981e-01	5.378797802166580544e-01	6.059840706683433664e-01	2.127271288361365364e-01	-2.054370296228597362e-02	1.504718125710571841e-01	4.529311092088907365e-01	-2.029293503510150309e-01	3.278000788308098046e-01	1.218302266876481049e-01	2.595325438785758831e-01	4.792431067628065144e-01	-8.522100983654443129e-02	-9.225818546599412430e-04	-8.741929424735414567e-02	2.492383193499471128e-01	1.837601214020354035e-01
1.025645143099834233e-01	9.917910232981887175e-02	9.193687186522815635e-02	2.397485944444938677e-01	1.585852341568531054e-01	2.058202317395144421e-01	2.055533535592448113e-01	-4.592983651568102038e-02	-6.321127175497771866e-02	-5.083115119489717629e-03	6.992842130058636585e-02	2.586885364987940097e-02	1.759597574714539259e-01	-2.477288345755876975e-01	-5.217373726065532846e-02	6.144322470266215530e-02	-5.295818514005346672e-02	2.484986919029318897e-01	1.415399207449123953e-01	7.424177159650943714e-02	2.043708955450960346e-02	-7.738621792965826029e-02	-4.480540167398047724e-02	-1.884639100659816491e-01	1.071459683487446975e-02	-2.840331520445056879e-01	-1.028338805262987571e-01	-1.950826045367238526e-01	-1.239206240037679790e-01	6.764261849363313595e-02	-1.308864051267917550e-01	1.911683649652002603e-01	2.967223435028061851e-01	1.217513729952664561e-02	-3.257178011033116660e-01	-3.413146832573177303e-01	-2.361970257041519083e-01	4.743243572249345591e-02	1.757354690554282783e-01	-2.981950603336314676e-01	-3.898083431101004304e-02	1.572895524205904574e-02	-1.095200380728992701e-01	1.878237147990791667e-01	1.421762772482538240e-01	2.004174710247396685e-01	-2.421173046469262957e-01	4.064615932906541496e-02	1.885989769912296832e-02	-1.346680782664679520e-02	-1.759028270926736859e-01	-2.219284075184434490e-01	-6.204836075515994531e-02	-2.456600798338086367e-01	3.922215582522685373e-02	-1.293482416348292752e-01	-2.121886848018391392e-01	-1.019820148380185948e-01	-1.211941458821532008e-01	-2.048213585584378049e-01	1.532443373603707137e-01	-1.307233760427592706e-01	-1.581993109784103901e-01	-5.300785270746071615e-02	-1.921488072145473014e-01	1.195242874779543774e-01	-2.085668698233731078e-01	-1.344780316215833937e-01	-1.206089039304597682e-01	-2.814475795068515640e-01	-5.543957803913306809e-02	4.252532266854019416e-01	1.119630328724279533e-01	4.184588883171453944e-01	-1.757542367306620112e-01	-2.579114520456278203e-01	-5.056604908311841673e-02	2.072875602818649854e-01	1.246741586757608156e-01	-1.162897791443006507e-01	-1.005346610269761479e-02	4.686201945847609518e-02	-5.897576782871486595e-02	-2.069849411968660291e-01	-2.070848312588472739e-01	-1.217836410638224315e-01	-2.286458960876608382e-01	-1.668325797507211883e-01	-4.541761240159460089e-02	-9.758917768789298480e-03	2.491089507215007992e-01	-8.474837116971549456e-02	-2.463183767676314362e-01	-1.687486229480334166e-01	-1.677370260575677396e-01	-2.326765496618760642e-01	-1.412327532297801835e-01	-1.764354861261188678e-01	-1.791996528523712995e-01	-2.127328863191814967e-01	2.227043197698000410e-01	-1.146091111231638121e-01	2.081387341909257949e-01	9.294426479312542511e-02	1.554244894247849562e-01	2.725947219165101854e-01	-2.431956828751949407e-02	5.223897837725750143e-02	4.441035055004745845e-03	5.154083968200168101e-04	-9.036040920211239891e-02	-1.542660514866232846e-01	-2.610100885451580033e-01	6.490101561377517592e-02	1.094361861617828557e-01	4.787814430740625765e-02	-1.423000975186383410e-01	8.378484213651658796e-02	-1.918853860644635645e-01	6.582960830838233829e-03	3.708378082460379865e-02	1.457306132856907993e-02	4.697321515430556010e-02	1.007853302706901016e-01	-1.272758009920410271e-01	-1.264804902615337956e-01	-1.850286957577830793e-01	-3.336812435774784702e-01	-2.837913717228751076e-01	-1.022191019152748903e-01	-9.429247398820322923e-02	-1.960979197538284535e-01	2.290066763196350608e-01	8.370600411117530559e-02	1.058684072700959711e-01	1.750542898721348939e-01	-2.966790406724884033e-01	-2.702271292816315618e-01	2.656849592201107960e-02	-8.219394883302888824e-03	-2.645388312924702029e-02	-3.678937438407479110e-01	-7.094114585956647068e-02	-1.108556422375175238e-01	-9.161240206584876644e-02	-2.110754439951142425e-01	1.144106550427722857e-01	1.073684978322596711e-01	1.863556550684780655e-01	4.748821672962539459e-02	-1.200424892387836479e-01	-6.733962851367278346e-02	1.223792531683348846e-02	-1.469575712651876188e-03	5.244451195823278400e-02	2.001517524469562104e-01	-1.280688855271002180e-01	-1.522266601694435284e-01	-1.262517465388499349e-01	1.322182787754796196e-01	-1.527157473705318402e-01	-8.489212570641929689e-02	3.406867675994055406e-02	-7.579712470771918231e-02	1.517416538779096588e-02	9.756720440597861643e-02	9.576803385015797421e-02	-6.754685734339800629e-02	-1.248414805625570750e-01	2.170451271937905435e-01	-1.320872315059866409e-01	6.631870802011044508e-02	-6.523237629481348776e-02	9.152180685063324161e-02	1.259330705185310040e-01	-3.071853947568281909e-02	-6.163648195990199113e-02	1.086669298658483468e-01	4.042689422886665968e-02	-6.460760318916247691e-02	3.184299408697022771e-01	-1.552170437258594202e-02	1.000000000000000000e+00	-2.030861529649441444e-01	5.535803743186874792e-02	2.120911616699484858e-01	5.377756521893349573e-02	-1.837867418740055103e-02	-1.202910754339681608e-02	-7.565674388672118111e-02	-1.264935155917908394e-01	-2.791433245384591574e-02	-1.956294270223061238e-01	-3.164541162375544836e-02	-1.189686104491968627e-01	-2.349726367632836571e-02	-1.730622677406329635e-01	-1.344939478056456084e-01	-3.087409474810390853e-01	-2.110584862831396125e-01
-4.973184627198865559e-01	-2.330510782527350222e-01	-2.661572867796000996e-01	-5.013586455034894085e-01	-2.714269033990466817e-01	-4.382186560347822724e-01	-1.249560670484497343e-01	4.208046885782001367e-01	1.791027281999237053e-01	2.525784118721007276e-01	3.364844703431593143e-01	2.762927393154970043e-03	-1.870226324648791572e-01	-1.113757529062772283e-01	-2.567493817238268861e-01	-2.824759159218588334e-01	-2.530679510108949648e-01	-3.290142238123030527e-01	-2.280498905193661108e-01	-1.162548103075413813e-01	-1.997574763488174643e-01	-4.712465851420154922e-02	-1.685778476908335599e-01	-1.120412571367504495e-01	1.384533421058625202e-01	8.101968271875395478e-02	-4.536743014546548020e-02	2.316943360385929906e-02	-2.469844168688615782e-01	-3.256173527526486922e-01	2.910230557786512295e-01	1.250053973809719596e-02	-9.507225585966853909e-02	6.163431326485850625e-02	5.918099745106911516e-03	-1.091086412981042975e-01	-7.148978839442091116e-02	-4.631219813650092054e-01	1.854756334381428839e-01	-3.117358611493938753e-02	-3.648034069052438211e-01	-1.545511256135051747e-01	4.560576051308885825e-02	-2.738982366154425058e-02	1.518247650139822099e-03	-6.357926641834375781e-02	4.328914710829689372e-01	-7.591194183389818329e-02	-7.946165118794420307e-03	-2.044690093650477214e-01	1.747629898628303424e-01	4.199112346307327936e-02	-4.208583404155024493e-02	-1.914420591127799151e-02	-1.794618837543557610e-01	-3.330728805305449569e-02	2.353176139370199149e-01	4.896925332161085609e-01	1.262039087751230804e-01	5.025225612060066904e-01	1.525183565225736448e-01	-1.478090090709318627e-01	2.636808379075892828e-01	-9.324483401996433440e-02	2.417601415118643959e-01	-2.168287510816619135e-01	2.108527530935699612e-01	5.423490029932075407e-01	8.761369662711875062e-02	2.581581858875613977e-01	-9.137815377828323316e-02	1.246399382721053023e-01	1.238787534368265691e-01	-1.005236889496294028e-01	6.519278056312879377e-01	5.534203634290165569e-02	4.266590069989124046e-01	-1.632298484544816297e-01	2.435534314454764482e-01	-1.823910741575279770e-01	6.314556370144045437e-03	-8.713892199246466019e-02	2.398461961533133666e-02	1.598025459261661618e-01	2.574894034637616458e-01	5.488497501435027903e-01	6.853885708892664130e-01	-5.981033420412707607e-02	-2.398751363778984791e-01	4.036993156531319270e-04	-5.815370818263655706e-02	7.234505185874680333e-02	-1.267681172287196123e-01	2.399342565032497321e-01	1.638527684463519929e-01	6.275362264447509331e-01	3.603541657806125786e-01	-1.633476344740142083e-01	2.997078889240043509e-01	6.905609997995443283e-01	-6.301057124719386948e-01	1.000865837676009062e-01	-4.535194023929498552e-01	-2.249828213608992822e-01	-4.711608805073708717e-01	-5.888614278565681426e-01	2.067950833298433377e-01	3.581201249366064987e-01	1.975630508971822907e-01	4.062078477839955459e-01	4.374674142458901960e-01	1.593984443367804926e-01	-2.933347790673642708e-01	-1.650445366804149938e-01	-2.744387662716356591e-01	-2.214237684509959836e-01	-3.315570616468966336e-01	-2.873021344294814372e-01	-2.719377404260961417e-01	-1.512676065059649078e-01	-2.736732307920948792e-01	-2.541276642829277677e-01	-2.377468185218728491e-01	-1.134273358121893199e-01	8.114255481041490747e-02	-2.427858204627611483e-02	2.539037779433441777e-01	1.834131924604523282e-03	-4.346577207819159183e-02	-5.796424574422682358e-02	-2.245344736839367528e-01	5.812401037369389067e-01	-1.264074231302033946e-01	-1.139762665569472866e-01	7.298138191662525975e-02	1.746074701645698377e-02	-1.771154567872716690e-01	-2.558195420921833829e-01	-7.172261639304350345e-02	-4.962885974818070367e-01	-8.381758493866314774e-02	1.018738595689796383e-01	-4.224124854094554737e-03	-8.933380663747660100e-02	-3.673273941974710549e-02	1.769023596609382298e-01	2.020440842010509316e-02	-2.098786398931561104e-01	-1.181718816100962438e-01	8.564604206902111383e-02	6.495851883708781971e-01	2.813955582883599649e-02	2.426673816587754107e-01	3.036884004730541209e-01	2.836262064291156237e-01	4.707438501883209198e-02	1.094031541426868370e-01	2.938270632876548438e-01	1.238110410166693293e-01	2.758007616265277240e-01	-7.591830730596263108e-03	1.704925088317933712e-01	9.984473628394639755e-02	-1.740462561369759686e-01	5.295119201911132611e-01	2.434441805336828024e-01	1.440882206780807751e-01	2.957583144991465240e-01	3.107061148329158251e-01	2.455778856301195703e-02	4.793039998149711267e-01	3.154020054356329039e-01	6.965861301013751561e-01	4.792348716818849441e-01	1.824907775697589274e-01	4.124044002711649837e-01	2.833270790103902814e-01	-3.946760753266463639e-02	4.389777846267636230e-01	4.347495498971944428e-01	3.107019613994848606e-01	6.012945393438366981e-01	-2.030861529649441444e-01	1.000000000000000000e+00	3.370198729016213868e-01	5.524940351115288362e-01	1.245477594096685292e-01	-2.518139671912399957e-01	3.372208511243731111e-01	5.967209684529755087e-01	1.153272266020031189e-01	2.675027125938158057e-01	4.687480887823087250e-01	4.927263209453708326e-01	5.052453927273494738e-01	-1.167348036793836585e-01	3.104021554451945608e-01	2.027510334942277948e-01	6.020104652084432573e-01	5.218201089184966168e-01
-1.156172604822405942e-01	-1.784892852558716270e-01	-2.747371499904154857e-01	-3.327810317344864766e-01	-5.148618325780383170e-02	-2.316101885238254846e-02	1.527642323292868476e-01	-8.267945087101431778e-02	-1.967097729847689935e-01	-2.577142990848705906e-01	-9.002097628592087286e-02	-3.426704579958545493e-01	1.593775258606602852e-01	-2.121180127145697591e-01	-3.700984500329652926e-02	5.459739190425030864e-02	-1.395207555540381172e-01	1.183633250579647772e-01	2.740711689426924072e-02	-2.230982934685319177e-02	7.907616532964270584e-02	-7.743679232445928665e-03	-1.310092804303037151e-01	-5.513492939726329783e-02	-2.118479977465139996e-01	-2.312354413043238854e-01	6.226180334759914142e-02	1.643002714736669645e-01	-1.443693258239984456e-01	-1.530854884307019104e-01	-1.514814221069280820e-01	2.258960952665443611e-01	2.764252151292426740e-01	2.461607630119594659e-01	-1.940010405341720812e-01	-3.138747259671864076e-01	-3.511086385559338691e-02	-1.826825215357097132e-01	5.606077068136794406e-01	-1.818542298980803662e-01	-8.013914598261201450e-02	-1.437200495524681709e-01	1.036184316504650538e-01	1.132891197340943346e-01	4.079041145543136904e-01	2.144112241646159156e-01	9.008186983183845420e-02	4.301768043768232075e-01	2.235843284397773523e-01	2.921369793551407690e-01	-4.078263566384251332e-02	-7.920108691078557583e-02	-1.874556130042027147e-01	-2.954672893060437434e-03	-3.508146470702644959e-01	-1.173850773343432102e-01	1.741853265253728578e-01	2.036605481938829620e-01	6.608611870145576772e-02	2.335277473740707543e-01	5.124206851077673930e-01	8.965235517264605325e-02	3.222017836339864938e-01	2.196236423830512929e-01	5.232071330738918835e-01	1.462992070254597321e-01	1.245648152944118098e-01	3.868318807752174626e-01	2.997398985019124051e-01	7.226091131801963552e-02	3.105614998755929501e-01	-4.736928679705644518e-02	2.659309972010421852e-01	-6.243713008869756359e-02	2.714294268684399047e-01	3.955978568994235611e-01	-1.020538041334605184e-01	-2.115859698800665323e-01	2.088214501032330528e-01	-1.081670111863441419e-01	1.222913505751391655e-01	2.307299977614192532e-01	-3.770276089745862036e-01	1.943762234123418697e-01	-1.970014058519923283e-01	2.237661847660743775e-01	1.891909147881773445e-01	-2.633227503537782788e-03	-1.687017827271972970e-01	4.435216655682859832e-01	3.017085374866262937e-01	7.235538752352885239e-02	-1.470780890908487681e-01	6.027364534153903386e-02	7.487769314707215518e-02	1.529341887061438643e-01	-2.139369648923514569e-02	1.334478261749334760e-01	-6.377560112095741196e-02	1.917144331611531638e-01	-1.675826439559101877e-01	-1.622116048365152552e-01	-3.741436637468803506e-01	-2.869582810655975091e-01	-1.855348928145924003e-01	-3.484067455439762151e-01	-1.873422333586252098e-01	-1.329681125725306612e-01	-3.042028629615281532e-01	-1.415584102542430667e-01	-1.368327038833664355e-01	-1.777238076180971404e-01	-3.451184069593375425e-01	1.711118762587254261e-01	-7.440513810933775674e-02	-9.480057945399679442e-02	-3.197670167641732397e-01	-9.234130878534846376e-02	-3.013806016831971912e-01	1.785375384624610928e-01	-1.398396466703681340e-01	1.171303057595759201e-01	-5.700573322447195085e-02	-1.097994677282028708e-01	-1.375221000457008125e-01	-2.083223156172673007e-01	-6.649028219985355856e-03	-9.256792969518640515e-03	-2.814953585056080287e-01	6.614675219871513079e-02	-1.562739201501483766e-01	1.625278832255547257e-01	1.387754960786508063e-01	7.374431183907349807e-02	1.629659247429487146e-01	3.788678791948142943e-01	-3.463186261876846639e-01	-3.488773746755668981e-01	2.130007197160787014e-01	-1.136088841854677317e-01	1.073499809903393776e-01	-1.960149056432321513e-01	3.557710830489506093e-01	-9.404268575686318410e-02	6.168726011923319997e-04	7.337455883500318410e-02	2.972936520422532758e-01	1.527413821785302828e-01	1.413136270154820573e-01	2.829739495233771773e-01	2.404888862255031290e-01	9.038031259400515147e-03	5.122572458712463250e-01	4.363548296731941112e-01	2.378771096670273533e-01	3.734203419671089930e-01	1.312389914356681432e-02	1.167386324311571813e-02	-1.434569130289413963e-01	3.213653702596583339e-01	-3.970434063686100745e-01	-7.166098608457464186e-03	2.447919907707318266e-01	-4.336320286851528052e-03	4.434326745934624725e-01	1.906228887790994142e-01	6.381664831992838183e-01	1.341223984716225781e-01	4.088610844935378630e-01	2.607397697688346727e-01	2.032475791276939781e-01	1.714683450965068523e-01	4.387477092665439948e-01	3.340572846352280467e-01	6.341684869732262531e-01	7.067901525539579399e-01	2.306000938438581283e-01	4.189571666294827357e-01	5.352590174528858435e-01	7.547449763237082943e-01	1.960518279224526539e-01	5.378797802166580544e-01	5.535803743186875486e-02	3.370198729016213868e-01	1.000000000000000000e+00	2.653342615165484308e-01	2.363090818265093929e-01	1.856495323123265595e-01	3.392431165004448079e-01	3.054810719326493951e-01	-2.942245435984531809e-01	5.549711540847390712e-01	1.972200800456521408e-01	2.549546173305722307e-01	1.973782043601438330e-01	1.809449640128622527e-01	-1.244511114875106461e-01	-2.120724243253948593e-01	-7.928262482410643706e-04	-1.159846672375518944e-01
-2.541972116978913898e-01	-1.971210949968737747e-01	-1.751138952970880125e-01	-2.410496788292509351e-01	-2.498509180774806382e-01	-2.610266053727130497e-01	-3.321543773432385910e-02	9.693261268941819053e-02	2.835146183889915988e-02	3.858623272780613983e-02	2.306697578817914207e-01	-9.792362062454748606e-02	-4.301437879354650523e-02	6.253808194146545651e-02	-1.268653853944925851e-03	-9.088949648092994882e-03	-1.351944263436014870e-01	-1.760962828291255389e-01	-6.617424342287483996e-02	-6.832367735794518671e-02	-1.220582064030651670e-01	1.402747507611888378e-01	-6.227052388747792572e-02	-6.933112427775697806e-02	7.422512008201875844e-02	6.491771660243610131e-02	6.583253367553221214e-02	-3.129019132077091869e-02	-2.956760107762735346e-01	-3.329820176382952690e-01	2.773743629187873025e-02	1.533123966964774765e-01	1.106749602427589824e-01	2.117361923079200473e-02	-9.885904823639606043e-02	-1.780304379593745934e-01	-2.565375382685758376e-01	-3.326210891646464995e-01	1.739143301081059190e-01	-1.321921739054635336e-01	-3.214948083289883574e-01	-1.136281989393241737e-01	4.869981915265628181e-02	-3.124333221524273289e-03	3.733353846727031217e-02	-4.551184058747061861e-02	8.450786621966223378e-02	-1.209459730863719218e-01	4.874630323901018442e-02	-1.617001165167501475e-01	5.922576913067399002e-02	7.911722053334575844e-03	-1.036836489860892413e-01	-3.892769622632664961e-02	1.000421405898791610e-01	-6.040679233364943009e-03	-8.692492691534901839e-04	3.349134633971372899e-01	-7.714340670183005011e-02	1.626453463736248217e-01	1.978786099112444380e-02	-1.817493746737944560e-01	2.144540562835941799e-01	-1.317849442818495309e-01	3.734135841067035694e-02	-9.366108267001997667e-02	1.648520415838881925e-01	2.917022581730419062e-01	-1.892325386985607705e-02	1.701964837286045196e-01	-3.355710012830600414e-02	3.250898019676031203e-01	6.911426075798382529e-02	1.575608036077647822e-01	4.506272040106946708e-01	1.318510601820117520e-02	6.320570997839335403e-01	2.099757587427178163e-01	2.855009265237347660e-01	-1.004874946109698408e-01	1.541041436504977935e-01	-1.697688263326388447e-02	1.427141820744980139e-01	1.070285608721544268e-01	2.349537667174418087e-01	4.237660341402825215e-01	3.482996804035452532e-01	6.470745101475239291e-02	-2.612750805970180390e-01	8.599656150010552558e-02	2.557520137990136264e-02	2.022334445907687517e-01	-1.523370434023982034e-01	1.619128042556947644e-01	1.460814044817246860e-01	3.002554238111589391e-01	4.700423973301541825e-01	-2.289799889108358466e-01	2.766804657129314227e-01	4.492852182982017828e-01	-3.559008769046118625e-01	-1.297511973864684254e-01	-3.043200682690459513e-01	-1.561773365469379671e-01	-3.935038741741026525e-01	-3.653970988131045594e-01	1.637719588628254799e-02	1.615094799782223478e-01	-9.738845873934080799e-03	1.547118179814882533e-01	1.377987992571372833e-01	-1.424746662128961727e-01	-1.332814870653221961e-01	-9.508148257880968957e-02	-2.619027952994474884e-01	-7.412095142750944887e-02	-2.874447445568469317e-01	-7.957289032904206472e-02	-1.424121046199600393e-01	-1.468432229904648723e-01	-1.107614511199807167e-01	-1.556944098861506864e-01	-1.567763740079853585e-01	1.121742131470019749e-01	2.529627012560897170e-01	-7.492019306643032950e-02	1.898027654023015653e-01	-6.355587833397283171e-02	-1.739222369122164422e-02	2.310945839832932811e-03	-3.320524647414776487e-01	9.573888009421081813e-02	-1.039375236206476760e-01	-9.215779081839048370e-02	3.923854304998008330e-02	9.626218122100049790e-02	-1.507240077093295882e-01	-2.663761552659616449e-01	-6.025764314108460196e-02	-3.177513977233962783e-01	-1.112074391799674766e-01	-3.466350173017993669e-02	-2.693865847379936160e-02	1.065555373461921952e-02	5.852892835766283601e-03	2.965862792466599993e-02	1.940846752521863811e-02	-6.069632623596270954e-02	-3.308670013605619770e-02	-9.221959955650152474e-02	2.706687762490220250e-01	-8.082243279844461559e-02	1.513819631023642087e-01	2.952749637930662252e-01	1.589856710365337711e-01	8.012523722531282588e-02	3.013904363219926247e-02	2.218069072517037665e-01	1.828929845654533592e-01	1.290182379324649187e-01	1.983045700105253231e-02	1.651824952089956389e-01	1.171612283902694618e-01	-1.812648777570835534e-01	4.720902799361039182e-01	1.752253939323497878e-01	2.559284298658628942e-02	1.624719740708284177e-01	1.892011859762346981e-01	8.167209011250538275e-02	3.462835400045801704e-01	3.060607460657506218e-01	5.530990124471508729e-01	3.733485340110824224e-01	1.361457034397468568e-01	3.153655719099101584e-01	1.874378633690639284e-01	9.977552581336657234e-02	3.637906651427079696e-01	3.475627449388161150e-01	3.690484412940711056e-01	6.059840706683433664e-01	2.120911616699484858e-01	5.524940351115288362e-01	2.653342615165484863e-01	1.000000000000000000e+00	1.662115812871897969e-01	-1.572978275688022842e-01	3.656452630860088648e-01	4.397507687649896413e-01	1.117120860703359336e-01	2.245070133605673313e-01	3.410420484184828460e-01	1.852450606939352318e-01	4.835075987731433655e-01	-4.994787878616168547e-02	2.518502712702546664e-01	2.776564652139653089e-01	3.234727840507161112e-01	2.936621988390527016e-01
-1.136199788755987705e-01	1.435128577111428050e-01	2.531660853295550906e-01	-1.470593806613198773e-01	-2.616618940871077159e-01	-2.000137891830883752e-01	8.044553949363313083e-02	-1.261012434468413226e-02	-2.040350242189061525e-01	5.757403865577763458e-02	1.548289573679422493e-01	-1.054858200425505821e-01	8.125892338517405611e-02	7.551701791077460035e-02	1.360991459708861540e-01	1.606640100492358336e-02	2.736863798000800999e-02	-3.938003642714194702e-02	-6.060693056599281148e-02	-2.224984247750750460e-02	-2.568840170837185521e-01	2.365240072729980769e-01	-5.290994651823238693e-02	-1.951634889179764132e-01	-1.904505816438301635e-01	-9.083871564908758967e-02	1.540788153217074186e-01	1.768164565944883582e-01	-2.476165575551434184e-01	-2.905258410285737058e-01	-3.485031064449392590e-02	-1.059516131059490690e-01	5.150721624773525742e-02	-1.059162484011587219e-01	-9.553841775455200469e-02	-1.217317523836033144e-01	-1.295838882433301628e-02	-3.587582011440929586e-01	5.359672781845393752e-01	-1.515654163416298716e-01	-2.754339196269611767e-01	-3.455752528319051553e-01	-5.201802551101698813e-02	2.118128667507331586e-01	3.550777947363930598e-01	-1.529619916922773069e-02	8.392249439075036288e-02	3.366360947717563223e-01	9.265832454862505188e-03	5.048544294859207415e-01	2.436130148121329331e-01	1.532799729065194572e-01	-1.454508354954135996e-01	1.354612296379363034e-01	-8.179090218463298811e-02	-1.091046949306768571e-01	-1.883840146930198384e-02	3.903662240659783178e-02	-1.003898970562893955e-01	3.559603390749788154e-02	1.669237498812131404e-01	1.098384318970332674e-01	4.239736497729215681e-01	4.487692604004540203e-02	3.605651274809753559e-01	2.656406523418178844e-01	8.253678638234658235e-03	3.450564480173436976e-01	2.073400241967852942e-01	1.723160125658079189e-01	3.405962053412711077e-01	1.282917393819122884e-02	-2.203110671651054564e-01	8.566553247074856769e-02	1.462664003827637560e-01	2.306043952041267053e-01	1.201541575106503806e-02	1.065346054848103352e-01	-9.555617589014762936e-02	3.402977385535614352e-01	3.440344458957633189e-01	6.869515839619869668e-01	-3.795980982914456958e-02	1.586726667531401791e-01	-7.945601843850513823e-02	2.788022314965454274e-01	3.765512997390424998e-01	2.099188351010952969e-01	-2.057891938598543913e-01	2.686655269552519210e-01	4.802192611269809341e-02	1.307611631711757816e-01	8.996265594846732452e-03	1.896318598709750558e-01	1.171223465488925447e-01	6.652410282682195974e-02	2.551230334161441737e-01	1.101769158138505775e-02	1.855688785389671691e-01	2.316293537055903184e-01	-1.344215872706173986e-01	-1.599409286466594859e-01	-3.120163534558826127e-02	4.750189285977853698e-02	-3.808240013158439852e-01	-2.720608053475305765e-01	1.038817653930799445e-01	3.341177117957384868e-02	1.108557208247611114e-01	8.965926289099325139e-03	2.237919308196370007e-03	1.219782288600968490e-01	-1.216416321658365420e-02	3.330545685139778556e-01	-1.142242299035804293e-01	2.961391484463952728e-01	-1.464306741952688673e-01	1.169558478647852867e-01	-4.984757914026731462e-02	7.504814058411211908e-02	-1.489978433092308263e-01	-4.539270185413778885e-02	2.910979122775621264e-02	1.160433675008911147e-01	1.125133018828532727e-01	-6.431664727420341454e-02	7.429759501047053516e-02	-4.803579218178211790e-02	-7.842460030276333927e-02	1.822262047423116316e-01	-3.206359709884837317e-01	-4.936640897939024303e-02	-3.318229219154938958e-01	-1.825146909747543122e-01	-1.734195907082246857e-01	-1.609966401493927168e-01	-1.994542704172259096e-01	-1.634729732766157240e-01	-2.533198516075879092e-01	-1.247120971883101254e-01	2.047922284680173677e-01	-1.637305914990509481e-01	2.193435095852468986e-01	-8.569629639467220283e-02	-6.954141796018950550e-02	3.723408803407066148e-02	1.884030909470063853e-01	-1.453474161893304924e-02	1.277336757312806381e-01	1.696616239463551445e-01	1.308467820893772504e-01	-3.159238965167729396e-02	2.564937114652264261e-01	4.037973780138516267e-01	2.576069549257690161e-01	5.603106395996672040e-01	6.872122943783035010e-02	8.123847488770528924e-02	4.367661692503589377e-01	7.510032847575683068e-02	-1.781583594579603247e-01	-4.100057810356128041e-02	5.736020227730610765e-02	-6.110258943502747120e-02	-8.617636226018605961e-02	-1.233086484946814831e-01	1.967123996277023168e-01	4.288888910258368409e-02	2.644702227567199970e-01	5.303181493936769408e-01	1.584973635495336430e-01	-4.693597982456286510e-02	2.619316508152783746e-02	7.607109112171080156e-02	2.055673753807909232e-01	4.189815492997410185e-01	1.480457678222851237e-01	3.091257454638743907e-01	3.701250971346291552e-01	2.296689496310786727e-01	2.101636184699980370e-01	2.127271288361365364e-01	5.377756521893348879e-02	1.245477594096685431e-01	2.363090818265093929e-01	1.662115812871897969e-01	1.000000000000000000e+00	4.438969479938439933e-01	5.026391015400488715e-01	1.952018096147175863e-01	2.934192174693114885e-02	2.194849840908321970e-01	2.576221142408868237e-01	-1.601999473496754922e-01	3.009643913930359904e-01	2.337627049119504752e-02	5.549911194171453649e-02	6.196588438436455987e-02	1.577313041588605802e-01	9.385353736358995058e-02
1.862177125805605793e-01	1.302849818820924974e-02	1.572842739771703469e-01	-3.524776059562059055e-02	-2.167544791194397358e-01	7.088514199410808625e-02	1.611181949142010128e-01	-2.683941009131974864e-01	-6.803495102068451983e-02	-2.200196602410115221e-01	-2.007416270170157280e-01	-2.201748905767035025e-01	1.501631679310719558e-01	1.857273315092660415e-01	3.053192862418412923e-01	2.547130027990553436e-01	3.026659029656436073e-01	1.784220873719439271e-01	4.006169653130220443e-02	2.730022598522546806e-02	1.829805574357264153e-01	3.809738259483790301e-01	-4.164601221604776610e-02	9.942718724141769160e-02	-1.575210603406937138e-01	-1.603426475770032555e-02	1.815264576938712127e-01	2.356837603090461419e-01	6.544262835937575407e-02	-1.117699256154912058e-01	-1.898551300872457215e-01	-2.912735851839729634e-02	5.192678867836263146e-02	-3.773878514624943309e-02	8.872148412410624241e-02	1.282126215450260232e-01	1.827489942244151233e-01	3.805466836302838496e-02	3.295040536462787717e-01	1.303275163257540913e-02	-1.818394460916325159e-02	-1.544910817942770909e-01	3.615298378447127231e-02	6.017143969984067864e-02	3.953555125120066238e-01	1.088432458180458723e-01	-1.316246121368802868e-01	2.614019557188321796e-01	7.723338728536811859e-02	5.542953150937107720e-01	3.248767006301500615e-02	1.876352010969324358e-01	8.505422476864638037e-02	2.660201674956537699e-01	-8.407273430920605972e-02	1.173020116595188955e-01	-5.618372402759840012e-02	-3.109913377142276003e-01	-4.932535358964466182e-02	-1.123774121568028445e-01	1.913603808602743206e-01	1.796242698797516080e-01	1.081880479106586412e-01	8.564364101801491547e-02	1.428911496425626926e-01	3.821650611352362947e-01	1.279185808237920385e-02	-6.606772235184192599e-02	-4.876771097141383016e-02	-2.131899140190371411e-02	4.442793608577845776e-01	-6.693515716104803115e-02	-7.531997247613236857e-02	2.217209411345289760e-01	-2.801218322234230174e-01	1.297510037437989705e-01	-2.389247622221043199e-01	2.568098392167755470e-02	5.325328723545312039e-03	2.988491764748301138e-01	2.217354318009131242e-01	4.987337757239149183e-01	-1.772772949209405063e-02	2.478324702355100273e-01	-9.857818064410633907e-02	4.007927259219806748e-02	-1.109324920977632634e-01	1.135485287670378179e-01	-9.099514035114669719e-02	1.497311944597324307e-01	-1.352487979757519276e-01	1.610127743645670961e-01	-6.641429948309246142e-03	3.311791730190848104e-02	-9.253253273387763295e-03	-3.122648651402497588e-01	-7.176033467803917543e-02	1.852380469275843877e-01	7.947941508274691813e-02	-8.428709203583127640e-02	1.996469942243223883e-01	-1.087739453876180318e-01	8.121258531076094855e-02	2.376359182680463401e-03	-1.188509939665651077e-01	2.530028048795085471e-02	-1.551164852311070208e-01	-2.265027665719502870e-01	-1.248579424979542746e-01	-2.986532370535044945e-01	-3.056507671430013229e-01	-1.582068668333521666e-01	2.407579635457457179e-01	4.250802340523196499e-01	2.445982145659991377e-02	3.336042767533948239e-01	4.939404124518549655e-02	3.158043839706238254e-01	1.634530342429232896e-01	2.216675796324188985e-01	4.366070919556618718e-02	9.764141269705640946e-02	1.227100574161175822e-01	2.429507147905737852e-01	2.470345691089351758e-01	-6.493288589828223600e-02	2.066868086499439386e-02	1.529233247790255934e-01	2.095923756250504533e-01	1.987761084574957149e-01	-8.491949551873979873e-02	-2.539124526312638852e-01	-1.311316731972614336e-01	1.196757946777891705e-02	-1.697232605309099418e-01	-1.576104609751818320e-01	5.947270130876147753e-02	9.762572914169610760e-02	-3.633075855533697551e-02	1.997728343385178074e-01	2.838572021188873751e-01	-7.058816396981175238e-03	2.040830312235734079e-01	3.904240741144541782e-01	2.251977626949684397e-01	1.180678192929286441e-01	2.877156344253778419e-01	2.650633709898102541e-01	2.134445251494499485e-01	3.113033850782720990e-01	-1.421804488198523675e-01	-2.604145092511422899e-02	2.623464026009080796e-01	2.545746350532008262e-01	1.170773962583524508e-01	5.274103473075670845e-01	1.504176414267396900e-01	-9.136702970306580240e-02	-2.559354860903032339e-02	-3.992506761062817634e-03	-1.050237149194364200e-01	3.862391032062105489e-02	-3.453618175961058884e-02	1.264668398300121122e-01	-2.884617092631440727e-01	-1.302013401865627085e-01	2.206117767038264788e-01	-1.184824443781638537e-01	-1.612638087430561711e-03	2.771557935881332480e-01	8.545681280585450124e-02	-1.624867563318220243e-01	-2.590398521603693993e-01	-1.488112096493700576e-01	1.241182611904726174e-01	5.221804109349947182e-02	-5.236870529526491125e-02	3.256962245156669877e-01	-3.310376084113188927e-02	2.925931652941469313e-02	-1.500032384805208979e-02	-2.054370296228597362e-02	-1.837867418740055103e-02	-2.518139671912399957e-01	1.856495323123265595e-01	-1.572978275688022565e-01	4.438969479938439378e-01	1.000000000000000000e+00	1.208757448854281963e-01	-2.829805022028912195e-02	-8.435664284249777545e-02	-3.508420354668786989e-02	-5.930612026212442323e-02	-3.190133756129261422e-01	-8.360309198981615009e-02	1.501540887307852290e-01	-1.357622472419918735e-01	-1.196680594329961080e-02	-1.147253200092744202e-01	-1.263355480810360587e-01
-1.461596272501146376e-01	2.070838932327584078e-02	-1.899046347465249973e-01	-1.901725476633289169e-01	-1.624372171940011989e-01	-1.306027255090784489e-01	5.519281150248958601e-02	-7.928798174379264596e-02	-1.991486476316094989e-01	-2.254006180365893119e-01	-1.952845941434305232e-01	-3.176656955218690737e-01	-2.450335065075051610e-01	6.561996450643174661e-02	-1.383433439112708718e-01	-2.184904013940761891e-01	-1.408259447993965852e-01	-2.769405422755616408e-01	-3.286831118241618221e-01	-2.432748514055793343e-01	-3.540572540084528375e-01	-7.912699355950932045e-02	-3.101468285930987778e-01	-1.999146713944149056e-01	-2.635820795624223556e-01	3.092074791715448620e-02	-4.047099331327124599e-02	6.906817900703267343e-02	8.560838429086434220e-02	7.806107614617858841e-03	6.937160514688758828e-02	-9.867901418550899251e-02	4.971284348496375627e-02	2.149545965998012897e-01	2.155749553040417488e-01	1.546584025030587894e-01	1.900842198523016446e-01	-3.018997256345793412e-01	2.357813744267616418e-01	7.119160189917510262e-02	-2.675050181851290620e-01	-1.411149606379482890e-01	1.075255272679032925e-01	-2.083555760839929383e-01	-7.734060214865087768e-02	-2.273302800982403560e-01	1.762176765288948066e-01	2.887266596012818543e-01	-2.826088994698339532e-02	-6.281262032200890522e-02	3.208359771757148260e-01	1.280615801721724789e-01	1.284605113083873151e-01	2.361832440454069704e-01	-3.160011651233299388e-03	-5.716952407304697059e-02	2.104109088801922045e-01	2.396414190614341022e-01	1.543156052466527484e-01	3.752212033991842999e-01	1.383542048288751158e-01	2.928004919800069050e-01	4.419785734129264565e-01	3.069140307255223132e-01	4.863752578906195834e-01	2.056135519263272565e-02	4.735371055286885511e-02	2.593115332236540227e-01	3.056915279698625976e-01	2.216545603626470240e-01	3.995955423882784907e-01	-2.142282986286527802e-01	-1.786856685079089013e-01	-1.030567510774556793e-02	2.866465327141273778e-01	4.114826237729145020e-01	4.136291190403171975e-02	-2.454566069715257565e-02	-3.407226960705107138e-02	6.561436403046176646e-02	4.670227934122391789e-01	2.976607940847954548e-01	2.877597882888605629e-01	1.827390594035073479e-01	4.015097272680362983e-01	2.985675846666691613e-01	3.389047138911362445e-01	5.576886289121901763e-01	-1.979468980197631733e-01	3.802540913926850258e-02	-4.172923699609040749e-02	1.823071129060189477e-01	1.722522066882838654e-01	3.133293730407417099e-01	2.540814563999217457e-01	1.472481318458255528e-01	1.780509892476603850e-01	2.238934859627514928e-01	4.659249251644255185e-01	4.782341364973374809e-01	-2.278874676628457885e-01	5.564084518694036030e-02	-3.573830797491502898e-01	5.725289572860671819e-03	-2.035958753248309216e-01	-4.745867361061395506e-01	-1.761553170574618465e-01	-1.230984133553871124e-01	-2.014492095560176110e-01	-1.406250630234355814e-01	-1.242013421586315447e-01	-1.384282454645618110e-01	-1.082906657473100831e-01	-1.824150917946402994e-01	-4.303643297014156932e-01	-1.916291410862151767e-01	-3.108364615082945814e-01	-3.293305963546503956e-01	-2.601890798908324531e-01	-2.242676555093227331e-01	-4.018838905682603491e-01	-3.557992937274336853e-01	-3.721066278574921005e-01	-2.038953423493286843e-01	9.945269575454583622e-02	-1.810650398320176047e-01	-1.947302029248531574e-01	-2.472003708409726414e-02	-4.607496585717191923e-02	2.720608114487542070e-02	2.246032366135979844e-03	1.104708875025909171e-01	-3.108222446090957991e-01	-2.844761293633573662e-01	-1.609192955042611922e-02	-8.409562543243470634e-02	-1.052171953364142432e-01	-1.226825917465586974e-01	-3.114629197910512848e-01	-3.888683826698008938e-01	-3.108501803519454765e-02	-3.187540345799657476e-02	2.387668599973391537e-01	6.876169548544182331e-02	-2.098736104130195512e-01	9.164643919414690310e-03	-1.484457587865671280e-01	-3.100147236060948330e-01	-2.621047955922344297e-01	-1.592979406218304472e-01	1.988189457054979070e-01	2.938008774888226093e-01	4.651939923685160516e-01	3.696073597645496700e-01	2.553653927411129732e-01	1.300922659745832322e-01	1.894882109378401847e-01	3.972814739980550791e-01	4.140325637178440821e-01	3.782270800910411679e-01	1.920267492861592040e-01	3.596344012034980442e-01	3.282630453926193570e-01	2.199951825510053360e-01	4.047276064947968183e-02	4.581135907410862490e-02	1.757128880180713545e-02	2.270386260893720864e-01	5.347118908024827144e-01	3.346171500965550716e-01	3.283530893546886542e-01	5.530068636805765547e-02	1.733462820795233783e-01	1.140832383347172158e-01	2.567990605068723453e-01	3.802637243389125898e-01	2.288283709076753547e-01	3.340885633490261464e-01	2.747912593671493209e-01	2.902738343536620524e-01	-6.000100423937947125e-02	1.504718125710571841e-01	-1.202910754339681608e-02	3.372208511243731111e-01	3.392431165004448079e-01	3.656452630860088648e-01	5.026391015400488715e-01	1.208757448854281963e-01	1.000000000000000000e+00	2.956296866099991094e-01	4.534513167157814273e-01	4.035246624625687950e-01	5.270009954290664211e-01	-7.933716590907444188e-02	3.023073545962874364e-01	2.581753323380426846e-01	3.912604647618826426e-01	4.156147770875315839e-01	4.853873099050014517e-01	1.894593155192541012e-01
-3.444181297702716971e-01	-4.632100952917136971e-01	-2.809442818826307642e-01	-4.776637927839259556e-01	-3.447212069735225426e-01	-2.926858595394229989e-01	-6.487050718220366274e-02	1.584309564485379684e-02	7.384405125102866396e-02	-8.733770153006853443e-02	4.718820664100802087e-02	-2.588599240236994503e-01	-1.193693276560493510e-01	-4.341306030806676292e-02	-2.149775127716290757e-01	-1.807179597331727838e-01	-1.502926404164797447e-01	-2.209908196819705684e-01	-1.682054622336327521e-01	-2.711602105647834549e-01	9.205535992455976535e-02	1.568268095050314170e-01	6.025912235378577675e-02	1.445064158909905444e-02	-1.160720715041331924e-01	1.328688961362531062e-01	-1.460874153556007971e-01	1.542670259191888937e-01	-1.858477649247816110e-01	-4.158920573283310662e-01	-9.549333431215603629e-02	1.744091595378887138e-01	1.142056722547149933e-01	2.620290762830979059e-01	1.443660209618655155e-02	-5.587673610704563254e-02	-7.548020707297850573e-02	-3.578796374611029063e-01	2.104382782552843834e-01	-1.366550727957314450e-02	-1.100166785688846266e-01	-2.254033629804297334e-02	2.339705058750098654e-01	-3.734439616868068246e-02	1.631201803470395673e-01	-9.853895278957303105e-02	2.835982632842911633e-01	-1.692384314061995756e-02	1.817548726845816809e-01	5.038798983098518453e-02	1.503931332914054120e-01	2.046270405050700514e-01	-6.895052149707635303e-02	2.273292454525653872e-01	-3.444077465060824128e-01	1.313230463257940850e-01	3.016295663770852120e-01	4.695207956690497508e-01	1.410942690333038263e-01	4.930107855846635467e-01	6.081262450065339636e-02	7.209539426484341818e-02	3.366419235116437925e-01	-4.551658887672841575e-03	2.981196861924414465e-01	-1.605422749497469048e-01	4.832730784939648916e-01	6.335129911450915197e-01	1.330796449188702824e-01	4.178658341574545965e-01	1.887175345720070174e-01	1.059318655291981853e-01	-8.649290143525713292e-02	9.619743337814581907e-02	6.359657332534448537e-01	9.693680073276540743e-02	3.349453757072591298e-01	1.117236184023283202e-01	9.002850021357557131e-02	4.750860796233129929e-02	1.973101659205531710e-01	3.343572297442121838e-02	1.296675185298562794e-01	5.324376708309445094e-01	2.625538870021068005e-01	7.888418667871064383e-01	5.342541654991320721e-01	5.689616530054237425e-02	-1.995266960248829879e-01	1.900295232782453769e-01	-1.007448275551377920e-01	3.020996365870330935e-01	1.114812280070327510e-01	4.146037135018982300e-01	3.720978156451694163e-01	3.272717546306988523e-01	1.970571655173352643e-01	-1.487983414026036906e-02	4.468316878669053027e-01	5.015156994831002635e-01	-4.523380337639995030e-01	-3.047410762194707190e-01	-4.156155041701861674e-01	-4.819891691679668022e-01	-3.819839219425682497e-01	-4.833231964812088610e-01	3.418843526781494696e-02	1.091123932500083077e-01	-7.953877497080046044e-02	6.173731387241688379e-02	3.968850830026449117e-02	-1.009333635733975915e-01	-2.079077104011674282e-01	-1.074974338631229376e-01	-1.980471233729258207e-01	-2.147585632605964467e-01	-3.733698625732959631e-01	-1.820978690746044293e-01	-2.085342003622544793e-01	-1.635856608680683888e-01	-2.143197311117598924e-01	-2.141662341963117833e-01	-2.869078432332587969e-01	-2.952947009778526984e-03	1.809497955828745508e-01	-5.431225771502759536e-02	2.035386738430648434e-01	8.372498832953861880e-02	-8.289462956093093804e-02	-1.709986473523860129e-01	-2.100347790313862595e-01	1.586564661596077119e-01	-6.102285412642740117e-03	-5.096527824642272525e-02	2.452689243895710969e-01	2.487674925441837326e-01	-1.679701129274319416e-01	-2.835874262387040323e-01	-1.916094249857518972e-01	-3.340098931031818541e-01	-1.709470947729901658e-01	-1.350021735542939957e-02	1.029786088202038208e-01	9.634359553476853910e-02	2.173348415069365491e-01	3.423034445495753419e-01	1.083558245877581511e-01	2.737685306667553622e-02	-8.763185994864463105e-03	9.030202264312288396e-02	5.057037349145250271e-01	1.528006644194887798e-01	3.983753505241234838e-01	4.104455721179333660e-01	3.527212795512984500e-01	2.119419034435806315e-01	2.324312034351077860e-01	2.659911645606896635e-01	1.971228384761450902e-01	3.140022924013865513e-01	9.842934170418124462e-02	2.798906487100666363e-01	2.557356674376246586e-01	-8.718744530213655419e-02	5.508480693185134891e-01	3.885352040844784471e-01	1.440467675097772404e-01	3.013345703350194804e-01	2.746473072470356214e-01	1.145072244942256512e-02	6.599818046199403820e-01	5.276746680624917474e-01	7.097952735363410870e-01	6.693969005563009667e-01	4.325722658288553291e-01	5.097425019183503547e-01	4.926606518151948610e-01	3.052643479147773564e-01	4.503541344003472169e-01	3.576058704748827921e-01	1.644605733992338670e-01	4.529311092088907365e-01	-7.565674388672116724e-02	5.967209684529755087e-01	3.054810719326494506e-01	4.397507687649896413e-01	1.952018096147175863e-01	-2.829805022028912195e-02	2.956296866099991094e-01	1.000000000000000000e+00	-5.851309351915883437e-03	3.475944659405968418e-01	4.926585660034940028e-01	2.361450386819158309e-01	1.688248182170956901e-01	-1.368796344197167059e-01	2.990258276041401000e-02	2.377884937346298744e-01	2.345365083005910012e-01	2.098420499135275896e-01
-1.171600284301509143e-01	2.385133670483681190e-01	-1.869303818514571336e-01	1.426984980192732566e-01	-9.063348544241571492e-02	-1.237489453790663746e-01	-1.815139598511000818e-01	-7.464831507264677035e-02	-1.928088074870607238e-01	-1.425518501329939569e-01	-2.824465277678505082e-01	-1.665985567360719899e-01	-3.337102980440108113e-01	2.488805712979357543e-01	-1.099550091342685748e-01	-2.407720626151734211e-01	-2.311233100902096351e-03	-3.205275699324865446e-01	-3.297642352526927167e-01	-2.503560912063601540e-01	-3.217863288719201020e-01	-2.377567940720355100e-01	-2.432651938597195362e-01	-1.012687317622885524e-01	-7.724169404498835989e-02	1.811706029451020383e-01	-3.230510197603428391e-02	-1.177549553512199088e-01	1.763724278304579229e-01	1.677478116379321482e-01	1.273599043163167466e-01	-2.433751783147430625e-01	-1.976961776273358506e-01	4.677754971722815347e-02	3.679405051696804652e-01	4.321099086505078013e-01	2.329290124948071028e-01	-9.630657908687767499e-02	-3.162467926716157063e-01	1.485109808692502142e-01	-1.189212200854479623e-01	4.375507179134766750e-02	5.304113817190493629e-02	-4.316343103365268274e-01	-4.742033822837368739e-01	-3.905191507578224530e-01	5.854321415548194990e-02	-1.473128550706469253e-01	-1.638936696740788401e-01	-4.162793046320689139e-01	2.598382461827196122e-01	1.162955636081929034e-01	3.459446487995059827e-01	2.399390880571066476e-01	3.532556293517704615e-01	1.704823541770289219e-01	7.353542886817386603e-02	6.097975142431551893e-02	2.009793096087562347e-01	2.099899782024518269e-01	-2.669093600235269981e-01	6.571865599710199901e-02	4.971520373785882213e-02	2.118448939449725304e-04	2.634394378742072745e-02	-1.152049914621499915e-01	4.735384062708893060e-02	-6.155501225270135213e-02	5.300260897602165899e-02	3.479690843549624463e-02	1.917979767754725631e-02	-2.611110172872549984e-01	-2.360409382155833069e-01	2.486177974345472885e-02	9.443752944128147586e-02	1.931146156030356595e-02	1.617408986027860374e-01	-6.406218408352147564e-02	-1.248944355872340511e-01	2.546972223809754882e-02	2.122562968592179300e-01	-3.847430380844481940e-02	7.466176140166309594e-01	8.245165174336645253e-02	6.741878251003711187e-01	9.006388822462979560e-02	1.298169398116257589e-01	4.099961269094327121e-01	-8.526988228773854650e-02	-4.146378867316574124e-01	-1.731910689791752722e-01	1.695213073753965016e-01	3.171541462094058517e-01	3.068158827132438371e-01	2.294460334990557349e-01	8.444480932117776062e-02	9.123343972597698637e-02	1.281123024183734860e-01	5.520199023486263012e-01	2.913879868704443155e-01	-9.963445893573348588e-02	2.298704126667500403e-01	-1.121110729276295903e-01	2.907460531558084815e-01	4.887785003174769521e-02	-2.092202655856847116e-01	-1.534299937381373435e-01	-8.861938226522059203e-02	-1.296605489958337076e-01	-1.016155169884868786e-01	-9.656818321419306794e-02	-1.610319320971983215e-01	1.729561204826104426e-01	-4.264755019610737552e-01	-3.073729322400974850e-01	-2.134722402903638239e-01	5.420300635488655913e-03	-2.781664453339018350e-01	5.811631855676935299e-02	-3.331652875379591539e-01	-3.184873298508401063e-01	-3.763425079257802230e-01	-3.505669347263487556e-01	-9.987042382536634455e-02	1.398793769218118765e-01	6.706440860597069620e-02	-8.943079674334677986e-02	7.359789890694931613e-02	1.993131019726776254e-01	6.044371889691488309e-02	1.929703819250505048e-01	6.028610072094776895e-02	-2.853618588712434900e-01	-2.068411623157081214e-01	-8.518761733275538595e-02	-2.769531119631698513e-01	2.183613912816693425e-01	1.944447508414338388e-01	-3.613586951636493239e-01	-2.739431266368651530e-01	-1.624761848680605913e-01	2.276792687528617354e-01	-9.884565767614476861e-02	2.391323920062757291e-01	-3.989596532529373490e-02	6.510745384020791282e-02	-4.396485792689293071e-01	-4.599690482875196107e-01	-4.265456608768254942e-01	-4.355988615002255315e-01	3.765318507065326670e-02	2.820042110916406441e-01	-8.523238783911306349e-02	-6.774396177450911494e-02	4.446053810273878359e-02	-3.601290557524297609e-01	1.804504506194363755e-01	3.905254381667773722e-01	2.814338020174926291e-01	1.093712269074407911e-01	5.642542524500528955e-01	4.138407429671713822e-01	1.784321521877968719e-01	1.908188256926158233e-01	-2.640093309740538241e-01	-6.341981174399591303e-02	-4.184062358271942172e-01	1.484895547633624802e-01	1.840187733715885066e-01	-3.597334193836872196e-02	1.795321109113126590e-01	-6.953573669767278143e-02	-1.037605226347215887e-01	-2.014407970953592530e-01	-3.171703365218073722e-01	-2.292674650309564632e-01	7.173805860823815120e-03	-2.052423601910416118e-01	-2.180684750895067470e-01	-1.489574509419997195e-01	-2.970328080862905118e-01	-2.029293503510150032e-01	-1.264935155917908394e-01	1.153272266020031189e-01	-2.942245435984531809e-01	1.117120860703359336e-01	2.934192174693115232e-02	-8.435664284249777545e-02	4.534513167157814828e-01	-5.851309351915883437e-03	1.000000000000000000e+00	-8.431401286358854164e-02	3.375044693199690804e-01	-1.889747538670227267e-01	1.005029094163450848e-01	2.170315118814320210e-01	6.569567431734196772e-01	5.986406955967760180e-01	5.200855376036428446e-01	2.817717542444941881e-01
-1.329707490964379402e-01	-3.647292211694667247e-02	-3.737949869100715139e-01	-3.678096484897889207e-01	-8.395670998340992730e-02	-2.046588230775419071e-01	-1.628234687577282402e-01	-1.154423760015930861e-01	-1.247929083633047137e-01	-1.845123938161157273e-01	-1.070103672459718630e-01	-2.939030244719099683e-01	-5.359588248105443681e-02	-2.805504855033204570e-01	-1.468344636473985498e-01	-2.562152640705223083e-01	-3.437922492286460407e-01	-1.751641032828051003e-01	-1.324391614067703671e-01	1.723691423394902974e-03	1.135698904353368288e-01	-4.850034136483972330e-02	-4.072762061699433667e-02	-3.936722327764701629e-02	-2.762928718848197129e-01	-1.095230163141619473e-01	-1.168511549203730543e-01	-4.238723076498290138e-02	-7.209405042645601613e-02	-6.978069236879538839e-02	-1.617071619069336552e-01	8.531568271972089779e-02	5.028256032664465275e-02	3.836162596513043588e-01	-8.362843094923227971e-02	-2.333560642429163834e-01	-5.556063863558450416e-02	-2.777671019149505760e-01	1.300773540784219140e-01	9.849240040852275113e-03	1.686110368277372318e-01	1.093166800321217214e-01	1.595100105540167013e-01	-4.378157558714823594e-02	1.567254691568925884e-01	-2.138686630524414267e-01	1.754413187639957961e-01	3.208454729453925069e-01	2.170424422453481883e-01	1.424596207447392793e-01	1.856295788765741431e-02	-1.053566338551557013e-01	-1.226105525572654259e-01	7.881210370537591881e-02	-2.753928626697151882e-01	-2.651877069749692395e-01	3.378579063184958264e-01	4.686773689365512086e-01	2.345371699733291293e-01	2.866577997848126502e-01	5.021109568764929587e-02	2.828791172413794297e-01	2.524007885726494149e-01	2.376972936030034844e-01	5.321507825769248301e-01	5.224809381640312111e-02	3.111993242521984282e-01	4.776157873627408512e-01	5.474004159268226477e-01	2.900411488391559378e-01	2.506166088742073916e-01	-3.285640100671494701e-01	-9.474225909426992054e-02	-1.243714052801708075e-01	4.120969984278072262e-01	3.642059963424777447e-01	1.938213180873456926e-02	1.200610106118833315e-01	-5.708310888375288383e-02	-1.544085831727079472e-01	-7.176405121350389223e-03	2.022542356793018137e-01	-1.623216950293998873e-01	2.960597248122749381e-01	-8.221339626454426952e-02	1.947144635987062278e-01	1.565512894427566193e-01	2.816779345240407739e-01	1.092596551975144326e-01	2.969090402867263778e-01	2.673605538815095883e-01	-4.794393615628574079e-02	-1.204504082162383659e-02	1.408159011932652027e-01	2.056231646046360328e-01	2.476004768990549831e-01	-5.827888330753967783e-02	5.485778242181794245e-02	2.029855552398946578e-02	8.270904264911227433e-02	-2.791263000007871420e-01	-1.274138679327669887e-01	-3.803645439009908924e-01	-8.890075018367585291e-02	-2.021410383672758437e-01	-4.776126146222289814e-01	-1.303581938458079070e-01	-7.302107824728315544e-02	-2.857138010026650798e-01	-9.050254487677598936e-02	-7.310626206999362720e-02	-1.280384441687004715e-01	-3.237435976867907850e-01	-1.311011328416473998e-01	-2.148636004573608316e-01	-2.424117008551525398e-01	-2.342267796384062128e-01	-3.654567158805416272e-01	-3.751237126191906968e-01	-2.112409070243622400e-01	-3.086442252670631992e-01	-3.277559256133655979e-02	-6.521558825159473605e-02	-2.266415394433125841e-01	-1.679214906991158551e-01	-1.455755662614173496e-01	-6.058755865863798412e-02	3.688986328675700199e-02	-2.259049259780282204e-01	-8.945980694439222003e-02	-1.343237526203392221e-02	1.189647763260852642e-01	-5.583207581498440125e-02	-2.187639098547038419e-01	3.326970962442380442e-01	4.446778648746044782e-01	-2.030958320558999552e-01	-2.088559752643014689e-01	-4.145529956995839399e-02	-2.235204784244456122e-01	-1.639374125983475705e-01	-1.448854349918616835e-01	3.241764597435404793e-01	-1.721750979831100092e-01	-1.281042781707883715e-01	5.611460008887929340e-02	-4.722717407507573406e-02	-8.020217405813702405e-02	-8.896908546908209592e-02	-7.485937157172899148e-02	2.152942380060802463e-01	2.186243810436929447e-01	3.972053722229006434e-01	2.099838044349442712e-01	1.637123077091031109e-01	4.112221024568552680e-02	-1.277052475376773966e-01	-1.417967470878455372e-01	-6.061940767683945963e-02	6.191471521723434374e-02	-1.604399357624290701e-01	1.873997161680153109e-02	4.006935891003718386e-01	1.011864570420066001e-01	4.389034867259495321e-01	1.750589371929789084e-01	1.819316023413083128e-01	2.557333967284201037e-01	4.968534247326811260e-01	1.153726241605124020e-01	3.309860267270119949e-01	3.990320742362202244e-01	4.807076267446428464e-01	3.739115270951855474e-01	4.667663925371935418e-01	6.174602592834317338e-01	2.697723789386035076e-01	3.037583551463513554e-01	3.734415511627767192e-01	4.564664756354787079e-01	-1.042517250121884481e-01	3.278000788308098046e-01	-2.791433245384591574e-02	2.675027125938158057e-01	5.549711540847390712e-01	2.245070133605673313e-01	2.194849840908321970e-01	-3.508420354668787683e-02	4.035246624625688505e-01	3.475944659405968418e-01	-8.431401286358854164e-02	1.000000000000000000e+00	1.725497214032700732e-01	7.005661835718664243e-02	2.122979721963089844e-02	4.034014571214388986e-03	-1.858590758278914207e-02	-8.643545390548115770e-02	7.881501677988964061e-02	-2.102447216826030529e-01
-1.729937286007146025e-01	-2.218625102299523477e-01	-3.120076001326395690e-02	-2.823925063838795824e-01	-3.950516813804540450e-01	-2.946935615425441135e-01	1.544033022879734776e-02	6.754892753003152728e-02	-8.658970475469679462e-02	-7.284483301478834882e-02	2.833651709714768430e-02	-2.916922055751445808e-01	-6.875366133534631385e-02	2.932850733075395566e-01	-9.148807286457541488e-02	-2.330432280209909501e-01	-1.531902569687601245e-01	-3.673970718699522964e-01	-2.462366288520842772e-01	-3.446770200433780795e-01	-9.851129636696215330e-02	8.336563259093104569e-03	-4.709458134406522417e-02	2.216601645828060185e-01	-3.079414601656406056e-02	3.833669422359105572e-01	1.335768033893856011e-01	4.563614991574450608e-01	-9.972826938097383020e-02	-2.666780232453686006e-01	3.417438416949420549e-02	-1.263968999902720936e-01	-1.365435967966052155e-01	-1.949675573400940984e-02	2.486235927179613059e-01	2.315349015077544648e-01	2.810113804101595225e-02	-5.487295587632143867e-01	1.061964752540918433e-01	2.704463535038268973e-01	-1.521512356287504641e-01	1.372873095334159188e-01	5.390060888863676958e-01	-1.024184339107083452e-01	6.000128326395715722e-02	1.637516339055438905e-02	3.593463287098888070e-01	1.302249501279520161e-01	3.412387282299650382e-01	-1.105980699754917501e-01	5.166644889394327311e-01	3.024956318196331817e-01	7.953667965051812450e-02	2.360614241490336385e-01	-2.450775744934955425e-01	2.243000480613657477e-01	8.418084520575069840e-02	1.700007200432873400e-01	4.280155251721848124e-03	3.952826237494070361e-01	-1.279589211913386704e-01	3.144057891468898247e-01	5.711393304082285072e-01	3.229258641757608017e-01	3.423758555716352459e-01	-6.410208955147332632e-02	1.344788776913593831e-01	2.665456449300900865e-01	-1.723337492446986099e-02	4.526112685204262132e-01	1.033189984578570253e-01	-2.346274264439479271e-02	-4.310792608630528711e-01	3.737475818871571764e-02	3.507466915014688658e-01	2.158222209947874004e-01	1.944386667325018747e-01	-2.077296814554661572e-02	-2.132780681603449191e-01	5.962903075751346815e-02	2.575886751596240809e-01	7.014831369990245924e-02	3.435743842437247175e-01	4.072184327801654513e-01	4.965211242199423225e-01	4.482712093562733480e-01	5.157035571624281056e-01	4.111412172478415838e-01	-1.360265054647510630e-01	1.097671575585559556e-01	-9.842265321634349751e-02	5.725576905060655308e-01	2.952891714760683683e-01	6.522653979829835524e-01	6.798221630268050930e-01	2.190810291914182251e-01	3.979089607408841656e-01	-3.592908768095414568e-02	4.835428234268455694e-01	5.996199655120969529e-01	-3.270755914015502919e-01	-7.105760395136222207e-02	-3.168101908442638170e-01	-2.536182444430966632e-01	-4.111317865736960897e-01	-4.700099790661688148e-01	-2.566206511820485689e-02	-4.282305087243850478e-02	-6.292188167446116642e-02	-4.831497471506535774e-03	-1.748290605183329448e-03	-1.217732042386249769e-01	4.878261811366979561e-02	-1.817153621018478271e-01	-1.551712310939396544e-01	-2.126188254366487007e-01	-3.055982610743317451e-01	-2.724476666511170819e-01	-1.065954534926566166e-01	-1.671485121131965623e-01	-3.288856629489768646e-01	-3.234170843810964535e-01	-4.621346116490324674e-01	-9.314901258519289740e-02	-1.875799827646266321e-02	1.690366626988427656e-01	1.223618754017254256e-01	2.003752337396826344e-01	1.065050205622964513e-01	7.537962737415364323e-02	-7.869718650585834363e-02	1.311412580259414540e-01	-2.632392118595559549e-01	-2.507480084173666079e-01	1.107523590741403968e-01	-1.677626187345756248e-01	1.255726306374960743e-01	4.519851345656061142e-03	-5.899144969819541950e-01	-5.149223394458405378e-01	-1.362456736364012211e-01	2.172955006921412635e-01	3.907859319534857656e-01	5.414255182218011969e-02	1.280724184534367815e-01	4.734170653662286843e-01	6.155272654037199226e-02	-1.596618662582994785e-01	-1.846563407358217668e-01	1.531462680473751337e-01	4.793796164958800676e-01	5.352465488706760199e-01	4.184751210730619508e-01	6.034509158444603116e-01	5.952693204819438089e-01	6.584650964001201312e-02	3.645138471610136488e-01	5.980285728022205483e-01	3.451211764848295949e-01	2.998329468009925947e-01	1.665186520352124888e-01	2.809684539100018030e-01	2.521755381455113576e-01	-1.113732353751713117e-01	8.895455412900811487e-02	2.828816054852159034e-01	-4.076897494832716629e-02	6.421950368065805215e-01	6.301348778472503076e-01	1.987523242661568823e-01	4.871173880462442152e-01	2.604225324813221887e-01	2.457266045888131523e-01	2.861790055733565152e-01	3.189993042212846408e-01	4.060431482301945505e-01	4.497721648693985275e-01	9.662739708758470714e-02	4.865338549007022784e-01	1.757964699880161241e-01	4.814449603604504385e-02	1.218302266876481049e-01	-1.956294270223061238e-01	4.687480887823087250e-01	1.972200800456521408e-01	3.410420484184829015e-01	2.576221142408867681e-01	-5.930612026212443016e-02	5.270009954290664211e-01	4.926585660034940584e-01	3.375044693199690804e-01	1.725497214032700732e-01	1.000000000000000000e+00	5.828400120733724654e-02	3.251207389067884979e-01	-1.213976009791366550e-01	3.587550528640871539e-01	4.162492811396751313e-01	4.342612638438523298e-01	3.820616664735195234e-01
-2.592724821402841440e-01	-2.456610554111461342e-01	-3.263648316231836377e-01	-2.544888109752254102e-01	2.671635327954408612e-01	1.012603016785669496e-01	1.260107148471110439e-01	1.574071288966497062e-01	5.473763548226788511e-02	3.416549725097105250e-02	1.251380654236512457e-01	5.755101013944020948e-04	-1.404114033112016102e-01	-2.701782862205551750e-01	-3.104995866889420641e-01	-2.540597999899525394e-01	-3.193474474596206814e-01	-1.190544662658351016e-01	-1.695445645050419059e-01	-8.997927433785470053e-02	-1.207380897423398075e-01	-1.759701012005805421e-01	-6.689047333142118801e-02	-1.472405515500095630e-01	-1.089465209201203114e-02	-5.086748639835451252e-02	-1.009523307653447249e-01	-6.643954896150598699e-02	-1.257216238541395137e-01	-8.928014914050738660e-02	9.189910699843689690e-02	2.887147444087328485e-01	1.501504549034073099e-01	8.785669872666669600e-02	-3.798355433415135513e-02	-1.962198063329962938e-01	-1.168823580971942583e-01	-1.477279618162141706e-01	2.997302230044844931e-02	-1.969550203764169546e-02	-2.068593239573914833e-01	-1.114325122235122340e-01	-3.838538330977114832e-02	1.689367651517954816e-02	-4.192597209958025956e-02	-1.659729510633411662e-02	1.647390230598532734e-01	-1.200014011549376397e-01	-6.502793317628965952e-02	-1.988820691566386412e-01	-9.643567463411530094e-02	-1.346959222503725795e-01	-2.131712003723894300e-01	-1.349041034408548778e-01	-1.742514458234594998e-01	-6.595006284356769166e-02	1.614781299992714692e-01	2.430512785707115708e-01	6.714156505687320087e-02	2.679110496342426151e-01	2.469429240383297086e-01	-2.666596734929363999e-01	-1.135702741803946703e-01	4.341888485567820671e-02	6.594450783448611852e-02	-4.654840383547738103e-01	1.108353336307806199e-02	1.876568252594716379e-01	1.017475856608967139e-01	-1.153861737856834574e-01	-2.600831775991526706e-01	1.944155329566574220e-01	1.752166797920347574e-01	-1.963312364531196730e-01	3.091072093546157751e-01	5.068261496280718204e-02	2.362697863904176521e-01	-4.672715275281250774e-02	2.416986448552935207e-01	-2.612225945699188090e-01	-2.289895597282322615e-01	-2.817969783391076621e-01	-1.968101361380269754e-01	-8.645728036906261127e-02	-1.059056428510154330e-02	8.004716513018539370e-02	1.730560506342869731e-01	-1.504138546679111843e-01	8.336100390011760841e-02	1.054805289088089487e-01	5.016097358504174875e-02	-1.373196629778457856e-01	-2.402883781831233745e-01	-1.289752611725552278e-01	-1.234243018924582325e-01	5.669727496543537359e-01	1.859462692745287027e-01	1.268429472683044179e-01	-1.910694982074011283e-01	1.103389303721459408e-01	-8.948206661972889220e-02	-4.199645955370128608e-02	-2.969319119949256902e-01	-2.372672937972552520e-01	8.169306106605869755e-02	-7.096819387132516366e-02	1.674051754368289513e-01	1.510124972567501445e-01	-4.509174166021120977e-02	1.715760008730863040e-01	2.047760937590909214e-01	1.275786623168503331e-01	-3.497271812619333620e-01	-1.556592021254614155e-01	-9.062842190226172434e-02	-2.843699709310487100e-01	-1.761296895993721967e-01	-3.053238221577115330e-01	-3.059829441141221351e-01	-7.389027358231399500e-02	-2.281568249495612988e-01	-1.632102162861388261e-01	-1.807021233944220151e-01	-1.289275848353832465e-01	-2.670477432261858866e-02	-3.546102215383856865e-02	5.318173145215306097e-02	6.535532616673959440e-03	-1.788976351570556456e-01	-8.414538679193145354e-02	7.095564021014972265e-03	4.151014527708152269e-01	5.219364393114541700e-01	3.755454115112033531e-01	2.726651189411142817e-01	2.866593400367656863e-01	-8.635771035050590627e-02	-2.125431011892779942e-01	1.185747063835495552e-01	-2.308028345821372673e-01	-1.606160860410745794e-01	2.878588537606922154e-02	9.121313579238406188e-02	-3.470624764148289576e-01	-4.144099515100913705e-02	-2.586379662406407612e-02	2.891807045244821142e-02	2.499128251958073854e-04	-2.461441014926520413e-02	5.306865733661941809e-02	3.196387058364774658e-01	-1.197797806178440144e-01	-2.256255303974590704e-03	-3.733839339015640468e-02	1.022839371219394639e-01	-5.820138392589340598e-02	-2.358125733174476837e-02	-3.136859329323207768e-02	-1.146888826681124601e-01	4.468070048274681849e-02	-7.766548992440608368e-02	-2.567581420577941601e-02	4.852603398460575423e-02	-4.874620816258237732e-02	4.619967571993895961e-01	2.282782301729940067e-01	2.136422240951199036e-01	1.481508487058023626e-01	-6.937237848606076646e-03	-1.615653257369568663e-01	9.530002389189427825e-02	1.414679520204422947e-01	3.693865787366187869e-01	2.254403895519501433e-01	1.068068186398772740e-01	1.091968491979161682e-01	-5.667998194655072403e-02	-2.177201477933538576e-01	2.180585748910205124e-01	3.413174327402728747e-01	2.783741993761084110e-01	2.595325438785758276e-01	-3.164541162375544142e-02	4.927263209453707771e-01	2.549546173305722307e-01	1.852450606939352318e-01	-1.601999473496754645e-01	-3.190133756129261422e-01	-7.933716590907444188e-02	2.361450386819158309e-01	-1.889747538670227267e-01	7.005661835718664243e-02	5.828400120733725348e-02	1.000000000000000000e+00	2.747598003486924068e-01	1.853570981088688563e-01	8.680889818570140803e-02	-8.250210730390233893e-02	6.014634018488258099e-02	1.343005718024158357e-01
-3.986414058994894316e-01	-2.786093037555206764e-02	2.680655535151901456e-02	-3.185715305548370568e-01	-3.757947138176369606e-01	-3.497714896711842658e-01	2.027196982489735400e-01	2.291576045826526631e-01	2.118712305877280822e-01	2.996278337783042645e-01	4.456020648759226876e-01	6.722276936853201906e-03	8.214760900417553136e-02	1.565437155047511852e-01	1.137509975996450345e-01	6.991505532674312240e-02	1.010059141158021062e-01	-6.851226024612921961e-02	9.936708368276209180e-02	2.133735832188671244e-01	-3.158628965454965964e-01	2.388527465527556706e-03	-1.031051033312636867e-01	-1.090972308088839493e-01	1.479288897888981213e-01	7.483263124101129093e-02	1.539657964434241466e-01	1.000302121254801474e-01	-2.958094465672019280e-01	-4.365978051191654052e-01	1.792845894821369357e-01	-6.476412448486174034e-02	-1.925919270000960581e-01	-2.936647918172775040e-01	-4.640124293927089250e-02	-7.435291575207864101e-02	-5.228524092258240996e-02	-2.024397273042093659e-01	2.580087662082762301e-01	-9.565687724388784174e-02	-3.171585301206298335e-01	-2.843898915077480161e-01	-3.214471372979312708e-02	1.658497406334140667e-01	5.573723317758831619e-02	4.985886103212994885e-02	2.308199261246306477e-01	8.511482029871808574e-02	4.104743556695811084e-03	1.153072060169597034e-02	8.443245497244185327e-02	-1.280833632668182676e-01	-2.402794208151724509e-01	-1.780142115642002754e-01	-5.189819206353647740e-02	-1.358455893483179015e-02	-1.693849342759521925e-01	1.688685362131546186e-01	-5.770765698489372514e-02	1.259975967139563557e-01	1.690487987154019045e-01	-1.703629113778451776e-01	3.366844538216791083e-01	-1.133761667529598338e-01	9.848477817575716775e-02	-1.606571960037165570e-01	-6.456098786706394865e-02	1.996020395155563010e-01	1.005188923127969536e-01	9.129560025658418898e-02	-2.199512377110086556e-02	2.499220092493387724e-01	1.550444744940063235e-01	-2.134774422874231858e-01	2.991472783947148328e-01	2.806279711896759732e-01	3.396412738512393781e-01	-9.782949071153033971e-02	3.385725908999023814e-01	8.983032631141568691e-02	-7.477271102681493087e-02	2.218775182218745146e-01	-7.914976018793541679e-02	-1.569928001788280514e-01	1.150274247968835900e-01	1.870119743586740879e-01	4.745336847621477450e-01	9.906605516799249847e-03	-1.093036478465575501e-02	1.313007264200396484e-01	1.103532404662235511e-01	7.124328594038716045e-02	-1.265034729686081716e-01	1.715862123726796251e-01	1.463358487019731924e-01	5.325953086414016990e-01	7.370658105090942547e-01	-3.757450868787692855e-02	1.318354988872657840e-01	5.078660111349817541e-01	-3.190813012416257033e-01	1.476912520027827413e-02	-1.628448238260589431e-01	-5.952217437215006485e-02	-4.829353430756190835e-01	-3.717543432604902276e-01	2.613304186450853273e-01	4.441608563443595337e-01	2.610925476596596129e-01	4.645846385075014240e-01	4.004037432713126732e-01	1.225790649932109871e-01	9.691190875784190528e-03	1.025198668453200651e-01	-2.134585535630010786e-02	2.170011945415072918e-01	-5.292522578611643519e-02	1.095296623231280519e-01	1.167725053640344610e-02	8.506192149263236413e-02	9.852898635872928135e-02	7.984048424539846867e-02	1.415089643649395934e-01	1.417577047517208817e-02	1.151612071469065857e-01	1.211160785093711167e-01	3.264954407791931801e-01	-1.626828663566129429e-02	5.406872888424034407e-02	1.878433017823099294e-01	-3.628249627465479632e-01	2.241765231749472120e-01	-2.567526599514477481e-01	-4.163940922922858279e-02	-3.415523451542878397e-01	-3.013720391417691324e-01	-7.775064595411873558e-02	-8.470555842342125663e-02	-4.609140685012977183e-03	-1.248983537108327158e-01	1.793792652294593781e-01	5.101267352833992880e-02	3.154364208115244955e-02	-1.077768136778022717e-01	-1.105752948330917390e-01	3.373926821202759274e-02	1.006349331925434631e-01	-4.401053222149001187e-02	9.517409564235528030e-02	1.380903533162312624e-01	3.082423153294970852e-01	-1.953020039352849901e-01	7.402195818240232816e-02	3.125532219935805989e-01	1.853888330571751564e-01	8.462887853558469231e-02	-8.574920570909923268e-02	1.799146910209194761e-01	2.664901896518319102e-01	1.401454481032892059e-02	-2.708354742219298839e-02	-6.858907909005557135e-02	-2.187314444398469060e-01	-2.140770286579934401e-01	1.513106354292884370e-01	-1.255150034066906395e-01	1.424483483802261863e-01	5.633480166857364468e-02	1.561921783270092678e-01	2.550423077565071583e-01	5.467613317055625144e-02	-1.105853699505053855e-01	1.687223014143728883e-01	4.005750189907788389e-02	-5.396095712321044569e-02	1.345798768061380324e-01	-2.820243537024022876e-02	2.621797099871808756e-02	3.054216561204349811e-01	3.036258375273875876e-01	4.623494702568649029e-01	4.792431067628065700e-01	-1.189686104491968627e-01	5.052453927273494738e-01	1.973782043601438330e-01	4.835075987731433655e-01	3.009643913930359349e-01	-8.360309198981615009e-02	3.023073545962874364e-01	1.688248182170956901e-01	1.005029094163450987e-01	2.122979721963089497e-02	3.251207389067884979e-01	2.747598003486924068e-01	1.000000000000000000e+00	1.729490296376037517e-01	2.566063985147417625e-01	9.963885065531545571e-02	4.448808203905407210e-01	3.727248313468483065e-01
1.420663184251266253e-01	2.258728251156932876e-01	-2.056011729617673311e-01	2.506206429704216365e-01	3.195657477603422447e-01	4.647634362662874663e-01	5.053667515892499296e-01	-4.956403540314344158e-01	-1.488837728106955083e-01	-5.273177982254734220e-01	-4.831213078021185936e-01	-3.651263366004245392e-01	-1.596703517715287179e-01	-2.405821104592342774e-02	-2.607230047650905408e-02	6.993912603692697960e-03	-1.113572872339278763e-01	5.403992171461815403e-02	-1.944661118393075927e-01	-1.645483839465595177e-01	-2.890602910968582684e-01	-1.282546675820812332e-01	-1.045092407578936122e-01	-1.652847286527829862e-01	-1.495796728830567079e-01	-4.104106929197089831e-02	4.397684154402728418e-02	-6.896043517053469796e-02	1.131886573148680186e-01	1.041277528770220145e-01	-2.421988061873253661e-01	2.890528846351025360e-01	2.869733735222799176e-01	2.327995847305099619e-01	2.574452333824762129e-01	1.282693380593673826e-01	2.261462819972333005e-01	2.122624228002240876e-01	1.318389310947273574e-01	3.388077504328764616e-02	-4.313138710636468809e-02	-1.017521990600301907e-01	2.756389617087569299e-02	-1.143790254867215334e-01	-6.653971853815888494e-03	-1.661219741163404706e-01	-1.095741732115860512e-01	1.084772279513285947e-01	-9.959686147721961980e-02	9.037286804608171686e-02	-1.423079948046722942e-01	-8.142390819208264463e-02	5.722310656629450709e-02	-1.499268037407701891e-02	1.209439983520775447e-01	-1.233243821497437831e-01	-4.462114283933782399e-03	-8.877392684979400900e-03	2.144532046475777221e-01	1.656951910696172758e-01	2.678581084618480990e-01	5.396834704230541596e-02	-1.228099167520461943e-02	2.787858574991491922e-01	2.091361681325336341e-01	-7.109732896597178997e-02	-8.617478299813458031e-02	-2.201265680306388126e-02	1.895370613502271873e-01	-1.935329516709595465e-01	3.697857037928689583e-01	-1.144558583058849499e-01	1.346332704869641073e-01	-1.048943191737026215e-01	-1.016580116373564796e-01	2.979488524686026429e-01	-2.319014401912400103e-01	-1.235660625153886943e-01	1.073880856960288815e-01	-4.129681372262631461e-02	1.431244363844207668e-01	7.979487137136213881e-02	6.226368043290729515e-02	-1.718895250620877668e-01	5.850791718893637999e-02	-6.095104694508939741e-02	-1.366890191241114938e-01	2.053170970443715937e-01	-5.519949917182521287e-02	1.125268455021382896e-01	1.586689470923858258e-01	-7.033290374150415192e-02	3.460664811409022018e-02	-1.431885711035208730e-01	-1.074095837739210829e-01	1.109017523770841054e-03	6.693243124942627187e-02	5.950189677610665528e-01	3.783451145360233747e-02	-1.556018756879620941e-02	4.102121454183021987e-01	-1.714354740368381202e-01	-4.583741843596383231e-02	1.634015138417414803e-01	3.346700229981234287e-01	8.700370142280001995e-02	-4.260238024655810252e-01	-3.452302598772791775e-01	-5.580673261850531697e-01	-4.292922869778326156e-01	-4.864298114201573986e-01	-3.787324078575147746e-01	-7.317990500868289117e-02	1.832713692161980906e-02	-2.102407909721201729e-01	-1.180474239667506087e-01	-7.765701855054712999e-02	-1.461156583392866914e-01	-2.081054192192959840e-01	6.756948743436272387e-02	-1.974633064657921599e-01	-1.207769674811192406e-01	-1.881447176931582144e-01	-1.032106103259046170e-01	1.218547369121464503e-02	-1.223198262455055391e-01	-1.317696067974636065e-01	-3.371720108607260957e-02	-3.470371517685757329e-02	1.435034034027296290e-01	6.743082145121199848e-03	-2.023558436515670855e-01	2.296571759849847794e-01	2.370903910531306502e-01	-1.169313233716631900e-01	4.617583644308677349e-02	-7.195388194983240102e-03	-4.733888638244972136e-02	9.260930415732900045e-02	5.107266540627474621e-02	1.306258563717206320e-02	-1.446149279438140034e-02	1.919766932465750697e-01	1.094580604247784132e-02	-1.685820111844586189e-01	-1.767630517489070519e-01	-5.833284843776771755e-03	-8.027496580832577111e-02	-8.740534709374010724e-02	-1.732159490091872978e-01	-9.851401678620258506e-02	-1.226060292968148696e-01	9.135558676207701165e-03	-5.618073977259993752e-03	-1.063602981646891710e-01	1.504785013330459664e-01	1.134250619555000027e-03	-4.083308524961243302e-02	-7.040688884004824011e-02	8.129958068759183740e-03	7.999826563132489410e-02	9.190027796811599259e-02	9.487964171457739793e-02	3.263767683042530510e-01	-1.456681935361779368e-01	-1.290162044740282288e-01	1.681180640429940087e-01	-1.217376994725588024e-01	5.495005108145135236e-02	1.772700309275858921e-01	-9.250125834901411215e-02	-2.187649023742973264e-01	-1.280941955450072833e-01	-1.824178018312601068e-01	-6.225237460086312236e-02	-5.377738099261233223e-02	-1.880943345668951716e-01	1.404118918191179233e-01	-3.723898615807801071e-02	2.331417663297319365e-01	-9.422826199242140266e-02	-8.522100983654443129e-02	-2.349726367632836571e-02	-1.167348036793836585e-01	1.809449640128622527e-01	-4.994787878616168547e-02	2.337627049119504752e-02	1.501540887307852290e-01	2.581753323380426846e-01	-1.368796344197167059e-01	2.170315118814320210e-01	4.034014571214388986e-03	-1.213976009791366550e-01	1.853570981088688563e-01	1.729490296376037517e-01	1.000000000000000000e+00	1.198862880130999453e-01	7.315205620622351745e-02	-2.961720603178241359e-02	-1.974248570415874093e-01
-9.059691688061159709e-02	-1.758041362459460133e-02	-2.428009421654148681e-01	-4.898626772703830456e-02	4.096866782849500725e-03	-1.076359945619814185e-01	-1.888634812595077761e-01	9.931210464636908153e-02	-1.014362334035016078e-01	-1.838863616041238117e-02	-5.599301917120257793e-02	-1.641559276534794443e-02	-1.839114075333383447e-01	1.601509760853075670e-01	-1.358633562769130110e-01	-2.319496445639533388e-01	-1.161402120143043282e-01	-2.335465876323227774e-01	-1.925874996987643750e-01	-1.590531361112910436e-01	-2.725093987729509393e-01	-2.299562980317498562e-01	-3.378849263221825883e-01	-1.300804352886438808e-01	-5.859888178016344623e-02	1.227153494937764378e-01	-6.862240150945268791e-03	-1.043134879747337380e-02	2.061385763487222078e-01	1.362487201544828608e-01	2.352843500793534437e-01	-1.513923476583773908e-01	-2.470799191228345570e-01	3.644823388471352815e-02	2.294750083269208041e-01	2.744692830929240102e-01	9.898897082799096303e-02	-2.230082945249173831e-01	-3.328362459299524234e-01	1.191279590997180310e-01	-1.867915674631257517e-01	-6.985886040030786157e-03	-2.312323637004982946e-02	-3.538868894373935481e-01	-4.395171795954329053e-01	-2.796607430530669847e-01	3.746998143591530328e-02	-1.994611978870007851e-01	-2.392350068294384347e-01	-4.666869369797033706e-01	1.073714515918444828e-01	4.649983635868647214e-02	2.525501821641450984e-01	2.574648774538948470e-01	2.723692711390149346e-01	1.739188776328451091e-01	1.375276666319855956e-01	9.651263491856146293e-02	1.276488792388290605e-01	1.383209407089770748e-01	-1.639727044134471623e-01	5.006688180988490278e-03	8.285122054338201272e-03	1.853369789158847633e-05	-4.269642522454089595e-02	-2.347330835510868241e-01	-1.478443854052431498e-02	-9.375559992239304585e-02	5.717726432025815875e-02	-5.117158987736022263e-02	-1.303670040319759582e-01	-2.335166235079023100e-01	-2.459532629206660215e-01	-2.211242236110343706e-01	1.630220497536532531e-01	8.056258693619372177e-03	3.071478098474422769e-01	-1.483397099922373862e-02	-2.438552597092130680e-02	-6.664454085408490214e-02	1.488753958786343326e-02	-1.759798164177589219e-01	5.168529574788440772e-01	-1.400281786395012225e-02	6.776487362643753842e-01	2.129801709172070984e-02	2.027288299885745826e-01	2.468931362012857234e-01	-1.294931736189036675e-01	-3.656507797886192068e-01	-1.639213407125198474e-01	-1.782424341125597028e-02	1.743572911701208872e-01	1.570611861700387246e-01	9.077429747671693361e-02	2.849938121663042057e-01	1.831232757033655345e-01	4.622771801350067378e-02	4.466712149144705379e-01	3.502125604657879143e-01	-1.201189066062259697e-01	3.080952140291859376e-01	-2.910684395689593917e-01	1.482065875007468891e-01	-1.446137919498732133e-02	-2.293364255087604886e-01	3.432858327106335511e-02	8.248648447621974300e-02	-8.706524452547560744e-02	7.216250748408234439e-02	9.344749687815973038e-02	2.482620327308725575e-02	9.393034704906386145e-02	-3.479075075388935456e-01	-2.091698538767050308e-01	-1.598828885473128347e-01	6.765306385836796117e-03	-2.305454387070196010e-01	-3.191144890360595593e-02	-2.363912125394685704e-01	-2.731206084893862407e-01	-2.575055551319740954e-01	-2.636453556653737818e-01	2.297366331093197902e-03	2.192498817469811512e-01	3.554678608685329921e-02	-3.712805548720192472e-02	1.364360419427813054e-01	1.402698879895448725e-01	6.570160607307128087e-02	2.652582280406288739e-01	2.313138218449778682e-01	-1.392887898153335191e-01	-1.126552870049452176e-01	-7.189002352643326932e-02	-2.308510206015925437e-01	2.220780722228916093e-01	1.593039714029513831e-01	-2.462773398276131565e-01	-2.765423893238364572e-01	-1.211405465350006566e-01	2.146080522366264065e-01	-4.038589967699561523e-02	4.312671379560979734e-02	5.286930828933614906e-03	-3.748920797305482257e-03	-3.434288033467967627e-01	-3.536338820964674001e-01	-3.905864672511406566e-01	-3.510491189655721156e-01	2.414606903266953639e-02	1.806763163638794578e-01	-1.337256544725771434e-01	-3.358747014453940249e-02	-1.940246846122893176e-03	-3.961382879530875312e-01	3.146889400101239576e-02	2.466941242169195248e-01	2.445868616011263041e-01	3.595626922644576395e-02	4.281202514362482670e-01	3.541832366234605178e-01	1.800663251442677915e-01	2.187559685725344594e-01	-6.068105097728030556e-02	-1.105787063008421556e-01	-3.221329667684325604e-01	1.546016789342613551e-01	2.602196171123087320e-01	-6.504631687466817802e-02	1.877610026217098604e-01	-7.438165079108988165e-02	7.129439494099707765e-03	-2.088230180905647215e-01	-2.186585500881358668e-01	-1.837638898462750914e-01	-8.352823707751123872e-02	-2.439368889069146451e-01	-1.543450627158411970e-01	4.495996868902498063e-03	-1.355787704427060258e-01	-9.225818546599412430e-04	-1.730622677406329635e-01	3.104021554451945608e-01	-1.244511114875106461e-01	2.518502712702546664e-01	5.549911194171452955e-02	-1.357622472419918735e-01	3.912604647618826426e-01	2.990258276041401000e-02	6.569567431734196772e-01	-1.858590758278914207e-02	3.587550528640871539e-01	8.680889818570140803e-02	2.566063985147417625e-01	1.198862880130999453e-01	1.000000000000000000e+00	6.467234144433040566e-01	6.410912777466468704e-01	5.423448470604530502e-01
-5.669730877238962630e-02	-1.453043338113270688e-01	-1.459148879800334642e-01	-7.714371517960896818e-02	-1.264400066902145459e-01	-9.874968672405874670e-02	-1.303010748776528838e-01	3.206843723383470332e-03	-4.037987102231860997e-02	-1.123777713064829514e-01	-1.380478337519323029e-01	-1.234373413102602263e-01	-3.112238329350874855e-01	1.801530943347777192e-01	-1.547001123055540273e-01	-3.010048811264980917e-01	-6.670148771880923810e-02	-2.571399247107815644e-01	-3.322615058129677057e-01	-3.218175236506790049e-01	-2.734911949968695244e-01	-4.885888164669411476e-03	-2.705892216525667138e-01	6.515142163888175408e-03	-1.494812492943194994e-02	2.502555808247323155e-01	-2.062630179753164109e-02	7.693731093806804866e-02	1.609267044844421013e-01	4.651946025336124030e-02	1.840200279736665945e-01	-1.650385550805613111e-01	-1.635116343356621260e-01	4.584817185086405289e-02	3.798533918546885269e-01	3.609019528562221191e-01	1.582820172379709456e-01	-1.671565543485132588e-01	-2.490301857513170514e-01	2.225196125641105138e-01	-2.067231569714517436e-01	1.818398954204974646e-02	1.647402340543143717e-01	-3.351779993704945837e-01	-3.362227695250156190e-01	-2.689120355177791466e-01	1.327484850438147845e-01	-1.882542447035265298e-01	-1.890599423700657089e-01	-3.457583587202341380e-01	1.315181550477719785e-01	9.777923625205076075e-02	3.749356952192101078e-01	3.375228379348512719e-01	2.479678971892053385e-01	1.006526066158013599e-01	1.216501888319571345e-01	1.015139509798196615e-01	1.657690130648340476e-01	2.911258890047964121e-01	-1.218393413426425986e-01	1.087431180217829502e-01	1.622088297698092568e-02	6.776610303151134329e-02	3.186110286997876490e-02	-1.685652865742436335e-01	7.185880490122940889e-02	-9.336396422851927362e-03	4.643240745698102960e-03	4.972766422727352420e-02	4.172904786884794326e-02	-1.208130401005499538e-01	-3.414639612378090328e-01	4.763932250438339400e-02	1.773218021271261435e-01	-7.380246893202067025e-03	2.467454153212992884e-01	4.538942709688128380e-02	-8.621233934076712180e-02	-4.277996598479636564e-02	1.865538802419051401e-01	-1.540803120561306805e-01	5.831108787647498737e-01	1.105217071632406262e-01	7.505796582191851529e-01	2.409871571641516719e-01	2.251648898707556690e-01	3.367259846209558760e-01	-1.149975904974018664e-01	-4.376413526287656341e-01	-3.375057841062821806e-01	1.746566067099916686e-01	2.265225506534780109e-01	2.062654396308535587e-01	1.901178575028344697e-01	9.979599415432430232e-02	1.073607751857315745e-01	-2.323435243049886204e-02	7.446102091468697060e-01	4.237273908243840981e-01	-1.324266015278160180e-01	2.079730692483121590e-01	-2.815053347196448952e-01	-2.711439488392110644e-02	-6.092750988360254305e-02	-2.581318562312140408e-01	6.337098791881302061e-03	-3.597465502953623578e-02	-8.049093885969454965e-02	-6.486099027034324116e-02	-6.686447786540379579e-02	-1.293473699093938833e-01	1.710683233089383692e-01	-3.401725559576518898e-01	-3.285374371040850061e-01	-2.013759467371744327e-01	-1.539077166975712785e-01	-2.743236173268102096e-01	-2.607791679131420126e-02	-2.466421519456576117e-01	-2.602970217750345538e-01	-4.037336156301138401e-01	-4.044118542307912345e-01	2.828869444089026838e-02	3.840520059122604635e-01	1.183958774916647229e-02	-9.933383492007948068e-02	1.761665129197773905e-01	3.009293906156559339e-01	3.960731663159868660e-02	1.956638214820121680e-01	1.080094081457107086e-01	-2.122331291078458360e-01	-1.624434787429969995e-01	-1.473430685147355743e-02	-2.190765382072671075e-01	2.543473728229136421e-01	1.066094347569291889e-01	-3.236802372973832664e-01	-2.891083542981696675e-01	-1.485479212904469437e-01	2.420982346176412114e-01	-2.160052751669264484e-02	1.654575282212830678e-01	7.050145507345070839e-02	1.125691782521368173e-01	-2.605093317947480003e-01	-2.500516012164697432e-01	-3.046661417266255389e-01	-2.594379297563301767e-01	9.599718367193026125e-02	2.417410938640728590e-01	2.670094821713012503e-02	-1.807679701775743997e-02	1.353752345289002679e-01	-2.405038312172812220e-01	1.390720570304085080e-01	3.015483181010726321e-01	3.521026940941413552e-01	9.271783591439058947e-02	4.935867615658614538e-01	4.677747649813616126e-01	1.942891152924333675e-01	1.640321846287744467e-01	-1.383499491789045299e-01	8.136767685299625685e-02	-2.433314270972757043e-01	1.714352446933228025e-01	2.145706765532056082e-01	-1.323169866352712915e-02	2.401020847929904722e-01	5.397916080284263785e-02	8.729292915732498118e-03	-7.877443547042997651e-02	-1.053447007250107176e-01	-1.273611809475561907e-01	-7.952616299214241083e-03	-1.108101881087567575e-01	-1.709040184290692710e-01	-1.218826123408935647e-01	-1.035566098398117835e-01	-8.741929424735414567e-02	-1.344939478056456084e-01	2.027510334942278225e-01	-2.120724243253948593e-01	2.776564652139653089e-01	6.196588438436455987e-02	-1.196680594329961080e-02	4.156147770875315839e-01	2.377884937346298744e-01	5.986406955967760180e-01	-8.643545390548115770e-02	4.162492811396750758e-01	-8.250210730390233893e-02	9.963885065531545571e-02	7.315205620622351745e-02	6.467234144433040566e-01	1.000000000000000000e+00	6.055335369152923253e-01	5.048241074693349262e-01
-3.570803980103040010e-01	-5.072428214455044354e-02	-1.838673143100820195e-01	-3.060118654086321222e-01	-2.405009831158866906e-01	-3.444650831575232219e-01	-1.706610987404922897e-01	3.431505578225997888e-01	1.487964913345454776e-01	2.344196325275781645e-01	2.145396704456817294e-01	7.120987686132469741e-02	-2.648458585478719041e-01	6.770744945728528023e-03	-2.386785454113834193e-01	-3.145526306732291388e-01	-3.459236014291686145e-02	-2.986805950470035609e-01	-2.289972514336375831e-01	-3.484509457660212896e-03	-3.826509242687766710e-01	-1.706024584814742062e-01	-4.029709155389796238e-01	-1.426257904007878496e-01	9.403367073835398882e-02	1.668093100699182540e-01	-1.028813375785394418e-01	9.669543651076790633e-03	7.281204226120455147e-02	5.093976415881972149e-03	5.289315957901228327e-01	-2.295612041308612294e-01	-2.808436472224221103e-01	-1.275678845329622675e-02	2.282434559643939931e-01	2.233943237424430017e-01	1.963217571018066043e-01	-3.068446015833388163e-01	-1.158460204204551786e-01	1.495510788582960215e-01	-2.441011554468978106e-01	-1.536997114804665165e-01	4.090849856124090939e-02	-1.714827638938864751e-01	-3.116982640805877613e-01	-2.770568343641610087e-01	3.635301110044905082e-01	-8.865232226285524320e-02	-1.786164843036811278e-01	-3.599534901655866426e-01	1.705380506543725527e-01	-3.031677432328884481e-03	1.233275092035188703e-01	1.487569449710010316e-01	1.221446083754207240e-01	-3.831378487159669416e-02	2.465748242394899536e-01	3.171909302536306541e-01	2.016512976258891532e-01	3.822646482284597913e-01	3.766814819822293658e-02	-1.076914575921658797e-02	1.581116891652050993e-01	-1.618780590607487094e-02	2.093914372095104781e-01	-1.697300140383165568e-01	6.027877314969418837e-02	2.079625534966100253e-01	1.145856914840606144e-01	3.331312652835814736e-02	-1.451688887010229301e-01	-1.205537229085781453e-01	-4.510675079468712267e-02	-2.212820292084446139e-01	4.437329163619670447e-01	1.239426056420713657e-01	3.348621411437116557e-01	-1.585930893808797648e-01	1.710932806910632487e-01	-8.075769485031629447e-02	2.982695401283313313e-02	-6.343268331235833724e-02	3.286278786593352930e-01	-1.330375346367064851e-02	5.646651620037357322e-01	2.812904480619222158e-01	5.320772263682288505e-01	1.899585791808263702e-01	-1.012589610538296298e-01	-3.400675893321207233e-01	-1.785232118881124319e-01	-1.747668508950959987e-02	1.221959798394414987e-01	2.402482475559100106e-01	1.673097855442007842e-01	4.699576167296261597e-01	2.885068607240335870e-01	-8.375255209482974916e-02	5.763469457363650239e-01	7.090615022082211727e-01	-4.771989579655410707e-01	5.085396576179115335e-01	-3.497213863634171527e-01	6.585078749522056685e-02	-3.214486679065864383e-01	-5.009930212437136987e-01	2.643048018149738443e-01	3.503525813900522645e-01	2.294491987867751381e-01	3.458425817828023052e-01	4.090573174194487294e-01	2.017998473658913772e-01	-4.529380945896274019e-02	-3.376039127762474612e-01	-3.212148425544243402e-01	-1.223655889280832187e-01	-1.440295104653112335e-01	-2.816656778085235291e-01	-7.865690316413403993e-02	-2.104876222642547146e-01	-2.219753078174313554e-01	-2.559171314082967497e-01	-1.745539709134823481e-01	-1.969788597925236917e-01	1.758010332852369961e-01	-1.244235563130895866e-02	8.225400200782709281e-02	3.006026524354104418e-02	1.042603194440260006e-01	-4.879078787280793222e-02	9.975949842507163268e-02	5.665332646006772110e-01	-4.166743356908280127e-01	-3.108536088084843940e-01	-1.709026732699049367e-01	-3.132507407816030320e-01	9.228175278739640663e-02	1.612167912072567585e-02	-1.194879439542391314e-01	-3.686700495357770890e-01	5.820890272633549162e-02	2.573801860464762781e-01	-5.870005933722118041e-02	-7.597391348668430799e-02	-1.315782665993133760e-01	8.373006327240437030e-02	-2.686048052343316117e-01	-4.100336172541126922e-01	-2.242049582710370914e-01	-1.896083786354106349e-01	3.433909064795668264e-01	1.399365192669143887e-01	2.911615385629263975e-02	6.695082277870888221e-02	1.491033827810700207e-01	-2.391857153239563272e-01	1.278617856413247211e-02	2.855873334130412666e-01	2.873229027298178639e-01	1.129370395642863567e-01	2.680561753978358275e-01	2.559556472514183389e-01	7.910837902321388171e-02	7.420930585133649060e-02	6.665310370291346008e-03	-6.016952699058606552e-02	-1.425404321026903232e-01	1.570472339669872208e-01	3.342618259780879564e-01	-1.374216767473801027e-03	2.030759755092527707e-01	-3.347456570085892945e-03	1.979156051817651529e-01	-1.521487205292416760e-02	-1.357854698016917605e-01	3.148885639845385581e-02	2.587079786076363231e-03	-2.111932528458010938e-01	-3.144988155187678630e-02	5.655142758282683674e-02	5.308802248927438350e-02	2.492383193499471128e-01	-3.087409474810390853e-01	6.020104652084432573e-01	-7.928262482410643706e-04	3.234727840507161112e-01	1.577313041588606080e-01	-1.147253200092744063e-01	4.853873099050015072e-01	2.345365083005910012e-01	5.200855376036428446e-01	7.881501677988964061e-02	4.342612638438523298e-01	6.014634018488258793e-02	4.448808203905407210e-01	-2.961720603178241359e-02	6.410912777466468704e-01	6.055335369152923253e-01	1.000000000000000000e+00	6.463961818477358401e-01
-2.933427430333096497e-01	-1.735866456465617325e-01	4.592900456436862372e-02	-2.840987684657637069e-01	-2.824823983950174311e-01	-4.073088231420369243e-01	-9.098015872520520686e-02	4.619676264863220583e-01	2.041371994477723384e-01	3.528032084951397973e-01	3.975255048563215987e-01	2.368334357475777308e-01	-9.178317312986469800e-02	1.335185431559940961e-01	-4.584805739994678858e-02	-1.518136018367431395e-01	2.639671244864728178e-02	-1.283508940642850427e-01	-7.170166265214077128e-02	-3.246028300975121322e-02	-2.394219306989571749e-01	7.898589121347500408e-02	-1.928519328163827706e-01	3.213775901930043116e-02	3.360105667840614374e-01	2.488131118995146607e-01	1.176067270203585008e-01	2.405707014289211743e-01	-6.538809929564545764e-02	-1.451670563376574186e-01	4.507863547224617018e-01	-3.759864301858173441e-01	-3.757646750420176596e-01	-3.034073533642066556e-01	1.194105746851305133e-01	1.807804869887409127e-01	6.533415959774890869e-02	-3.919826100642178068e-01	-3.467615772472112251e-02	1.162541662957080058e-01	-3.010377301111474835e-01	-1.348322846767576744e-01	-1.145370430691590793e-02	-5.549649371380376700e-02	-1.375125756112602349e-01	7.645281285430721718e-02	2.488291745932417198e-01	-2.357364953867860380e-01	-2.563325210992256076e-01	-2.825452121978833109e-01	4.730749013289948374e-02	6.965353246873483284e-02	9.750482885242675590e-02	1.551605459099350270e-01	4.251548202937837501e-02	1.981467269004965615e-01	6.069194906596558914e-02	-5.993268139812440304e-02	-8.106707644328808859e-02	1.130695695815447099e-01	-4.606435244517701616e-02	-1.903424103775451792e-01	4.232935416757582087e-02	-9.826931869464837488e-02	-1.821608834934941579e-01	-2.416351832860697546e-01	-3.728570202021404267e-02	4.800462551713154460e-03	-2.559893027424863243e-01	6.876446272055640463e-02	-2.772320512304642937e-01	5.716443900126785480e-03	-8.291994244166356332e-02	-1.080230644403816914e-01	1.668760686855910447e-01	-1.230322241508354508e-01	2.974534420415542724e-01	-1.398444808807890183e-01	3.466416917488979177e-02	7.484080828918581937e-04	-2.966971933349791743e-02	-1.780200821915495502e-01	2.455569450093281758e-01	4.039941915586375137e-02	4.973761376935658673e-01	1.446886376085204928e-01	4.290359340669532839e-01	-3.604239406643316990e-02	-2.051830181963827660e-01	-3.248565215287161911e-01	-3.142877649687834118e-01	-1.200812019745789785e-02	-9.161652804507780523e-02	1.658311192583846738e-01	4.420814126317702819e-02	2.793261466669131887e-01	2.861097342701986457e-01	-1.438851817228116448e-01	4.161380743761411427e-01	5.244334007289338517e-01	-3.917706652647945931e-01	3.923343792803498098e-01	-1.942893154664171174e-01	-5.654731021935852781e-02	-3.692614074880272712e-01	-3.401513745418757173e-01	3.944876105550327305e-01	4.687041832248878825e-01	3.564709729833714924e-01	4.605985603333546119e-01	4.679111493592156279e-01	2.717363189539091506e-01	1.316219668903616524e-01	-7.522623684068305283e-02	-1.090583763792181554e-01	2.571510785645940173e-03	1.483826876134248032e-02	-5.799147089440540026e-02	1.180197855459920175e-01	2.467644696594435000e-02	-5.315220571396227917e-02	-1.636248173426214370e-01	-1.369343975767548793e-01	2.435421337542239412e-02	2.675823408869679176e-01	1.172616243743126035e-01	2.179127092467573745e-01	1.404639194181760142e-01	2.478812070093978359e-01	1.089706308338210805e-01	6.032964033239358176e-02	5.167122157572888730e-01	-3.465345919230718996e-01	-2.310258332018639005e-01	-1.911595338318471116e-01	-3.785401879325658303e-01	2.146571704963294025e-01	8.455743958321931819e-02	-1.473097398038736294e-01	-2.690622393706915139e-01	1.278014140387496445e-01	3.569213790123932917e-01	-3.817122181701024936e-02	-6.582026369111793063e-02	-1.454077508589650229e-02	1.246009510191282837e-01	1.366027446836158218e-02	-1.826569398091250629e-01	-3.537062199379630012e-02	1.084985543662270596e-01	3.673138485271897902e-01	6.042355839618911151e-02	-5.199113789223851201e-02	7.017648336541751353e-02	2.082428141063924765e-01	-1.683752553750518799e-01	5.705320071725566294e-02	2.908087851630039578e-01	3.008262938080785154e-01	9.936405274558472722e-02	2.422876423786074762e-01	1.889355193592460458e-01	-3.340106702278328871e-02	-9.612202327829891257e-02	-4.752669827236450512e-02	1.605627150146504353e-02	-1.347827503683000361e-01	2.318618755353523964e-01	1.707205751421648487e-01	-4.647541220247611293e-02	2.349885475067017282e-01	-3.232161965628903288e-02	1.427261509088184610e-01	-6.745348629917467982e-03	-1.105615831543219907e-01	-4.783225887660075282e-02	7.619593508505801728e-03	-1.872508589663946510e-01	2.571919475853385456e-02	-2.869595556453893859e-02	1.571272575243132519e-01	1.837601214020354035e-01	-2.110584862831396125e-01	5.218201089184966168e-01	-1.159846672375518944e-01	2.936621988390527016e-01	9.385353736358995058e-02	-1.263355480810360587e-01	1.894593155192541012e-01	2.098420499135275896e-01	2.817717542444941881e-01	-2.102447216826030529e-01	3.820616664735195234e-01	1.343005718024158357e-01	3.727248313468483065e-01	-1.974248570415874371e-01	5.423448470604530502e-01	5.048241074693348152e-01	6.463961818477358401e-01	1.000000000000000000e+00
