1.000000000000000000e+00	-1.171527736564332983e-01	6.863082569575825742e-01	4.429601849842220163e-01	4.654817773612676679e-01	3.209947248640825923e-01	5.960888229365056690e-01	6.412097805448757626e-01	3.319015669475485764e-01	5.202360783745173523e-01	2.646053958714892351e-01	4.490199690158446777e-01	-3.958927724347712229e-01	-1.093167161021447731e-01	-1.633917682260535853e-01	-1.228207492390606531e-01	-8.110646522294347183e-02	-6.981272016596538899e-02	-2.513190341162130914e-01	-3.421650205762973296e-01	-2.467050402859143343e-01	-1.360469473876937396e-01	-3.751119812518577401e-01	-2.790396831295732794e-01	2.008649357691287204e-02	-1.716979342176190859e-01	-2.347925274650240757e-01	-1.440376844312581395e-01	8.527506101847213971e-02	4.031076357458400761e-01	1.548433291195995543e-01	-4.459924231941355538e-02	-1.934585408220629021e-01	-1.002750059064286964e-02	-1.342769438358036582e-01	-6.865042081222343107e-02	-2.844160611287869234e-01	-8.278963670419627052e-02	1.902923164932913136e-01	-7.293122224087467131e-02	-3.050266775033562416e-02	-1.478545603028222633e-01	-4.212432959300711072e-02	-1.204004304341514675e-01	1.669693702388483914e-01	1.663329717240331629e-01	-6.815722043220706627e-02	-3.528512643449540492e-02	-1.219056208497598798e-01	-5.091511011474448428e-02	-2.637726710783339090e-01	-1.355107411307592269e-01	-7.545144651251707579e-02	-1.972610434465930929e-02	-1.891910762178021788e-01	-3.437942744506113091e-02	-1.745966129562379343e-01	-8.924886743104266940e-02	4.478105231436494554e-02	2.016895202304440707e-02	2.156362245024460653e-02	-2.564310048026497563e-02	-9.813312816339098132e-02	3.623654525330477494e-02	1.275522296871145211e-01	-1.185235712387728013e-01	3.041061939224466368e-02	-2.614509596516038092e-01	-4.877319761874801540e-02	-1.037553834264147851e-01	-9.319989658733845994e-02	-1.181695452084607911e-01	-2.384658760173913039e-01	-2.012858823466882052e-01	-3.944414161221556636e-01	-2.563980803187855817e-01	-3.744162992064596351e-01	-2.202326210864375411e-01	-3.255124555076927551e-01	-4.359734938515870684e-01	-1.996185234040533940e-01	-2.653715504583696871e-01	-3.926604670254130736e-01	4.069769999954011945e-03	-2.090865921780444558e-01	-8.299790669677743760e-02	-3.471275931596399800e-01	-3.866349575130806349e-01	-2.191659644025132359e-01	-2.280469762581666948e-01	-1.446773137478692406e-01	-3.264587376326623103e-01	1.746064707760583423e-02	-2.410322586567842928e-01	-2.562900339611110523e-01	-2.316352049833297622e-01	-4.680816130648684376e-02	-4.646842302388500684e-02	4.404682611871751224e-02	-2.265838167951026993e-01	7.466645224428128946e-01	1.351296340716273692e-01	6.026427977809746261e-01	2.017201709666064102e-01	3.798432304637102686e-01	5.594346722432841368e-01	6.641458502940552622e-01	4.413998324759454972e-01	5.904529812819465651e-01	5.014344271375139606e-01	3.091680457419254124e-01	1.010860468548303165e-01	-1.233903476729937831e-01	-1.691252577250340616e-01	-2.206431921798143181e-01	-1.329435305255385613e-01	-2.755565272361721885e-01	-1.406971878184941349e-01	-3.703950912722604044e-02	-2.268194711472523717e-01	-1.878356877628007682e-01	-3.146906867250510720e-01	-3.702338484619884795e-01	1.910062397265818168e-01	-2.586114224947896282e-03	-1.536525458536026623e-01	-3.460312388386988514e-01	-5.739064311978156474e-02	-7.205442667306849458e-02	-1.750541780751827814e-01	-3.934834161937228458e-02	-3.329896344164720579e-01	-1.391904765798705201e-01	-2.037677841378212618e-01	-5.463643354961286724e-02	-2.830861610506027470e-01	-1.858607833007473176e-01	-2.295046659587536564e-01	-2.030689959734602590e-01	-2.725354853029109958e-01	1.015435652776342373e-01	-2.907420306121005771e-01	-1.987282421032198210e-01	-1.168357182770230901e-01	8.143785904816855381e-02	-5.099991066064402112e-02	-2.602837317759168836e-02	-3.377502563120861612e-01	2.249291330892607202e-02	1.023890802421388302e-01	-1.394489930200923655e-01	7.395247011016461980e-02	1.733363742675709390e-02	7.324471179908881302e-02	1.685170103466842317e-01	-6.728273194448375349e-02	-3.584970906813984837e-02	-3.923424730281726003e-01	-3.998867752603198489e-01	-1.725799280910431666e-01	-1.815148482428464438e-01	-8.982721779341196200e-02	1.034917810438138325e-01	2.983602375133065365e-01	-6.008339446050117022e-02	-5.604792998690568545e-02	1.119780193572364885e-01	-5.185197260828382920e-02	-1.092229117258913251e-01	3.983242931152145005e-02	-4.972378350340275061e-02	-1.716455204120415773e-02	-2.057067655253747573e-01	1.214412791540009362e-01	1.919064304573810387e-01	-9.832372258012787858e-02	8.027878167657820363e-02	-1.484955876881652592e-01	-1.187535670957100553e-01	-2.878821573165107339e-01	-6.612836533526288141e-02	-2.852822950742477381e-01	-1.254131257061804616e-01	-4.123782431456876063e-01	-5.610288568730906894e-02	-2.563224631125955444e-01	-1.685386699258131227e-01	-3.424504816207702557e-02	-4.822579185897762355e-01	-2.723028957639673786e-01	-2.483689444858017681e-01	-2.224044329838997247e-01	-7.806084909637173164e-02	-2.764654072483471170e-01	2.869226243302921975e-02	2.594297696251690044e-01	-1.276929185255851473e-01	3.752740175391162253e-02	-2.531025744866980398e-01	-6.400495803344985468e-02
-1.171527736564332983e-01	1.000000000000000000e+00	-2.145683624181939919e-01	4.025760866589466608e-02	1.258993088267411076e-01	1.492678917230120250e-01	-1.793884207612668202e-01	-5.851472255733811828e-02	-1.613562735640440005e-01	9.315193011427665148e-02	1.850386565870626443e-01	1.409962667994267838e-01	-9.043417977857454160e-02	-1.634193497328589595e-01	-2.962016575187319534e-01	-2.019403628826070829e-01	-1.985149325564517231e-01	-3.023442894273098980e-01	-1.038644400666099421e-01	-9.051699045683203604e-02	-4.406566523170063476e-02	-1.288619243928542379e-01	-7.210290021875230548e-02	1.073878258245997003e-01	-7.952969520994243591e-02	-8.036774909364541308e-02	-2.234813416109154502e-02	-2.437513940194143552e-02	3.567405348002070098e-02	4.037371007649358245e-02	1.609920108390510696e-01	4.025684915667804287e-01	3.392874371653971100e-01	-9.515077236142568951e-02	-4.301068074316342221e-02	-1.044548716853587328e-01	-2.543149366432834180e-01	-1.946043348981706667e-01	-2.055354960997411440e-01	-2.354600194889087950e-02	-3.106822853666716400e-01	1.368965983189704937e-02	-2.232870906747993489e-01	-1.824489619710982502e-01	5.815900728386076690e-02	-2.369013384942545916e-02	7.396286283487299440e-02	-1.176006415631350860e-01	-1.167260955402932010e-01	3.532409198989543836e-02	-7.479144098306257649e-02	-9.633220711271860137e-02	-8.451424352552329433e-02	5.441042311997323216e-02	2.482754936057191830e-01	-2.607319035442068889e-01	-3.706530300180718718e-02	-1.494923284227335780e-01	-1.188879217718447623e-01	1.182719277525461493e-01	-7.639610220972044285e-02	-1.457049971458860838e-01	-2.043575688088616060e-01	-2.678312958430592583e-01	-2.001579079128163741e-01	-2.163958981281253746e-01	-7.930935069824653072e-02	-1.089860831682608749e-01	-7.372636733164719680e-02	2.229052889521578040e-02	1.781576320916111733e-01	3.492396816642395208e-01	1.706218969658944706e-01	2.924170160083888192e-01	1.423467344879280894e-01	-8.653229219921070026e-02	2.047328888514714507e-01	8.040273655335264391e-02	2.413411093004980690e-01	1.623645441541887030e-02	3.066325194225271722e-01	-1.594666425318561759e-02	-1.447044273704443419e-02	-1.964927248346067801e-01	-2.528994506814734311e-02	-1.202239093358292155e-01	2.294261908676445416e-01	1.960669554815968885e-01	-1.210905614175913220e-01	-3.258926709923370413e-01	-2.758022551609419226e-01	-1.015111705026363609e-01	-2.865999275766967780e-01	-2.962940951291312408e-01	-1.873850012563617329e-01	2.913708119059574275e-01	1.502532419010124132e-01	-1.621266369871707802e-01	-1.971481465105010267e-01	5.923666591257334413e-02	-1.823262421404698574e-01	4.315340591481321708e-02	-1.589961992214038444e-01	1.237573338749182322e-01	-6.509453367651510391e-02	2.065395838873649442e-02	-4.391303340820566781e-02	-8.506717582732187255e-02	1.346398147493645114e-01	1.540212892506038767e-01	1.724883492045214961e-01	3.066838270575155123e-01	-5.447415185340109822e-02	1.623437006476571021e-01	-3.507536353442481519e-02	1.687986203796832396e-01	3.895163423241621709e-02	1.145226363150776416e-01	4.682905172423688228e-02	-3.673762775413791370e-02	-1.496024500386110845e-01	-4.774382413329978508e-02	-4.133310358004562042e-03	-1.232511833850029603e-01	7.881911051186034356e-02	-5.087693326519092396e-02	-3.852385765551159108e-02	5.408006966839423030e-02	-6.094542417362238534e-02	-7.558851099609446671e-03	1.886564292396782638e-01	2.366850691158217668e-01	3.155941456427963088e-01	2.767030361046152187e-01	2.859751970891319939e-01	2.732806363665112315e-01	-6.382776511638803274e-02	5.912683806454632762e-02	1.077662633989208557e-01	-2.884318883788120763e-02	-3.432409772737265996e-02	-5.238822236035915042e-02	9.874947704670791748e-02	-6.158385896420123622e-03	-3.211934699607132404e-01	1.088704641820455593e-01	2.210679577305899868e-01	1.477549066233380115e-01	-4.927946585621937117e-03	1.877561245667433987e-01	2.796800863643510437e-01	-1.730876544431508568e-01	-3.254311433697531369e-02	8.174498073181622748e-02	3.547395053534158071e-02	2.411873300672937037e-01	-3.304703283976296313e-01	5.499573394532959042e-02	-1.717380043409158785e-01	2.899059563537416118e-01	-1.495105816784810249e-01	1.812526821141232092e-01	-6.885800272548914247e-02	-2.064118604268474211e-01	2.678440574765565962e-01	3.037803222300866635e-01	4.358822298142403517e-02	3.810011129394887119e-02	-1.739677628635692974e-01	-1.213014633540123594e-01	-3.196538472611810122e-01	-1.793600658997994424e-02	2.879302288455453107e-01	2.472069517940107541e-01	-1.949777863011403489e-01	-6.458438201729903294e-02	-2.758933122257710702e-01	-1.598266530870000868e-01	-1.340246721288989862e-01	5.014260012378506104e-02	3.114229140237068094e-01	3.355415268452323074e-01	2.965894867520421641e-01	3.272415356412390897e-01	-2.187725314470373994e-01	2.890737138134666373e-01	-2.849864843111666116e-03	-1.596674438123416861e-01	1.138435909491801457e-01	7.717983065269945139e-03	-1.072389758477999000e-01	-1.839694000037733479e-01	-2.778790447421814469e-01	3.098855881974510451e-01	9.825359660765796421e-02	-3.855042579702515626e-01	5.030925198244825397e-03	-9.045652023868433651e-04	3.880551636146701427e-02	-1.042035407638607081e-01
6.863082569575825742e-01	-2.145683624181940197e-01	1.000000000000000000e+00	6.297450344702473224e-01	1.126667588242276086e-01	-1.007026607397676528e-02	3.440528346900056933e-01	4.229219721468104876e-01	2.520683744997474496e-01	2.493910689380683110e-01	-5.400689722878496829e-02	2.010528043227481632e-01	-3.727577215245584941e-01	1.482177649504083650e-01	5.315399576896230605e-02	1.809308325814835139e-01	1.388042049121759047e-01	7.916603731255457410e-02	-1.528002514131646117e-01	-1.319752613004494257e-01	2.175887490244741637e-02	-1.046640026823210737e-02	-2.129715162554266517e-01	-1.588376397568245710e-02	-2.923776711345927454e-02	8.488510299689118466e-03	4.915808775027902949e-02	-4.306157425635719072e-02	-2.087413617560719692e-01	2.627647543401258057e-01	-6.209577561517736627e-02	-2.291328189255411041e-01	-4.156657879013191947e-01	1.884000239095027229e-01	3.188299007043752381e-02	1.285210962609162066e-01	-8.323129757213799940e-02	1.681512844477613677e-01	1.510174733074209352e-01	1.016097885066423734e-01	6.995250153247345448e-02	-1.826053106285725758e-02	7.556869678145847202e-02	-1.834803794498092167e-01	-1.501470835547017747e-02	-2.696884063197230175e-02	-2.089508523309916155e-01	-1.855019577100983363e-01	-5.326048739445383290e-02	-1.373445841376978727e-01	-1.477157141628534232e-01	2.940572755603389557e-02	-3.644451851136806253e-01	-3.212048958827287692e-01	-4.854390253631362673e-01	2.623074422182402471e-02	-2.313004812287410006e-01	-1.004948420892981809e-01	9.069869126091194278e-02	7.643387729436884603e-02	-9.337863298626832009e-02	-2.578918767450801286e-01	-9.071551102750147200e-02	6.997424708583811770e-02	1.577055868725199816e-01	-3.516888893121797310e-02	2.276701969449298341e-02	-1.756471482831861164e-01	-5.597851462969733773e-03	-9.453958949400609324e-02	-3.478322280387744492e-01	-3.004478339540664344e-01	-2.705327924192116318e-01	-2.250572567523746181e-01	-4.842196871515094259e-01	-1.985214905376104233e-01	-4.510119375038372236e-01	-2.900307047540993666e-01	-4.585641603604759808e-01	-3.375978911571231866e-01	-4.887853999627444490e-01	-3.319787970927033371e-01	-4.347491435088594036e-01	-2.100871811740149808e-01	-1.379329252322682997e-01	-1.396743488974948322e-01	-4.856693743379049688e-01	-6.503665549732868811e-01	-8.148038059335274697e-02	-1.924414178107075879e-01	-4.295034515711968620e-02	-2.797321417569226254e-01	2.336962162032647228e-01	2.014971389525277434e-02	-3.087289045432737300e-01	-4.193925612259916669e-01	-1.173436994303469760e-01	-1.570281387944758578e-01	-9.828844941261088985e-02	-3.251784438691636137e-01	5.582218624779674565e-01	3.184332766365580158e-01	7.701743278078490018e-01	4.730426083847642516e-01	2.252137718325725457e-01	3.400183709649071684e-01	4.593535496896236081e-01	2.412821107334012227e-01	3.186269473183829803e-01	2.397501750006698351e-01	7.029670753672201053e-03	-2.824113098382947107e-01	-2.009169037206932212e-02	-3.533452552495056770e-02	-2.604398864235587530e-01	-3.472018157994566367e-02	-2.707915329630376511e-01	9.553350038815165701e-02	1.197095756652484383e-01	-2.773039062755499815e-02	-2.903804645459032423e-03	-2.731984357652112450e-01	-2.689638594049906795e-01	4.783215372551434530e-02	-1.161496281577142492e-01	-7.672442908401068407e-02	-3.063681130110122441e-01	8.784778231442523511e-02	1.489372275405227153e-01	9.939668374708116039e-02	-2.120168512805889194e-01	-4.653090539402007231e-01	-3.755891366083004557e-01	-4.895793191839382663e-01	-1.698940575047422075e-01	-4.438080345309686203e-01	4.339216426838914120e-02	-3.120075018645464549e-01	-3.672576688560885705e-01	-2.450709399952640810e-01	5.177716018785931407e-02	-1.309414798874217467e-01	-2.434722902697493141e-01	-1.129790049445270617e-01	2.353504320224573398e-01	-1.257571459384773105e-01	-1.843571360864001973e-01	-3.785597043532394346e-01	-1.051150887443250692e-01	-9.805199180415960503e-02	-3.615835731539857045e-01	5.217074499258098769e-02	1.267336470935423107e-02	2.564096843037629719e-02	1.750235566421942945e-01	-1.351011020735932988e-01	4.059564068171251927e-01	-2.112896433957866804e-01	-4.281071331043835304e-01	-4.914139709288534719e-01	-3.054442473570660455e-01	-4.119713988042612018e-01	-1.241783975351686171e-02	9.850895880947821426e-02	-3.872920783559153368e-01	-2.457092572474147973e-01	1.147644416074126567e-01	-9.780990442745725322e-02	-1.548608920439826717e-02	2.073027166302684327e-02	1.328724136658240296e-01	2.477452933048132980e-02	-4.647637774568887936e-01	-1.760255562511391370e-01	2.753856659573161170e-01	-1.527698985206589477e-01	3.338732780240383780e-01	-2.054231202932998712e-01	4.619636259595717720e-02	-2.068203122716179287e-01	-2.230462943387915842e-01	-4.503791427379817414e-01	-2.005137960723618606e-01	-5.694290456088957342e-01	9.899516349841049057e-02	-3.494745964974438346e-01	-3.087848055844378270e-01	3.761031578224948140e-03	-6.818340844567187808e-01	-1.734863618364321236e-01	-8.749970639428822361e-02	-9.170626292365841037e-02	1.467656295343059136e-01	-5.794911264998946487e-01	-6.720521371377502495e-02	1.532003894471208050e-01	-9.989129492124182441e-02	-8.006141453760735882e-02	-3.077974319275950110e-01	-2.582583272303603725e-02
4.429601849842220163e-01	4.025760866589466608e-02	6.297450344702473224e-01	1.000000000000000000e+00	8.992728804487062910e-02	-2.462655448846474693e-01	1.244318099806661637e-01	1.469063711091902757e-01	1.103090492909807457e-01	5.774754926828847695e-02	-2.854323428535929241e-01	-2.335646615198567685e-02	-1.781293517812463367e-01	2.493608965019323553e-01	-4.366555440928591991e-02	3.463812494755083571e-01	2.790933868230165982e-01	8.146267134309694014e-02	-1.609345558282179256e-03	-2.027069711216482328e-01	9.687748972956228971e-03	-5.226042326737892485e-02	-7.257422701556597022e-02	8.625924199534504289e-02	-8.658707496125278569e-02	3.927447335936683909e-02	1.512838958749539442e-01	1.057595912753355599e-01	-1.251297184126455020e-01	3.506595025885395067e-01	6.190477505868689084e-02	-1.576139514423909316e-01	-5.246424378836167524e-01	2.653524541695810868e-01	3.977334698009609149e-01	3.634578105752939714e-01	-1.714365908486692736e-01	3.188004642972818714e-01	2.516265447759769014e-01	2.751694695703791327e-01	-1.114066991652681513e-02	1.388819546506460945e-01	3.058239039830918868e-02	-1.849311926842325815e-01	-8.472111177903160484e-02	3.481618262759200028e-02	-4.633288445607066514e-02	-2.705431257690751878e-01	-6.973601888571839824e-02	-1.083210405706797885e-01	-1.716379211567303498e-01	-1.323170274422751924e-01	-5.783613433878469490e-01	-5.704613927829036424e-01	-5.436062612453210763e-01	-2.517183337943449950e-01	-1.931335305685290826e-01	-3.101450824714965804e-01	2.146673304335263432e-01	2.076348105522023146e-01	5.287195556511352368e-02	-3.942877555280216439e-01	1.141092387350802276e-02	1.055613486353764313e-01	2.987863270468957277e-01	-2.977547140966405395e-02	-1.057906409662712766e-01	-7.045515368283838953e-02	1.061351157044881505e-01	-1.907329246824193691e-01	-5.411588387081661677e-01	-3.953335048482514713e-01	-2.680113936564557653e-01	-1.717483235416988052e-01	-4.492567469306895100e-01	-4.389900103892926259e-02	-3.448960521505181620e-01	-1.510556314921092935e-01	-4.179783875130543280e-01	-2.998687078165114817e-01	-6.366758933070950643e-01	-2.160696354668860952e-01	-3.320472826021265700e-01	-4.135089380487806388e-01	2.612989007628626487e-02	-9.945950134000244858e-02	-1.792251444182881848e-01	-7.001012598497782236e-01	6.607670975466657659e-02	-9.429600771517787638e-02	1.302605141712074588e-01	-7.088815329083560102e-02	1.953240204022368975e-01	3.988904329143840802e-04	-2.763502132916833554e-01	-4.261048819362330820e-01	-2.917439791851719061e-02	-1.212587409578224917e-01	-2.077536306390470253e-02	-2.478795846764068334e-01	4.552082577097757987e-01	6.415745560772164735e-01	5.329757902728093910e-01	8.256920433344318022e-01	3.101757001626713195e-01	9.631787563247327932e-02	1.311612818639941447e-01	2.239829660527075869e-02	1.641250481774046976e-01	-5.033848254312891547e-03	-2.410028166871082123e-01	-4.572520264273843837e-01	1.539856141620138119e-01	1.089256808549660255e-01	-2.093825612965158345e-01	3.837268111469580110e-03	-3.939807893752724222e-01	1.882910754574715906e-01	2.510098307466052114e-01	-1.555986636273432727e-02	1.442407907695571478e-01	-6.815692706520562472e-02	-2.333601098808131269e-01	5.710012505095169236e-03	-4.408934691126818739e-02	-1.059973006572754173e-01	-3.104973422460501342e-01	1.910814810290337451e-01	1.596557881389352174e-01	2.434106240719255410e-01	-2.683541744119458117e-01	-2.722342462973798560e-01	-4.444225596737187978e-01	-6.191157126331596761e-01	-7.402065655137916866e-02	-3.800262287634826319e-01	3.146839446895433601e-01	-2.172368976633121118e-01	-3.830128441888138169e-01	-1.968879382844330728e-01	-5.464265308256078917e-04	-6.916290929788060371e-02	-2.714386344840812038e-02	-2.326997520590295410e-01	1.706142368768080383e-02	5.469129234280078501e-03	-1.206650724403612734e-01	-2.019208464627328115e-01	-1.821614892376681172e-01	-1.378206126490302275e-01	-3.256142539375280198e-01	-9.500820537056810233e-02	-5.215444271787039558e-03	3.070804275530168367e-02	1.987120254018046317e-01	-1.673031466886050200e-01	4.037000572910471874e-01	-2.566269383679746774e-01	-4.016591756404351843e-01	-6.696900586614550344e-01	-2.995320621853299059e-01	-6.380304628807048628e-01	-3.172678532980425792e-01	1.177571130456419313e-01	-5.392625291894472817e-01	-1.335826247047032511e-01	1.339416830761713528e-01	1.601085818224896318e-01	2.639740431028858025e-01	6.028541683659176253e-02	2.297919838271401394e-01	-1.075462035936549238e-01	-4.799990567123283425e-01	-1.022060513577045249e-01	3.527817206148152196e-01	-4.313977499182722330e-02	4.048835314429788945e-01	-2.539544023427510178e-01	1.248126184681716266e-01	-4.819239025585560221e-02	-2.729742032936810503e-01	-4.861493734192057214e-01	-1.369707628592771731e-01	-2.598892288348584878e-01	1.783068037702791042e-01	-1.778540163590726642e-01	-1.946405990245841933e-01	1.182173835492844743e-01	-6.873535458941553156e-01	-2.514030006168340714e-01	1.774241350879752488e-01	-4.830238852530198065e-03	3.495472189233235771e-01	-6.670660099071712423e-01	1.593821427581817649e-02	1.772234069493881792e-01	1.957269690286800867e-01	-8.899834384840545065e-02	-2.248025701410240329e-01	-7.546653533925615220e-02
4.654817773612677234e-01	1.258993088267411076e-01	1.126667588242276086e-01	8.992728804487062910e-02	1.000000000000000000e+00	7.544215192389166491e-01	6.770933049503845558e-01	5.978284151393565837e-01	4.292629864784419658e-01	7.196346560239601509e-01	6.783750470217480011e-01	6.807973205279623796e-01	-2.608196401240453488e-01	-4.452243429234769567e-01	-4.334427092370962686e-01	-3.741142799370205663e-01	-4.383702926094918406e-01	-3.876216374413256061e-01	-1.798545322560745341e-01	-2.392459223928768419e-01	-9.751133289316153696e-02	-9.537273760361124342e-02	-1.781066260686069158e-01	-2.429676737664236696e-01	1.067684274222517743e-01	-2.043298758972842410e-01	-1.728404535484662219e-01	-5.390960391501790905e-02	3.751074669421799457e-01	4.213624876591987589e-01	4.342038630832523172e-01	3.880365721872324203e-01	4.007163694867711956e-01	-2.889527900343734079e-01	-3.961071792558353288e-01	-4.584341645687979305e-01	-4.061277120315422984e-01	-3.924397889851773402e-01	-4.001095505527062224e-02	-1.037774561041834021e-01	1.637573402861577931e-02	-1.644249621775080994e-01	-2.546696989385852650e-01	5.790681296977710779e-02	1.573455011784596624e-01	1.160879855786990655e-01	1.625182232405364691e-01	8.285867788844274162e-02	-1.840446946426372021e-01	7.734748872050822843e-02	-1.622238354173645147e-01	-1.523672808530855127e-01	1.175810994476927523e-01	3.152228909461355921e-01	3.251506428738947796e-01	-8.183204150335969540e-02	-2.749190529981051720e-02	8.219620065779961737e-03	-2.178788856123179685e-01	-6.447873348942098626e-02	-9.603246063451389980e-02	2.864496180918572055e-01	-1.208916937458740515e-01	-1.889652242658121928e-01	-1.100188266741084497e-01	-1.913488281977111793e-01	1.416548432009669817e-02	-1.842550883788007243e-01	-6.470378404176643783e-02	-1.009700850107032311e-01	3.823638070225929830e-01	3.573901757303386550e-01	6.129848244219468500e-02	2.763245465399025852e-02	-1.596812494462011844e-01	-4.148579094927350441e-01	-5.165760978230780898e-02	-1.145463679105976768e-01	9.431630039637967089e-02	-1.825352767875327575e-01	2.165338423406336366e-01	-8.753006060960090429e-02	-2.673989585553382398e-01	7.605876935446510834e-02	-2.815952331433484446e-01	-1.071968997369897314e-01	-8.750872483925949130e-02	7.728007632904897173e-02	-4.120310030868516993e-01	-3.451884814781963629e-01	-3.627638914743861465e-01	-1.977816534593102304e-01	-2.199625528703554322e-01	-3.466536910835898988e-01	-2.897416666985319980e-02	2.013577573323520054e-01	2.749521093449383558e-01	1.735357176262388446e-01	-2.424831528703451367e-02	2.101130817318938582e-02	5.499720197264730270e-01	-1.573524847452460462e-01	1.057592377526487132e-01	-1.402779512915381666e-01	5.641125607378760787e-01	7.497078871654881960e-01	6.108064959484862388e-01	6.792951983580105546e-01	6.617854641069332855e-01	6.446604569193656875e-01	6.781780858819138613e-01	6.082398889269113873e-01	-3.455958517639305949e-01	-9.860870492319369351e-02	-2.283488845404469669e-01	-2.243491324209379023e-01	-2.555662489396151593e-01	-4.033029981452398993e-01	-2.905524079215406341e-01	-3.953656078338939617e-01	-3.007624771198020852e-01	-1.844541915408408062e-01	-2.122346094387659032e-01	2.037270670105251757e-01	6.859343634932337994e-03	3.599456484437280057e-02	-6.138292251575235697e-02	-1.002265529414702872e-01	-1.418314930622410243e-02	-1.377965379546957914e-01	3.269803916123699139e-01	9.021329908662691077e-02	2.815405324202390758e-01	3.879149709253599254e-01	4.284067224351466308e-02	8.608620176162387616e-02	-3.397630040590895462e-01	-2.879958892714636343e-01	1.417465471738417471e-01	-2.539096417618413315e-01	-9.944450062054584205e-02	-2.727072598954691784e-01	-1.061796107242214127e-01	5.427961490244772452e-02	-1.244562820389983476e-02	7.750044859693201726e-02	3.332778784082335993e-02	-1.619099689647834073e-01	1.786009660898504048e-01	1.404416579765283279e-01	1.301643764901681266e-01	-2.773882525960665035e-02	-1.405013528308280690e-01	3.823631170030843129e-02	1.129083705943428190e-01	-5.250166362881636406e-02	-4.453315429393153169e-01	-1.884884861138768630e-01	-1.999774052954668146e-01	3.187629869810492678e-01	-1.522286182523557296e-01	3.207296105165080013e-01	1.898604401800648711e-01	4.741900703289899099e-01	2.379264449752655775e-01	-7.259810513302848711e-02	-8.593761210457551147e-02	-1.715307273249408737e-01	-1.526401455831230269e-01	-2.536318356038290700e-01	-3.498209589166536571e-01	-2.298285534676336728e-01	1.523175793740419726e-01	1.456572945873251534e-01	-2.289008984139937475e-01	-1.137476254868466097e-01	-3.377239462955621829e-01	3.913679529326388046e-02	-3.855919620047894569e-01	-2.925696135610802995e-01	3.384319810679825569e-01	2.027388796302219409e-01	7.203371089426381657e-02	4.460305486213314574e-02	-3.341173308067809100e-01	-8.482472186577676501e-03	1.739385764005286009e-02	-1.866018378455902016e-01	-8.298001127527081938e-03	-2.440169516583083897e-01	-4.426363194140753854e-01	-3.493515472749166850e-01	-3.698921633188624325e-01	2.508273574090730818e-01	2.747607717274062056e-01	2.544090407253403741e-01	-1.787689098230937912e-01	6.562777111010553721e-02	-9.134761605528545630e-03	-1.283713385657759554e-01
3.209947248640825923e-01	1.492678917230120250e-01	-1.007026607397676528e-02	-2.462655448846474970e-01	7.544215192389166491e-01	1.000000000000000000e+00	5.625297869853500554e-01	5.656070632790670683e-01	3.251741007196799482e-01	7.167696932788696351e-01	7.704462871872509444e-01	7.502653778372565530e-01	-3.296760851322482755e-01	-5.679676836698710485e-01	-4.383176225122456526e-01	-5.639804525895493192e-01	-5.932007269662394888e-01	-4.685870052724121493e-01	-3.797206183997088869e-01	-2.397023822142504423e-01	-1.362478206451623042e-01	-1.217089573623770932e-01	-2.079976470369834241e-01	-2.160003388831069349e-01	2.986497140004082396e-03	-2.772047806377246904e-01	-2.247884073951164907e-01	-1.452534586969499997e-01	4.135992312011070871e-01	2.435358995697959050e-01	2.923298600679809511e-01	5.534988504056191916e-01	6.822013080700966015e-01	-2.559131537592022054e-01	-5.386874690359110263e-01	-5.882619342170176679e-01	-4.223060455451431716e-01	-6.017422276009360971e-01	-1.178884892629695619e-01	-2.665281289930132580e-01	-3.913625805636419125e-02	-2.634451659662691014e-01	-2.641998534950451560e-01	-1.870883320316006626e-02	2.464531930219431566e-01	3.555669089223201977e-04	1.283654946529962093e-01	1.595144445962586033e-01	-1.469217244158461111e-01	6.736482442746187516e-02	-1.447045801249282337e-01	-1.286432345856767523e-01	3.930407179820403774e-01	5.456051702950641680e-01	5.019878663770566130e-01	-6.724840411598517753e-02	6.572257675824270950e-02	2.081547572905892707e-01	-1.918420685393656955e-01	-2.483188797500712058e-02	-5.797113472459015926e-02	4.546682913571569173e-01	-1.898810932673882512e-01	-2.705615126081731825e-01	-2.328025484885325180e-01	-5.527621602682920854e-02	1.249383051057467581e-01	-1.698798101778114245e-01	-5.015101889699347809e-02	-3.354644179745282836e-03	6.375163684502931360e-01	5.946619546277935875e-01	2.080317019451169147e-01	1.687043864739409538e-01	-6.788725185685516583e-02	-4.001206496612338404e-01	-6.185512016949579195e-02	-9.870657634859861251e-02	2.422576604057383731e-01	-1.357919745491778796e-01	4.647806953036143773e-01	-8.663933060550361998e-02	-2.514480520128863361e-01	1.932721536365055170e-01	-4.359266324387850444e-01	-1.490199907459860973e-01	-1.555896610914103695e-01	2.866550249014057639e-01	-5.443333994061270165e-01	-4.191669444803817757e-01	-5.126448827413683240e-01	-3.668001523973972167e-01	-2.843587833460364811e-01	-4.449568690370818702e-01	8.061031160705523294e-04	4.405099418652165810e-01	2.405086510539842237e-01	9.025818856262030065e-02	-1.605162522851895646e-01	1.331848319821574015e-03	2.616552669725784042e-01	-4.707243866575814839e-01	6.733083155466683400e-02	-4.651304350369069307e-01	2.386016423602511094e-01	7.590208070947147556e-01	5.684698950555847619e-01	6.017531784088450131e-01	6.456898450005768009e-01	6.591280763777963569e-01	7.628393973048447352e-01	8.275822546911700828e-01	-4.753839807624000713e-01	-1.840720848614831040e-01	-2.802570038116854456e-01	-2.312868100952082950e-01	-1.236903187216092798e-01	-4.537694522668399566e-01	-4.639867698037470900e-01	-3.882488638470752984e-01	-4.896078911312021775e-01	-3.239037688435922324e-01	-1.623626034889990022e-01	1.273979129143891220e-01	-7.537822214220341044e-02	2.653266649103862285e-02	-3.519120109116937421e-03	-2.140637462658026569e-01	-7.069875122781783816e-02	-2.677400193302614251e-01	3.827477329331025468e-01	5.646773531986997580e-02	4.922922798729737481e-01	6.310725107167998171e-01	1.089217173794791160e-01	1.956172319947891980e-01	-5.281417354235641293e-01	-2.479839174484020081e-01	2.762919256673763146e-01	-3.076413371262748941e-01	3.459803268851378844e-02	-3.413164352320704475e-01	-8.778448005707231716e-02	1.699087551906367233e-01	-2.737166463036849046e-02	-1.530995936082217568e-02	1.086585613398713263e-01	-1.665229429768781966e-01	2.386884628390115448e-01	1.462957008095424893e-01	1.881728885557977515e-01	3.975493721265427327e-02	-1.153184264581279539e-01	-1.051814669784757392e-02	-1.300371926356032500e-02	3.110588263003018564e-02	-5.333170391250320330e-01	-1.767754327062166231e-01	-1.240914574570056855e-01	5.834003625329164944e-01	-5.958950423436950444e-02	5.587879556139989656e-01	3.822269385235754213e-01	2.362414299406128959e-01	4.990009389919948801e-01	1.417942028877143719e-02	-3.403340593394637431e-02	-2.327696638905271398e-01	-3.010340923887276365e-01	-2.092983305873140076e-01	-5.383248620672513862e-01	-1.013877689497528212e-01	3.473855858766226601e-01	1.932935765947405571e-01	-3.177278021552777942e-01	-3.294858568072434046e-02	-4.751901288273946977e-01	3.330181073045036799e-02	-4.455837222389282259e-01	-2.178766383456966216e-01	5.197213940112536124e-01	4.008718917522852143e-01	1.275025721887913799e-01	1.329325029376616715e-02	-3.545797636142789533e-01	-1.570941356481322590e-02	2.441909768188383137e-02	-1.904735291097645611e-01	1.921450547198802483e-01	-1.812312667720143433e-01	-5.817393441577604074e-01	-3.711252366248542489e-01	-6.067389989502609549e-01	4.812791830400827697e-01	1.457873666074207264e-01	-1.567388140926290543e-02	-3.867609263464754088e-01	-4.797215139679552459e-02	-4.781059662220955853e-02	-1.566743125066317743e-01
5.960888229365056690e-01	-1.793884207612668202e-01	3.440528346900056933e-01	1.244318099806661776e-01	6.770933049503845558e-01	5.625297869853501664e-01	1.000000000000000000e+00	7.624548432031116318e-01	5.700828364066784504e-01	6.771934099765785087e-01	6.005751833892212233e-01	5.426475244369494133e-01	-1.889383304698886712e-01	-3.258327974803512106e-01	-3.337486754432367753e-01	-3.080320758307039664e-01	-3.131167222878320500e-01	-2.252956292409654671e-01	-1.905622209236367826e-01	-2.440460413432407327e-01	-1.080879796777474838e-01	-7.265822429728198417e-02	-2.162625052522638147e-01	-1.319120284609313076e-01	1.077433883037896833e-01	-5.458701767442313002e-02	-1.769859941764928002e-01	-1.131697514217143707e-01	2.529732265749927711e-01	3.147388689501732784e-01	2.284294797376603126e-01	1.464921652936087282e-01	1.390660255749027463e-01	-1.295318617492944580e-01	-2.893486889571502130e-01	-2.602183186892944589e-01	-2.313673456255382344e-01	-2.278199916766922573e-01	4.823965364269435646e-02	2.075626558933094459e-02	7.434441556646549654e-02	-1.166882498744179902e-01	-4.500061206609835135e-02	1.263469248898431152e-01	1.812558432615875292e-01	1.265233245649858562e-01	2.344049398166253295e-01	-2.578957578464197153e-02	-2.660509138571003768e-02	-1.332863465267390343e-02	3.447385934682644726e-04	3.616842147866378143e-02	9.704717474052303172e-02	1.992306443714205455e-01	9.802220357160526532e-02	-1.479645842920242482e-01	4.798921457139586864e-03	1.767455868097810301e-01	1.262407185221490341e-02	-3.926493786094801750e-03	3.592861974835848127e-02	1.540123453719384472e-01	-8.420082082462272688e-02	-8.646393935775863182e-02	4.505764103692270692e-03	-9.013439263583665484e-02	2.593915273120998011e-01	-5.725230604344377222e-02	1.659085123177573076e-02	-5.398049013462883489e-02	1.398952669063766030e-01	1.341148825338905892e-01	-6.754990736627436432e-02	-4.378970642354797910e-02	-1.437539219395143342e-01	-3.535772933044629140e-01	-2.045833371936547074e-01	-1.564114636029071137e-01	-7.008214206934143542e-02	-2.901780556387952292e-01	3.663827326173870608e-02	-2.645255871008840853e-01	-3.134848068153683887e-01	9.324432468640038441e-02	-2.840491131457635876e-01	-6.162773024206528137e-03	-1.792646293613074093e-01	-1.247017215436342363e-01	-3.316544308607142222e-01	-2.955724968002266251e-01	-2.018307719768390462e-01	-2.799103471289932088e-01	-6.328145670018653357e-02	-2.793414814292340953e-01	-5.665943900295355301e-02	-1.876343302781147832e-02	8.881513876601522528e-02	1.396573699161558213e-01	8.972259104423618847e-02	1.116152036246597680e-02	6.937981184627959319e-01	-1.280393842776977875e-01	2.598092222782238392e-01	-4.443236941570227055e-02	4.904155754795790356e-01	6.869047544280204587e-01	6.909943798320375974e-01	6.639512433798691049e-01	5.745080748898099277e-01	5.811953123637854102e-01	5.855204804359355197e-01	3.899792113889135603e-01	-2.590138458094169427e-01	-2.066009162932636312e-01	-1.905474602932264172e-01	-2.636352063227445641e-01	-2.524396492335801434e-01	-4.321362295413273547e-01	-1.775293517805353882e-01	-3.493619116356915799e-01	-2.155086396738845333e-01	-2.655207325793486062e-01	-2.791513214870526283e-01	2.442913046291306511e-01	-8.290718582872237674e-02	1.109706383190881968e-01	-5.251453801580453079e-02	-8.756061394165887135e-02	1.109280378711771826e-03	-2.227572287824076958e-01	8.230473038274381536e-02	-5.102365211388009553e-02	6.814521018517954998e-02	1.409433785888233037e-01	-1.001521498418070366e-01	-9.534080995660430824e-02	-2.561511101021251013e-01	-3.446132489670665211e-01	5.080661205310350176e-02	-1.245169777539784361e-01	-5.782918633688625965e-02	-1.371152682448836813e-01	-2.477424029437591546e-01	2.393551478086134235e-02	1.319491026567588821e-01	2.016364925166812608e-02	2.705109730866982198e-02	-2.057683745742384940e-01	1.478047163202125258e-01	9.713693297807372840e-02	1.084812229846233295e-02	-5.465479456327396873e-02	-2.422698180042413829e-01	-5.408437733990099222e-02	4.922542550537516853e-02	-1.884794394283391961e-01	-2.259765296569306303e-01	-3.182992786135252494e-01	-2.943245617779017831e-01	1.114610999285024495e-01	-8.108360192776578601e-02	1.566491312464172170e-01	1.613462145709917972e-01	4.559460087710829890e-01	1.003459418978294992e-01	-1.640150151723031580e-01	-1.007571357581466265e-01	-2.681411587920186634e-01	-2.354193399074640536e-01	-6.135405561360338794e-02	-2.448297263660522693e-01	-2.115391539440384105e-01	-4.273686215587803316e-02	5.385781907204886809e-02	-1.477877891524350396e-01	-1.874589151232332884e-01	-1.945897551064216247e-01	-7.382011746030034405e-02	-3.854957626085777633e-01	-4.079749437453208394e-01	1.279213907948417994e-01	4.203858396293775473e-02	-5.399591954879180006e-02	-1.814689757907431422e-01	-3.022192634915472631e-01	-1.793949352730333235e-01	-9.298527426734763679e-02	-1.250083898491580470e-01	-2.734016441543042353e-01	-2.688028717730678863e-01	-3.659337950834058995e-01	-3.967029218618747799e-01	-3.305884730634124358e-01	1.236379172735555150e-02	1.622845988270739392e-01	3.714134016369501912e-01	-2.044159102081745949e-01	3.995889969073353198e-02	-3.286319290590668241e-02	-7.783242692662613316e-02
6.412097805448757626e-01	-5.851472255733811828e-02	4.229219721468104876e-01	1.469063711091902480e-01	5.978284151393565837e-01	5.656070632790669572e-01	7.624548432031116318e-01	1.000000000000000000e+00	5.652683133382216951e-01	7.878338730231612130e-01	6.389930782932845554e-01	5.951220612957445200e-01	-2.825794618878543218e-01	-2.699140078445424473e-01	-2.450490914638411011e-01	-2.736454318824216303e-01	-2.174823267097268642e-01	-2.670387829233174526e-01	-2.709009628799020075e-01	-2.542537025991602473e-01	-1.313575432006458266e-01	7.381746228132067544e-02	-2.278917423160015110e-01	-9.040081205341780890e-02	1.194965506939841549e-01	-1.612881563886604114e-02	-8.260517035374144446e-02	2.031575740886698914e-02	9.711953982350531034e-02	2.580856944513127971e-01	2.764081838580884631e-01	1.746969882912342287e-01	1.403106270527699206e-01	-1.398347902468946857e-01	-3.140438690765885443e-01	-2.421063647131659613e-01	-2.946429867277400305e-01	-3.043926479539554308e-01	-3.872587941349019819e-02	1.704629120951040369e-02	1.267691995634859792e-01	-1.273163444325610683e-01	-9.225369955518157583e-02	4.933757735992339022e-02	1.905511300970791910e-01	2.285167839095694764e-01	1.184640092855701599e-01	-1.199192229374317770e-02	-1.593055937498785435e-01	-1.725714295020081002e-02	-8.622549850354928325e-02	-5.302027630250586050e-03	5.855438437840449796e-03	1.512742482024565516e-01	6.874193327540857601e-02	-1.036729590882732727e-01	-3.449354698559022742e-02	3.906606815543576389e-02	1.775132151251311227e-02	-5.785202859176185458e-02	-1.054692130632792386e-02	1.089714448477225178e-01	-2.264146076073743075e-01	-1.516444462709305996e-01	-1.487870875714953356e-01	-1.549872868567912232e-01	1.622346715642748738e-01	-1.228871494676011394e-01	-2.116420400790262196e-02	-2.512232883143787621e-02	1.774697112987733971e-01	1.714991774972602079e-01	-8.076493025387432301e-02	-1.002501774126456913e-01	-1.662718129179723558e-01	-4.026494702532070202e-01	-2.912265351517356327e-01	-1.807987032512692605e-01	-6.315061933610539857e-02	-4.069285307720790779e-01	1.143400971184823922e-01	-2.608955707944621838e-01	-3.918381237283004581e-01	1.029297475043064319e-01	-2.972456281856459270e-01	-3.599357029387369872e-02	-2.323442980461758733e-01	-1.337521082533683903e-01	-3.407439705159689414e-01	-3.860174360739857535e-01	-3.028497547363463438e-01	-3.959502758641910147e-01	-1.308222513061910453e-01	-3.617433528687042932e-01	-1.046860200730917179e-01	-2.123025426924980349e-02	7.430705537907988933e-02	-1.459117537251084645e-02	-6.045560055845290021e-02	-6.899626763664905293e-02	6.163044376625494980e-01	-1.107650187358215771e-01	4.619690698369314230e-01	-7.001970657767847550e-02	3.266891167060393952e-01	6.990425504098742859e-01	7.034366083564199679e-01	6.653591192104342245e-01	7.066261854419829680e-01	7.266029095072369381e-01	6.082266351790183156e-01	4.063309266685934396e-01	-2.390278645737869967e-01	-4.223436631473133362e-02	-2.345546326396803216e-01	-1.319162892059249359e-01	-1.660552471958841592e-01	-2.610869386399978231e-01	-1.675861804268603816e-01	-3.681888049381898953e-01	-2.115496496562325468e-01	-3.284150605752141350e-01	-1.694960938819677909e-01	3.263975763137953456e-01	-6.358282645006148315e-02	1.466621973051478733e-01	-3.559641739671363242e-02	8.692552422336996543e-02	1.733237404725377073e-01	-8.890446555236065918e-02	1.166330435946046212e-01	-1.157715452912343040e-01	8.101787057346086784e-02	1.299210601822227973e-01	-1.285175663095283055e-02	-9.597397104370394838e-02	-2.541167988015233248e-01	-2.978117763964266973e-01	-1.290447657668865669e-02	-1.693324418521556241e-01	-5.610432854840959743e-02	-8.255716844779456554e-02	-1.845773145830074957e-01	-2.929722893325441280e-02	7.447096895727910171e-02	5.214865093023489037e-03	-2.972138443844780844e-03	-2.769590358492470816e-01	1.000555462199330947e-01	1.470094798135940795e-01	6.310715326273039216e-02	1.072408540224952314e-02	-1.503562490938760432e-01	-5.049081038866491677e-02	-3.074363093642577469e-02	-1.781590153273134025e-01	-2.270951177226233630e-01	-3.419742935306951392e-01	-4.405345437360529970e-01	1.703393851145862115e-01	-1.264563860217902402e-01	1.797703631032870064e-01	1.762063104071680542e-01	3.096407024993024781e-01	1.817996643356165343e-01	-7.723123863944555967e-02	-4.158884430158436146e-02	-2.169730404197149354e-01	-3.157606242647455486e-01	-1.050535368360265287e-01	-2.217387192856588307e-01	-1.292870533752655537e-01	1.799058893378700091e-02	1.373443761505605265e-01	-1.073521786220658220e-01	-1.830089636343424364e-01	-2.179303157742257802e-01	-8.956740677032305753e-02	-3.581758243954943910e-01	-4.311051513713576866e-01	1.366239800852742658e-01	4.282192887023207606e-02	-6.497201226726356804e-02	-2.196722350494369758e-01	-3.558705717146503633e-01	-1.907319501290510033e-01	-2.072496164558730591e-01	-1.877593454553000141e-01	-2.585043275220287873e-01	-2.415246433812110183e-01	-4.883213475159876582e-01	-3.420380569430599427e-01	-3.748884563094542766e-01	3.096419681056546483e-02	1.417917365694218446e-01	2.130859529059790369e-01	-2.156299772293505390e-01	6.805813954474461414e-02	-4.488859139077518851e-02	-5.609907592284939931e-02
3.319015669475485764e-01	-1.613562735640439727e-01	2.520683744997474496e-01	1.103090492909807457e-01	4.292629864784420213e-01	3.251741007196799482e-01	5.700828364066784504e-01	5.652683133382216951e-01	1.000000000000000000e+00	4.286803725269693888e-01	4.330468201116556837e-01	2.716523311131622265e-01	4.487485737456187868e-02	-4.176683035881634948e-02	-7.520565290628805633e-02	3.305527343163019299e-02	-3.369333264090335935e-03	2.123304372692476003e-02	2.706182999629813679e-02	-4.843376968467983518e-02	1.593649777355525543e-01	1.175014791673783254e-01	-8.703011168547719612e-02	-8.274131577506244062e-02	2.327219061401641642e-01	-1.114113767407160296e-02	-9.061379321297559353e-02	1.550454711669521923e-01	2.328588653599003300e-01	3.193391827033258967e-01	2.643808286674685371e-01	1.392175266988911198e-01	4.630929807328067194e-02	8.536491704941345793e-02	-1.399071885128764237e-01	-1.517252380564599289e-02	2.702535554155486783e-02	2.838350479871275950e-02	1.161695684651308513e-01	1.141511919859979907e-01	1.854306916644808123e-01	-1.508184466357271047e-01	-2.042186379606462585e-02	1.347257868033271133e-01	3.418255775396876472e-02	2.387384127449659055e-01	1.097805677768451810e-01	-1.790262971534211378e-01	-1.113041688898231962e-01	-5.924326364703801778e-02	6.024906028136473718e-02	3.936855775230813786e-02	-9.832421560367894664e-02	-6.016064922960630279e-02	8.283033081906733541e-02	-1.639961988837889684e-01	1.258545451833656403e-01	1.576305383885056866e-01	1.436935486895617176e-01	4.088026269822589431e-02	3.083655201655862571e-02	2.098348209018204014e-01	2.494206309273963237e-02	4.635041683692617265e-02	1.426787641231837822e-01	1.743951147734379148e-01	2.924295643590634208e-01	1.078621356810401631e-02	1.591977000891413030e-01	-7.566057250383161070e-02	4.245006313487492862e-04	-4.604316023460369722e-02	-1.415918455900919415e-01	-7.252057583930204832e-02	-1.081145351310208030e-01	-2.415177598514974544e-01	-1.964122324911074802e-01	-1.267529287723273834e-01	-9.314929469126920214e-02	-2.051704872213489517e-01	-8.110685906827076741e-02	-3.400395454552064267e-01	-2.644295185254333380e-01	3.721901921354236337e-02	-6.397642446895378254e-02	-2.794670310286452228e-02	-1.969135605800488575e-01	-9.991060337260984636e-02	-1.901826157497821523e-01	-1.600078482052163797e-01	-1.370872518009426944e-01	-2.527888248633460844e-01	8.816271649683558864e-02	-1.977790820794436966e-01	1.320496244898516913e-01	-7.933874338306700844e-03	1.849418503189083629e-01	8.244510057338323705e-02	7.213466810677070240e-02	-1.461193170032725613e-02	3.368072040488911956e-01	-1.521552519778921440e-02	2.644044264188042948e-01	1.027359898271010437e-02	2.832308169906634365e-01	4.124152232513241811e-01	3.655052592752978668e-01	6.402207100519918814e-01	2.732040885029747845e-01	3.398374904451467726e-01	3.039964913384943235e-01	1.840450094428247307e-01	1.246548050677916269e-01	1.533163513083621310e-02	-1.215349493304164995e-02	1.501241151141124823e-02	7.140073783398790536e-03	-1.706375399515872027e-01	5.479350862494884733e-02	-1.001178183517171111e-01	4.777401351452403161e-02	-4.211208177006975362e-02	-9.069559276524737090e-02	1.261789782225955503e-01	-1.304444749570690155e-02	7.752809502040453049e-02	-3.852085550152851978e-02	-3.637977294239157222e-02	5.321427888013147839e-02	-8.410385980296314345e-02	2.912008607375629610e-01	4.678699275858549250e-03	5.888232439341224006e-02	1.178010462084363719e-01	1.085239180020949185e-01	1.279478446430996341e-01	6.875192029637333668e-02	-2.985607715015684005e-02	6.368349282050780880e-02	1.032436779973622820e-01	-1.591612733264723828e-02	9.080740866520572996e-02	-1.694846094644290868e-02	4.390406537223647682e-02	8.862548893616280232e-02	8.972442793488267024e-03	-4.686986802077805947e-04	-2.514753003428988332e-01	1.550395245703930780e-01	9.166240468538805475e-02	5.093126711219339575e-02	-7.157692441974924935e-02	-2.777953891635513428e-01	-1.362164370268251767e-01	6.869063235696162839e-02	-1.570302149943138270e-01	-1.951502783362759896e-01	-2.695449415439205021e-01	-2.442118772570385232e-01	-2.197454869732595045e-02	-6.635043566021349426e-02	-8.175607534022875933e-02	8.703008217220368353e-03	3.759207198765697200e-01	9.733166821091392140e-02	-8.390199835969672226e-02	2.228203525118116479e-02	-2.432432659219483859e-02	4.815391181444389490e-02	3.434343742770960134e-02	-5.007216813056965948e-02	3.652422484489849241e-02	-1.357444013941417615e-01	-1.190459937548353359e-01	-6.290876962863117816e-02	-6.835815510254222849e-02	-1.189548453572841502e-01	-2.819798555351681890e-01	-3.115470696446889232e-01	-4.461766859411763209e-01	-5.265211435872597240e-02	-6.822501720258999057e-03	-4.346828532640584219e-02	-1.523826422261837232e-01	-2.893101760318729232e-01	-1.571105144885526494e-01	-1.756112054745193884e-01	-3.436053545770640510e-02	-2.393218562448762576e-01	-3.295856923143792305e-01	-2.556958991403512904e-01	-3.952812770764988493e-01	-1.587705666054269882e-01	4.658461054591531841e-03	2.320805388949185588e-01	3.816333329192611590e-01	-1.658955497664591494e-01	1.641089758239262786e-02	7.220835534591674154e-02	2.639815132487334515e-02
5.202360783745174633e-01	9.315193011427665148e-02	2.493910689380682832e-01	5.774754926828847001e-02	7.196346560239601509e-01	7.167696932788696351e-01	6.771934099765786197e-01	7.878338730231613241e-01	4.286803725269693333e-01	1.000000000000000000e+00	7.477433968262071629e-01	8.396297856674319604e-01	-3.980233493022691804e-01	-4.158643254210432350e-01	-3.732192318399788489e-01	-3.586984846425306239e-01	-4.359844520962612990e-01	-4.077185617819644725e-01	-3.552257324276349437e-01	-3.884221982411381613e-01	-2.307740418081213885e-01	-1.141963227541528264e-01	-2.626007344705502677e-01	-2.153711793408609743e-01	2.787999977577571356e-02	-1.563126386329773965e-01	-2.078621820281721377e-01	-1.014940147083423783e-01	2.557225741970395871e-01	3.167175365196401859e-01	3.738867591729135853e-01	3.037081822727207281e-01	2.956742430782817177e-01	-2.453037014078204570e-01	-4.003134619587836451e-01	-3.925658560319338353e-01	-4.869201091817153548e-01	-4.473698338805512931e-01	-5.841916936766303192e-02	-9.686129235515493485e-02	-2.127339938612851297e-02	-1.297915785478633843e-01	-1.004867680885098424e-01	-4.311852110677724496e-03	2.893757169742629531e-01	1.117742713800309318e-01	1.707733674758649123e-01	6.458410888600512982e-03	-5.618828143275522713e-02	-2.040948596593146827e-02	-1.139184244593876572e-01	-1.577707274132577331e-01	9.494055185746960723e-02	2.439007362780520882e-01	2.043331174708520326e-01	-1.491961953194674562e-01	-9.104828401994864706e-02	2.052918812032766913e-03	-1.438486883106784298e-01	-1.432179510732197944e-02	-7.909940743063806345e-02	2.457073796830818169e-01	-1.571626102209917886e-01	-1.996493468642560054e-01	-1.288335358344272485e-01	-1.596964217116599583e-01	4.208820048628887645e-02	-2.099976466288581700e-01	-1.167305105778479180e-01	-5.276372157979417749e-02	2.882720167633074371e-01	3.909399590642003153e-01	7.420331096979167207e-02	1.041211873238926666e-01	-2.154186049937583947e-01	-4.158172903721204516e-01	-1.871318065359678928e-01	-1.870338563458782133e-01	5.204641314665185703e-02	-2.466532534744854399e-01	2.337302268764827051e-01	-1.577831004144200355e-01	-3.946300650640860441e-01	2.544955137866196718e-02	-2.981973590461894363e-01	-1.028454697343719609e-01	-2.029215914305471102e-01	-6.359399581073028884e-02	-4.731804953065638086e-01	-4.497042934399240188e-01	-4.096777492628168593e-01	-3.702755162106369236e-01	-2.409383443055328478e-01	-4.145492359917500869e-01	-7.022692452579466782e-02	1.324873094914771343e-01	2.336367840057155532e-01	1.664555479570788837e-02	-5.180951138678110274e-02	-3.554854758149950111e-02	5.209279709789064183e-01	-1.768551334292610133e-01	2.338375621478310795e-01	-1.662666617032354799e-01	3.035137777348720367e-01	8.012015600538289206e-01	7.488891153326138195e-01	7.097845543562246728e-01	8.739759269133507980e-01	8.747176675349487285e-01	7.747448851421111504e-01	6.058299067182977282e-01	-3.112925249251698445e-01	-1.202507139776470557e-01	-3.294028638937235853e-01	-1.274933446684382854e-01	-2.286372854289075718e-01	-3.153611127222370469e-01	-2.454982321119851540e-01	-3.129717560164317347e-01	-4.206201144523384339e-01	-4.033263633383762370e-01	-2.145249092225272880e-01	1.670232902339055248e-01	-7.930108990386075529e-02	-1.228196958250931184e-02	-1.286715797229918967e-01	-2.321970396631863748e-02	6.822084043520594207e-03	-1.796694826643503995e-01	1.758975355286594155e-01	-4.682122861494717597e-02	2.383399775499782935e-01	2.636901700357367484e-01	6.999377923040923932e-02	-2.773521659862401151e-02	-3.977990426537498236e-01	-3.521691491320020906e-01	7.004468614061550025e-02	-2.691246946227986991e-01	-1.400623470286621597e-02	-2.104309980523365597e-01	-1.652246976038168891e-01	4.499627579830511176e-02	-5.656652319679732199e-02	6.987079480911682905e-02	1.530317805487549365e-01	-2.266087906235694505e-01	2.290017634495448151e-01	1.277142030556209229e-01	1.083004399299435788e-01	2.573227359971107242e-02	-1.057208837832552262e-01	1.795075905427694074e-02	5.585737413754589958e-02	-3.260799077253818956e-02	-3.566783090426836056e-01	-2.395675600852785747e-01	-3.168803174005276890e-01	3.123899632881635413e-01	-1.341599333194096744e-01	2.737944674271294287e-01	1.502895551654150619e-01	2.347453985058896853e-01	2.841993808398314836e-01	-9.731283107488641893e-02	-1.570186070608627429e-02	-1.903020180182166399e-01	-2.650768936808571841e-01	-2.010842794232435005e-01	-2.907616342331879600e-01	-1.536564695483274567e-01	1.339879096369558653e-01	1.879254700208514706e-01	-1.387582933037083965e-01	-9.081148099973075649e-02	-2.291887762576565735e-01	-1.039277463606604751e-01	-4.220007040799527709e-01	-2.902813546600199746e-01	3.871201626351770120e-01	1.837889367961876297e-01	1.259528816652264183e-01	-1.469290937535862041e-01	-2.573020625389100258e-01	-6.644846075609271707e-02	-3.601885180572064055e-02	-1.942943464327495651e-01	-1.196804028390842933e-01	-2.955838445527517733e-01	-5.411378573527330094e-01	-3.569071656579509977e-01	-4.365620702965691269e-01	1.817402287130244765e-01	2.190601541545216246e-01	1.199332720960285537e-01	-2.011658141880326434e-01	-3.337704289090106385e-02	-1.602177787513626717e-01	-2.171913124453997979e-01
2.646053958714892351e-01	1.850386565870626443e-01	-5.400689722878496829e-02	-2.854323428535928686e-01	6.783750470217480011e-01	7.704462871872509444e-01	6.005751833892212233e-01	6.389930782932845554e-01	4.330468201116556837e-01	7.477433968262071629e-01	1.000000000000000000e+00	7.075168347862785811e-01	-1.751874730698754212e-01	-4.640942154936436026e-01	-4.262864820944901045e-01	-5.238656081865671332e-01	-5.073652830917529943e-01	-4.154703518665799344e-01	-2.691232413966804793e-01	-1.999970360964320182e-01	-8.705248808390465831e-02	-2.160570041119484405e-02	-2.046673192060162461e-01	-1.187127248330235169e-01	5.135593476251112954e-02	-1.268969015418884572e-01	-2.105392608065161375e-01	-1.423108846230234092e-01	2.657995607549471506e-01	1.479314179665258133e-01	3.611359002792155493e-01	4.370102037437878506e-01	5.401735840489345630e-01	-3.614164851889895003e-01	-5.782510278724489750e-01	-5.647498656648199944e-01	-3.074384836225493856e-01	-4.919352947447568902e-01	-3.193945114469739499e-01	-1.629313975065959097e-01	4.342160797308095010e-02	-2.109393604439016856e-01	-3.164848299545925947e-01	2.775438009164933328e-01	3.375283830554847153e-01	8.926406151290716684e-02	2.657780196135884898e-01	5.205063026404427307e-02	-7.457007863407699721e-02	8.675815342357434679e-02	3.391653041131798690e-02	-4.497633740296762273e-02	3.186286857638049863e-01	4.955098929734150226e-01	4.477364959551825563e-01	-8.912032725182127135e-02	-2.261886836071441004e-02	1.655298956051886317e-01	-2.842258712147297528e-01	-6.211097327770399162e-02	-1.522266430825272299e-01	2.807816137665051781e-01	-3.496646045349228182e-01	-4.335308876903078978e-01	-3.417185217952172227e-01	-8.960938009139607363e-02	9.676624957011874251e-02	-7.159676363084634121e-02	-1.991265324743287657e-01	4.577568866439224449e-02	4.849294613768395101e-01	6.119541169107851619e-01	2.492802412777619658e-01	3.196987380529791589e-01	2.698849380767391615e-02	-4.709032460327327585e-01	7.169102497638078775e-02	7.804460729015459675e-02	3.309315745039847489e-01	-7.386548785354921098e-02	4.821149207398347514e-01	-8.376982306910284171e-02	-3.123146289484882154e-01	1.456805128980983577e-01	-3.725343772845522428e-01	-2.035746078486182220e-01	-5.910089984480144942e-02	2.163686622379868973e-01	-5.328431557677438812e-01	-4.965006626194493067e-01	-5.424376924856685322e-01	-3.516875383172040626e-01	-3.215664155867785645e-01	-4.991490048173525818e-01	-5.085217617143820978e-02	3.741848274973257338e-01	3.260089057112739996e-01	5.482136542315866473e-02	-1.861723166114551964e-01	7.942516998514279059e-02	2.937459601030685263e-01	-3.984588178719823404e-01	-2.909373749319898311e-02	-3.977421771315739485e-01	2.229692554423997886e-01	6.682151288713362725e-01	5.860063776361573717e-01	6.766787741370504650e-01	6.046583558834547345e-01	7.438187982465285231e-01	8.507443700668856357e-01	7.793101270261086899e-01	-3.295863599375912778e-01	-6.170020313108231375e-02	-1.534877003410060614e-01	-1.488734841107194062e-01	-4.272976229787208563e-02	-4.009780167524651939e-01	-2.457872183126968701e-01	-3.510798123171788854e-01	-3.782024385548123924e-01	-2.690085812867303305e-01	-1.397972085305514978e-01	2.053059943019965861e-01	-1.718884770901528414e-02	1.605069869009282668e-01	8.973413342654629199e-02	-1.092092321902977808e-01	-2.529572151115081977e-02	-2.608466344156068484e-01	2.565218241299763724e-01	2.589494054757457420e-01	4.482578500010643285e-01	5.297941814477327149e-01	1.185670447145205364e-01	1.579098111577971197e-01	-4.806681838079910896e-01	-2.642952328113810645e-01	3.439484367357625305e-01	-7.818329949781631372e-02	-4.113876924657450251e-02	-1.141566874967674811e-01	-9.871202461800254735e-02	1.654046400040174170e-01	-1.087159718265883791e-02	9.400874068812449524e-02	2.143010589488471285e-01	-1.275590650425662345e-02	4.012148252608319088e-01	2.846698313442207473e-01	3.328792225816006312e-01	-5.606995739357082537e-02	-4.729086907000410595e-02	1.258419186726932038e-01	9.546837640536387504e-02	1.393807970736245516e-01	-5.318964730790698425e-01	-1.077670244637225910e-01	-1.543709415611022873e-01	5.695654469139668219e-01	-2.540818389953089507e-02	5.201027201817304269e-01	3.265098598236995109e-01	2.345444855201685441e-01	4.656071057099407939e-01	-7.159643737762232119e-02	-1.398562844472746869e-01	-3.418399078119961909e-01	-3.685914176682138499e-01	-1.345345477607199636e-01	-4.402066859032358614e-01	-2.224703656123285522e-01	3.678562054773176770e-01	2.366884295604531896e-01	-3.666807380438647512e-01	-1.357244646714040048e-01	-4.460763442377156940e-01	-4.913375996258684264e-02	-5.173431726721153812e-01	-2.398322943995839507e-01	5.363240962840529757e-01	4.798536178220466075e-01	2.912532119566518252e-01	1.664542551016336136e-01	-3.827723591640626033e-01	1.404116780111548946e-01	3.414319307954484517e-02	-1.625337448985066935e-01	1.573581693685676131e-01	-1.384769996889416432e-01	-4.988562464352952475e-01	-3.801728315660236057e-01	-5.960260017889554840e-01	4.811827685985072822e-01	3.247126374049431607e-01	3.539710182589078658e-02	-2.236743645176262896e-01	6.052983299027033665e-02	1.143801841282315046e-01	-9.258735238201692974e-02
4.490199690158447332e-01	1.409962667994267838e-01	2.010528043227481632e-01	-2.335646615198567685e-02	6.807973205279623796e-01	7.502653778372565530e-01	5.426475244369494133e-01	5.951220612957445200e-01	2.716523311131622265e-01	8.396297856674318494e-01	7.075168347862785811e-01	1.000000000000000000e+00	-3.921342276600200405e-01	-4.338574936134454996e-01	-3.928040724310167264e-01	-3.857972708637905646e-01	-5.010200890450259292e-01	-4.429693399842913881e-01	-3.922810258536454375e-01	-4.457732301492232097e-01	-2.006578081458952612e-01	-1.737786571188142115e-01	-3.348847513783377305e-01	-2.211560713192672334e-01	9.200114673922975272e-02	-2.112924037067283323e-01	-2.996140004483424102e-01	-2.978330918564536800e-01	2.732115987601212437e-01	2.197439617821381197e-01	3.505379240193895463e-01	3.033064291985140826e-01	3.712154189169853957e-01	-3.588675076833156008e-01	-4.798915973945229174e-01	-5.166217304121392129e-01	-4.923131927963205756e-01	-5.335115634082032710e-01	-1.703934193525456775e-01	-1.548945384305841499e-01	-4.624623328949536982e-02	-1.677412993509071470e-01	-1.880013229476406034e-01	-7.750105880067799380e-02	2.808543571135106998e-01	-2.128856440302894990e-02	1.545717077599396694e-01	-8.912551232397701584e-02	-1.018130651549511989e-01	-6.080268092756920678e-02	-1.533340580727090841e-01	-1.223033591788360991e-01	2.325841534341797079e-01	3.687998668517324385e-01	3.326137005561177751e-01	-6.965979816033231187e-02	-1.665921683221976424e-01	-8.777097298681077464e-03	-3.074072560220277861e-01	-8.810941356394302870e-02	-1.728517516892419670e-01	2.220083227623777522e-01	-1.809579167471584149e-01	-3.135531157792948997e-01	-1.783935462940201000e-01	-2.051088292576600802e-01	-5.576073985947701400e-02	-2.669633835907236352e-01	-2.214654650061614882e-01	-9.666170608750722371e-02	3.482699126752101804e-01	5.337216791316112818e-01	2.403513329749018268e-01	2.134925232660767336e-01	-2.053959189291932885e-01	-4.049481607769670477e-01	-4.914199731389073955e-02	-1.593939483276488323e-01	1.765488080877128663e-01	-1.222307398137074536e-01	3.112576610162635093e-01	-1.462566880887260501e-01	-3.463890077970643855e-01	-6.458479076312682345e-03	-3.177895179060244435e-01	-2.256672523946137432e-01	-1.910444020557901523e-01	8.111969072053281868e-03	-5.569494117579044667e-01	-5.230307327795309380e-01	-5.200899353570307415e-01	-3.552436620024021496e-01	-2.596590797221330904e-01	-4.195722691701075924e-01	-1.630961052346332485e-01	2.779431359182667483e-01	2.850724511522146343e-01	2.084176685677972471e-02	-9.204435588701015414e-02	1.409532212783814152e-02	3.878082774414272071e-01	-2.307357942864830536e-01	1.088486466853551687e-01	-2.449397904542169602e-01	2.052849791831081183e-01	8.345412159411573771e-01	7.272536008698653465e-01	6.255842560024871268e-01	7.675675882119252780e-01	7.931790327045067368e-01	8.023415657791924671e-01	6.837702390117490481e-01	-3.012274085022895176e-01	-2.499385080421906991e-01	-3.820224640606609823e-01	-1.409580803421101314e-01	-1.975609624520113794e-01	-3.427123657019126579e-01	-2.526482153359581595e-01	-2.917677840817885504e-01	-5.756614348450709295e-01	-4.254917261089339875e-01	-2.758397900330011310e-01	5.672712586530681556e-02	-5.680439076698663714e-02	-1.157820342179659290e-01	-1.663181419785312865e-01	-1.358286569579809921e-01	-1.115944690075773571e-01	-2.924708726743749931e-01	1.134600944162363206e-01	4.050025187888051798e-02	3.293220911184133737e-01	3.328499814457556161e-01	4.437477440349226615e-02	-4.413431332887455399e-02	-4.630710982409316223e-01	-3.727818424206544856e-01	1.872230575385173679e-01	-3.277524984089928983e-01	-5.431940741028649239e-02	-3.279074405401065651e-01	-2.572238819907292640e-01	1.437721384066002472e-01	-6.975244720060658210e-02	3.498176517433304600e-02	1.268851084546007979e-01	-2.136727825617526222e-01	2.557042322317212291e-01	7.691377239908162022e-02	8.734525424938488491e-02	-2.076602563522351921e-03	-1.444287541505132610e-01	-7.681711470970888946e-03	8.964150705065929148e-02	3.853737661232328748e-02	-3.547509294731991947e-01	-1.636041585574119217e-01	-1.631689585211444360e-01	3.953582809624830996e-01	-1.313061222279633400e-01	3.559316681598027055e-01	2.259246448948979968e-01	1.149395629477864278e-01	3.334668379356203194e-01	-1.584378241752249783e-01	-3.213550957641391620e-02	-2.900147236181851440e-01	-2.972463382992330816e-01	-2.511533550987842811e-01	-3.506800971036250769e-01	-2.212909622482864824e-01	1.969192118452373075e-01	1.503830758837208237e-01	-2.191239268939377538e-01	-6.341720170774238496e-02	-2.164121766334013153e-01	-1.145543291868785368e-01	-4.816714893960327148e-01	-1.586073755070313007e-01	5.447679944684160613e-01	3.103554344917008878e-01	2.193222695256881738e-01	-9.505080627835023332e-02	-2.629258308564753621e-01	-2.472555848808990694e-02	2.322234534950631812e-02	-2.140418957515660414e-01	-3.243279706283491021e-02	-2.554803362680088674e-01	-5.140411654974897937e-01	-3.581809686649370383e-01	-5.037617852479341352e-01	2.768422831952702112e-01	2.155341602164156933e-01	4.703380683322672812e-03	-2.183681812015808021e-01	-8.865949962412367213e-02	-9.948657141247353730e-02	-2.299234588755662279e-01
-3.958927724347712784e-01	-9.043417977857454160e-02	-3.727577215245584941e-01	-1.781293517812463367e-01	-2.608196401240454043e-01	-3.296760851322482755e-01	-1.889383304698886989e-01	-2.825794618878543218e-01	4.487485737456187868e-02	-3.980233493022691804e-01	-1.751874730698754212e-01	-3.921342276600200405e-01	1.000000000000000000e+00	3.875273943166349655e-01	4.239149274008406909e-01	3.935422376103772657e-01	4.273813320555489015e-01	5.071574936700979919e-01	4.190784343706475679e-01	4.046515887446565096e-01	4.528783425646884520e-01	4.732550928479288266e-01	5.768766097442681318e-01	5.132314092080875190e-01	3.249972421447031579e-01	5.418501960278335750e-01	2.025380985841862824e-01	2.681672059537863473e-01	1.921379359988735144e-02	-2.327641228228083670e-01	1.059946750727635972e-01	-1.866517343822183539e-01	-1.103183125293220740e-01	-2.069961982178160353e-01	2.040737091605625553e-01	2.151694043035313197e-01	5.618688013047222762e-01	3.595058299561919579e-01	-1.963237886554531630e-01	3.919460308649720948e-01	3.953954093793055624e-01	3.348651035767799544e-01	-1.560282052473602708e-02	3.281551090040331076e-01	1.512788557728705560e-02	2.187572618062579854e-01	1.693211908353402517e-01	-2.998985082064295482e-01	3.755009023875418434e-02	3.388782269331063607e-02	2.072441808622123016e-01	4.784795755633117209e-02	1.094259629772458692e-01	9.394522167085261888e-02	3.020718772110050562e-02	-3.675652092913237606e-02	2.081164784018436353e-01	-6.226593971725341570e-02	-9.380646707740444845e-02	-2.803088969030227418e-01	5.527641853511220532e-02	-2.573227224048950657e-01	-1.217780615384228826e-01	8.566929330368260043e-02	-1.930027135875995725e-01	1.826230481822601337e-01	-4.911440182889090580e-03	3.379909716964767108e-02	-2.611492411135085678e-01	1.698405459474299287e-02	-2.167585967193254026e-01	-1.797510201222933257e-01	6.234587333598966968e-02	5.845530179165702063e-03	1.854287621370037942e-01	1.684569746335503812e-02	2.422934467690619764e-01	2.284860379066179226e-01	9.694953394744046382e-02	2.452717622714098433e-01	8.467064878802696426e-02	7.932689503362122529e-02	1.611403404258015815e-01	1.338297371687370042e-02	1.649396972732968258e-01	-7.339624842736493238e-02	1.966900077503144773e-01	1.378748126688973952e-01	-6.522069299715048396e-02	5.121254413291279062e-02	2.502899881866450793e-02	1.732665798507306010e-01	-5.446888287528765804e-02	7.915310424954050128e-02	-1.421373760901713766e-02	1.016834695998413834e-01	2.156225408720393588e-01	3.200716191055191784e-01	-6.186546396734317332e-02	1.991127017532413890e-01	-2.970669893617998158e-01	6.251445284495052435e-02	-4.052563600715606285e-01	-4.510430112709158668e-02	-1.396301766537520750e-01	-4.201130250981421899e-01	-3.603178318539652647e-01	-1.427220573772366823e-02	-5.158055378345643982e-01	-3.695425827375035110e-01	-2.192359850210335304e-01	-2.005172545622027624e-01	3.289015639151298132e-01	2.072312882665826861e-01	5.693401054390191396e-01	1.067899384412606817e-01	2.023703799390240698e-01	1.348982568565963436e-01	2.295400086833402631e-01	2.726785263383468827e-01	3.038186890655729111e-01	3.645093713314161987e-01	3.640638421086141996e-01	2.797194187721845360e-01	1.978854997421743145e-01	4.300588587480836389e-01	5.847216798695785700e-01	3.509224516851797149e-01	3.386593117057549174e-01	1.371734000304455359e-01	-8.811389261493857150e-02	3.604137610382520673e-01	2.934227278033730343e-03	-8.934662172377013170e-03	-1.338778082303269668e-01	1.243434948026780063e-01	3.339602915684186102e-01	2.210542635231097508e-01	2.248874881285705396e-01	4.833188456345858253e-01	-2.374418210867044743e-01	5.848994894853999371e-01	1.263718539556645259e-01	4.173598084701930777e-02	1.357977073304170446e-01	3.562756799163510624e-01	2.217702571814505752e-01	3.670881077552137772e-01	4.243803002529720342e-02	3.482175486114297280e-02	2.169484923351784056e-01	-2.317882532140021767e-01	-2.581589453793305955e-01	-1.804491961540273248e-01	-9.899326351160803172e-02	4.927529477650023637e-02	-6.749832119446176788e-03	1.515979660905284743e-01	2.950880439815135037e-01	5.037843806607124331e-02	3.527056761518611583e-01	8.585661124785928799e-02	2.515098605048686833e-02	1.901056971846051130e-02	-3.131283061219407998e-02	1.378491792425121619e-02	-1.663216676748150713e-01	1.671916590960716154e-02	5.645224947845213503e-02	1.458803449607822267e-01	7.899765336891960421e-02	-1.740380831987630578e-02	1.354378572829436321e-02	-6.032697933257803041e-02	-2.801201193039182802e-01	-1.728260773055456112e-01	9.161509519849050931e-02	-1.823625943977668640e-01	-1.415133123624640055e-01	-4.584398941137879380e-02	-1.702743675889753783e-01	7.731567910857579939e-02	7.543694152741974544e-03	2.669257543633573593e-01	-1.219278848496304496e-01	1.006463495294828564e-01	1.456391706442907719e-01	3.026549988788743151e-01	1.660790953452728480e-01	-3.560576480444748088e-04	1.316039871930365923e-01	-1.061422250958953262e-01	2.464509079184965326e-02	1.502071842274690927e-01	2.150819289853266592e-01	1.890472785275735534e-01	1.468967546585898121e-01	-5.495386648655421064e-02	3.484397341752583088e-01	1.261286535240835893e-01
-1.093167161021447592e-01	-1.634193497328589317e-01	1.482177649504083650e-01	2.493608965019323831e-01	-4.452243429234769567e-01	-5.679676836698710485e-01	-3.258327974803512106e-01	-2.699140078445424473e-01	-4.176683035881634948e-02	-4.158643254210431794e-01	-4.640942154936436026e-01	-4.338574936134454441e-01	3.875273943166349100e-01	1.000000000000000000e+00	7.216717688288265542e-01	7.574133664455303672e-01	7.924674646813631984e-01	6.358566544086955430e-01	1.436685794742156852e-01	3.028879519865061987e-01	3.283254330149990019e-01	3.425017970080426188e-01	3.343748414862766638e-01	3.885952327868659739e-01	1.166753390411765234e-01	5.307988754103251106e-01	1.126834460999433657e-01	2.309702730868865295e-01	-2.447285825629792189e-01	-1.388702772302554123e-01	-4.435965829142835687e-02	-4.095222417535704373e-01	-4.472550362423911019e-01	1.735760931046482769e-01	5.657726071478066387e-01	6.235162861598940731e-01	5.255251776730195390e-01	4.700671471478130581e-01	-5.476807432493293465e-02	4.482934125552235360e-01	2.936771673528632554e-01	4.815097992603987187e-01	6.981051228868945246e-02	7.954219706534421119e-02	-7.386947836185531191e-02	2.486910066419691437e-02	-1.272598262149620962e-01	-3.131725028174546233e-01	4.105953402979777705e-02	2.639398599328067821e-02	2.863367362837146990e-01	1.398681794587305627e-01	-3.747382708193359169e-01	-5.040047376415793812e-01	-2.583461216933308768e-01	5.444985148866051533e-02	-6.835218952191574396e-03	-5.609634370664309810e-02	2.203246346254579824e-01	-3.508358818658971826e-03	1.239590203537383438e-02	-4.075615312851149086e-01	4.910810465239561981e-03	1.810714354825843642e-01	5.747024475737300998e-03	1.251382904574151467e-01	4.147869224453527154e-02	6.513626809397057849e-02	4.462423892664969111e-02	5.331156925557081067e-02	-4.876530177635080565e-01	-4.488928639794171893e-01	-1.204118271054922251e-01	-1.789059466287908906e-01	9.511213355331251534e-03	1.140319533075117714e-01	-5.051757110905815557e-02	5.828016723540433569e-02	-1.901932607178344059e-01	6.559916392605455449e-02	-3.542210201321690510e-01	2.818493539193633532e-02	1.496478669773923242e-01	-1.972447843742625162e-01	3.370534334965327172e-01	6.278720562369473346e-02	-8.568381329229216026e-02	-2.765070672415168573e-01	2.071114688675749771e-01	1.037682204230294253e-01	1.729402153583488311e-01	2.879012842204893285e-01	2.883193713782436496e-01	2.729217884717176634e-01	-7.493860902393977008e-02	-3.393374867473471501e-01	-1.438011657403978349e-01	-6.881302595184311810e-02	-2.402758458986032145e-02	-8.502282200327210271e-02	-1.872125097353805889e-01	2.973403716380009776e-01	4.846490976960628194e-02	3.568917331144952354e-01	-2.444628700810478061e-01	-4.651367811404732433e-01	-3.462232134051250187e-01	-3.055517019418115265e-01	-4.045020507429604173e-01	-3.663689226723104708e-01	-4.981675509965489690e-01	-5.632371583730312325e-01	6.083114653093515400e-01	1.367851382610475175e-01	2.290181989791330308e-01	3.788174161165568377e-01	1.767276262922313212e-01	4.574136350104547888e-01	4.737786260752928080e-01	4.289667238494476176e-01	2.814485057030418069e-01	6.622951457501149997e-02	1.280763163114879422e-01	-6.168355514647164139e-02	-8.854403125446046185e-03	1.560506461569787298e-02	1.303731223523633409e-01	4.577046200524352848e-01	1.913348871752701130e-01	1.185284182737113695e-01	-1.937419320617289609e-01	-7.974881657121060327e-03	-3.460067820353868728e-01	-3.996035003268090247e-01	-1.686540936029309184e-02	-4.324702131885439088e-02	5.155605584284267406e-01	1.633218471934455018e-01	-8.299151205540077070e-02	3.324505284219912427e-01	-7.104105260911174058e-02	4.464914496858546356e-01	8.752067558761890409e-02	-8.289163411964742267e-02	1.732372727565201498e-01	2.542402259243898843e-01	1.470968705354908368e-01	-4.367968668917251301e-02	-1.354016403863526619e-01	-1.305028619053381356e-01	-1.298228937757281154e-01	-2.136358050536083797e-01	-5.433497095342498112e-02	2.626175034458834434e-02	1.056226035610047242e-01	1.666718536280026655e-02	4.104488180485852955e-01	2.727623790785945745e-01	5.089346817287975638e-02	-4.150675114509820851e-01	3.978518204866671182e-02	-4.703320241636657073e-01	-4.021304109868353294e-01	-8.768277076513654456e-02	-2.911477102793480487e-01	-2.333459018192819701e-02	5.212311056843105944e-02	1.249413951482272189e-01	1.842394344309591925e-01	9.902301179024426692e-02	2.283511986261657079e-01	1.225944077367186746e-01	-2.967416922455130557e-01	-1.379583315646327746e-01	1.409591014432763356e-01	-7.754678983628578159e-02	3.157288347833061559e-01	-3.160923594639816758e-01	1.480589759514716608e-01	5.283646601663135461e-02	-4.092381793909034005e-01	-2.650647517765989392e-01	-1.592191651354364912e-01	-7.663634264267217555e-02	1.976575692140617735e-01	-3.703154829846104501e-02	-3.282193009829614816e-02	1.803798323499383460e-01	-2.632368173586676074e-01	-3.521932268878601169e-02	3.973878578939515349e-01	9.845676407282299980e-02	3.944433140743980326e-01	-3.609491411188110455e-01	-1.344464667733670515e-01	-2.438261564702854517e-02	3.079918016844160888e-01	-5.928915272696193284e-02	1.044111595094471129e-01	1.063077736742587681e-01
-1.633917682260535853e-01	-2.962016575187319534e-01	5.315399576896230605e-02	-4.366555440928591991e-02	-4.334427092370962131e-01	-4.383176225122456526e-01	-3.337486754432368308e-01	-2.450490914638411288e-01	-7.520565290628805633e-02	-3.732192318399788489e-01	-4.262864820944901045e-01	-3.928040724310167264e-01	4.239149274008407464e-01	7.216717688288265542e-01	1.000000000000000000e+00	7.186168803197356958e-01	6.300701208103520745e-01	5.524845171941505928e-01	1.160536308903270808e-01	4.770352370646106510e-01	3.539254338151228696e-01	3.830467626946860715e-01	4.454387515310679890e-01	3.250766522803011926e-01	1.095838815592146825e-01	5.063355091108779904e-01	1.508826249746733628e-01	3.125161964515481006e-01	-2.490895166693723739e-01	-2.415010278939363486e-01	-1.585015367921381035e-01	-5.020919915602014560e-01	-3.571479416388273487e-01	-4.618939872573717825e-02	2.918393204867312241e-01	3.039054314562826264e-01	4.837837161961145993e-01	2.705023841746625468e-01	-8.233358757135136874e-02	2.709360583339659456e-01	4.186443029473474464e-01	3.891070863789891643e-01	1.950153718585197760e-01	4.413401360121144146e-02	-1.418328835395131771e-01	1.721663188810446110e-02	-3.426080376485104440e-01	-1.603617834085196148e-01	3.491169326344416290e-02	8.633969745896653489e-03	2.657700276577447118e-01	2.499372792827197209e-01	-9.964502488843238193e-02	-2.064289346618254362e-01	-8.718175861830088080e-02	2.707684280015896783e-01	1.471406222642937522e-02	-8.125413211109652756e-02	-1.735530228802458982e-02	-3.140922917323882846e-01	-6.600385326289440191e-02	-2.112554633109053337e-01	3.106968332281771425e-02	2.302241731183338191e-01	-1.245559218845136984e-01	1.692616563788574072e-02	6.728008402265314714e-02	-4.138968553405092399e-02	-5.434834553787754041e-02	1.052760164287863259e-01	-2.403575219277334363e-01	-4.258141442902789175e-01	-2.430465301974700787e-01	-3.131957057520383114e-01	3.551103403837647943e-02	1.158658592808823606e-01	-4.601248710831196825e-02	1.023527077229542843e-02	-2.341867539667909226e-01	1.747352233226666940e-01	-1.401305459099335404e-01	7.550472022325839527e-02	2.626381070343471458e-01	4.626558362541392105e-02	2.820843132803593223e-01	1.818174477727307337e-01	-1.656727554307404482e-01	-2.784940847978409351e-02	2.001346870602812578e-01	1.692358058830812639e-01	1.479408047044143693e-01	2.860966362523660322e-01	2.863090687345399843e-01	3.626993460570648309e-01	8.351170113246646209e-02	-3.256579083327869606e-01	-1.822632580840363170e-01	2.158070319654346175e-02	-3.133950474656489044e-02	-1.120597732179144657e-01	-2.415578737008173826e-01	4.860776995975913534e-02	-2.953003031912431603e-02	-6.264718373069867383e-03	-3.469656703597985281e-01	-4.238003079246555060e-01	-2.322809254362564746e-01	-1.841673545387693123e-01	-3.785325849827385070e-01	-2.899947481620285816e-01	-4.007370638798726237e-01	-4.340187427082352056e-01	3.258601038896292157e-01	1.244398441461484900e-01	3.274313999710039003e-01	3.338724421043917090e-01	1.645141811598666293e-01	4.139574850841503673e-01	1.641940940654619818e-01	2.887541383138914064e-01	2.020970100339777864e-01	2.379357579349317478e-02	2.917155968669057908e-01	4.484580272053297761e-02	-5.026049653344625417e-02	8.145077945205063397e-02	3.336910915715720072e-01	4.598597970768549814e-01	3.440360051828454391e-01	1.635787525021269451e-01	-9.533726821959728759e-02	-1.167961977563662518e-01	-2.813675833637238055e-01	-2.340194136243038681e-01	-1.829956344756215325e-01	-6.895071699164748158e-02	3.588850789408973285e-01	1.509359060926804552e-01	-8.762727696449466863e-02	2.193797340383130956e-01	-1.534643308912684578e-01	4.587981649405519780e-01	-1.030357766321388611e-02	-3.213601955387018760e-02	2.746571920675235923e-01	1.720642962600864856e-01	3.991012050054118521e-02	-8.436852974206002220e-02	-2.133263300521495154e-01	-1.731878703096923766e-01	-1.248295421137440159e-01	-7.318530953806834383e-02	-9.872897403535534078e-02	-7.005297321752106121e-02	-8.050566634450910530e-02	-4.159836467691194022e-03	3.469125025189930822e-01	3.320119082597764448e-01	1.936844384837465849e-01	-1.742071544571433817e-01	2.142241178651413114e-01	-1.422553512657427632e-01	-1.336031342249094089e-01	-8.167639994089757882e-02	-1.508432739843280912e-01	-6.548248926442269691e-02	-9.586456817823492405e-02	4.695399271557912368e-02	2.640755074049506296e-02	-1.130803928881701920e-01	2.476799703341531489e-01	2.402444842326333652e-01	-1.943784006134883502e-01	-2.237004737691217771e-01	4.934446893083163643e-02	-1.111697801639278255e-01	2.413757809944986621e-01	-6.250654116205238420e-02	1.604049094595566549e-01	-3.267953755532129051e-02	-4.385256397090546709e-01	-2.513321616339592168e-01	-2.920673967358324297e-01	-2.110030588876225244e-01	3.718230852684430154e-02	-9.949430514376526868e-02	-7.105357782685957357e-02	1.513654791104903086e-01	-1.983560203706862674e-03	5.640032438602951559e-02	1.942510099543615920e-01	1.192770057777197412e-01	3.337474856550485813e-01	-1.469665957592358185e-01	-1.882077020879492635e-01	3.557707257740769929e-02	1.067644906811746480e-01	-6.698055500396278561e-02	4.858074620574447111e-02	8.532203540105597062e-02
-1.228207492390606531e-01	-2.019403628826070829e-01	1.809308325814835139e-01	3.463812494755083571e-01	-3.741142799370205663e-01	-5.639804525895493192e-01	-3.080320758307040219e-01	-2.736454318824216303e-01	3.305527343163019299e-02	-3.586984846425306239e-01	-5.238656081865671332e-01	-3.857972708637905646e-01	3.935422376103772657e-01	7.574133664455303672e-01	7.186168803197356958e-01	1.000000000000000000e+00	7.335063512646985417e-01	5.549587901717856209e-01	2.666427953030743314e-01	3.620018981867457186e-01	4.178379746893147173e-01	3.626438845082577966e-01	4.253138362971780606e-01	4.059252194853401607e-01	7.852832923186850445e-02	4.680312285306066356e-01	2.728451943641073130e-01	3.973655441140671041e-01	-1.773245893340893165e-01	-8.558358398701434999e-03	-8.718493620009253042e-03	-4.373299120135294982e-01	-5.043085471235893014e-01	1.366631436120558374e-01	4.941469787315901918e-01	5.187171059060564637e-01	3.445457411726443597e-01	4.912330724424747719e-01	5.145278494032975991e-02	3.835104191957696695e-01	3.031346944022746404e-01	4.449983457222659311e-01	2.086603278529040872e-01	1.604176099926264004e-02	-1.816419106283582718e-01	5.178756727006426919e-02	-1.603904614411806595e-01	-3.311222009042644743e-01	-4.976362741939142215e-02	-6.530834050561265536e-02	1.807041371845378441e-01	1.889532570053353289e-01	-3.523529108157245071e-01	-4.895250425435513919e-01	-3.390726163590259690e-01	4.206740521434970681e-02	-4.717794342992683715e-03	-1.823119397580433565e-01	1.587164499227710357e-01	-7.908948656419173551e-02	1.781135718654512298e-02	-3.545515442109102300e-01	1.800324368603722081e-01	2.590668633927637465e-01	1.327408452430844377e-01	1.010652013077717598e-01	1.756897069225089869e-02	2.038714477741351491e-02	4.909115107448594473e-02	-1.038218380011333986e-01	-4.693405427051189904e-01	-5.296936677354030509e-01	-2.121159141520325697e-01	-3.025382652272566308e-01	-9.850510904140631629e-02	1.746109083260996564e-01	-6.692016726175151198e-02	-4.293324765657102748e-02	-3.174335239453646151e-01	1.248596558474439622e-01	-4.472951637948953119e-01	2.274871486495763651e-02	1.306116531601612396e-01	-1.714910331413734557e-01	3.672901070581137684e-01	1.314101306021812354e-01	-9.078690488053015040e-02	-3.227841355694501257e-01	2.267320097357733433e-01	1.568626378726165060e-01	2.617868236903112544e-01	2.689487840834474119e-01	4.576862085455783435e-01	3.900055464635240887e-01	1.964455608449554996e-02	-4.192918613427375485e-01	-8.810649943188078592e-02	6.098196816957449085e-02	2.244151665396216383e-02	-1.106455261211349017e-01	-1.234098826503088608e-01	4.189651982212320158e-01	6.934201344781124043e-02	4.181105707136527627e-01	-1.404605811639548785e-01	-3.955487126893935113e-01	-2.718710697845403423e-01	-1.782245144747094667e-01	-3.634487040868573660e-01	-3.613734656912063747e-01	-5.101756498176552856e-01	-6.018505572265168135e-01	4.616512561770418910e-01	1.920587372069441634e-01	2.593728993662824389e-01	3.397869382326811349e-01	6.510973337023885990e-03	5.466857976086576532e-01	4.119592769662403509e-01	3.330536853336991121e-01	3.385047764717853402e-01	1.591818396956004855e-01	2.355533049959107339e-01	-3.972034806949120526e-03	-2.202175909007791574e-02	1.075662127962268184e-02	1.560756548301620861e-01	4.526743173095647554e-01	3.228641876696074497e-01	3.091206227963220199e-01	-1.725450862762881732e-01	-1.456421679018432558e-01	-4.417408861974959633e-01	-4.273963971611651758e-01	-1.573138786568992198e-01	-1.204459375296379753e-01	5.564490948927959257e-01	7.655886942188212807e-02	-1.759487768866637158e-01	2.370369524051726962e-01	-1.887991328466128993e-01	3.651880991591571202e-01	5.844143502212465618e-02	-2.542875862711996629e-02	2.714908412382682212e-01	2.283447065974655854e-01	2.705498661834801130e-02	-5.191753730076473228e-02	-3.067088249387074916e-01	-1.876474920438311877e-01	-2.283847528750962419e-01	-1.893640940086527280e-01	-1.592697777029587480e-01	-1.424420646785221900e-01	-4.638531007881653567e-02	-1.220266298043497510e-01	5.183649566281470777e-01	1.921070827842891460e-01	5.048898049912648595e-02	-4.905306482605762963e-01	7.482165513030820947e-02	-4.777939172257812395e-01	-3.102433141850519660e-01	-1.688972803287780780e-02	-4.071504561652555809e-01	-1.514030198709112041e-01	-7.383581889305605890e-03	1.611958417032129665e-01	2.223529157430114422e-01	-2.128414029386961615e-02	3.343086414266784323e-01	1.175839665701245151e-01	-4.274666565728231227e-01	-3.489491861948728624e-01	1.055616651925708610e-01	-1.301757852337065702e-01	3.784430402743292343e-01	-2.243753739242677903e-01	1.593192754918305865e-01	-1.526926375732514524e-02	-4.854313871867386720e-01	-4.109000945849531350e-01	-2.487153395505456999e-01	-2.126513651899307467e-01	1.108949214665122668e-01	-1.371259779837724069e-01	-9.935164466946100337e-02	1.478176077622884721e-01	-3.165366464555822157e-01	-9.104519040395725460e-02	2.936206549228510543e-01	7.505578164050376311e-02	4.719072967729943668e-01	-4.475314171556462606e-01	-1.331720624368382955e-01	8.997644982072297570e-02	2.394066904143347385e-01	-1.401499888870403054e-01	-1.942578204957794499e-02	9.549156833799410382e-02
-8.110646522294348570e-02	-1.985149325564517231e-01	1.388042049121759047e-01	2.790933868230166537e-01	-4.383702926094918406e-01	-5.932007269662394888e-01	-3.131167222878320500e-01	-2.174823267097268364e-01	-3.369333264090335935e-03	-4.359844520962612990e-01	-5.073652830917528833e-01	-5.010200890450259292e-01	4.273813320555488460e-01	7.924674646813630874e-01	6.300701208103521855e-01	7.335063512646985417e-01	1.000000000000000000e+00	6.835657622983412063e-01	2.618375122960536761e-01	3.323622545459419264e-01	3.011901859907332168e-01	3.497107878711390727e-01	3.420998725502187865e-01	3.510488993418750536e-01	4.969407666701704251e-02	4.962504921388796175e-01	2.404614518823161018e-01	3.174850084301503172e-01	-2.386171578183194641e-01	-1.252466234551153079e-01	-1.502333637662051156e-04	-4.156493781984790803e-01	-4.848781463919181189e-01	2.062345312225081495e-01	5.697722761085746157e-01	6.623305792162348382e-01	5.570082186197585772e-01	5.302866027212000954e-01	4.954126575930252463e-02	3.909160590498003129e-01	2.345400624051483252e-01	3.844959216373207145e-01	4.574674926976406847e-02	1.516034670322818079e-01	-1.328019094827978530e-01	1.397220204254953357e-01	-9.956067706990358313e-02	-2.522148062574960381e-01	-6.844413887157474452e-02	2.650504613580330002e-02	1.137494341632977746e-01	5.396268954112588140e-02	-3.109352465043827007e-01	-4.206045814456663146e-01	-3.544469246847737343e-01	1.485658758912428330e-02	1.251333166986645651e-01	-2.193059526102738022e-01	2.975942056923936430e-01	-7.372303195904222894e-02	1.424219988339903431e-01	-3.882591567856870096e-01	-2.583616337055712198e-02	2.163070412567352496e-01	1.813380226732918751e-02	1.379599865888971877e-01	-8.322259140153082102e-02	1.041739200766724771e-01	1.498878798190899156e-02	-1.031595722487978033e-02	-4.749435567888544707e-01	-5.094250336038949056e-01	-1.549415673640084923e-01	-2.992314469134231825e-01	-2.989402357665546170e-02	1.753616558020235361e-01	-9.201969341465177088e-02	-2.601663145995611586e-03	-2.401334609619034666e-01	-5.089940356440320751e-02	-3.390821587844986551e-01	1.438844888428502181e-02	6.227873400162331485e-02	-9.707956690028017588e-02	2.219526467749838305e-01	-1.926608781978278798e-02	-8.499493071409158773e-02	-2.847576337488793019e-01	1.770345521587874116e-01	1.566555148162789846e-01	2.904045798564183767e-01	2.010303367184324008e-01	2.592521738450567770e-01	2.481298685391545022e-01	-7.520615658579901663e-02	-3.229869502768996092e-01	-1.663634127575784605e-01	9.724122440429158742e-02	-1.058212463385010127e-01	-1.133779321977309851e-01	-1.424382909575613032e-01	3.587773779030241084e-01	1.518409920516088363e-01	3.378635578769745296e-01	-1.544559430687014734e-01	-4.960217001498904987e-01	-3.418949090967318138e-01	-2.590086877420969547e-01	-4.125526270116625094e-01	-3.706628782232349040e-01	-5.482090539324921963e-01	-6.022680592427407387e-01	6.024556186736135244e-01	2.613857824206853309e-01	2.839328637220509544e-01	3.899289222148819567e-01	2.707167237492043022e-01	5.705412529128440768e-01	6.082314041156546836e-01	3.432910627058555764e-01	4.053127912105488062e-01	2.128880940907852126e-01	2.871024061699395946e-01	5.317537531343328322e-02	1.772699954066825692e-02	9.957933455195508432e-02	1.917730903912008844e-01	4.322771576275976635e-01	3.038769791903664919e-01	2.428400120706672161e-01	-1.391269384758826166e-01	2.969542104141581138e-03	-3.884667755610496931e-01	-4.214423433837437560e-01	-2.431917091908914266e-02	-3.275220594366822641e-02	5.377993196041671586e-01	2.984326824353485952e-01	-7.182387689296716726e-02	4.493948562582006923e-01	-5.977491500471931313e-02	4.555700374991664137e-01	1.609226205872730242e-01	-4.507531072119115578e-02	1.613083991505876169e-01	2.462168816606529753e-01	7.070284475563722026e-02	-1.635077719433665477e-02	-2.196972729094160137e-01	-5.999500451068253554e-02	-6.130044202635605982e-02	-1.044735921355078589e-01	-6.413207063099515826e-02	-4.518019748699442922e-02	2.429007311994936524e-02	-1.328951032960099497e-02	4.367022922852253353e-01	1.265582267215639434e-01	-1.379258491106327526e-02	-4.121666809232043538e-01	1.275063313568595980e-01	-3.926206097916247750e-01	-2.532724273732769316e-01	-4.402177844322724409e-02	-2.903796255951756056e-01	6.141124324181924249e-02	1.521127731445113540e-01	2.411674004502005475e-01	2.497462190092591683e-01	1.617091444313672188e-01	3.301142952574260270e-01	1.534867776501961656e-01	-2.929794244897078737e-01	-5.821062064132458830e-02	1.573322589253520754e-01	-3.764214402239670059e-03	2.850041951308928123e-01	-2.430970676794683427e-01	2.209770657125590398e-01	6.832323923168588664e-02	-4.674014987725411685e-01	-3.594861494625556375e-01	-2.347467675511394625e-01	-5.437860366172598409e-02	2.044158365247155384e-01	-1.575070822484400390e-01	-1.074333926210996049e-01	1.632328432751530833e-01	-2.519430888338952679e-01	-7.364969508578439461e-02	2.649403065872760199e-01	1.694265133379412314e-01	3.743401114862811574e-01	-3.845553404680381870e-01	-1.151035955036618375e-01	7.027715192239797348e-02	1.772840740292650485e-01	-3.781734640536174585e-02	1.036245787576280247e-01	1.925444939479399598e-01
-6.981272016596540286e-02	-3.023442894273098980e-01	7.916603731255458798e-02	8.146267134309692626e-02	-3.876216374413255505e-01	-4.685870052724121493e-01	-2.252956292409654671e-01	-2.670387829233174526e-01	2.123304372692476003e-02	-4.077185617819644170e-01	-4.154703518665799344e-01	-4.429693399842913881e-01	5.071574936700979919e-01	6.358566544086955430e-01	5.524845171941505928e-01	5.549587901717856209e-01	6.835657622983412063e-01	1.000000000000000000e+00	2.242586398897907507e-01	2.707838130600256910e-01	1.896069616817744052e-01	2.837526196455652516e-01	2.904802512249423097e-01	2.300077111765589100e-01	-6.504291885655334726e-02	3.643869548837905259e-01	3.234362861994312388e-02	3.722157630615904877e-02	1.706234248904530196e-02	-8.951201525083558874e-02	-1.697008277265616913e-02	-3.183875321445883699e-01	-3.407838669963837996e-01	8.087160484979367958e-02	3.121381185307962602e-01	4.957172406866948711e-01	6.499878475554415891e-01	6.042441741222444040e-01	1.801179249851203867e-01	2.664962854758475275e-01	1.512666957969853176e-01	2.295411899466029415e-01	-3.894990853449223356e-02	2.625257819377428414e-01	6.199864960423494969e-02	3.923500080448916877e-02	-6.236499275855132696e-02	-1.849612403540163430e-01	-4.397328210290582517e-02	5.958208862533863337e-02	1.592323515847219109e-02	-1.241203605483017086e-01	-1.608350265220363506e-01	-1.992133570819530075e-01	-2.862526248512192728e-01	-2.637110951109499011e-04	1.537232570042395552e-01	-1.516696632021049748e-02	1.611392464819140224e-01	-9.185491538880768969e-02	2.301901260459494614e-01	-3.062307513454181063e-01	4.264741552942481750e-02	2.488526002466515952e-01	4.476856369225926807e-02	2.327447688847425478e-01	5.295663034203981073e-02	4.360817620525869048e-02	-5.492575675450113437e-02	-1.154534083387660781e-01	-3.777478324044816760e-01	-3.744451482461930714e-01	2.757139822302259041e-02	-9.725663805540127327e-02	8.480631859615057715e-04	2.130797043175393091e-01	7.155502301581026514e-02	-2.463484860338752223e-03	-7.318649790443820802e-02	7.654305274837189255e-02	-2.990428420352257421e-01	1.476573179913905631e-01	1.292473929395423493e-01	2.530973410227260051e-02	3.028680834491701557e-01	4.806347958375932483e-02	-7.296793959378711442e-05	-1.847880153249561175e-01	1.388395870347708949e-01	2.022705122298218694e-01	1.978305328819224274e-01	9.770830295297974755e-02	6.490929668155169530e-02	1.533076474538007938e-01	-1.303455979358336680e-01	-7.078261626171795939e-02	4.561126064574413247e-02	2.080378520796415109e-01	2.238704348562576066e-02	7.541651146586804411e-02	-1.252835564424218118e-01	2.007133248175393958e-01	8.792970539673010053e-03	1.499960770851251624e-01	-5.432146210378081819e-02	-4.192785708057001903e-01	-2.626703621641536257e-01	-2.052459059820538889e-01	-4.166533275958697047e-01	-3.718958297190196327e-01	-3.708185822775514340e-01	-4.401834980876047632e-01	3.997422785119275068e-01	-1.088524997561888807e-01	2.895478992543341623e-01	1.539666359179754918e-01	8.615253557012798880e-02	2.465781202439061848e-01	2.989245816905138908e-01	4.337785296008103142e-01	2.281250703275343183e-01	1.499405708879507082e-01	1.146855406988068482e-01	4.087732457331818420e-02	-3.523928912269356367e-03	1.894023687246647672e-02	1.219659686427636697e-01	2.178328230528523146e-01	1.237010102209467194e-01	-3.357413140797437141e-03	-5.389452131988509143e-02	1.504260246156262082e-01	-1.826929405077498958e-01	-3.266203833124999845e-01	-1.970836180841140650e-01	-1.030221583063696544e-01	3.613788340957300727e-01	1.316543673315306862e-01	7.047313378246218563e-02	3.860704821905588946e-01	-6.064845734282811596e-02	3.696141056516887846e-01	4.677744087610128526e-02	-5.193936372938860041e-02	1.183678953023889618e-01	1.162405584444307222e-01	1.554478336864132670e-01	2.792063347485953390e-02	3.474983192493324990e-02	-1.880174001620481816e-01	-1.815873425565664445e-01	-2.351861233090412062e-01	-4.147006097790278262e-02	-1.605059528035949479e-01	-9.358167427250063675e-02	9.968996805660164384e-02	2.369189694163134075e-01	9.536994296265401128e-03	1.101727281208137316e-01	-3.411386332700799273e-01	1.665728328112094092e-01	-2.667009511864683047e-01	-2.268834459714136886e-01	1.424754503087156399e-01	-2.871214732271495373e-01	-1.326395907263035467e-01	9.665695952343121566e-02	1.127659622350215413e-02	1.916455877697091914e-01	2.481739396766752814e-01	2.859795494350233502e-01	1.790053997535577535e-01	-2.858346564368214326e-01	-2.337339507191714405e-01	3.121617546824938944e-02	-1.067016298200692825e-01	2.036339121173645905e-01	-2.429725528148383162e-01	9.485290226312124984e-02	1.956236182592809569e-01	-3.416114922399480225e-01	-2.240144360565493042e-01	-1.411443542402945617e-01	-5.245832179126817124e-02	2.518192576880979860e-01	-4.865660514170927486e-02	6.315009854903035069e-02	3.922812622067894939e-01	-9.831980396265559141e-02	8.224923993529757726e-02	2.641771154013564105e-01	7.406497941659939688e-02	1.988854845282817252e-01	-1.692340485138815187e-01	6.526481383351626087e-02	1.900905487153236317e-01	2.419033999576520322e-01	-1.098161756524388272e-01	5.053716557528525194e-02	-6.117567801959289397e-02
-2.513190341162130914e-01	-1.038644400666099421e-01	-1.528002514131646117e-01	-1.609345558282179256e-03	-1.798545322560745341e-01	-3.797206183997088869e-01	-1.905622209236367826e-01	-2.709009628799020075e-01	2.706182999629813679e-02	-3.552257324276349437e-01	-2.691232413966804793e-01	-3.922810258536453820e-01	4.190784343706475679e-01	1.436685794742156852e-01	1.160536308903270808e-01	2.666427953030743314e-01	2.618375122960536761e-01	2.242586398897907507e-01	1.000000000000000000e+00	5.280935761780088944e-01	5.423747845662763023e-02	2.735540590210182033e-01	4.673713510342314414e-01	7.892659638585561299e-02	1.523622484399386467e-01	1.296357968497144630e-01	3.766708610370841370e-01	3.440163121146259662e-01	-1.082564892339369228e-01	-1.276292340623420007e-01	-8.695332722850513557e-05	-1.798019892167053158e-01	-2.163660449739992775e-01	-8.506747758062923465e-03	6.641979280324214474e-02	1.521562253112717644e-01	2.342704972562813515e-01	4.422486037395059744e-01	-8.545350726448046330e-02	-1.022160679856848609e-01	4.869367529541911849e-02	1.179702201992144026e-02	1.880900488117229902e-02	2.789262836063327589e-01	-1.489523050199161036e-01	1.763329981262795887e-01	-1.199922966555729137e-01	-8.211358278262327615e-02	-1.694822959921399308e-01	1.785547114692498938e-01	-1.335619399954237063e-01	-6.205452211176092645e-04	-2.563820681483882091e-01	-1.696339990208440007e-01	-1.798584362525214864e-01	1.968860288399164882e-01	-8.306755440341999364e-02	-7.817349761164461841e-02	3.290543860793813252e-02	-9.759647988743559710e-02	1.140455144008417770e-01	-2.338239417058075587e-01	7.916144417410650447e-02	3.414187449986707396e-02	5.693523257883424671e-02	-2.116879333407584510e-02	-1.636867729534261795e-01	2.081270422838905343e-01	-1.073568363077928856e-01	-1.695618097656224899e-01	-2.209800616670693496e-01	-3.246520157167895326e-01	-1.445427768177956207e-01	-1.466297969348408226e-01	1.903191082262174205e-01	1.612483724893877812e-01	1.666540287986319480e-01	3.029571296328797958e-01	-1.035119750105667480e-01	1.288833719672840827e-01	-1.926218034406924073e-01	2.203712651883000251e-01	7.746496507440817081e-02	-3.756374927497621585e-02	1.276392210029468621e-01	-5.595286252832630536e-02	1.740686317503175040e-01	-1.774945100162823169e-02	1.227945640252954829e-01	2.991399288178100413e-01	2.602438046918492121e-01	5.887544388452811694e-02	3.378546027761600290e-02	9.804157925173496990e-02	-1.435037254262960527e-01	-6.194087378720951331e-02	1.191445029237045011e-01	2.429877170159658872e-01	4.042952858679365463e-02	4.087250151513126956e-02	-1.610911745093297209e-01	1.836356736116648847e-01	-1.230681700465206391e-01	9.361403441196852748e-02	4.206440379027278492e-02	-4.389551909042310740e-01	-3.558923434433282629e-01	-5.753734034351034449e-02	-3.657564198919125431e-01	-3.757080714298718371e-01	-3.383973523304538156e-01	-3.917330843345608882e-01	3.295732229750176767e-01	4.627123660930501092e-01	5.956772155206073727e-01	1.026066334135130598e-01	2.426872026855274866e-01	3.864451745599418730e-01	3.498964590719049750e-01	2.348176959394764896e-01	7.215106042799271924e-01	8.803855671465771193e-01	5.232901836635184267e-01	2.496864452875443008e-01	4.461702054328956502e-01	3.766941528193170075e-01	3.517905246678832976e-01	2.578602494635158227e-01	2.548010693004585936e-01	4.863571548531296918e-01	-1.624759091710738235e-02	2.546691125917610664e-04	-1.065242159390397125e-01	-1.888352687211195535e-01	3.114050946444139184e-02	1.001001860175123048e-01	3.356421583590663005e-01	3.360711793907633083e-01	-1.241201336862308852e-01	4.108088711688965833e-01	-3.871895127784678176e-02	1.747353297142565098e-01	-1.208204283493348810e-02	-8.035449189598255215e-02	7.290735417796687101e-02	6.862822557669390200e-02	-3.026943241203490162e-03	5.103483621832399786e-01	7.152090292613075273e-02	1.360845365070349408e-02	9.281093203608192788e-02	6.962225493481889738e-02	4.908380609614695217e-02	1.359898532329428256e-01	-1.765628564974345421e-02	5.031636380236981926e-02	1.116991267336170240e-01	7.096513533745722746e-02	1.812663517858824347e-01	-2.242201696854274617e-01	8.987225391232298022e-02	-1.199006987060000917e-01	-3.472319845765459850e-02	1.049878796409392662e-01	-6.903688783885944535e-02	1.581716646814259608e-01	4.313789487097960396e-02	2.718892738624468786e-01	2.717048153851280290e-01	1.526720849875520813e-01	4.508011902605890131e-01	2.402681051267809287e-01	2.083806295982560536e-02	1.187841721160405872e-01	1.477586233137340443e-01	1.215646998272184032e-01	3.311449081539922235e-01	5.336248842482665955e-02	2.337956998234035078e-01	7.983500320255948468e-02	-2.745814533220480302e-01	-1.663702214791624723e-01	-2.147215817337170402e-02	1.494826417588515088e-01	2.180581162239922099e-01	1.316273479207569208e-01	3.442001026270184449e-01	1.467830643567922255e-01	1.397394644108983751e-02	2.372507636402342857e-01	1.682531971976657104e-01	1.822419069269064773e-01	2.443791152647687703e-01	-9.526221899803892501e-02	1.286644499829376342e-01	2.671254313230406741e-01	1.799198975781111653e-01	1.078113176123581401e-01	5.210418174350579107e-02	3.263986965636763715e-01
-3.421650205762973296e-01	-9.051699045683203604e-02	-1.319752613004493980e-01	-2.027069711216482328e-01	-2.392459223928768697e-01	-2.397023822142504701e-01	-2.440460413432407327e-01	-2.542537025991602473e-01	-4.843376968467983518e-02	-3.884221982411381613e-01	-1.999970360964319904e-01	-4.457732301492232097e-01	4.046515887446565096e-01	3.028879519865061987e-01	4.770352370646106510e-01	3.620018981867457186e-01	3.323622545459418709e-01	2.707838130600256910e-01	5.280935761780088944e-01	1.000000000000000000e+00	3.298369473469697777e-01	4.233376041638375886e-01	6.511573570981084025e-01	2.329234917366268254e-01	8.392127983454171491e-02	3.628874615098442447e-01	5.244637409427411745e-01	4.755172927511446823e-01	-1.318228257833035655e-01	-2.721455193812416518e-01	-6.486401992721735343e-02	-2.095883106683886776e-01	-6.604336632151737441e-02	-7.630282112420069818e-02	1.078419213775511087e-02	3.341999989733418497e-02	4.145537805823893418e-01	2.338404449038116728e-01	-2.761414522999120491e-01	-1.625981011039752053e-02	2.313815119033539869e-01	1.359756405131918311e-01	-4.765801419129632455e-02	3.263629171375355131e-01	-9.770071040884641123e-02	-4.263386963994899442e-02	-2.859221467618709989e-01	3.663039587817215614e-02	-1.510152922291226329e-01	2.879061619512411352e-01	1.702688525149552989e-01	2.282197943450861022e-01	-3.331354836646900630e-02	5.751455260459133190e-02	-2.461602338555034589e-02	2.053244181897695420e-01	2.723172262911083968e-02	1.049857556366361327e-01	-7.106529984461898430e-02	-2.480480610347474968e-01	8.900916710740294779e-02	-1.084572661480394662e-01	-1.739417489209110768e-02	2.883977180874111243e-02	-2.176467676607047597e-01	6.773167745706419607e-02	1.222081280441174450e-01	1.502950810486972100e-01	-1.916294963544020249e-02	2.945411009596682686e-02	5.361430921774922032e-02	-2.163016102037914890e-01	-1.365649049916367874e-01	-1.404185336512792925e-01	2.821410037534464732e-01	2.223048488694213398e-01	2.158422311610534716e-01	3.657548586746836583e-01	-1.022917247417936930e-02	3.200023640275110881e-01	-2.708273242033034517e-02	2.892759619082875266e-01	1.979438822354535332e-01	1.095936971085566813e-01	5.127986719050096898e-02	8.267270964137592160e-02	5.657809806392581631e-02	2.337923609959801086e-01	2.169401636057870231e-01	2.986734840676233405e-01	1.206251811089182752e-01	1.268259290552118390e-01	1.212806541721134085e-01	1.937943648992762335e-01	-2.124205625193157157e-02	-5.274946267503560944e-03	5.537973129686470097e-02	2.414294555731008873e-01	-2.215727010861823221e-01	3.941208686959266766e-02	-3.017813647343728367e-01	-4.565346858919475115e-02	-7.895067013694366531e-02	-1.256172976356327575e-01	-2.017806026197784264e-01	-4.586087897418140158e-01	-3.155333495633570462e-01	-1.578222809295495022e-01	-3.791625096532447170e-01	-3.709962259713479593e-01	-2.800784446426812790e-01	-2.698232453113453277e-01	1.058625350883066890e-01	4.675969537573212986e-01	4.967436769546021424e-01	1.565379547950384032e-01	2.879460505827984851e-01	3.729525859465340765e-01	1.092957153090850786e-01	1.493888120241860795e-01	4.974217420572812909e-01	4.819025502388269988e-01	6.531487061621740198e-01	1.968279298533743282e-01	2.661768146544584712e-01	4.342102815715564446e-01	5.737093191676850834e-01	3.238188126872820205e-01	4.372095942977082816e-01	5.218677878181746665e-01	4.802915234728483140e-02	3.427124556183399479e-02	-9.823301709320436670e-02	-3.785130511574001655e-02	-2.206642185413882351e-01	-6.940601008241705514e-04	2.160558735028570987e-01	1.612351417590532077e-01	-4.681941588063998766e-02	2.625993314373059606e-01	-1.360592197407179405e-01	3.304633452731693399e-01	-3.325069395811287160e-02	1.232878907517463707e-01	2.399214211980691125e-01	3.819892031100736302e-02	7.543493603384128325e-03	3.318169091559625694e-01	-4.847549270026930979e-02	-1.105121835649192780e-01	1.338380121517019662e-02	-6.738821723996252233e-02	1.996720898007945874e-02	8.843694623603907956e-02	-3.623936787123534231e-02	2.021226399679930952e-01	1.062569236090905034e-01	2.336651276297062874e-01	2.394546028843923813e-01	-3.844300182357016787e-02	1.666055963890239189e-01	1.032998156859983724e-01	1.350808753828534325e-01	5.955006915450155452e-02	-6.258613869075653480e-02	6.326666010520467197e-03	-2.073215831252001873e-01	-4.596424668163278521e-02	-3.887461731959791084e-02	3.055307255758344526e-02	2.404507014006818100e-01	1.756024067620093332e-01	4.689230698104154132e-02	-1.292467285908428798e-01	-9.894210852689666602e-02	-9.281929922758595797e-02	-4.161788082655647550e-03	1.682978017547308858e-01	1.836571220084970701e-01	-6.528850108065058742e-03	-2.891695753608255481e-01	-9.070553789378685283e-02	-6.138931591301007712e-02	6.153385095498925539e-02	1.865480351012338556e-02	1.333022910138567108e-01	2.572483999931268195e-01	2.016746475822031037e-01	1.895537347799899353e-01	2.951370294744528056e-01	8.841063602232014651e-02	1.152118971562435257e-01	1.220195257647530424e-01	6.010718392159954820e-02	-3.884119095200921912e-02	6.200812253869899919e-03	4.236815697776155631e-02	6.782082923491594695e-02	1.548460571254262619e-01	3.146437096974401548e-01
-2.467050402859143066e-01	-4.406566523170063476e-02	2.175887490244741637e-02	9.687748972956230706e-03	-9.751133289316153696e-02	-1.362478206451623042e-01	-1.080879796777474977e-01	-1.313575432006458266e-01	1.593649777355525543e-01	-2.307740418081214162e-01	-8.705248808390465831e-02	-2.006578081458952612e-01	4.528783425646884520e-01	3.283254330149990019e-01	3.539254338151228696e-01	4.178379746893147173e-01	3.011901859907332724e-01	1.896069616817744052e-01	5.423747845662762329e-02	3.298369473469697777e-01	1.000000000000000000e+00	5.633961350258440692e-01	4.075923398189307822e-01	5.868108829301200702e-01	2.597672173644165472e-01	4.772130383306131263e-01	2.766413544931071722e-01	2.639393956052250578e-01	-1.174263794740146860e-01	4.769052817335852484e-02	1.140900926031511581e-01	-2.314527574123424400e-02	1.099586194077436727e-02	-1.334572535859960551e-01	8.855487839302593478e-02	1.923723910891882161e-02	3.050229109024443219e-01	2.175614113437103481e-01	-2.460941086872744654e-01	4.567349955788792548e-01	4.409556459841388332e-01	3.224886214560190312e-01	1.432299724430531780e-02	9.278511627880751955e-02	-1.145808980374705965e-01	5.348937711707934389e-02	8.341834741293706335e-02	-2.719903527401516530e-01	5.343335605488185730e-02	-1.199131548956225840e-01	2.756831505240010527e-01	3.140289117538626606e-01	7.547613770484265516e-02	-4.700374808204792372e-03	-8.093161392970002477e-02	-1.993685115192648377e-02	1.116521918232870059e-01	-3.949528025625841099e-02	-2.411634770099194691e-01	-1.708874422905232726e-01	-2.669904529108375613e-01	-9.299380389489723953e-02	-7.864563749119639346e-02	1.137251371539334949e-02	-1.548089602461321102e-01	2.270136183648794603e-01	-2.821527270481642008e-02	-1.401177150881522115e-01	-1.128045623778187040e-01	-5.633776994612053196e-02	-9.499886376401844856e-02	-4.130625341169545661e-02	3.693302937528422647e-02	5.503391784896213834e-02	-6.409627275229504151e-02	-1.308542834353161877e-01	1.049358814576851484e-01	-2.621580685066324939e-02	-3.276105683520165457e-02	2.726645233530907153e-01	-6.669888237653250063e-02	-1.306041416809655686e-01	-1.996479411947590932e-02	-9.484016060821613692e-02	1.395219549155025940e-01	-5.845067742719378678e-02	-1.028095842856508735e-01	-2.986747053727393381e-02	-3.873160798288168699e-02	-7.672834282337100131e-02	-1.148832796469511502e-01	1.545049150525824311e-01	2.561118915121136652e-01	2.762266042507444119e-01	1.427303807411123004e-01	-2.447325278468601151e-02	1.802157502765390218e-01	1.654610241677215710e-01	-1.882601474543572906e-01	-2.697370813141871521e-02	-1.301410228776991029e-01	1.193815568445463354e-01	-6.502114940388557807e-02	9.996608522571326372e-02	-4.212403533353878404e-02	-1.208302419757214252e-01	-1.572266312101319730e-01	4.365425293523025191e-02	-3.585622485473228815e-01	-2.121372196743553096e-01	-1.395402616224056813e-01	-1.335723260171145232e-01	9.488965870401135094e-02	1.648888101346892288e-01	1.339398739276467798e-01	1.478470355795805102e-01	2.319550231560512602e-03	1.309909784116555787e-01	1.321974057503459421e-01	8.439923916219549405e-02	8.427624465608780924e-02	-4.027675526040658954e-02	2.076097336629400270e-01	2.558225108383613278e-01	1.132352945699506043e-02	3.674493116353826361e-01	4.267223662136837015e-01	2.141963368662468670e-01	3.776215504466798878e-01	1.877409866551358053e-01	4.390017909893361575e-03	9.209563549298044327e-02	-1.302957656765228733e-01	5.204032811375833290e-02	-2.378343829370883622e-01	-5.648959382941120058e-03	3.427467632808426368e-01	-9.834181308829285928e-02	6.762518958932517421e-02	6.819289331625512374e-02	-3.485064990359786896e-01	4.679898727786855894e-01	1.066341832465347722e-01	3.531774469436233521e-01	5.664798665722574622e-01	3.506756134434622640e-01	-7.178831329789837901e-02	-8.556759880785097527e-02	-1.210474821571910775e-01	-1.018376309332573101e-02	4.820547877509283319e-02	-1.943541445300549231e-01	-3.019615294043023201e-01	-2.270051945476272148e-01	1.083984179145137602e-02	-8.163147442712842539e-02	2.609982915585055685e-01	2.559748939780752686e-01	1.266537230238619083e-01	-4.726406524647370350e-02	1.780054651336266114e-01	-3.536836408191941505e-02	2.151586035575397404e-01	5.576933704604940950e-02	-2.368261006638698873e-01	-2.676789635537032419e-01	-3.207237906761316037e-01	-1.745056531274314093e-01	-5.842652385781251650e-02	-9.559523353971983994e-02	-1.368158624163931247e-01	-1.948832889228085119e-01	-2.077943542968607726e-01	-4.054121093114618213e-01	-3.964298092658254391e-01	-4.054646447248008712e-01	-3.477417756431258611e-02	-1.327179257647049526e-01	-2.234494372022685083e-01	-2.818697690004534628e-01	-6.599801247821217298e-02	-5.487561035256632164e-02	6.235844341235516342e-03	-3.821143433726892358e-02	-2.798404397221174178e-01	-1.341294088249806171e-01	-2.259776186637650341e-01	1.260617708352170518e-01	-8.416737718822302206e-02	-1.008079124197618637e-01	-7.439113654941195697e-03	-1.871159687205101729e-01	4.089539726848209072e-02	-6.157625565806394696e-02	2.194228118663224189e-02	-1.404935502634080749e-02	-1.817482148071391732e-02	3.737453203954964331e-02	1.849138400919532743e-01	9.842899014331510377e-02
-1.360469473876937396e-01	-1.288619243928542379e-01	-1.046640026823210737e-02	-5.226042326737892485e-02	-9.537273760361124342e-02	-1.217089573623770932e-01	-7.265822429728198417e-02	7.381746228132067544e-02	1.175014791673783254e-01	-1.141963227541528403e-01	-2.160570041119484405e-02	-1.737786571188142115e-01	4.732550928479287711e-01	3.425017970080426744e-01	3.830467626946860715e-01	3.626438845082577966e-01	3.497107878711391282e-01	2.837526196455652516e-01	2.735540590210182588e-01	4.233376041638375886e-01	5.633961350258440692e-01	1.000000000000000000e+00	5.426884013068545842e-01	5.092981634574839100e-01	3.652570535388127149e-01	6.152784325450959546e-01	3.618165380810511866e-01	4.210924063920015170e-01	-9.289037058408805558e-02	-5.762733102715598965e-02	2.122324787487177566e-01	-2.297197842697512940e-02	6.676891634326905141e-03	-2.315928687624710658e-01	2.621336051674114098e-02	-5.733790294344509597e-03	2.459057133062860501e-01	1.979005268203336554e-01	-3.539908511598910956e-01	4.049078956020681352e-01	4.563181111603150653e-01	2.721410239216164317e-01	-1.869115208840418652e-01	2.623345382871537512e-01	-7.260768450161037002e-02	9.675323661842130663e-02	-3.452403287079050531e-02	-3.341596277896303202e-01	-2.324729756753424470e-01	4.767564031723420942e-02	1.151534638337658178e-01	1.231201782579173232e-01	-2.308185467990785805e-02	2.853895975379197938e-02	-4.232182719118311731e-02	1.099363483876027864e-01	1.300369278946535423e-01	-1.362231740198646401e-01	-2.003178626970236464e-01	-2.585130125382261723e-01	-6.313016496721479687e-02	-2.488709823329464110e-01	-1.984283956827528062e-01	-6.258703707420819329e-02	-3.416845182409025128e-01	4.575928104823347858e-02	-6.276717073923121504e-02	-1.136360037534541872e-01	-1.960479624016039091e-01	-1.898457923469645814e-01	-7.738232169287964646e-02	-5.330071135249939140e-02	7.769071478483483006e-02	-1.045976320578541202e-01	3.246941079046040957e-02	-1.603039863084655403e-01	1.690082820399020358e-01	2.962712923145814636e-02	1.750783577194492749e-02	1.205683721528282432e-01	-2.446082060565072519e-02	4.352409872526735723e-02	-1.831934403644245798e-02	4.122559345762676075e-02	1.259782991836965738e-01	-2.033056740637818188e-02	-2.249944271073817809e-02	-2.026331031925914308e-03	-1.384581046308686891e-01	-1.126291622615047255e-01	-2.227167483875189258e-01	-2.468599046561836471e-02	6.872378462868653295e-03	-3.186734440913516209e-02	-1.361880595757072043e-01	5.942289399233598862e-02	2.102775319427753753e-01	1.102197592696771977e-01	-1.746844293135640658e-01	8.460339730080353171e-02	-7.299318585548923710e-02	5.698800280327106366e-02	4.458541445201141123e-02	-1.079036457415696176e-02	-6.396128971896157533e-02	-1.220028817437383978e-01	-7.219647298869362462e-02	8.818974921532367339e-02	-2.255327009081547762e-01	-1.205588432809865801e-01	-6.752210439316293222e-02	-1.280336711824773543e-01	1.834650036102697113e-01	2.336780892041389612e-01	1.959602743374403155e-01	4.907029114645122120e-02	7.678312180654343899e-02	1.763351663743414066e-01	1.503568183816867687e-01	9.344368240365616418e-02	1.867494192441579715e-01	1.689540204486616182e-01	3.686809072601491821e-01	6.113515329096657069e-01	3.230505250979670007e-01	5.001660366330612506e-01	5.754186277037194319e-01	4.395711917087649634e-01	6.007945031857150342e-01	3.047881742163170427e-01	4.529780402627982348e-04	1.913879395625880941e-01	-5.061789084572602265e-02	4.857692307270154025e-02	-2.458900185903768465e-01	2.073618572065670605e-03	3.893286599883655219e-01	-1.914535804532793706e-02	9.448754443398299507e-02	1.466372918248054769e-01	-3.546306182597465106e-01	5.410767650521373096e-01	-3.796317170369991473e-02	1.425728157136784136e-01	3.352090419050315906e-01	1.963381480253119649e-01	-6.772618694318169319e-02	5.231516456549101246e-02	-1.992904187044883604e-02	-5.543104852423011430e-02	3.150473238402874687e-02	-2.226591838810507151e-01	-2.913595188010347781e-01	-2.149051779630959391e-01	-1.519239472583734929e-01	-8.402037565374829986e-02	1.202119031378960506e-01	9.832399690413977378e-02	4.266191683100368365e-02	5.802241154011989442e-03	1.942446103646436328e-01	4.454755487348700804e-02	1.071083872801192882e-01	1.307795149043026461e-01	-1.282845859315843995e-01	-1.781465916864630461e-01	-1.707399402960959045e-01	-1.618536027321934856e-01	-1.408496442264126347e-01	-4.989216697953094415e-02	1.412322167657886242e-02	-1.196010942282596384e-01	-7.916010415637400599e-02	-1.744079818462576648e-01	-3.598729248641218681e-01	-3.099957285215961256e-01	-4.883966878852502580e-02	-5.926247120772084459e-02	-2.631303215840299359e-01	-1.895345446134382439e-01	-1.276514141220999876e-01	-9.443472869571015518e-03	-1.401922621569985927e-01	-4.369639036547560149e-04	-2.866246974973149508e-01	-6.721046477432850164e-02	-6.171013724969626885e-02	1.338503420014332812e-01	-1.658139951514652627e-02	7.029555934625530966e-02	-6.673514488558825175e-02	-1.622646246527400249e-01	-1.103272439025650004e-01	2.860478950757279135e-02	8.942028331671277031e-02	7.281929196355153844e-02	1.797677445508200633e-01	7.628262657862017182e-02	1.938200168671396773e-01	1.457449940992549819e-01
-3.751119812518577401e-01	-7.210290021875230548e-02	-2.129715162554266239e-01	-7.257422701556597022e-02	-1.781066260686069158e-01	-2.079976470369833963e-01	-2.162625052522638147e-01	-2.278917423160015110e-01	-8.703011168547719612e-02	-2.626007344705502677e-01	-2.046673192060162183e-01	-3.348847513783377861e-01	5.768766097442681318e-01	3.343748414862766083e-01	4.454387515310680445e-01	4.253138362971780606e-01	3.420998725502187865e-01	2.904802512249423097e-01	4.673713510342313859e-01	6.511573570981085135e-01	4.075923398189308378e-01	5.426884013068545842e-01	1.000000000000000000e+00	4.435519777815978282e-01	1.467600401562503265e-01	5.910002940398123572e-01	4.841752887479413570e-01	5.518413014564055308e-01	-1.133235156669141650e-03	-1.981442210202995768e-01	6.450796718418903321e-03	-9.602300696232524135e-02	-2.732247224185067533e-02	-1.343551056440794034e-01	2.018146147740385032e-01	1.308720537927417216e-01	2.748071893245987440e-01	2.614693683456520423e-01	-1.640065676570472419e-01	2.452521161742579614e-01	3.741462368924911575e-01	4.565680201358238155e-01	-1.117299539597456023e-02	3.092443390400750891e-01	3.325668772941849788e-02	2.313535088135328446e-02	-6.923949357434897034e-02	-1.487848518743378479e-01	-5.713173218494831118e-02	2.542891222309020538e-01	1.412810861660044603e-01	1.339701367979575196e-02	-4.111693061230042162e-02	-1.937631334924289073e-02	-6.172430762337926397e-02	1.261860293577608816e-01	4.391327763584394750e-02	-1.007060673484718068e-02	-8.579407926267783313e-02	-1.395492981424748258e-01	1.076771747856639094e-01	-2.075862281652990360e-01	1.918193545173249234e-02	9.977549220487569315e-02	-1.436899287465199515e-01	2.922812900289893656e-02	1.696422758676122133e-02	6.810252137635354475e-02	-1.296992113515608169e-01	-7.966389758318319358e-02	-4.850369203021461656e-02	-1.411267377201897155e-01	-2.122540559791038367e-02	-3.613891607399994516e-02	1.727187801204139450e-01	7.042811835437239043e-02	1.701139948140007463e-01	3.171472030387583740e-01	1.916004487363157094e-02	3.899457406402954129e-01	-3.019216305791890681e-02	3.233602949954349493e-01	1.887617791968028980e-01	-1.220227426974993933e-03	1.853989919161918021e-01	1.426237378717242765e-01	1.660166432653973623e-01	1.158514438964399484e-01	1.595189287256708680e-02	1.872432857592864486e-01	1.386672387064290767e-02	1.851467631402994030e-01	-3.444635000036275381e-03	1.687519866914025390e-01	-2.205344444586601615e-03	6.413101648828125820e-03	1.786512634962352519e-01	2.905148826789320515e-01	-6.711217546810582801e-02	8.699018255582557924e-02	-2.947120966114855634e-01	1.348326811813544031e-02	-1.871440794237229366e-01	-1.224429613588957043e-02	-1.307694434025496732e-01	-3.720259919120632586e-01	-3.067146568227172021e-01	-6.707389979712442829e-02	-2.638077278236591328e-01	-2.917102961873418998e-01	-2.383002060675449840e-01	-2.184480567373720539e-01	1.618382412049708396e-01	4.008940626235783511e-01	5.475996297162453175e-01	1.380882224684099602e-01	1.597559893951767673e-01	3.455905977967452802e-01	1.073513365300666211e-01	1.912505660335768187e-01	4.316643420964747513e-01	3.939932142930256398e-01	5.547594198423491108e-01	3.174867877425983087e-01	1.992078039580395254e-01	5.411687931419664199e-01	7.183395105402603509e-01	5.077076710781555091e-01	5.424431438694899965e-01	4.824540004553897754e-01	-5.316358398486448200e-02	5.079373946499624731e-02	-5.090965942499057345e-02	-8.782564999297602648e-03	-1.581199512070446123e-01	3.022976423946893351e-02	3.066488085250454465e-01	7.333542301362482030e-02	6.316556713156955272e-02	2.353462745156902347e-01	-1.809863869463247954e-01	4.758276334609873870e-01	9.708637005054637781e-02	6.379902430466617702e-02	1.894241073846016643e-01	2.687666018391667855e-01	2.309241794455818286e-01	4.363756135730510466e-01	1.774491386270776391e-02	-1.241323441193558641e-01	4.690014316337071804e-02	-1.942942335658013886e-01	-1.801766915925802348e-01	1.638838534520149597e-03	-5.475139593979411190e-02	6.527936070723060202e-02	5.599555533025723369e-02	2.348397959762281995e-01	2.379575354089956407e-01	-1.927337033318516843e-02	2.769633144677456360e-01	7.548567147930040910e-02	-2.446010673116507175e-02	5.696497349106146441e-02	-7.660944770457141229e-02	-3.657466959562630932e-02	-1.501954348784371451e-01	4.304918391918431675e-02	2.049148732221113545e-02	-2.873790239870413141e-02	7.833441431910080632e-02	1.045889294846043122e-01	-3.590694446707790727e-02	-1.139613813620471566e-01	-1.864630917565455459e-01	-1.147906871800950801e-01	9.624499837430000593e-02	4.530622152376906006e-03	-7.643866976453404273e-03	-4.955608837327838551e-02	-1.663360000276449258e-01	-3.515707779193927990e-02	3.015465022779966961e-02	1.069871690690440275e-01	-1.009491496137705606e-02	1.421769941404166793e-01	3.012907786745654959e-01	2.533596538401955423e-01	8.848768447582225360e-02	1.185549380673515119e-01	6.290304935734407354e-02	-8.432277691929876418e-02	1.192793402439951134e-01	4.701750945635933820e-02	1.963955089672305906e-02	4.927273649926411543e-03	1.543095154507299060e-01	-4.320514751574197621e-02	9.174733237429408272e-02	1.546544111299016644e-01
-2.790396831295732794e-01	1.073878258245996864e-01	-1.588376397568245710e-02	8.625924199534505676e-02	-2.429676737664236696e-01	-2.160003388831069349e-01	-1.319120284609313076e-01	-9.040081205341780890e-02	-8.274131577506244062e-02	-2.153711793408609465e-01	-1.187127248330235030e-01	-2.211560713192672334e-01	5.132314092080875190e-01	3.885952327868659184e-01	3.250766522803011926e-01	4.059252194853401052e-01	3.510488993418750536e-01	2.300077111765589377e-01	7.892659638585561299e-02	2.329234917366268254e-01	5.868108829301200702e-01	5.092981634574837990e-01	4.435519777815977727e-01	1.000000000000000000e+00	2.296506574931326816e-01	6.762041816368600244e-01	3.625448687613039844e-01	3.634171990651853257e-01	-1.681577856296803952e-01	-1.370042160429821576e-01	1.602981012613345357e-01	-9.971535402422485039e-02	-7.250847055743075975e-02	-1.138677895557442810e-01	3.127329096422900578e-01	1.847174703285521247e-01	2.671547924201056468e-01	1.812563634375219390e-01	-3.289060865900859665e-01	5.932002838171269721e-01	3.272030958609632445e-01	5.204250323087636909e-01	9.243162507261068472e-02	8.114955744763314993e-02	-4.227652086998491543e-02	7.585091373376127988e-02	2.718043999766212027e-01	-3.239496977762859609e-01	1.261559130037678556e-01	-9.393697174658294236e-02	3.283699919875940898e-01	2.623663447691412798e-01	2.460628214630567606e-02	-4.787801296145505203e-02	-1.411055428857306004e-01	-1.412859845131588521e-01	1.624351726521810202e-01	-8.290581739149575913e-02	-1.965329252188922904e-02	-1.750532504767182418e-01	-1.601765841210489039e-01	-3.328819385290557875e-01	-1.828635334954895331e-01	3.418920722199775882e-03	-2.709150751557102832e-01	7.148240111214206050e-02	8.048825726120813207e-02	-8.238558243129667780e-02	-1.848958864748147246e-01	1.323138325625898004e-01	-1.830063357281825898e-01	-1.109120542140561855e-01	9.243676602495902450e-02	1.870648134957009212e-02	-9.123761364104963911e-02	-2.095350982569409715e-01	-2.266725457120635431e-03	1.308416798738296950e-02	-7.156147507748734926e-02	1.628081177930069123e-01	3.438773715796415026e-02	-1.230914582897294218e-01	-9.896698899218486778e-02	-1.684736005976192330e-01	-4.956723751109330667e-03	-1.253611008649251346e-01	-8.645744508429470399e-02	-9.549079736494926751e-02	-1.471576649958969141e-01	-2.824106797884137765e-01	-1.108034807250250497e-01	5.273398492663138731e-02	1.684050162880583457e-01	1.673345479404179659e-01	-1.114748086594113674e-01	-4.702341715193933402e-02	6.275693772515290175e-03	4.100159382383057605e-02	-2.654755703317396853e-01	1.555582491711146424e-02	-1.921420084234761183e-01	1.948369840860055824e-01	-9.074820028679772554e-02	2.255000304975249281e-01	-1.793522081480758423e-01	-2.314856567650635244e-01	-2.445011517179709604e-01	-1.204800487336604164e-01	-3.511435972309505105e-01	-1.910829531062215036e-01	-1.898395104164082581e-01	-1.774936711664782951e-01	1.734033308268165818e-01	3.222435099116339186e-01	1.719554696985546305e-01	1.966662184871379171e-01	2.590537328314468715e-02	2.969782498587300590e-01	1.863309283914598435e-01	1.462138671208217944e-01	1.010401165188950789e-01	9.524781116177788865e-05	2.718960983621980798e-01	1.991618228222456488e-01	1.642854129697690971e-02	4.677815267652372655e-01	4.491052353294588961e-01	4.857526354771808941e-01	5.277275122491279502e-01	2.137859131640073018e-01	-1.611357064931120131e-01	1.332168021414298353e-01	-1.342087668980790349e-01	-6.216147919493848761e-02	-1.786321786124491218e-01	-6.871614348570574161e-03	4.226721721970878032e-01	-4.352278021746238540e-02	3.006134974594387027e-02	1.765144477518211519e-01	-2.901282991832598301e-01	5.218706392275936912e-01	1.617518074572228404e-01	1.649058385277052674e-01	3.393123897311519088e-01	4.178490416941591512e-01	1.443978933743267912e-01	1.292061393746074816e-01	-1.764647882909615995e-01	7.193866839305532168e-02	1.643295795305089735e-01	-2.104884516179418019e-01	-2.715368293759777285e-01	-1.727815581712474902e-01	-9.881831514281751161e-02	-9.930112517596006994e-02	2.634943989888200999e-01	2.193370175705547931e-01	2.085638195694142563e-02	-8.789466510256499499e-03	8.182169761442477374e-02	-3.123844422608112320e-02	6.833744254609358526e-02	-1.270320250980447596e-01	-1.528347298112644748e-01	-1.044236886190709479e-01	-2.197568029729508043e-01	-1.033556535669548360e-01	-1.034448431866328150e-01	-9.136765565168770975e-02	-2.161743103182630354e-01	-1.713339845608790046e-01	-1.499047549542982249e-01	-1.559356116142650295e-01	-2.959774614467816645e-01	-3.305474100518890346e-01	9.235831943327221794e-02	-3.055498034228931736e-01	-1.637008338700836341e-01	-1.294851057147643203e-01	-1.392190115352072433e-01	-1.374819654365664473e-02	-6.508707202541814951e-02	5.229483667792574758e-03	-1.963600046289676604e-01	-1.351988346609459823e-01	-1.471161338050986367e-01	8.021701099287514847e-02	-1.290812206422002062e-01	-9.073942413226543033e-03	1.056518555092909005e-02	-1.712198157930310549e-01	-1.332706194853932637e-02	-9.996927777297938411e-02	-8.596476744429581984e-02	-1.494918680453764248e-01	4.170610840223899773e-02	-6.441425640144204760e-03	2.912054226357310704e-01	1.510719559017827396e-01
2.008649357691286857e-02	-7.952969520994243591e-02	-2.923776711345927454e-02	-8.658707496125278569e-02	1.067684274222517743e-01	2.986497140004081962e-03	1.077433883037896833e-01	1.194965506939841549e-01	2.327219061401641642e-01	2.787999977577571356e-02	5.135593476251112260e-02	9.200114673922973885e-02	3.249972421447031024e-01	1.166753390411765234e-01	1.095838815592146825e-01	7.852832923186850445e-02	4.969407666701704251e-02	-6.504291885655336114e-02	1.523622484399386467e-01	8.392127983454171491e-02	2.597672173644165472e-01	3.652570535388127149e-01	1.467600401562503265e-01	2.296506574931326816e-01	1.000000000000000000e+00	3.536693379991991404e-01	-2.833896359952368590e-02	2.242807817966618045e-01	8.905279198355084413e-03	1.403785157138887768e-02	3.135511208840752184e-01	-1.957533459560098776e-01	-1.054335980177932980e-01	-2.360633146028561502e-01	8.852108033447177171e-02	-3.605965167255588411e-02	2.048556985120043306e-01	-5.024040433542283079e-02	-2.376185611795385844e-01	3.980058525300170791e-01	3.668412671830796890e-01	2.403813341838577367e-01	1.353379218204627532e-01	-5.472552296651505416e-02	-2.477369003417792190e-02	2.713723599850483281e-01	1.880448876281482495e-01	-3.558467429552972239e-01	7.004302103071913255e-02	-7.465371334519710356e-02	2.568705470326508311e-01	2.267722202469643067e-01	9.961804328376186457e-02	1.160234954593583473e-01	1.597072367355218681e-01	8.064038272443736777e-02	8.183558857672346143e-02	-1.229246196107856987e-01	-1.598691083209388131e-01	-2.799321264097166528e-01	-2.924514876807865482e-01	-4.427714784633909190e-02	-4.540667912296504627e-02	2.176545977381877384e-01	-4.507706852425811400e-02	9.797400973588882636e-03	-1.593232915868218746e-02	-2.140886230319624939e-01	-2.126500081184695967e-01	1.599366890605610075e-02	-1.024468585698799367e-01	-1.837308546701120759e-01	-1.568957286954013874e-01	-1.751928785430818813e-01	-3.580435413768298658e-02	-3.310781426028810981e-01	-3.706162456102757297e-02	-5.452835865453069947e-02	-1.807113722153115831e-01	-7.807244116794706361e-03	8.647758164921577617e-02	-2.083657429971904340e-01	-3.140910332629687912e-02	-5.167297275447171184e-02	3.715146591283080557e-02	-4.395910367700069793e-02	-6.452170774879502357e-02	8.608378341160290159e-02	-1.202762560816570819e-01	-1.372799683393438608e-01	-1.127017434697152598e-01	1.713960176713633932e-01	5.247965732127990446e-02	5.439723143607211320e-02	8.844712103804065750e-02	-1.019083064802464716e-01	-5.777137620531266199e-02	1.557502508174001821e-01	1.742259076245544769e-01	2.108045353648095865e-01	1.655884895700623916e-02	7.095408204745756731e-02	-1.619124421355045973e-01	-8.640978633346468873e-02	-7.202241087547694987e-02	8.262176597535846045e-02	1.818846418625819084e-02	2.145570611625773616e-01	-9.819493632768670766e-02	6.715973422522465881e-03	-2.036616487000946635e-02	-2.082383245091509391e-02	3.788723863874126074e-01	1.534115983111173087e-01	1.447089758774962043e-01	4.331643705655546100e-02	2.441861755901202358e-01	-1.402529005881901839e-02	1.224069595199199501e-01	1.431000143084473486e-01	7.011349126247151675e-02	9.041413742091836125e-02	1.411956054665160498e-01	2.032367605527416188e-01	3.050301584099721630e-01	2.041358125834559223e-01	1.936399320746839403e-01	2.310861243858493286e-01	1.723497403425240659e-01	-2.373722028511588214e-02	4.480876325910024965e-02	1.149453673342500371e-01	-4.370845226507892589e-02	5.928632035939673112e-02	2.914375067223750476e-02	1.678887872932798009e-01	2.625869462790516584e-01	2.057332568752117674e-01	2.091869144608547032e-02	1.734067280255609245e-01	-2.198953724190445269e-01	2.861151483490029790e-01	1.230941407168385099e-02	1.085915384467313199e-01	5.307385308455156436e-02	3.020457203076803987e-01	9.903171319146843177e-03	-7.559728582951516507e-02	-1.775338625647548130e-01	1.185001329812184062e-01	2.440731485338594742e-01	-6.889824846911808166e-03	-3.767895924134664343e-01	-1.752155755111936830e-01	1.745371520003560495e-01	-1.227676463228644099e-01	-1.102111578020880944e-01	1.599321109807609331e-01	1.313132488809876375e-01	9.613381562817416293e-02	9.473237365037916191e-02	5.775438411743722550e-02	4.867372418926268346e-02	6.863986924516464472e-02	9.030566339667024656e-02	1.079151305964345803e-01	-1.886710793297032007e-01	1.032857724566976915e-01	-7.411194894875598391e-03	-3.675953943683930164e-02	-8.059089199965413508e-02	-1.211726365284080814e-01	-8.974123548746604229e-03	2.216458633501628556e-02	-1.958813963330937602e-01	-1.247643312678978766e-01	-3.260643551009516361e-02	-1.807192120743069952e-01	-2.081147532896317764e-01	-4.298151348474342770e-01	-1.908330940162693279e-01	-4.107683230620666481e-02	-1.128875964325260634e-01	1.191177732343631996e-03	-3.461025333427393269e-01	-2.065547773713615476e-01	8.747920864854380127e-03	-7.849738681478149460e-02	-7.506028688134971927e-02	-1.190206751374767863e-01	-2.809475465266559474e-02	-2.587663300051014081e-01	-4.450081239640427122e-02	3.519496245078878455e-02	-6.343612849763557993e-02	1.029207324112535182e-01	5.175534202169440774e-03	2.249172825885959737e-01	4.403046493343533707e-01	4.364463780895849743e-01
-1.716979342176191137e-01	-8.036774909364541308e-02	8.488510299689118466e-03	3.927447335936683909e-02	-2.043298758972842410e-01	-2.772047806377246904e-01	-5.458701767442312308e-02	-1.612881563886604114e-02	-1.114113767407160296e-02	-1.563126386329773965e-01	-1.268969015418884572e-01	-2.112924037067283323e-01	5.418501960278335750e-01	5.307988754103251106e-01	5.063355091108779904e-01	4.680312285306066356e-01	4.962504921388796175e-01	3.643869548837905259e-01	1.296357968497144630e-01	3.628874615098442447e-01	4.772130383306131263e-01	6.152784325450959546e-01	5.910002940398123572e-01	6.762041816368600244e-01	3.536693379991991404e-01	1.000000000000000000e+00	3.130250627489692405e-01	3.877731735626687715e-01	-2.172791938119347788e-01	-2.489796016934241463e-01	1.196271293554376225e-01	-2.584864140893813889e-01	-1.773519362492352036e-01	-2.344481211329405845e-01	3.069688249206732888e-01	2.360502556716992661e-01	3.825306503635001465e-01	2.278224219205033374e-01	-2.940992437438223472e-01	6.366208647927426023e-01	4.776079864793254526e-01	6.620722718440367194e-01	1.192467400306944370e-01	2.141404396417745659e-01	4.618602230717243351e-02	2.027989282065025267e-01	1.165320979725998213e-01	-3.945252873035949293e-01	1.511132886002220233e-01	5.098901594664622533e-02	3.138000541518337072e-01	1.621794493414848992e-01	-6.882342429878514356e-02	-1.057661497263665817e-01	-8.808503598272685031e-02	-2.476807154685709000e-02	5.965968098935527097e-02	-7.495138682874773195e-02	-9.567724102221561444e-02	-2.477956215733606860e-01	-1.298790199705770476e-01	-3.600233726477907181e-01	-1.546917818626940555e-01	9.379302760987474896e-02	-2.838298118972396589e-01	-7.814337581499974927e-02	1.778788015395627725e-02	-6.202995856678959058e-02	-2.787175191308036704e-01	4.711531683990469871e-02	-2.501373065103857929e-01	-1.592209483551536020e-01	4.617608211960627651e-02	-5.061076067668147938e-02	1.549894358588370553e-02	-2.140685863235765596e-01	8.593740638562313849e-02	8.449633743669487940e-02	-3.978001168668344328e-02	2.298530593593242910e-01	-1.263457109576198237e-02	5.610666051451388553e-03	2.882496635206631061e-02	-1.826736306303531066e-01	1.248734183424407979e-01	-3.834557576125218435e-03	-7.446081181720255737e-02	-9.920223006612712002e-02	-1.309073437605367263e-01	-1.949452534779928525e-01	-9.608544067674433531e-02	1.558202516763922685e-01	1.785902497719624518e-02	1.721645314809125138e-01	-1.126016776887016346e-01	-1.489191584455518691e-01	5.106894877600753196e-02	7.819953048131274287e-02	-1.249075993969901016e-01	3.589023420914175949e-02	-1.136819632804499935e-01	1.322499627826683455e-01	-1.052240754545861884e-01	1.355492914326758003e-01	-1.202319045568425865e-01	-2.069792859304385446e-01	-8.546715091412229737e-02	-2.245406385299153137e-02	-2.485347424027720964e-01	-8.611244686583409413e-02	-1.254061182029873045e-01	-2.214242109663968894e-01	3.019336086770712524e-01	3.201926875355453062e-01	2.699532768257686399e-01	2.534163851556694436e-01	1.777264361948750759e-01	2.907074503941959875e-01	3.076372813208047008e-01	1.439518914384753656e-01	1.109084961787957652e-01	-1.451070602500030560e-02	3.008662902046464471e-01	2.441184330279404235e-01	1.937102136385993392e-02	4.081566374488883597e-01	5.651272964896786322e-01	6.318493021925891684e-01	5.487085588373722400e-01	2.619755711770310747e-01	-2.126682114373114052e-01	1.406342784095784559e-01	-1.376244590393618517e-01	-1.259409395081629301e-01	-1.970185088000217244e-01	-7.932822625376879933e-02	3.827513265502349160e-01	-5.053651820069510886e-02	5.076162584382346715e-02	2.704004888419994646e-01	-3.014118890887575453e-01	6.655197186678949439e-01	-6.328165098084947982e-02	1.358504382990173287e-01	2.411182400949379578e-01	4.216534210637649660e-01	2.355411292878915042e-01	1.092828124505264425e-01	-4.738816201623380353e-02	-6.031152295831399696e-02	6.327288074678705243e-02	-2.650514465378212559e-01	-3.547906302335303574e-01	-1.076091698431784760e-01	5.801500667716358306e-02	-2.418875416802075337e-02	1.785359470551980132e-01	2.432134676793165640e-01	7.166516519426573140e-02	-3.667791798040042489e-02	1.715179117193342262e-01	-1.119802382249402220e-02	-1.108941293365682257e-01	-7.041899145610866495e-02	-1.375986564334008289e-01	-1.379220773653415666e-01	-1.838707166537246473e-01	-1.361603878298797143e-01	-1.661473223849738445e-01	-1.370712623710042544e-01	-6.622256947090605916e-02	-1.284575957534632995e-01	-1.297045017016925095e-01	-1.199790681646264318e-01	-2.491421460038291402e-01	-3.258506375648037023e-01	7.012422669176046619e-02	-2.350816245566381135e-01	-1.796621141336449123e-01	-1.897087258499959850e-01	-1.693375413307144361e-01	-2.492675407163837814e-02	-9.963533129355380685e-03	-2.859841437399650299e-02	-2.197069296003204553e-01	-3.769294958536462820e-02	-1.209914658483782733e-02	1.034687124687660581e-01	-1.710419638690446054e-01	-4.655414044337930629e-02	3.710158530785316600e-02	-2.386987158428883482e-01	4.057678664473190339e-02	-6.177319467583008983e-02	3.833027076780962800e-02	-2.753062749942125631e-02	1.494578781028265413e-01	-4.263818638946279514e-03	1.607299749226066832e-01	9.760561216598410972e-02
-2.347925274650240479e-01	-2.234813416109154502e-02	4.915808775027902949e-02	1.512838958749539442e-01	-1.728404535484662219e-01	-2.247884073951165185e-01	-1.769859941764928002e-01	-8.260517035374144446e-02	-9.061379321297559353e-02	-2.078621820281721100e-01	-2.105392608065161375e-01	-2.996140004483424102e-01	2.025380985841862547e-01	1.126834460999433518e-01	1.508826249746733628e-01	2.728451943641073130e-01	2.404614518823161018e-01	3.234362861994312388e-02	3.766708610370841370e-01	5.244637409427411745e-01	2.766413544931071722e-01	3.618165380810511866e-01	4.841752887479413570e-01	3.625448687613039844e-01	-2.833896359952368590e-02	3.130250627489693516e-01	1.000000000000000000e+00	5.349000774899647093e-01	-9.598163271338797098e-02	-1.643545443914147253e-01	-2.377123188983616339e-02	-2.501477878220831688e-02	-1.310171453388267460e-01	3.027786517862419979e-02	9.618621464442085600e-02	7.425829138471599922e-02	1.729168470313310890e-02	1.722584309344034059e-01	-1.413545314273097209e-01	1.173573222946254352e-01	1.790657936786555771e-01	7.739289575955919653e-02	4.106110475205270588e-02	1.519730547168164636e-01	-2.381145611197607870e-01	-7.090619275029289015e-02	-5.981524877371593302e-02	-7.359148545356496152e-02	-2.322106668430684306e-01	1.018241615048270793e-01	8.809030468364976996e-02	2.049956085040971765e-01	-9.152614054567412283e-02	-4.843839001460131105e-02	-1.416769349224811791e-01	7.247948408571536216e-02	4.330810832339589828e-02	5.225960612203274513e-02	8.909926460591346964e-02	-1.194754634600338900e-01	1.467417279674505526e-01	-1.626477771495110913e-01	6.815614897830658825e-02	1.905846429504715403e-02	-9.536703381512465216e-02	-8.884567567589356230e-02	6.086601338273050360e-02	7.328347587127552465e-02	9.988658186519218385e-02	-2.452203325313240256e-02	-4.359878683916021402e-02	-1.536556745517448364e-01	3.220746663300298740e-02	-1.595803690401548236e-01	4.484316425029857139e-02	1.378812060405318618e-01	1.284423423772835804e-01	2.093729157213939929e-01	2.016683865087045419e-02	1.151142667517060375e-01	-1.390839830759912632e-01	9.383230000924099035e-02	2.784431973309897277e-04	-6.191138504124289038e-02	-1.952799891329593668e-02	6.562675558179106861e-02	7.538054243961594958e-02	-2.158170641084022207e-02	1.395701207370382557e-01	1.006325671588481074e-01	-5.042849327093113301e-03	9.428061080446666423e-03	1.835175209636802918e-01	1.322172941114494182e-01	-1.445494601310222567e-02	-1.452442112797355106e-02	1.639054801414396578e-01	1.547264083272402169e-01	-2.304103638344445482e-01	9.841428312755920449e-02	-1.061451427383865304e-01	1.481011294504777642e-01	1.856338528427553258e-01	1.736202174914203422e-01	-6.481286366324948145e-02	-2.247411731877070606e-01	-1.638398050326242139e-01	-1.596075372672720594e-01	-1.465238171477689921e-01	-2.769073297556597923e-01	-2.028827711934334255e-01	-2.739334369283351056e-01	-6.068452508043411381e-02	5.738016351919927871e-01	1.933329311748664958e-01	-5.679449556438184200e-03	7.240427356310338673e-03	3.878497308635025509e-01	1.363379325797504926e-01	-8.665740714914083043e-02	4.326109106122368875e-01	3.164534821894900984e-01	5.029991381510673376e-01	2.323413020803010987e-01	6.085601295717894561e-04	5.437464704351883116e-01	4.328392162036715507e-01	2.614317204386222837e-01	6.807022233536319522e-01	8.401840345328120963e-01	-1.113036114673150723e-02	-5.949674493990342317e-02	-1.436955265566763618e-01	-1.194122342013267946e-01	-2.927451039603575778e-01	-1.276430736313620973e-01	3.194876532362712629e-01	-5.201412878539371509e-02	-8.289236006177086447e-02	1.199881628210664880e-01	-2.394011256847980440e-01	1.505366343876043400e-01	-6.301201334811352972e-02	8.758743086223008678e-02	1.628882649830828977e-01	-1.433689125097891426e-01	-2.361687330619078318e-01	2.290365787427950661e-01	-1.653396432648620851e-01	-2.070208860237634507e-01	-1.352763167503784336e-01	-1.467365452771878520e-01	-1.589349463869318413e-01	-1.280776692894893265e-01	-1.795389688470390988e-01	-1.489966291787310770e-01	2.490458350778947394e-01	-4.595536367823359336e-02	-5.370171924473605279e-02	-1.707606241051901064e-01	1.608884235685089648e-01	-1.338176646855763173e-02	1.790620521581266222e-01	1.140103297697818152e-01	-2.429005960872185343e-01	-1.223440475767345603e-01	-1.728421083026258631e-01	-6.460042492540633841e-02	1.103078007150788166e-02	-4.254006981617408298e-03	4.985162601651198927e-02	-5.973441989892626369e-02	-2.416589140039036021e-01	-2.018312783622283335e-01	-1.590888530797322786e-01	-2.076325240485901169e-01	4.570208291676212953e-02	2.230862900404644855e-01	7.654080728919526039e-03	-1.908974277237583950e-01	-1.680979168112006761e-01	-8.207591670623728963e-02	-1.248510109332534035e-01	-3.962161211606619882e-02	-1.218366564524124562e-01	3.349759830546556599e-02	-2.480338117793567596e-02	5.865020767005674901e-02	-1.085732446375575477e-01	5.565982903553555461e-02	3.959617164020013194e-03	-5.139339890992822985e-02	1.119748425005209075e-01	-2.016933665523739094e-01	1.071327451267931330e-01	1.074258873226643651e-01	6.197039865878917198e-02	-1.902575126917594242e-02	5.881597057873979434e-02	1.478535060152329217e-01
-1.440376844312581117e-01	-2.437513940194143552e-02	-4.306157425635719072e-02	1.057595912753355460e-01	-5.390960391501790211e-02	-1.452534586969499719e-01	-1.131697514217143707e-01	2.031575740886698914e-02	1.550454711669522201e-01	-1.014940147083423783e-01	-1.423108846230234092e-01	-2.978330918564536800e-01	2.681672059537863473e-01	2.309702730868865295e-01	3.125161964515480451e-01	3.973655441140671596e-01	3.174850084301503728e-01	3.722157630615904877e-02	3.440163121146259662e-01	4.755172927511447378e-01	2.639393956052250578e-01	4.210924063920014615e-01	5.518413014564055308e-01	3.634171990651853257e-01	2.242807817966618045e-01	3.877731735626687715e-01	5.349000774899647093e-01	1.000000000000000000e+00	-6.209946413426033901e-02	5.363515370312738756e-02	1.396822983444785116e-01	-1.289610959634336917e-01	-1.680373138707826342e-01	7.857614344666104256e-02	3.046134994175006550e-01	1.834724735126071482e-01	6.244612411275995978e-02	1.127218072255643661e-01	1.437733137493070641e-02	2.689313722173277132e-01	2.858643886528299816e-01	2.380311367816297929e-01	2.044353391927233032e-01	1.050674802320595846e-01	-9.840952561746120486e-02	3.308345124009147709e-01	6.540710395515257625e-02	3.165711526811695875e-02	1.160116997806154814e-02	1.176658630142842638e-01	1.261993475730407155e-01	8.470149558181827576e-02	-1.517282789805232124e-01	-1.813913312605972272e-01	-1.378717906572294594e-01	-4.061067210096546559e-02	1.851461592631536979e-01	-1.526815556065223567e-01	2.226347106897471340e-01	-1.220831850720218437e-01	6.818612072043087058e-02	-2.160333203754771780e-02	1.697740714568293230e-01	2.606569750025536369e-01	2.205326930000059069e-02	1.254570797797076032e-01	2.731756257353172221e-02	-4.730250054840226190e-03	8.488234985580923875e-02	8.815892428029818706e-02	-6.685614741134597583e-02	-3.650872491270024112e-01	-2.913023029427430632e-01	-2.789366487937644523e-01	-5.709533257282347479e-02	-4.098151331683171777e-02	-1.752850424698561560e-01	6.405203541194158523e-02	-2.641046739922239261e-01	-3.276641396586044835e-02	-8.288872428260744829e-02	2.403195634051799937e-02	3.887967227996428493e-02	4.241238612868519081e-02	6.316464413632988384e-02	1.372551873392008071e-01	-1.405334016169608284e-02	2.274367487837138102e-02	1.128145685068694948e-01	1.618621967671148576e-01	1.696443827563814399e-01	1.327687148544706708e-01	2.482047705225667311e-01	2.293264167387737695e-01	2.331363858937432476e-01	-2.423645171200286275e-01	-1.063684227780872099e-01	1.325822276488354372e-02	6.388067672824612742e-03	-4.779972787602276840e-02	-5.590088637180568726e-02	1.907815051799487405e-01	1.120980988573654774e-01	1.092276748817007925e-01	-9.483382068388090946e-02	-2.393527129153634747e-01	-2.314581420083558772e-01	3.015827163955366735e-02	-9.010772368765673779e-02	-1.580840716207799201e-01	-3.051550328881439400e-01	-2.804059012251641225e-01	1.962227889878270515e-01	6.419683127538219347e-01	2.563810588803964174e-01	9.740183334538382587e-02	9.666514980257236156e-02	4.007186371267687508e-01	1.795562901119236443e-01	3.715447593912288987e-02	4.527798451813525582e-01	3.270685436744368291e-01	5.260537127579333339e-01	3.049096464804997852e-01	1.085148730893418650e-01	4.112502546905731915e-01	4.088486782333828340e-01	4.165658033951932793e-01	5.626632697075092393e-01	5.448837586371279018e-01	1.977848183183730235e-01	-1.604204731562357544e-01	-2.172145738906033630e-01	-3.849775052388045016e-02	-6.596852447702937494e-03	1.381455246158117267e-01	4.699960057653132517e-01	2.368170258368507974e-01	-1.807644121951470506e-01	1.262714207507196762e-01	-1.184523607523490646e-01	3.852748345017998899e-01	2.402695644741406622e-01	-4.852866240853727364e-02	2.036482899425791360e-01	1.932972029395508828e-01	-3.232441430547682536e-03	6.462946290230969781e-02	-3.054806475073942318e-01	1.178966607709945602e-01	1.703982720182528332e-01	2.789358857308924661e-02	-1.207786857402905201e-01	-5.246058580422754275e-02	-5.313987091292007164e-02	-1.350278295235152470e-01	7.509560030630456351e-02	5.034587895234084176e-02	-9.833608227458791318e-02	-1.077310474068708945e-01	1.052194485803047141e-01	-8.050919553495092251e-02	2.178106181458558388e-02	6.328586474412908891e-02	-8.871136800914226905e-02	1.724241990430665783e-01	-5.951831018163879217e-02	3.083198267338975729e-01	1.673972877575796159e-01	-1.645906048877070899e-02	-2.637846460339118501e-03	1.507269127710771650e-01	-1.664202804492965759e-01	1.685076198942354886e-02	-1.885080750566120802e-02	-6.839789071505336659e-02	3.244207167636330852e-02	-3.554357930010310085e-02	1.260224073870429007e-01	-3.415319430211934959e-01	-4.152664114444539201e-01	-2.867819781835147519e-01	-2.373915616059103506e-01	-8.743545011410579215e-02	-8.763060506184226772e-02	-1.749810737963845564e-01	-4.537452778066342063e-02	-2.502733770522115250e-02	-8.592072774069793584e-02	-9.331207659675949673e-02	-2.194338605439655199e-02	-4.634740410173979197e-02	1.805795956824616522e-01	-2.074073416459512043e-01	-1.809797065572817387e-01	3.006027737555586055e-02	-2.910789193082885529e-02	1.912811276749810385e-01	9.407697976588857980e-02	3.004798715390835095e-01
8.527506101847215358e-02	3.567405348002069404e-02	-2.087413617560719414e-01	-1.251297184126455020e-01	3.751074669421799457e-01	4.135992312011070871e-01	2.529732265749927156e-01	9.711953982350531034e-02	2.328588653599003300e-01	2.557225741970395871e-01	2.657995607549471506e-01	2.732115987601212437e-01	1.921379359988735491e-02	-2.447285825629791911e-01	-2.490895166693723739e-01	-1.773245893340893165e-01	-2.386171578183194641e-01	1.706234248904530196e-02	-1.082564892339369228e-01	-1.318228257833035655e-01	-1.174263794740146999e-01	-9.289037058408805558e-02	-1.133235156669141650e-03	-1.681577856296803952e-01	8.905279198355082679e-03	-2.172791938119347788e-01	-9.598163271338797098e-02	-6.209946413426034595e-02	1.000000000000000000e+00	4.215991967225929393e-01	3.481329772940462419e-01	4.557075541110073846e-01	3.563915804555217726e-01	2.961581752578976504e-02	-8.075291795634632896e-02	-1.251978605106580933e-01	-6.257092301205709195e-02	-1.539293496264662886e-01	3.089663996477370334e-01	-4.580877371854358976e-02	-1.769612607013774652e-01	-4.423810186193261051e-02	-2.122019314577816007e-01	1.370259569277458567e-01	2.079168412890749773e-01	-1.072463654744143235e-01	1.666719500418860633e-01	-1.050072545649414490e-01	-2.419380299322597405e-01	6.985607683043654204e-02	-7.797077689695054888e-03	-2.885801460274596830e-01	2.904444745902187153e-01	3.109679193345909476e-01	2.895395088103961956e-01	-7.535603055930138738e-02	4.563730116035596418e-01	2.993359278377964450e-01	1.042454658527311867e-01	1.517866349306555562e-01	4.093399759107843039e-01	3.366416591523939683e-01	2.886149961120621499e-01	1.457930618411700241e-01	2.580902980533683055e-01	1.620606108968468129e-01	3.324460791690306283e-01	-2.196361588858984915e-01	2.162327827412711123e-01	-2.691582877262129747e-01	3.223360006984047899e-01	2.272714996926699094e-01	2.339573284105815054e-01	1.289782019377151423e-01	-1.516522609300540447e-01	4.688619247394040790e-03	8.577333106940285279e-02	8.986331720266449094e-03	2.779272068095595127e-01	1.351050549507571696e-01	9.656735005531150162e-02	8.547610074791438250e-02	3.176356123330944387e-02	2.142381870261389765e-01	2.375858436468306426e-02	1.597151047352917130e-01	1.252297296501746482e-01	2.524033044928149505e-01	-2.073978902431289906e-01	-1.178993794533624148e-03	-2.382858763433444160e-01	-1.793824979175648315e-01	-1.895023553795111282e-01	-3.741475234095607560e-01	1.005294074528897963e-01	4.723514210217000797e-01	3.450669542290986658e-01	5.455649164930648221e-01	2.439728333506068492e-01	3.585389865552905952e-01	3.534090840141182466e-02	-2.227376733509502937e-01	-8.934151316493176009e-02	-2.297937216349981715e-01	8.614768947037229618e-02	2.482142760342438970e-01	1.140593419277878967e-01	2.388101604367964259e-01	2.284048131842758844e-01	1.400359820488287221e-01	3.278081893352499665e-01	4.265745178316889819e-01	-1.016375371692756213e-01	-2.568438355588267830e-01	-6.299697129065730261e-03	-1.041855732683044378e-01	-7.974969904386923492e-02	-2.142139910454797791e-01	-1.995452122505624593e-01	9.194464487193595992e-02	-1.880252497189700833e-01	-6.804036662981778616e-02	-3.047498433918104186e-03	3.017501262504593620e-02	1.996429587268485836e-02	-5.471800105896343358e-02	-4.136700073313315934e-02	-2.979071957715844765e-01	-1.822707651254186767e-01	-2.016810300915914955e-01	5.290200270522121828e-01	2.649841292215663335e-01	4.607394919040172510e-01	3.842443619682860967e-01	5.062338431307141645e-02	2.387385636611515094e-01	-7.184051698490408200e-02	-2.432512252647647463e-02	2.785146543139996878e-01	1.407261699400083783e-02	1.780253266268430334e-01	-2.370617390481752629e-01	1.864848034081607597e-01	8.898666027821644509e-02	-1.688238424911905899e-01	-9.987107101762821015e-02	2.509041529104177326e-01	2.621891609319919282e-04	1.630922254384298553e-01	-9.060649629203998412e-02	-9.221015613498205477e-02	-2.433573639067931338e-01	-2.081721825555695182e-01	-2.450881330413272607e-01	-1.106010372290453098e-01	-1.143604758449027342e-01	-4.597646848110228945e-01	-3.279452830538490127e-01	8.782193914640981647e-02	1.975481435013053955e-01	1.404934748598007377e-01	1.799114116541026542e-01	1.041375480928605213e-01	4.834736974935575637e-01	2.378129886264984671e-01	2.444753286241246881e-02	1.517342369148999004e-01	-1.662287110888626329e-03	1.841167570899835959e-01	1.560335551086551586e-01	-3.313836480266372231e-01	4.037640285999093137e-02	-8.571127977776646367e-02	-1.393756366922965506e-01	-2.162512912408085797e-01	4.429245216498071958e-02	-4.222413625686933791e-01	-1.911826351630931814e-02	-3.291284890795401763e-01	-6.055100148025465909e-03	2.507460254828552948e-01	2.518288705916725823e-01	1.922677081684776024e-02	5.770143220103429726e-02	-2.981527680474001241e-02	2.470145911717090345e-02	2.611951491595186914e-01	1.160046629167501772e-02	1.484199890363850083e-01	-1.449110702311650622e-01	-1.542816657522743107e-01	-4.306405440979554911e-01	-3.429429614945642690e-01	2.882431941902740546e-01	2.530827764978540451e-01	2.080208812080154845e-01	7.851952949409844729e-02	-8.495591772140786979e-02	2.041223289025597964e-01	-2.097282935228439449e-01
4.031076357458400761e-01	4.037371007649358245e-02	2.627647543401258057e-01	3.506595025885395067e-01	4.213624876591987589e-01	2.435358995697959050e-01	3.147388689501732228e-01	2.580856944513127971e-01	3.193391827033258412e-01	3.167175365196401859e-01	1.479314179665258133e-01	2.197439617821381197e-01	-2.327641228228083670e-01	-1.388702772302554123e-01	-2.415010278939363486e-01	-8.558358398701434999e-03	-1.252466234551153079e-01	-8.951201525083557486e-02	-1.276292340623420007e-01	-2.721455193812415962e-01	4.769052817335852484e-02	-5.762733102715599659e-02	-1.981442210202995768e-01	-1.370042160429821576e-01	1.403785157138887768e-02	-2.489796016934241463e-01	-1.643545443914147530e-01	5.363515370312738756e-02	4.215991967225929393e-01	1.000000000000000000e+00	3.990456901159200598e-01	2.495223248841465791e-01	3.305968310947386690e-02	1.994850527514405725e-01	4.373066886287112903e-02	2.222968619462474885e-02	-2.725833816464676707e-01	1.309819288280483773e-01	3.935537246471311201e-01	2.312754654815627614e-02	-1.029626091769216684e-01	-9.241903164231705936e-02	-2.046776373183355896e-02	-7.260438168874615295e-02	7.004005407718834342e-02	9.682295988029181177e-02	3.631365589669337257e-02	-8.747680989712250388e-02	-5.201284069868784832e-02	-1.432030626147328678e-01	-2.323060171515158034e-01	-2.810023638541752633e-01	-1.705150648257475199e-01	-1.485894417117002708e-01	-2.784447977368643135e-01	-1.938326875911519920e-01	2.894465603042362112e-01	-1.044632334746004865e-01	1.119017617978181889e-01	2.685369547104396459e-01	7.399516631680480572e-02	6.190949656515741528e-02	2.160445519203400555e-01	2.161273106354266449e-01	4.333232514148750991e-01	1.561838087526564167e-01	1.248203501904827928e-02	-3.635015558456797247e-01	1.577551989588892034e-01	-3.521277024524016031e-01	-1.087035514698599104e-01	-1.130154708714831147e-01	-1.296143012408208783e-01	-9.276529091858189136e-02	-5.222616968251139191e-01	-1.869436121390444239e-01	-3.283337245563286988e-01	-3.851321061684606639e-01	-2.337489755153329685e-01	-1.771378983602175106e-01	-3.467134376932936024e-01	-2.220798259179870560e-01	-2.771152262431046398e-01	-1.128070988592318608e-01	-2.903244492834930815e-02	-3.473964725411900645e-03	-1.490762403902101685e-01	-2.978289825992492812e-01	-5.605027579112591141e-02	-9.488115028490387570e-02	1.122116784607300917e-02	-1.368459925508025421e-01	-7.880839604818194732e-02	-1.322431040464913665e-01	6.856101956523408258e-02	-1.320628115326169805e-01	1.693248006744198578e-02	1.553244512912681230e-01	2.231595766443574547e-01	-2.958674852152206117e-02	3.997759909500914199e-01	3.212298549610392295e-01	2.430148997115294529e-01	3.057834931269516887e-01	4.114514163019081239e-01	2.994314478480684105e-01	2.234049085171301574e-01	3.245530857171370909e-01	2.862773154682042298e-01	2.413890153109404801e-01	1.332005946455742385e-01	4.214092352499199806e-02	-1.760373774567486685e-02	-8.572023620079631534e-02	-1.377049638884197402e-01	-8.479438479578921273e-02	-2.935561853886471950e-01	-7.133208540067470516e-02	-5.890335187608513809e-03	1.157692331458684554e-01	-5.200605829620580378e-02	-1.638517493921327617e-01	-2.499210647785625461e-01	1.645021061719964817e-01	6.781856205133461601e-02	-1.072205576840387087e-01	-2.603248961627901981e-01	-1.433871632340478486e-01	-7.155827600677279465e-02	-4.435030104838201537e-02	4.361431842956967619e-01	-1.138818902432579688e-01	-5.856468715786330298e-02	-1.889071454929412697e-02	1.738587971206573546e-01	1.184404613449107219e-01	1.640657956245024640e-01	-3.491530164661874741e-02	-1.371004576715195156e-01	-1.911752193615298967e-01	1.439073120649103921e-01	-1.094131303550626572e-01	3.094794579755066888e-01	-4.624316762999247654e-02	4.358301746160809370e-02	4.774188844770850537e-02	8.582549600140298995e-02	-3.020913122061955614e-01	-9.845817607102960722e-02	1.374206087430913381e-01	-1.104322159522323765e-01	-1.564958498651438101e-01	-1.408087648134216836e-02	-1.295056955931865039e-01	1.391317717739127269e-01	-2.835000314293694146e-01	-1.367037420045523755e-01	-3.456550283231620280e-01	-3.458561105491024246e-01	-2.742464776131343651e-01	-1.737903318894660487e-01	-3.132931063315527176e-01	-6.525070007025091101e-02	4.409413066347799282e-01	-1.872799488567456760e-01	3.992361451493258578e-02	2.023589273457800375e-01	2.295474637541999319e-01	2.526377421789791633e-01	2.856532556676599083e-02	-1.312746353084650874e-01	8.312158312316583753e-02	-3.774714424690486236e-01	-9.761757661346967541e-02	2.241881084797799767e-02	-1.450421776287833531e-01	-1.827423050923073777e-01	-2.676002005938392103e-01	-1.027371703186710505e-01	-1.952544182152876062e-01	-6.097858720073002364e-02	-2.535560503394926890e-01	-2.059878114367922619e-01	-1.896811550309539796e-01	2.760134510644386002e-02	-3.734778908779476936e-01	-1.750006876211229467e-01	-5.575502482256427389e-02	-4.182479960097187366e-01	-3.363294276993547549e-01	-1.298040871897994941e-01	-2.596519363186292062e-01	-7.032855073898176823e-02	-2.955957955735556419e-01	-2.719912929536642213e-03	1.570838873420397352e-01	-4.433187805513842672e-02	5.060330837689967776e-02	-1.002817375461995814e-01	-7.687003086300050851e-03
1.548433291195995543e-01	1.609920108390510696e-01	-6.209577561517736627e-02	6.190477505868689778e-02	4.342038630832523727e-01	2.923298600679809511e-01	2.284294797376603126e-01	2.764081838580884631e-01	2.643808286674685371e-01	3.738867591729135853e-01	3.611359002792155493e-01	3.505379240193895463e-01	1.059946750727635972e-01	-4.435965829142835687e-02	-1.585015367921381035e-01	-8.718493620009253042e-03	-1.502333637662051427e-04	-1.697008277265616913e-02	-8.695332722850513557e-05	-6.486401992721733956e-02	1.140900926031511581e-01	2.122324787487177289e-01	6.450796718418903321e-03	1.602981012613345635e-01	3.135511208840751629e-01	1.196271293554376225e-01	-2.377123188983616339e-02	1.396822983444785393e-01	3.481329772940462419e-01	3.990456901159200598e-01	1.000000000000000000e+00	1.179654996182556564e-01	8.757644732827764289e-02	-1.804751169955946533e-01	-1.203456713211499204e-02	-8.233803400029586494e-02	1.860726266324222271e-03	-2.524273652995862038e-02	-1.395787767963516113e-01	2.165549641027925964e-01	-2.566629829194384121e-02	8.437918815596090472e-02	-2.837087677839664202e-01	3.279889965810319219e-01	8.505922861122500178e-02	5.499747341533720024e-02	2.939373537495573729e-01	-2.099184182441341251e-01	-1.683231892750630398e-01	-6.006034342823852318e-02	-3.348386675800497231e-02	-1.650723071534137276e-01	6.106616032884332884e-02	1.187352220207820580e-01	7.339252984819627512e-02	-2.049734179517996302e-01	2.464449861223264315e-01	-2.074696749960451003e-01	-7.697052754056357693e-02	-1.152592213680742189e-01	-2.077880352613756254e-02	-3.309963515988179061e-02	-1.805929670968101641e-01	-7.307368378727149838e-02	-1.571277407995845532e-01	3.838483250159806237e-02	-3.725507000276009114e-03	-1.800709099398906388e-01	-1.552078399782575169e-01	-9.442981534854573422e-02	1.815902420721114338e-02	9.439543463672667167e-02	1.720940488741871111e-01	5.126252606875043166e-02	-2.006818068255555310e-01	-2.740739627540191292e-01	5.634191016382750911e-02	-7.052945799574859842e-02	8.049256325481832230e-02	-2.181246281250687549e-02	6.976013469496361585e-02	-1.053876636398228400e-01	-2.124905255204429522e-01	-1.889031490838125786e-03	-6.770943650384186885e-02	-1.393428290527045643e-01	-1.839976118656785897e-02	-1.289004903507672169e-02	-2.289001472991621100e-01	-3.029616713578347498e-01	-3.196422027195582882e-01	-2.060533026803501588e-01	-1.888837499173267043e-01	-3.050423565163396522e-01	-1.278279518792027059e-01	2.201199093521461758e-01	2.800767736596099233e-01	3.271629292140835199e-01	-6.604752858605580923e-02	2.955276761497210858e-01	1.671759449751483440e-01	2.530265829269348066e-01	-1.084841930756451633e-01	3.417132775923659160e-02	1.981219140186216143e-01	2.446095017552617490e-01	1.652838994491056257e-01	3.838355470453643226e-01	2.433631276715639280e-01	3.799032844879985937e-01	2.903389397609716371e-01	2.399280267743256478e-01	1.203728944735069223e-01	1.405381422524751844e-01	-6.215686716550230390e-02	8.966343345631208606e-02	8.023120278845248532e-02	3.186657134728903412e-02	1.541528628326302164e-01	9.460923061130362133e-02	-7.820661442794708818e-02	-3.861580276360577352e-02	1.555571621692231621e-01	2.630700898341379879e-01	3.482702514112623327e-01	1.895409082561280434e-01	9.799414386492018292e-02	1.509935413692747863e-01	1.656456907263674783e-01	-7.689877525543552597e-03	3.839274537841012580e-01	4.505128091170766957e-01	9.964192566989495126e-02	1.225553451362663276e-01	7.366593489967626640e-02	1.254300074852346958e-01	1.571166744227933398e-01	5.848563154378079443e-02	2.021339637174227877e-01	1.431800859584176355e-01	-2.159441895983865434e-01	2.029117877073229048e-01	1.879813264752997759e-01	2.707981026992538065e-01	-1.804138460816474008e-03	3.043114902840567404e-01	2.126955979361631333e-01	2.552555173498297081e-02	7.982355711752170402e-02	3.677894566533121412e-02	1.975337612902101081e-01	-2.292077498426947912e-01	-1.730805967890532704e-01	-1.257683005947328181e-01	7.461297624907541060e-02	-6.894405645716740472e-02	-2.811890521068674542e-01	-1.532034816220062268e-01	-1.043202544733781434e-01	9.395473242382948453e-02	-7.192233059177095822e-02	4.027825885327626643e-02	8.231370690347636354e-02	3.048551407115537293e-01	6.320885732069590757e-02	6.557642167474650452e-02	-5.686431925556683503e-02	3.193692309599482915e-02	-6.756985057247083537e-02	-6.862397851665877346e-02	-1.582414962041867323e-01	-1.992733409991766513e-01	4.193681420710668878e-02	1.196450652875350185e-01	-2.790401073740984561e-01	-2.045309805741472031e-01	-2.720349926750061376e-01	-2.657404916097053649e-01	-3.609009331185492608e-01	-1.568186954242959674e-01	7.950224402966535320e-02	3.076658314936078081e-02	-1.318237944226584605e-03	2.384295035950581010e-01	-1.135770548938790925e-01	-7.474063563893777740e-02	5.984617635387021184e-02	-9.488519690608356039e-02	-6.400218439913521462e-02	-1.816174598944328977e-01	-1.404448164723441916e-01	-3.178803713273075093e-01	-2.907391363902157577e-01	1.012405377576398591e-01	2.398663729436892322e-01	7.836648802531515079e-02	1.170035540907271715e-01	9.434891562116362596e-02	3.161484043259256693e-01	1.333649021979136096e-01
-4.459924231941356232e-02	4.025684915667804287e-01	-2.291328189255411318e-01	-1.576139514423909038e-01	3.880365721872324203e-01	5.534988504056191916e-01	1.464921652936087004e-01	1.746969882912342287e-01	1.392175266988911198e-01	3.037081822727207281e-01	4.370102037437878506e-01	3.033064291985140826e-01	-1.866517343822183539e-01	-4.095222417535704373e-01	-5.020919915602014560e-01	-4.373299120135295537e-01	-4.156493781984791358e-01	-3.183875321445884254e-01	-1.798019892167053158e-01	-2.095883106683886776e-01	-2.314527574123424400e-02	-2.297197842697512940e-02	-9.602300696232524135e-02	-9.971535402422486427e-02	-1.957533459560098499e-01	-2.584864140893813889e-01	-2.501477878220831688e-02	-1.289610959634336917e-01	4.557075541110073846e-01	2.495223248841465791e-01	1.179654996182556564e-01	1.000000000000000000e+00	7.782698772863700931e-01	1.195704573504624002e-01	-2.743221372884384612e-01	-2.252440616821683450e-01	-3.274616915418204210e-01	-2.671049063438911686e-01	3.498426243798438695e-02	-1.844492639421114466e-01	-2.585562338878068522e-01	-2.232261257968552459e-01	-3.326597169089651196e-01	-3.425472421910947390e-02	1.350257901283884454e-01	-6.984843318776833010e-02	5.787488937194995575e-02	4.170341638556037192e-03	-1.977814555226322379e-01	5.757448903024191093e-03	-1.371161310845080694e-01	-1.992142835068324291e-01	1.011189845048271752e-01	2.212370048527079469e-01	3.669894663419515091e-01	-2.431727788902878495e-01	2.273400836415920556e-01	3.675401193654058707e-01	5.464078984883831425e-02	4.219102655378014211e-01	2.291450305459168113e-01	2.992189040085864726e-01	-9.535260394492223179e-02	-2.970314896754935319e-01	-8.761750817549851522e-02	5.856961624358431734e-02	1.228638220598372160e-01	-1.492527408810813139e-01	1.802375624467823512e-01	-1.873101825319406222e-01	4.886197918729294210e-01	6.109238531105209979e-01	4.693734394348169081e-01	3.546047795625652532e-01	4.240567217024195784e-02	-1.615560542330869709e-01	1.587531221722064678e-01	4.981755635042559721e-02	4.975133801366122821e-01	-2.581811929914657605e-02	2.624845268650198293e-01	-3.688925372620780602e-02	-1.546700898843596517e-01	-2.921537743081389915e-02	-2.005899286287452787e-01	-1.311869569975728234e-01	8.390307864295143414e-02	2.511299751486987253e-01	-3.727561411150633885e-01	-3.010555329090916499e-01	-4.192281717410361597e-01	-3.672075788193231993e-01	-3.127655353445658593e-01	-4.721327272269969511e-01	-3.324530007919809793e-02	6.089614556725541084e-01	4.321337708464920158e-01	5.825946063673127090e-02	-1.632111367491735632e-01	7.997648225514461529e-02	-4.913610097432256213e-02	-3.477531521218470423e-01	-1.167210413248875693e-02	-1.775702076948599273e-01	1.835809679481760492e-01	3.179024097149122374e-01	1.251986738333674964e-01	1.914661771521388167e-01	2.993390262094938747e-01	2.521570768438424759e-01	4.415652291426180320e-01	5.937730429789933595e-01	-3.256748317344128618e-01	-9.787359030338521615e-02	-1.183928997373848019e-01	-7.838474803204971419e-02	-4.837012054768695390e-02	-2.320522465883045615e-01	-2.629576519144147806e-01	-2.071775571636509661e-01	-2.242808665840595739e-01	-7.696768475190070291e-02	-1.136324413733173777e-01	1.299149076368584510e-02	-4.023810877852792428e-02	3.740880035884369074e-03	-1.542761246881394627e-02	-2.492584912501701611e-01	-1.054928027850065980e-01	-8.957106157527476575e-02	4.013175683293215279e-01	2.176310843434313136e-01	6.937808664919833390e-01	6.436741565198317305e-01	3.481831944523310907e-01	4.514208699767885968e-01	-2.680693859343566965e-01	-1.246563853227742463e-01	3.763097617445896881e-01	-7.897019186920377354e-02	2.184145697078425929e-01	-2.807873624016935521e-01	6.084104403341510092e-02	-7.053210411053388584e-02	-1.838954409646342547e-01	-1.272769327124859962e-01	6.867470720492080405e-02	2.392375273633058977e-02	3.641698452217505544e-01	7.480368963033198759e-02	5.784308737184788718e-02	-1.143055859362250432e-01	-8.900379149111725674e-02	-5.976725230941917072e-02	-9.761715326779009383e-02	-1.821740717456668546e-02	-3.805408877223612207e-01	-1.751323962697705350e-01	-1.415440715684657402e-01	3.756705998603591667e-01	-1.478275576627446075e-01	2.817106293293545338e-01	8.306099280028574061e-02	1.754571023494293502e-01	4.432730387468297173e-01	1.975725171466598817e-01	2.001858428725466488e-01	-8.677678299782615179e-02	-1.128105592107309513e-01	-5.811545833082547990e-02	-5.096652716811651551e-01	2.965072822695558399e-02	2.306326438756521602e-01	1.312869338610740677e-01	-2.680929632805822971e-01	-5.982565809118028932e-02	-4.619384995665091753e-01	-5.245759168461928967e-02	-4.102201750846053430e-01	1.826762465762682419e-02	6.097720180015364644e-01	5.963582223980348207e-01	2.306012195595950054e-01	2.503998965879110639e-01	-1.713396340937231033e-01	2.324182898688830212e-01	-2.552418794252973161e-03	-1.579788930898238519e-01	1.415947885798112815e-01	-1.509072948324296226e-01	-4.127625760054485227e-01	-3.573463384763173600e-01	-5.364223471535690679e-01	4.609885946696337111e-01	3.489978287436807380e-01	-1.014793731514220150e-02	-1.494975988610601492e-01	-1.650231521698726500e-01	-9.627532169325223044e-02	-1.975695090357578731e-01
-1.934585408220629021e-01	3.392874371653971100e-01	-4.156657879013192503e-01	-5.246424378836166413e-01	4.007163694867711401e-01	6.822013080700966015e-01	1.390660255749027463e-01	1.403106270527699206e-01	4.630929807328067194e-02	2.956742430782817732e-01	5.401735840489346741e-01	3.712154189169853957e-01	-1.103183125293220601e-01	-4.472550362423911019e-01	-3.571479416388273487e-01	-5.043085471235893014e-01	-4.848781463919181189e-01	-3.407838669963838552e-01	-2.163660449739992775e-01	-6.604336632151737441e-02	1.099586194077436727e-02	6.676891634326905141e-03	-2.732247224185067880e-02	-7.250847055743075975e-02	-1.054335980177932980e-01	-1.773519362492352036e-01	-1.310171453388267737e-01	-1.680373138707826342e-01	3.563915804555217726e-01	3.305968310947386690e-02	8.757644732827764289e-02	7.782698772863700931e-01	1.000000000000000000e+00	-1.339000763562869512e-01	-4.585335874231711295e-01	-4.405696672909298339e-01	-2.307573397859697950e-01	-4.219181801967761825e-01	-1.508830721613676484e-01	-2.792493785599628464e-01	-1.103463508078603716e-01	-1.902114641725317912e-01	-3.011209991947559894e-01	1.547752413993718108e-02	1.591762289047496948e-01	-8.184454388599049501e-02	7.522929031249668552e-02	1.458076100019268795e-01	-1.478625234017993673e-01	9.529824929053758165e-02	-7.580432567956624235e-02	-7.548656161355507543e-02	3.471776645761072144e-01	4.805918528142908985e-01	5.969743198666286332e-01	-1.041562337842389871e-02	1.902237517337812267e-01	3.449644997807207458e-01	-1.693169130398480826e-01	1.469514561044034662e-01	1.745396191824546972e-02	3.923190945017767661e-01	-1.474615107210219267e-01	-3.344260311569460242e-01	-2.976166460276496450e-01	-3.906922784123049996e-02	1.007968610087071337e-01	-7.654688991124138087e-02	2.049350696538394107e-02	-6.553148850758028221e-02	7.008506141578092485e-01	7.193011051862616689e-01	5.014656318047184813e-01	3.228609730729775085e-01	2.234942060960669330e-01	-2.146298009337690715e-01	2.518262388064741453e-01	5.746311564761395069e-02	5.514651224729526513e-01	1.229047165242285883e-01	5.321365363781921376e-01	9.325810592387510922e-02	-1.141001624034061572e-02	1.204416083177292096e-01	-2.452725507146233941e-01	-9.292616358490218831e-02	1.058270702709887823e-01	5.044779457129191513e-01	-4.045396460818600493e-01	-3.107929466985405731e-01	-4.647102126564149893e-01	-2.286159545022101724e-01	-3.391285210546766682e-01	-3.602786511489787791e-01	3.639581476643562880e-02	6.530560450843780895e-01	3.035151816754229070e-01	7.581835587478169547e-02	-1.906721513245716870e-01	1.230962533466629510e-01	-2.045292632775982389e-01	-5.731200019000896040e-01	-2.576776359931713389e-01	-5.231934252786318851e-01	8.517974304622023818e-02	3.254396836878009069e-01	1.288978866799273537e-01	2.193378766685662173e-01	2.305244108200842079e-01	2.942870960734362829e-01	5.382009527298388107e-01	7.591742046169057678e-01	-3.839269903451011934e-01	-1.509144714746816496e-01	-5.731525364851056126e-02	-8.435766949681018645e-02	8.780238740462983915e-02	-2.905757483271181330e-01	-3.695070292809465862e-01	-2.079279265362977969e-01	-3.678902810809508428e-01	-1.105443510462285617e-01	-3.974796774035004032e-02	2.586965312741432502e-02	-5.284174646991517121e-02	6.002270340787048408e-02	1.845750548191548157e-01	-2.017290467193015302e-01	-1.019112537876657315e-01	-2.058757800049243192e-01	4.267898767017014316e-01	2.673373586442976402e-01	7.100438457379724122e-01	8.400632763207064313e-01	2.894451039005158099e-01	5.116869276974597147e-01	-4.140503551331555787e-01	-6.026940815890005632e-02	4.831103089453528399e-01	-7.274826661485998824e-02	6.490089747653245145e-02	-1.936919916731946467e-01	2.017727448999993151e-02	9.133912195947498092e-02	-8.991375585551443506e-02	-2.712738244558794351e-02	1.296151462524542941e-01	7.830208644137051643e-02	2.925699627428662297e-01	1.383559306646034714e-01	2.294301551997962874e-01	-4.537334788590942358e-02	-8.008440844083775101e-02	-4.118225099719387272e-02	-1.513383217020632387e-01	7.280384009394003098e-02	-4.972793763060521788e-01	4.306317136112294830e-02	8.081340638442309487e-02	6.528490980920742537e-01	1.627134243918271217e-02	5.757793223872180732e-01	2.169602852227910939e-01	7.054374932559585865e-02	5.930233761051205699e-01	1.557588012588015935e-01	5.233167951477780966e-02	-2.136629522196488995e-01	-2.926394924519801211e-01	-2.305916157123697463e-01	-5.811005767763679497e-01	2.240259352464788953e-02	4.682733162789992631e-01	1.635104914695967304e-01	-4.319232461237604292e-01	-3.214204929410031247e-02	-5.608175570370985685e-01	9.186384652817594643e-02	-4.068296689841310321e-01	2.373104652548780474e-02	6.319982977412823555e-01	6.847006128000382441e-01	2.498015123399804915e-01	3.080636220140910431e-01	-3.018289034904918511e-01	2.273249199915993446e-01	9.438573469620797907e-02	-2.082340145575134194e-01	4.286733626133921726e-01	2.392969494603724989e-02	-4.612712511133989501e-01	-2.646525168169501230e-01	-6.245515066327141929e-01	6.903276730248467663e-01	1.874830991524857882e-01	-1.871695814057210694e-01	-2.844559547175750658e-01	-9.297139856579790529e-02	5.641183513717442852e-03	-1.319353687542915987e-01
-1.002750059064286964e-02	-9.515077236142568951e-02	1.884000239095027229e-01	2.653524541695810868e-01	-2.889527900343734079e-01	-2.559131537592022054e-01	-1.295318617492944580e-01	-1.398347902468946580e-01	8.536491704941345793e-02	-2.453037014078204292e-01	-3.614164851889895003e-01	-3.588675076833156008e-01	-2.069961982178160353e-01	1.735760931046482769e-01	-4.618939872573717131e-02	1.366631436120558374e-01	2.062345312225081773e-01	8.087160484979367958e-02	-8.506747758062923465e-03	-7.630282112420069818e-02	-1.334572535859960551e-01	-2.315928687624710658e-01	-1.343551056440794034e-01	-1.138677895557442671e-01	-2.360633146028561502e-01	-2.344481211329405845e-01	3.027786517862419632e-02	7.857614344666104256e-02	2.961581752578976504e-02	1.994850527514405725e-01	-1.804751169955946533e-01	1.195704573504624002e-01	-1.339000763562869512e-01	1.000000000000000000e+00	5.025529474527803409e-01	6.406757997347696243e-01	1.410267009696721530e-01	2.872822487139545244e-01	5.267395241273395978e-01	3.352722026229301711e-02	-2.824875582204365854e-01	-9.013449199914967680e-02	2.079522917406363691e-01	-1.946456541334351253e-01	-2.789142024415812160e-01	-1.139144019594274804e-01	-7.191781953220917345e-02	4.609805285791746671e-02	6.369943213735410059e-02	-1.738028644010408963e-01	3.719438422889119467e-02	-6.862699735328656181e-02	-4.114216203052137866e-01	-5.605812782341987877e-01	-3.461947048969937213e-01	-1.761080844059290385e-01	3.334468632739682192e-01	2.503315883195103009e-01	7.247438235119529892e-01	7.009649282894934164e-01	3.600122857330437798e-01	5.668117325303598242e-02	2.699127965549774077e-01	3.006901087654176297e-01	4.635093749736153290e-01	3.159929841487852387e-01	2.911459165849955566e-01	2.030682723837766712e-01	5.935483273637272017e-01	1.231806544056063685e-01	-2.330941118987326088e-01	-3.017501589729985612e-01	-1.604281139591608452e-01	-1.740272169260740076e-01	-1.067554212239519157e-01	2.541947054748795454e-01	-3.973970502074891664e-01	-2.508225034278790955e-01	-2.129166654474432541e-01	-2.976360560232864660e-01	-3.844524638332690869e-01	-2.757756169603560736e-01	-1.012716800078609508e-01	-1.623089325167517138e-01	-5.356143738402692998e-03	5.404238752487783293e-02	-1.153185003664242564e-01	-2.721895327023001743e-01	2.624186416487025997e-01	2.028159568261238554e-01	3.237195182466071630e-01	-8.468655977322150918e-02	2.857966181542302420e-01	1.286855355152808078e-01	1.417639394071191494e-01	-2.416541197002157471e-01	-2.889327828684523647e-01	-1.796257554428863923e-01	9.328624176649225053e-02	-1.823990151747438559e-01	-8.852092265346502009e-02	1.039097613211359267e-01	3.676347560871332520e-01	3.404065711174529829e-01	-8.620510077026923013e-02	-3.065911699733824824e-01	-3.264353852987202376e-01	-2.697122505366105205e-01	-1.406907255893847519e-01	-2.713994502107231477e-01	-4.537007969209773672e-01	-3.852705622002265962e-01	2.427560056447825299e-01	9.351011448777446500e-02	-6.806287380941318521e-02	2.113802513634253366e-01	1.572629032977375385e-01	2.465460873642086048e-01	2.440788726148494514e-01	3.044903292536415562e-01	3.267177957864058624e-01	7.362570660509763776e-02	-7.515486218831785026e-02	-3.260224777967724585e-01	-7.116460618477118971e-02	-2.717747134922046670e-01	-3.144832724148112768e-01	-1.181395530435340457e-01	-1.588174163154637275e-01	8.206279822696269100e-02	1.055210495865122333e-01	-3.080150844339179517e-01	-1.443921604282517868e-01	-1.622367036070773427e-01	4.355458285677303309e-01	2.843524529509511845e-01	2.674936174495871621e-01	3.023101523150862335e-01	-2.171762733496083453e-01	1.660980087907568126e-01	5.242084440447061233e-01	-8.550637343289647918e-02	3.490592939168608022e-01	-2.762939089015485905e-01	-1.712592491067739808e-01	-1.221605670830663293e-01	-6.649365409393992454e-02	-1.328230442736762773e-01	-1.535082734177927455e-01	-2.270371327661997556e-04	-2.109670633479292512e-01	1.568191872338418336e-01	2.113078096207607337e-01	-1.834245196984050225e-02	-5.305707025575543204e-03	-2.677752676866281267e-01	2.903523560686984140e-01	-1.060869799698786614e-01	-3.112617613047135023e-01	-4.126619831608543953e-01	-2.836996349965674180e-01	-5.557597685266824072e-01	-3.570737386952582693e-01	-1.250731793985702944e-01	-8.346092122443067585e-02	3.303495878899629923e-01	4.628147695620877244e-01	4.750106740975986730e-01	4.199092466556900161e-01	2.223313392770702723e-01	8.479654865637431538e-02	3.925583082375161403e-01	-2.860533792725408753e-01	1.355398534407323957e-04	4.986815445596222141e-01	3.281434439662422875e-01	1.530202576971247674e-01	-2.054120927163254617e-01	3.424556450713301947e-01	6.722310130090379532e-02	-2.513804514091947939e-01	-2.340151575481838886e-01	-2.464271668772554658e-01	-1.547041869118119528e-01	4.238733114160987414e-01	-2.065055127423051917e-01	-2.415542579753136854e-01	-2.111543508276352010e-01	-2.952221024356115886e-01	-1.426068826261829292e-01	1.179577538910290269e-01	1.198078125059619942e-01	3.143107408808523684e-01	-3.936242069545847211e-01	-2.542340408150786657e-01	-8.945342141220354037e-02	-7.639991616013824816e-02	-9.536829486568640379e-02	-1.441094189411936122e-01	9.023519794328098420e-02
-1.342769438358036582e-01	-4.301068074316342221e-02	3.188299007043752381e-02	3.977334698009609149e-01	-3.961071792558353843e-01	-5.386874690359109152e-01	-2.893486889571502685e-01	-3.140438690765885443e-01	-1.399071885128764237e-01	-4.003134619587836451e-01	-5.782510278724489750e-01	-4.798915973945229174e-01	2.040737091605625830e-01	5.657726071478066387e-01	2.918393204867312241e-01	4.941469787315901363e-01	5.697722761085746157e-01	3.121381185307962602e-01	6.641979280324215862e-02	1.078419213775511087e-02	8.855487839302593478e-02	2.621336051674114098e-02	2.018146147740384755e-01	3.127329096422900578e-01	8.852108033447177171e-02	3.069688249206733444e-01	9.618621464442084212e-02	3.046134994175005994e-01	-8.075291795634631509e-02	4.373066886287112903e-02	-1.203456713211499204e-02	-2.743221372884384612e-01	-4.585335874231711850e-01	5.025529474527803409e-01	1.000000000000000000e+00	7.941348515075804526e-01	3.053574234183356051e-01	3.603831548317604772e-01	2.785302415720291025e-01	5.456298925367140118e-01	2.396799946449202495e-02	5.141099878036274884e-01	3.532185204140484425e-01	-1.607864011702583584e-01	-9.160084449739330781e-02	1.522275671653295082e-01	1.240090461407351713e-01	-1.331648528828708600e-01	2.233642579636967440e-01	-6.915409392871451483e-03	1.957499871757480137e-01	-1.353869737809440706e-02	-3.323786275280232738e-01	-5.740637605380003450e-01	-3.479976061983156010e-01	-1.773871003791606671e-01	3.029600503113459298e-01	-1.333756550459732904e-01	5.396444317667116186e-01	2.805885038974265666e-01	1.379952829542396286e-01	-2.263473572312852955e-01	2.073336869502462043e-01	5.264155509549751644e-01	3.133149524231556571e-01	2.656646749512234229e-01	5.629658148909856552e-02	3.096199326377336442e-02	2.023619956212404369e-01	1.497892150653988286e-01	-4.846925783150974332e-01	-5.318295944823492327e-01	-2.640209596316028251e-01	-2.432739205251729098e-01	-1.726859573370710388e-01	1.675301025606261984e-01	-2.871535787320541044e-01	-7.838353946279308371e-02	-3.642615364319685689e-01	-1.327801634726351321e-01	-3.633049470770621237e-01	-6.759559815299692742e-02	6.426112664620134418e-02	-2.334834132435409937e-01	1.695584428598400917e-01	3.593566627261025187e-02	-6.440953614932153071e-02	-2.854067374168137161e-01	2.911768176475669767e-01	2.186522422630671481e-01	4.402801668294502591e-01	3.013028260898493738e-01	2.992439673096759511e-01	3.047820280464084153e-01	9.581767193749660128e-02	-4.375789661507379913e-01	-3.694458953157436776e-01	-5.713094883189415163e-02	7.120624905730832399e-02	-1.630898149683324971e-01	-1.493279235217965240e-01	3.902597916451361892e-01	1.003325334066904745e-01	4.917378710965671917e-01	-1.719304893150593594e-01	-4.542533910767290739e-01	-4.795793514935862700e-01	-4.147376185216150590e-01	-3.486144948575867764e-01	-3.961208079990270470e-01	-6.371792450475914915e-01	-5.613531799594901894e-01	5.743571540028187261e-01	2.421492852569967769e-01	8.218902497029860477e-02	3.266263187848050809e-01	1.832427191628878960e-01	3.751488622690534736e-01	4.274444529148282435e-01	4.177976289941204291e-01	3.073503321224310136e-01	9.895124893333592797e-02	1.015342614185054532e-01	-2.029667233628815182e-01	2.759362764628005282e-02	-1.450915700610192205e-01	-1.296924056727756513e-01	3.278407399873091155e-01	4.691879597044860267e-02	1.217945426676374232e-01	-9.729615353160599167e-02	-1.544122910847693098e-01	-3.934810362590338562e-01	-3.786528858664489627e-01	1.975972136593378281e-01	1.337928753532879877e-01	6.058659261680561237e-01	3.731320804039536254e-01	-2.207090204657415899e-01	2.590346204061646507e-01	1.353675068655322555e-01	2.673655600482636174e-01	3.754038031876235082e-01	-1.592826405338714779e-01	-5.065599583862659405e-02	2.968707125143084657e-01	1.698655826217696230e-01	-5.209421229397978581e-02	-3.685356922471881846e-01	4.923961559215748324e-02	1.361568066955236127e-02	-5.304955572207037916e-03	-2.303650777558583287e-02	-4.340655273763600192e-02	1.384362585094421894e-01	-1.588414911453208955e-01	3.145681003446162416e-01	9.884541548095060470e-02	-8.225802529174708333e-02	-4.401060685195896660e-01	-1.580905034194354797e-02	-5.513084120234739149e-01	-4.316489954341924951e-01	-1.639936921627750954e-01	-2.756438075261922749e-01	2.880525653227178906e-01	2.337135561729757616e-01	5.071567210557997862e-01	3.998435938257734468e-01	2.344130195362813529e-01	1.281828715522714546e-01	9.022231745565900685e-02	-3.354535984434904305e-01	3.132017792373952697e-02	3.181830536607182514e-01	1.038748342689343879e-01	2.834493752330963234e-01	-2.589546794087274062e-01	3.230624166886963966e-01	-1.895058143890548594e-04	-4.640716498765789511e-01	-3.946803330250777675e-01	-2.339745830176891694e-01	-6.136911730267665538e-02	2.948028787953755336e-01	-2.510272313139658706e-01	-7.025597193468122170e-02	1.544637150647747061e-03	-3.005455415945441078e-01	-2.598568837633896123e-01	3.954045643095278062e-01	1.472615245155544372e-01	4.750170031868860554e-01	-4.818143943728258605e-01	-3.487259644936402392e-01	-9.258154450461536511e-02	1.885807548742870488e-01	-1.112008578285219457e-02	5.804979855982769082e-02	1.760327389609376292e-01
-6.865042081222343107e-02	-1.044548716853587189e-01	1.285210962609162066e-01	3.634578105752940269e-01	-4.584341645687978750e-01	-5.882619342170176679e-01	-2.602183186892944589e-01	-2.421063647131659335e-01	-1.517252380564599289e-02	-3.925658560319338353e-01	-5.647498656648199944e-01	-5.166217304121392129e-01	2.151694043035313197e-01	6.235162861598940731e-01	3.039054314562826820e-01	5.187171059060564637e-01	6.623305792162349492e-01	4.957172406866949266e-01	1.521562253112717644e-01	3.341999989733419191e-02	1.923723910891881814e-02	-5.733790294344509597e-03	1.308720537927417216e-01	1.847174703285521247e-01	-3.605965167255588411e-02	2.360502556716992661e-01	7.425829138471599922e-02	1.834724735126071482e-01	-1.251978605106580933e-01	2.222968619462474885e-02	-8.233803400029586494e-02	-2.252440616821683450e-01	-4.405696672909298339e-01	6.406757997347696243e-01	7.941348515075803416e-01	1.000000000000000000e+00	4.223832749613036230e-01	5.636664609310412244e-01	3.705344948377915504e-01	4.109214294021511504e-01	-1.414637374923615083e-02	3.591534699022408406e-01	3.091337250871802889e-01	-9.118251770763075026e-02	-1.291375379981949401e-01	1.058608681849934480e-01	1.927259853643469717e-02	-1.795992624851038000e-01	1.591482946106724805e-01	-6.987892191086723936e-02	1.309312557918922981e-01	-3.266479782826769984e-02	-4.841373898618618887e-01	-6.542000248735184709e-01	-4.218187867112760947e-01	-2.052858193125809416e-01	2.858472603980330984e-01	-3.623494259181521404e-02	6.766656133599088241e-01	3.840239594116224287e-01	2.826444720430469348e-01	-2.889728124550463573e-01	1.757189447325576692e-01	4.366394613679079884e-01	3.209692366617027393e-01	2.902906468266061579e-01	9.734460145760093219e-02	1.282566746247746081e-01	2.683227268832010792e-01	1.063692480850589039e-01	-5.449303301549978107e-01	-5.552868103780470577e-01	-1.863206141470311883e-01	-2.752591372011376492e-01	-6.066601673608121997e-02	2.502067556878556087e-01	-2.653095521862512407e-01	-1.392525664737455371e-01	-2.854503650229892608e-01	-1.885142695022627990e-01	-4.299685878446955489e-01	-1.158854518511349546e-01	3.260587219011822774e-02	-2.531709984286604764e-01	2.141171594675101986e-01	3.900974936559425260e-02	-3.105023161921560346e-02	-3.486450803974368573e-01	2.911487194249651189e-01	2.367728705386694943e-01	4.282371337917501575e-01	1.727067552588052446e-01	2.873555614256325108e-01	2.857026369076654526e-01	3.820984771574549577e-02	-3.832486249077554086e-01	-3.126904668071310289e-01	-4.991389330266719770e-02	7.711095189106828562e-02	-1.270897659415580472e-01	-1.122678658474676044e-01	3.690798039369995176e-01	1.803871572022794911e-01	4.969632827405683906e-01	-1.114763573553759352e-01	-4.887359594497045490e-01	-4.061560680930511591e-01	-3.607182387022988546e-01	-3.210470607156291067e-01	-3.692164366372926998e-01	-6.148605777420376173e-01	-6.182660828856836321e-01	5.970044235231548591e-01	1.810250269299375492e-01	1.911378951878210941e-01	3.707303243461816389e-01	2.743288780504397617e-01	4.413972394993201931e-01	5.505540694134138935e-01	4.955310920891984883e-01	4.201237201575792612e-01	1.712022305051739968e-01	5.498355688937687363e-02	-2.649928347608914714e-01	-4.636866097324001540e-02	-1.479833129086960408e-01	-1.282486906077935362e-01	2.535321772624026804e-01	4.114575309053964368e-03	1.231188025691162813e-01	-1.059537293859223461e-01	-1.453169431449319593e-01	-3.219550585872616444e-01	-4.005050870142486952e-01	2.903110872832134204e-01	1.798845412178392833e-01	5.005563741516100285e-01	3.944064250969108731e-01	-1.614953592568506846e-01	4.357182696751624174e-01	2.600982936976422577e-01	2.905822794518937990e-01	2.807354132556841853e-01	-2.561868292116356582e-01	-1.136604612258668573e-01	1.945555179960113124e-01	1.733914807317566142e-01	-4.770956839124496085e-02	-2.213080130851607652e-01	-7.066685934609172673e-03	-1.088673688560481412e-01	-2.830363612149632002e-02	1.608286306530805343e-02	-3.581169242286051657e-02	4.944478238699785699e-02	-1.518411533371147315e-01	3.871436853874777317e-01	5.684558991604394401e-02	-1.489750086810188445e-01	-5.125758045514757777e-01	-1.000670037770977350e-01	-6.145420497128423198e-01	-5.073145477089548994e-01	-1.664965189752372343e-01	-2.245719527652184910e-01	2.948480083600854007e-01	3.835472345316432441e-01	4.799667472055046957e-01	3.586592871760653223e-01	3.054776277476766166e-01	2.349150674868740740e-01	2.927853042090126090e-01	-3.494190789360693827e-01	3.329602172936810267e-02	3.816663423157514723e-01	1.191276859413107486e-01	3.476214035634666022e-01	-3.654709390403934055e-01	3.036131465284745423e-01	5.247008504056190764e-02	-4.597534568536503219e-01	-3.334141401672716665e-01	-2.356515518529090913e-01	-4.932872426780655906e-02	3.776937768008798990e-01	-1.897516249756915074e-01	-1.312421759793191423e-01	3.474481113078924793e-02	-3.578562935404668854e-01	-2.021826116960002140e-01	3.238932372038031970e-01	1.110915269454514076e-01	4.394804967990860733e-01	-4.650234588236133448e-01	-1.970814996374961325e-01	-9.138698497814389324e-03	1.506159430014825384e-01	-1.524589857098878065e-01	-5.274436116304408867e-02	1.427864939665150490e-01
-2.844160611287869234e-01	-2.543149366432834180e-01	-8.323129757213799940e-02	-1.714365908486692736e-01	-4.061277120315422984e-01	-4.223060455451431716e-01	-2.313673456255382344e-01	-2.946429867277400305e-01	2.702535554155486783e-02	-4.869201091817153548e-01	-3.074384836225493856e-01	-4.923131927963205756e-01	5.618688013047222762e-01	5.255251776730196500e-01	4.837837161961145993e-01	3.445457411726443597e-01	5.570082186197585772e-01	6.499878475554417001e-01	2.342704972562813515e-01	4.145537805823893418e-01	3.050229109024443219e-01	2.459057133062860501e-01	2.748071893245987440e-01	2.671547924201056468e-01	2.048556985120043028e-01	3.825306503635002020e-01	1.729168470313310890e-02	6.244612411275995978e-02	-6.257092301205710583e-02	-2.725833816464676151e-01	1.860726266324222488e-03	-3.274616915418204210e-01	-2.307573397859697673e-01	1.410267009696721530e-01	3.053574234183356606e-01	4.223832749613036230e-01	1.000000000000000000e+00	4.948294525404016708e-01	-2.728966288102346177e-02	3.557454877807878502e-01	2.148627331829176534e-01	2.554601563673745690e-01	5.142742174203610711e-02	2.923560069076081014e-01	-1.001538857835089780e-01	5.858457872507809305e-02	2.650263621054578175e-02	-1.696268662240690839e-01	4.530300437501907224e-02	1.487173227830728079e-03	2.142286618826086675e-01	4.627546036063711482e-02	-9.777714256796489478e-02	-1.147859342472270922e-01	-8.663700379868291557e-02	6.634660752923457472e-02	2.891445425505963507e-01	7.238671360076016914e-02	1.458408518803918641e-01	-1.433026735273142116e-01	4.968954506953005695e-02	-2.234275628105403810e-01	-1.020965934866480823e-01	2.257209424395166530e-01	-1.172537906603074859e-01	3.098933490100584387e-01	1.307303395208650187e-01	1.425073688764489088e-01	-5.268160549961604933e-02	1.281532413522059599e-01	-2.864992542641044970e-01	-3.353954462278392334e-01	-1.239933692461465085e-02	-1.059589057825292419e-01	1.303349096872541690e-01	1.703588059633296681e-01	9.888845948286924259e-02	6.741570231593570217e-02	-4.591629468456582402e-03	6.309114721266884107e-02	-1.204133326049470903e-01	-2.242916710361913049e-02	1.235142875625607067e-01	2.073754426170568502e-02	1.670750932958228185e-01	-4.926634160948310803e-02	5.464245522806418336e-03	-1.620347561555308827e-03	1.945348053357390250e-01	1.930360790567201001e-01	1.702149539113516630e-01	1.527723155659330423e-01	8.779751024984734642e-02	1.940531566849748035e-01	-1.297209329260449757e-03	-4.081238593817032578e-02	-6.341817663247993619e-02	2.614652594043454514e-01	-6.063331813651800378e-02	1.734500970883908477e-01	-3.232376993451652192e-01	1.302133088709830563e-02	-1.217940907601125361e-01	-4.051977441602275937e-02	-1.955034851606767266e-01	-5.013873597006800464e-01	-4.089642742905729156e-01	-1.664822863626805594e-01	-5.443995562070076399e-01	-3.867169869811121208e-01	-3.799264730547659563e-01	-3.775081537735566206e-01	4.103687047138054322e-01	6.203998811969221872e-02	3.236284392040184588e-01	2.486360857006111591e-01	4.412456543978316992e-01	1.927689831972822510e-01	3.040998283243677158e-01	4.738134500002791349e-01	3.529072330967374382e-01	2.090260202138657653e-01	3.331339186171707323e-01	-3.394150756260867763e-02	1.127131403757271333e-01	1.162765788541975237e-01	2.674871690053048923e-01	2.225735546920672714e-01	1.108089324085207716e-01	-3.584205717145579062e-03	4.597456287394469793e-02	2.455185517169619080e-01	-1.186678531244268475e-01	-1.829083626283579678e-01	-3.137772213155388956e-02	8.093697313036901653e-02	2.568990658528658155e-01	2.782043367669228551e-01	1.226942069171175209e-01	5.602462073084591987e-01	2.518081559516150564e-02	4.796722485474000375e-01	1.816317577646653914e-01	-8.359638835567527460e-03	1.922300277225941767e-01	2.009535272958528906e-01	7.298430523227197875e-02	1.053736280151759547e-01	2.470677910027876956e-02	-2.981553256935055157e-02	5.660578341686320347e-02	-1.668106882255571827e-02	-3.241765973765248915e-02	-1.061413165378780332e-01	4.063173398351421078e-02	4.420163301497018887e-02	1.666088371856977723e-01	2.308417160261866385e-01	1.545003189232427576e-01	-1.606296943122925425e-01	8.949156756659862322e-02	-1.456996610848020623e-01	-1.031779412255452444e-01	2.598123031966479562e-02	-9.249707265993392657e-02	4.967698814870311758e-02	1.441009677284002576e-03	6.085693112972465069e-02	1.970739708741160168e-01	2.300854028632745851e-01	2.136027255632188260e-01	1.975902086566908855e-01	-9.751012006045035874e-02	-1.078814092120095047e-01	3.586222858200636271e-02	2.494932239862012596e-02	1.064238983496402641e-01	-1.397998852120366509e-01	1.614010669261568276e-01	1.139376466913739061e-01	-3.302538444034901488e-01	-8.619871010500045061e-02	-1.239613130543840008e-01	1.556324102281457233e-01	1.965441514537725198e-01	-1.277030854026747590e-02	4.390340477956268701e-03	1.382145459757025130e-01	7.044623448049840142e-02	1.851167470068522392e-01	2.615226861153192583e-01	1.079320926123073648e-01	1.951357198289198069e-01	-7.786803423870462294e-03	7.481975869524630333e-03	6.173976309194984663e-02	1.782466326806380619e-01	8.734226008286972986e-03	3.348235223478847056e-01	1.276677350225089158e-01
-8.278963670419627052e-02	-1.946043348981706667e-01	1.681512844477613677e-01	3.188004642972818714e-01	-3.924397889851773957e-01	-6.017422276009360971e-01	-2.278199916766922573e-01	-3.043926479539554308e-01	2.838350479871275603e-02	-4.473698338805512931e-01	-4.919352947447568902e-01	-5.335115634082031599e-01	3.595058299561919579e-01	4.700671471478130026e-01	2.705023841746625468e-01	4.912330724424747719e-01	5.302866027212000954e-01	6.042441741222442930e-01	4.422486037395059744e-01	2.338404449038117006e-01	2.175614113437103203e-01	1.979005268203336554e-01	2.614693683456520978e-01	1.812563634375219390e-01	-5.024040433542283079e-02	2.278224219205033374e-01	1.722584309344034059e-01	1.127218072255643661e-01	-1.539293496264662886e-01	1.309819288280483773e-01	-2.524273652995862038e-02	-2.671049063438911686e-01	-4.219181801967761825e-01	2.872822487139545244e-01	3.603831548317604772e-01	5.636664609310412244e-01	4.948294525404016153e-01	1.000000000000000000e+00	1.814165881341108510e-01	2.402418550669172814e-01	1.507238688501108537e-01	1.861123803170454949e-01	9.871903518555437407e-02	2.136721346074897665e-01	-6.385723287682805449e-02	4.604406600301719915e-02	-5.538466953353771843e-02	-2.397966044882786918e-01	3.377775922923428181e-02	1.677915665513730198e-02	-9.877140020731199621e-02	-1.290946756948074814e-01	-4.560689330208052006e-01	-5.078388252264109948e-01	-5.522335487674554511e-01	-3.991206667390541363e-02	4.260746580250145826e-02	-1.958457779527596754e-01	2.015146195069274504e-01	9.434285246216256304e-02	9.060738273909953178e-02	-4.775464133046463666e-01	4.146162982917326462e-02	2.517383058086124503e-01	2.313603078223862575e-01	2.604123191054280584e-01	-1.278440106361500572e-01	9.454211219024666324e-02	-6.724455037970980542e-02	-2.345381965973607208e-01	-6.456969435909462041e-01	-5.411758973741512824e-01	-8.477852330625007538e-02	-1.317768399735784746e-01	-1.206372675111504200e-01	2.256398607332211759e-01	-4.303622086254285835e-03	2.112973096019894748e-02	-2.432758069994258587e-01	1.139774683763039448e-01	-6.328288306218579073e-01	6.764371927940802942e-02	-3.808527558854513800e-02	-2.881532426862286056e-01	3.075882857402344461e-01	-2.521686840813329097e-02	7.600978242952849406e-02	-4.654885949300326398e-01	3.314486034847812790e-01	2.890097196859476303e-01	3.472113249176809746e-01	2.025924319713647559e-01	1.662093144011641266e-01	2.689879325998965620e-01	-1.461789062915638815e-01	-3.211240763141284260e-01	-1.358561631580702811e-02	1.632743802944009170e-01	2.632742146667576416e-02	5.068326151959895789e-03	-8.227490354691580077e-02	5.416767004215981007e-01	2.432748187417775598e-02	5.136958965185781656e-01	1.847035402398984061e-01	-4.746692647578197866e-01	-3.323312311870304514e-01	-1.890035607947322949e-01	-4.417091815639782593e-01	-4.274901749588357336e-01	-5.204437864984386986e-01	-6.712750962207560956e-01	4.006354443002339560e-01	1.195002510501472631e-01	3.468001092368693250e-01	1.279121989134750503e-01	7.169252478728024847e-02	3.420292695405706129e-01	4.642783646681560850e-01	4.894468286408772961e-01	5.295222123688546612e-01	3.491015089849072717e-01	1.056390286384773919e-01	6.585413642026700931e-02	1.568112614315166631e-01	8.035298068411873829e-02	6.046444768769091566e-02	2.079473575474569402e-01	1.238385031937157543e-01	2.610363406488586668e-01	-1.058320317860235449e-01	3.835025638109102169e-03	-4.010917487970793727e-01	-5.147330917250130256e-01	1.494844296223789368e-03	-5.712234544496763711e-02	4.323561804373936557e-01	1.921141345788505983e-01	-7.174914066811041713e-02	3.998772673711294412e-01	-3.465276096365642322e-02	3.332452699088320203e-01	1.499471051629414353e-01	-1.951663666591936797e-01	1.896610048281555660e-01	1.420885668908611621e-01	1.708354713397903027e-02	1.627208840839705351e-01	-4.178546340702848222e-02	-9.111092775530721388e-02	-1.852183769729021379e-01	-9.294870393920640073e-02	9.543718654621145825e-02	3.387298820786745213e-02	9.160498184660972876e-02	-1.004191937176943453e-02	4.013805046683511790e-01	4.102146131454274119e-02	-1.028993695368810024e-02	-6.675913022391356533e-01	-3.709854622904738830e-02	-5.896030151145600362e-01	-3.428301689654591478e-01	1.300700597091764554e-01	-5.113958283828466955e-01	-6.176305473900942089e-02	1.509174949042222103e-01	2.331876938897254059e-01	3.273447389536717766e-01	2.595350999710814288e-01	4.221557146303302477e-01	1.787471259332995277e-01	-3.782199601641585418e-01	-1.642594643033553903e-01	2.335155462718105923e-01	-4.707034828358818562e-02	4.224697288932433015e-01	-2.241974067412214333e-01	2.834332919352165470e-01	1.217415877532582735e-01	-4.623554927742559162e-01	-3.943453469343232709e-01	-1.332368232104085282e-01	5.913113983225466025e-02	3.553451530304790884e-01	-7.744814036940465829e-02	3.930669205861405530e-02	3.896919938569674002e-01	-3.974396168377228866e-01	8.691221385487332696e-02	4.298715392512307831e-01	1.580159608207188926e-01	4.400355904967326870e-01	-4.688485570029872762e-01	3.550358005879548917e-02	1.758444516332883789e-01	3.280230132399921117e-01	-1.097355729693919313e-01	-1.161521727032976681e-01	9.000449370971647101e-02
1.902923164932913414e-01	-2.055354960997411440e-01	1.510174733074209352e-01	2.516265447759769014e-01	-4.001095505527061530e-02	-1.178884892629695619e-01	4.823965364269435646e-02	-3.872587941349020513e-02	1.161695684651308652e-01	-5.841916936766302498e-02	-3.193945114469739499e-01	-1.703934193525456775e-01	-1.963237886554531630e-01	-5.476807432493293465e-02	-8.233358757135134098e-02	5.145278494032975297e-02	4.954126575930251769e-02	1.801179249851203867e-01	-8.545350726448046330e-02	-2.761414522999120491e-01	-2.460941086872744377e-01	-3.539908511598910956e-01	-1.640065676570472974e-01	-3.289060865900859110e-01	-2.376185611795385566e-01	-2.940992437438223472e-01	-1.413545314273096931e-01	1.437733137493070815e-02	3.089663996477370334e-01	3.935537246471311201e-01	-1.395787767963516113e-01	3.498426243798438695e-02	-1.508830721613676484e-01	5.267395241273395978e-01	2.785302415720291025e-01	3.705344948377915504e-01	-2.728966288102346177e-02	1.814165881341108510e-01	1.000000000000000000e+00	-8.346136427882581976e-02	-2.667390051036829801e-01	-1.154307274654327170e-01	3.354326841162850181e-01	-1.617715250342320055e-01	2.205384066318347158e-02	1.398219072471108271e-01	-2.337791558803940708e-03	1.693067671193295431e-01	1.498873575082607934e-01	-9.776852632565428969e-02	-1.811109486213094977e-01	-2.567729901607578302e-01	-2.005081641820609106e-01	-3.020436784322035884e-01	-2.873605767027567759e-01	-1.425329026484612183e-01	2.788716420984814204e-01	1.207161993782392972e-01	5.008870446155894163e-01	3.928862833710204394e-01	4.638727343372657796e-01	2.107586555636877801e-01	5.421524456348719712e-01	4.653566128048254313e-01	6.913280843096630823e-01	2.345564250879339785e-01	2.197688875280906229e-01	-3.341411915497440738e-02	5.037200927848561882e-01	-1.582232114923600719e-01	-1.614509222857140047e-01	-3.078276354410275917e-01	-1.391089486953023813e-01	-2.138644596701921308e-01	-3.049381075639140404e-01	2.447707776005124125e-01	-3.910264067938724608e-01	-3.180194218985793464e-01	-2.129276640160709388e-01	-2.179956654472555433e-01	-3.629432731334600870e-01	-1.181362728121868183e-01	1.193789741092554082e-03	-3.099191183523362578e-03	1.133400410662196156e-01	2.466226457599815791e-01	-4.669661838892965461e-02	-2.139121664930441202e-01	2.369970526923419196e-01	3.285819115624534770e-01	3.470099159829677093e-01	-4.263562018266484066e-02	9.740534582908887129e-02	1.062811675898767683e-01	2.635245196673304813e-01	-1.418828242343413981e-01	-1.712797621861371911e-01	8.243340342901077367e-02	4.646916140594201106e-01	-3.533792489413403043e-02	1.285407111698580462e-01	1.705902619718643876e-01	2.222222781352914678e-01	2.147670507040094212e-01	2.207667826169980863e-01	-7.504766686778842344e-02	-7.746248397591336265e-02	-8.747850953018793119e-02	5.525516783521316339e-02	-1.079084296099912382e-01	-2.616207626318587387e-01	-2.185308668347012984e-01	1.124579521504566471e-02	-2.562776123165238507e-01	-1.075155608813350844e-01	-4.784939887849843504e-02	-1.708022430763605215e-01	-2.405160428450903599e-03	-5.764438765446557728e-02	1.140684978397870503e-01	5.073888282021732365e-02	-5.451139851995812774e-02	-2.656855635995964970e-01	-2.101316470548573456e-01	-2.754025422049559135e-01	-3.644825219456306331e-01	-3.428261810890386729e-01	-3.245013894126874132e-01	-2.897739967324464705e-01	-9.894042546137316041e-02	1.878959046454223292e-01	-3.113303587643094783e-01	-6.936681008751326150e-02	-1.295774524993402455e-01	1.592610439289406932e-01	8.621601290243680049e-02	1.372679749054775689e-01	9.724612920200641220e-02	-1.688893822218629492e-01	-1.005643326812600963e-01	3.733777777817182675e-01	-2.188431065668896836e-01	1.801160601932302319e-01	-2.969744862745485325e-01	-1.452237560952593654e-01	-2.110982987219334750e-01	1.105455083942601764e-03	-2.049114941017469160e-01	-1.259946969802137606e-01	-9.936475567682011290e-02	-3.750266770937222827e-01	5.305468838386293018e-02	3.432250203279900436e-02	-2.423282145292642298e-01	-7.365615137274898749e-02	-3.237199583351431098e-01	9.296961657997335204e-02	-4.390959384195325388e-01	-2.427859690221214339e-01	-3.722826352161295871e-01	-8.716017332515760274e-02	-3.874843169279661437e-01	-2.642079991687499851e-01	1.483473080666609101e-01	-1.714479696730507874e-01	1.076660688922305015e-01	3.746009029299957049e-01	3.313676271516301508e-01	3.556456606972953072e-01	1.743125585514409270e-01	2.249860464246957945e-02	3.325942585012561792e-01	-4.539783232407261226e-01	-1.846937938517617117e-01	3.581946602985386363e-01	1.932460235922269232e-01	4.823034888498216322e-02	-8.337680022266573399e-02	1.576912696737987341e-01	8.636979166367847807e-03	-1.979055421571622730e-01	-3.206595668378550701e-01	-2.653930395667302711e-01	-3.447380640729758028e-01	2.750648844972530260e-01	-3.031821596492949578e-01	-1.144172093894067627e-01	-4.964151290651433457e-02	-2.791914882350669536e-01	-2.260741034866890764e-01	-9.445425146525920218e-03	-4.259507882651351884e-02	1.693853824277577469e-01	-3.201038465658243570e-01	-1.157627858047509256e-01	1.634163073782143594e-01	-1.071489060424894030e-01	-6.525698953715482198e-02	-2.830723634780404341e-01	-1.695299384884191574e-01
-7.293122224087467131e-02	-2.354600194889087950e-02	1.016097885066423734e-01	2.751694695703791327e-01	-1.037774561041834021e-01	-2.665281289930132580e-01	2.075626558933094459e-02	1.704629120951040369e-02	1.141511919859979768e-01	-9.686129235515493485e-02	-1.629313975065959097e-01	-1.548945384305841499e-01	3.919460308649720948e-01	4.482934125552235360e-01	2.709360583339659456e-01	3.835104191957697251e-01	3.909160590498003129e-01	2.664962854758475275e-01	-1.022160679856848609e-01	-1.625981011039752053e-02	4.567349955788792548e-01	4.049078956020681352e-01	2.452521161742579614e-01	5.932002838171269721e-01	3.980058525300170791e-01	6.366208647927426023e-01	1.173573222946254352e-01	2.689313722173277688e-01	-4.580877371854358976e-02	2.312754654815627614e-02	2.165549641027925964e-01	-1.844492639421114466e-01	-2.792493785599628464e-01	3.352722026229301711e-02	5.456298925367141228e-01	4.109214294021511504e-01	3.557454877807878502e-01	2.402418550669172814e-01	-8.346136427882581976e-02	1.000000000000000000e+00	4.179370324803156067e-01	5.801186536489484347e-01	1.969302684968852468e-01	3.897396617162169480e-02	2.481140676331184368e-03	1.766282854411269365e-01	3.764701342644311555e-01	-4.063014763700960041e-01	2.094911805494185930e-01	-1.586962971000520084e-01	4.107448961495713813e-01	1.404308935586985607e-01	-1.152475022559348999e-01	-2.191270903775178192e-01	-1.299425963916935323e-01	-2.403321166059592395e-01	3.179278973829161581e-01	-1.563682877078045041e-01	1.132956352312089465e-01	-4.989806708219304832e-02	-1.252701159966102540e-01	-2.541569943191526182e-01	-2.998472491944037532e-02	2.919188833782230819e-01	-4.954762588206269164e-02	1.820980638979055044e-01	5.538248115633380431e-02	-1.708791886513457980e-01	-7.245051141553948693e-02	1.572430142057014701e-01	-3.527425784413606991e-01	-2.178703338097632836e-01	-2.877767369077518719e-02	-6.281652253191519208e-02	-2.574489870118570334e-01	-2.054276268238986458e-01	-8.217684660618096437e-02	-1.830047240226104210e-01	-1.143528643383319027e-01	-1.582901522675559877e-02	-1.068950570349234547e-01	-2.427425715378226101e-01	-4.506067058991111707e-02	-2.432076946412982665e-01	1.487376515589206583e-01	-6.905046706013039104e-02	-8.752274579565723356e-02	-1.898324571719250120e-01	-7.204592858672875973e-03	-1.532238557888915276e-01	-4.088298326020431417e-02	2.425508237790193755e-01	1.199202390895886539e-01	2.339299350107696962e-01	6.947280364639424333e-02	-2.434036372004285964e-01	-3.157766476178234388e-02	-8.179736530740258985e-03	-2.901084409061557845e-02	9.425841830266341870e-02	5.822823052752754830e-02	2.575137479829427423e-01	5.272624893666301611e-03	3.207222690603833692e-01	-7.159987695755848369e-02	-8.080055472642616587e-02	-7.887044641342502715e-02	-3.788652851702217078e-02	-1.918402361125325084e-01	-7.472929738559991319e-02	-1.880757053833873593e-01	-2.384843751009938506e-01	3.720965782682193468e-01	1.387780334908250146e-01	-2.112426624939432729e-02	2.213086108192740820e-01	2.901703897961879081e-02	1.203169560905498620e-01	2.854232980472355408e-01	2.140471785345511579e-01	1.384981057426875641e-02	-1.938860708407601774e-01	7.829241622066533679e-02	7.696802588743556495e-02	-9.236069586353928829e-02	1.663200876991229593e-01	1.600235407977549928e-01	4.054089829424000202e-01	3.363328323093244254e-01	5.667840765830344657e-02	-1.147891078622227529e-01	1.768772579503057885e-01	-2.080180637488071027e-01	-1.690316213802967871e-01	-1.336419916097589811e-01	2.984223100736208261e-03	4.954651068851742557e-01	-1.931109411689983443e-02	6.051819549372873530e-02	2.454601633908858049e-01	-2.125682919449936592e-01	5.846817709160747611e-01	1.503213525902759584e-01	5.633326843805720047e-02	1.440979803290502737e-01	3.899434284116270466e-01	1.271101829586520349e-01	-1.641311572797397866e-01	-2.045430702808374024e-01	7.587703797968622932e-02	5.137939611264860651e-02	-2.483269877782253721e-01	-3.792917325130359396e-01	-2.286625247955467732e-01	9.445439871625163630e-02	-1.738288211410400907e-01	2.286670007023607065e-01	1.839291519770359651e-01	-5.400338941477778043e-02	-1.449859013918380901e-01	-1.568197777650539790e-02	-2.337214031872535125e-01	-1.390126312057505809e-01	3.255310209443402353e-02	-2.609087525118345963e-01	-1.547570914314768120e-01	-9.663177165055980566e-02	1.707376130383956052e-03	6.542582343820077528e-02	1.885887402971161975e-02	-1.769452343418443652e-01	-3.000802160057607915e-01	-3.380112611807481460e-01	-1.988549394942400739e-01	-1.828044572464943840e-01	-2.883953766706782162e-01	1.297740123358377511e-02	-3.236362174135716807e-01	-1.650854443793304815e-01	-2.791105317442408307e-01	-1.924519059115689934e-01	-9.016707140123690623e-02	-1.010934436051926649e-01	-5.029804889199990942e-02	-1.923624116166736397e-01	-2.413628169464504258e-01	-2.825081925277003192e-01	1.171941640999436124e-02	-2.549992367794435832e-01	-2.403252012080995259e-01	1.593764142614711166e-01	-2.806961770231488074e-01	1.524316772047497603e-01	-2.180909428888260226e-01	-2.492082198469884949e-02	4.116590339637934970e-02	2.040920965139998156e-01	4.889847303348371713e-03	2.810775886141699820e-01	4.109944640011927580e-02
-3.050266775033562763e-02	-3.106822853666716400e-01	6.995250153247345448e-02	-1.114066991652681513e-02	1.637573402861577931e-02	-3.913625805636419125e-02	7.434441556646549654e-02	1.267691995634860069e-01	1.854306916644808123e-01	-2.127339938612851297e-02	4.342160797308095010e-02	-4.624623328949536982e-02	3.953954093793055624e-01	2.936771673528632554e-01	4.186443029473474464e-01	3.031346944022746959e-01	2.345400624051482974e-01	1.512666957969852899e-01	4.869367529541911849e-02	2.313815119033539869e-01	4.409556459841388332e-01	4.563181111603150097e-01	3.741462368924911575e-01	3.272030958609632445e-01	3.668412671830796890e-01	4.776079864793255081e-01	1.790657936786555771e-01	2.858643886528299816e-01	-1.769612607013774375e-01	-1.029626091769216684e-01	-2.566629829194384468e-02	-2.585562338878068522e-01	-1.103463508078603716e-01	-2.824875582204365854e-01	2.396799946449202148e-02	-1.414637374923615257e-02	2.148627331829176534e-01	1.507238688501108537e-01	-2.667390051036829801e-01	4.179370324803156622e-01	1.000000000000000000e+00	2.838877429810453545e-01	1.167297828001035986e-01	1.787690079344876892e-01	1.823337294214659177e-01	2.762142367069222448e-01	6.696839428190502763e-02	-1.019498802603815979e-01	1.277647700736354031e-01	2.061148418481774380e-01	2.051958264791945985e-01	1.631659461842069614e-01	4.398046823394349131e-02	5.634022221002830261e-02	2.468648677656483728e-02	1.606345515160588766e-01	-3.299675389304487089e-02	-1.584741156246038396e-01	-1.836450838148341869e-01	-3.503653241512414973e-01	-2.944831773255905949e-01	-7.522286673859308881e-02	-2.124186543744130962e-01	9.907829724882763478e-02	-2.640003147782468695e-01	1.320360717251090055e-01	-1.542165400226691852e-01	-1.125944379816372631e-01	-3.325616278267928827e-01	-4.066606368274442579e-03	-1.021363618240997417e-01	-1.623923619291471054e-01	-1.794911217485853361e-01	-1.835316664481940752e-01	-1.357903340792085412e-01	-2.649712575349856269e-01	-1.036041461747527342e-01	3.566852714951415648e-02	-1.733125734040402433e-01	9.272770083167305999e-02	-5.660176990263983410e-02	1.284692102129738889e-01	-1.248815322401949923e-01	-1.269710539417490403e-01	-9.370564384129513591e-02	-7.828984691410904861e-02	-1.505584332962924543e-01	-8.547677243859090612e-02	-1.154126294482999970e-01	-2.792219981231945994e-02	-8.530500566023375975e-02	2.415741837631358857e-01	1.069489940166594433e-01	2.218870323227092045e-01	7.094281463261895015e-02	-2.381064459923026011e-01	-6.263937461106283688e-02	-4.910427052448812849e-03	-1.920638307424358815e-01	-1.273137855221405379e-01	2.273623712598298735e-02	6.334071368134208679e-02	-1.594815287232818207e-02	-2.564018467496829642e-02	2.269573778633956693e-02	2.785406594149432077e-02	7.125928294399878904e-02	2.228366904384952996e-01	-8.819709282113011306e-02	1.698624289448224861e-03	-3.137072455913503949e-02	-1.019277468014794102e-01	1.480572438448253259e-01	1.834582612886843100e-01	2.676309143092700515e-01	-5.967466910851258743e-02	4.761190644602750731e-03	8.822722842514339400e-03	5.906212952250228937e-02	3.088781153496655829e-02	7.927672833904497729e-02	-5.415367484107268953e-02	6.497017012407804715e-02	3.477385482771498393e-01	-1.303532115529060509e-01	3.412389485305457049e-01	3.822063370004692984e-01	3.951527085715659804e-01	4.175194552670126180e-01	1.660143092806873333e-01	-1.669245173021046968e-01	-2.139051590812388742e-02	-2.480120905182932600e-01	-6.533536499031049327e-02	-1.667395455412611360e-01	-5.867252416725196595e-02	1.302917096389405727e-01	-4.885699976349922730e-02	1.289184860439524238e-01	1.234260476783363564e-01	-2.102163710412312259e-01	4.137777630824451824e-01	1.334228745693136165e-03	-6.348633127208207737e-03	4.204414663689841070e-01	3.183305582366385278e-01	9.313459242825461448e-02	-3.938864288385494558e-03	-8.833183049479872984e-02	2.242453196498631063e-01	1.130335848983891056e-01	3.655635692362307204e-02	-1.278713068469103376e-01	5.832607986917795473e-02	2.119956066674986983e-01	8.016161776014307794e-02	1.212564854653532948e-01	2.911251937804847922e-01	1.256246450389571223e-01	-2.378997551475349470e-02	2.501704358925257998e-01	3.321370514389664769e-02	1.109505967170831969e-01	5.151181024351780824e-02	-1.528944534654641529e-01	-2.575513284382904833e-01	-1.663721811121852412e-01	-7.862326809446655573e-02	-8.563087892657407496e-02	-1.108512714014173312e-01	-4.038130937511725388e-02	-1.699160912053150896e-01	-8.679153989802523839e-02	-9.579766538523590280e-02	-2.281087294284250278e-01	-1.819933092395481511e-01	1.011055981610744503e-01	-4.201627468088576373e-02	-8.593989811639173027e-02	-2.681205706181369330e-01	-1.927665823650401844e-01	-1.263178359309201082e-01	-1.138770263415541106e-01	-6.527868236142141123e-02	-2.577252590203110705e-01	-1.832291312723197674e-01	-2.620207045686834615e-02	2.336852720051239007e-01	-6.335572514143336664e-02	-1.158359845602016935e-01	4.611625369819728933e-03	-5.795796863041347349e-03	1.260811744147939673e-01	-9.530077342244655525e-02	-7.343437404432957838e-02	8.519145287244123121e-02	-5.398539433366505991e-02	-3.408288731233686392e-02	1.472082440115263235e-01	1.370715103687868697e-01
-1.478545603028222633e-01	1.368965983189704937e-02	-1.826053106285725758e-02	1.388819546506460945e-01	-1.644249621775080994e-01	-2.634451659662691014e-01	-1.166882498744179764e-01	-1.273163444325610683e-01	-1.508184466357271047e-01	-1.297915785478633843e-01	-2.109393604439016856e-01	-1.677412993509071470e-01	3.348651035767799544e-01	4.815097992603987742e-01	3.891070863789891643e-01	4.449983457222659311e-01	3.844959216373207145e-01	2.295411899466029138e-01	1.179702201992144026e-02	1.359756405131918311e-01	3.224886214560190312e-01	2.721410239216164317e-01	4.565680201358238155e-01	5.204250323087636909e-01	2.403813341838577367e-01	6.620722718440367194e-01	7.739289575955919653e-02	2.380311367816297929e-01	-4.423810186193261051e-02	-9.241903164231705936e-02	8.437918815596091859e-02	-2.232261257968552737e-01	-1.902114641725317634e-01	-9.013449199914967680e-02	5.141099878036274884e-01	3.591534699022408406e-01	2.554601563673745690e-01	1.861123803170454949e-01	-1.154307274654327170e-01	5.801186536489484347e-01	2.838877429810453545e-01	1.000000000000000000e+00	2.572511540107891292e-01	6.965708502432918330e-03	9.195876851228219906e-02	1.168079653055170558e-01	1.408474075581543361e-01	-2.844866959972071618e-01	2.534186800111755122e-01	2.626263986224191063e-02	3.177102973689922560e-01	6.414044031270005330e-02	-1.162662679428088930e-01	-2.332511569089138481e-01	-3.632176027630055343e-02	1.249313576510248519e-01	5.444416278260481856e-02	-1.362970615532035079e-01	-3.921384238751059181e-02	-6.451840184981449955e-02	-2.413725379221208500e-01	-2.721025111330325763e-01	4.205374229761626829e-03	2.731748837280478792e-01	-3.816664005781770369e-02	-3.650679124034799522e-02	-4.722958279328945408e-02	-1.097498538550948505e-01	-2.101931954834398708e-01	1.531503028541530455e-02	-2.759179386400812950e-01	-2.034421813567646731e-01	-6.324870643457451702e-02	-5.839567728982142381e-02	-8.509050271287164902e-02	-1.970605675873726148e-01	3.152250612438009698e-03	3.526211178292078946e-02	-1.775137922341429308e-01	1.806535162358941515e-01	-1.056905110028994593e-01	5.871152358740511223e-02	1.585968432719981891e-01	-2.219900358853427180e-01	2.685033007729415444e-01	6.179371863553749511e-02	-5.185059164650560048e-02	-1.283823543908280407e-01	2.426628063408190275e-03	-1.006947885862316400e-01	2.290113612732742887e-02	3.496010630697164445e-01	1.221658421761535468e-01	2.282588547066796425e-01	3.881914703218004858e-02	-2.961305687653004726e-01	-1.058236252419232082e-01	1.612244499043886392e-01	4.033872061689358635e-02	4.671905800529050669e-03	-1.097024397979419197e-01	1.623826140563166542e-01	-1.860016144393524251e-01	2.227823366320342835e-01	-1.188761650229557543e-01	-1.876702742080824104e-01	-1.682586989856647841e-01	-6.649258680709344005e-02	-1.921393974957912865e-01	-6.677371313329909241e-02	-1.810129936603890044e-01	-2.025680859050991156e-01	3.734030969738812433e-01	2.020425928487450118e-01	2.737290526755036257e-01	3.581909982006318272e-01	1.812011660973687210e-01	3.253591662228531023e-01	3.012523415860611231e-01	3.061137526579011947e-01	7.543391803978251320e-02	-3.006836902648169288e-02	2.384837192791277871e-01	-2.616031657356018836e-02	-3.902035878792378676e-02	1.144233092614077296e-01	2.827698449401025993e-01	5.517866032795244458e-01	2.338270561930373970e-01	6.602584584906381893e-02	-1.602829063320676262e-01	2.883824260779618842e-02	-1.654249384544415336e-01	-1.168858841942728988e-01	1.769059322417035904e-03	5.193582806249787132e-02	3.191764884269345792e-01	6.495506727760153032e-02	-1.866765873175559032e-02	2.053630545831575949e-01	-1.358164037066700858e-01	4.405018177196687312e-01	1.201728914214288263e-01	7.072183466954441722e-02	1.694454744740502838e-01	4.912502158383628692e-01	3.963370032363911499e-01	5.326790674300525830e-02	-1.736759042553933652e-01	-1.523949436077721639e-02	1.417878545337072915e-01	-1.710186328541906664e-01	-1.792344453978495233e-01	-2.097207217139615901e-02	2.228239338504653111e-01	-7.343323370082419088e-02	1.620138421428879982e-01	3.332137680248961620e-01	1.495490060451916126e-01	-9.980336918595514306e-02	1.456675929788542323e-01	-1.565272669445124110e-01	-2.537535879383019388e-01	-7.865941795221444155e-02	-1.339565954529165770e-01	-1.206336246528358618e-03	-8.316772735008537420e-02	1.017888045136503133e-01	8.442802618077696608e-02	-1.248617033240776303e-01	-1.091180592735140342e-01	-1.226721705775507959e-01	-1.569781568868377775e-01	-8.997354909508607779e-02	-3.368474177542900294e-02	-1.899220587733403687e-01	1.338541950133873559e-01	-1.095864184586710227e-01	-5.794337652660005306e-02	-1.235518774434319345e-01	-1.488383407412670889e-01	-1.094059995453593587e-01	2.905894711208166850e-02	2.611608715701102187e-02	-1.797262883891167715e-02	-2.882434849384725786e-02	8.423611165673521028e-02	8.038838175655420304e-03	-1.618585063764290399e-01	-1.267295360924489689e-01	2.613934986990680276e-01	-1.193414808248974696e-01	2.412655480532221453e-01	-1.318279843150681196e-01	-9.627919177288178643e-02	-1.083050948348179277e-01	3.051199959751254021e-01	-4.875886092292532059e-02	1.091105952203122592e-01	8.471221874822999764e-02
-4.212432959300711072e-02	-2.232870906747993489e-01	7.556869678145847202e-02	3.058239039830919215e-02	-2.546696989385852650e-01	-2.641998534950452115e-01	-4.500061206609835135e-02	-9.225369955518157583e-02	-2.042186379606462585e-02	-1.004867680885098563e-01	-3.164848299545926502e-01	-1.880013229476406034e-01	-1.560282052473602708e-02	6.981051228868943859e-02	1.950153718585197760e-01	2.086603278529040872e-01	4.574674926976406847e-02	-3.894990853449223356e-02	1.880900488117229902e-02	-4.765801419129632455e-02	1.432299724430531780e-02	-1.869115208840418652e-01	-1.117299539597456023e-02	9.243162507261068472e-02	1.353379218204627532e-01	1.192467400306944370e-01	4.106110475205270588e-02	2.044353391927233032e-01	-2.122019314577816007e-01	-2.046776373183355896e-02	-2.837087677839664202e-01	-3.326597169089651196e-01	-3.011209991947559894e-01	2.079522917406363969e-01	3.532185204140484425e-01	3.091337250871802889e-01	5.142742174203610711e-02	9.871903518555437407e-02	3.354326841162850181e-01	1.969302684968852468e-01	1.167297828001035848e-01	2.572511540107891292e-01	1.000000000000000000e+00	-3.990058566187185685e-01	-1.127118800752821975e-01	3.669208848142683221e-01	6.743247221048123685e-02	1.275050706405505274e-01	4.739303552122544061e-01	-2.123767658446305828e-01	1.903234399689109069e-01	2.412569391054649182e-01	-7.636061768602998845e-02	-2.630037275697054699e-01	-1.163494080167566946e-01	-2.101353367895474750e-02	1.185538227616963897e-01	6.738025352906462651e-02	3.026578529668932926e-01	1.800515217901691584e-02	-1.431607931796987365e-01	2.022293116253102707e-01	4.320511889488113932e-01	6.218632690588548062e-01	4.071815089319115732e-01	1.117050692919515503e-01	1.281560549964625428e-01	-6.513619781026515343e-02	1.679275178394744605e-01	2.415818730366525169e-01	-1.913544723041129825e-01	-4.533108157293247453e-01	-4.261822460135506474e-01	-3.776288587387320872e-01	-1.560908090778618529e-01	8.236201669240222900e-02	-3.947938052968192890e-01	-2.961920382209414226e-01	-4.762904879103673772e-01	-1.419873704491765309e-01	-1.126998121860772473e-01	-2.318894165927309070e-01	3.278523485617076960e-02	-1.375340068166581720e-01	6.093857183648304643e-02	1.710583071336521932e-01	-2.329019790755984531e-01	-1.035507850797448837e-01	2.478034632349411515e-01	2.374183476540605020e-01	4.240887071968472144e-01	2.883988800687033449e-01	4.164362114701255502e-01	5.442434369316743181e-01	4.812461927795316785e-01	-5.235231687407682077e-01	-5.049161577164251735e-01	-1.533231629709002897e-01	2.856093459196089590e-01	-2.362563062023652072e-01	9.022511962714401673e-03	6.058385749180487251e-02	1.857432846936245968e-02	8.600268048260072129e-02	-1.435886257700781377e-01	-1.234152610931821964e-01	-8.328101385952027536e-02	-1.121262141672641627e-01	-8.905470484228120154e-02	-9.064908728694157092e-02	-3.210050659855036015e-01	-3.033557229249133624e-01	1.164100495015631120e-01	1.576098155951653479e-01	7.153545303539719791e-02	8.308724830030776720e-02	6.756039047794518138e-02	9.179277721853421057e-02	2.868664296489701823e-02	1.266131763614066486e-01	1.426183992286598479e-01	-5.251940021056479557e-03	2.138835145548939262e-02	-2.430949786734686868e-01	-2.692663745251869800e-01	-1.696506272226428191e-01	-1.220808135300175401e-01	5.726495122305413910e-02	-6.146044460364036288e-02	1.080882815433190647e-01	-8.271342924678791453e-02	-5.265213949371441160e-01	-2.934913063668078692e-01	-1.410789987890347652e-01	1.023368750450762282e-01	1.105364063610939501e-01	1.807433298232330177e-01	1.682146600547353155e-01	-3.574514118285637698e-01	5.520176045453245584e-02	1.584503998468537178e-01	7.525720335728988686e-02	8.287356405022341943e-02	-8.341790941279410287e-02	1.470821055635337382e-01	1.787400845678097927e-01	-1.709693835104772117e-02	-2.107193549489866091e-01	-3.780082263726524672e-01	1.366934236868995178e-01	2.072374810795904465e-02	3.240347737406961137e-01	-8.074886157930996622e-02	-1.153768798891255803e-01	-3.791690990609664774e-02	-2.724991137832231680e-01	2.550719224071514857e-01	1.197925368357235232e-01	-2.149165369609611076e-02	-1.560051582828710648e-01	7.863344542997129094e-02	-1.875684807455208214e-01	-7.567620557407481185e-02	-2.152890671024476621e-01	-2.790400608260832499e-02	1.428599298032283138e-01	4.396048914392286511e-02	3.563023209915629486e-01	1.704238639499708052e-01	-3.925836871335432882e-02	8.611516839445328142e-02	2.750153856836256017e-01	-2.385052667924469072e-01	-3.756328055085144529e-02	3.239672301437696023e-01	9.969082158254370662e-02	3.056188620875133766e-01	7.790749397699444148e-03	2.972333654352085630e-01	-2.634173715067049670e-01	-3.826359047416313941e-01	-3.455512538772678721e-01	-2.877371101986107016e-01	-4.115978312013450213e-01	5.103041306663518017e-02	-4.213947476934999381e-01	-2.296892038197053121e-01	-1.602660900031201430e-01	-1.830562693662738660e-01	-1.808093818056664137e-01	1.753179991378963493e-02	8.047908625228680779e-02	3.813537687813393640e-01	-2.878368295356236728e-01	-4.231618708777462601e-01	-1.042542322758061545e-02	-1.660018935828947995e-01	9.688955164522405211e-03	-2.524107565961113964e-01	6.357291158124740715e-02
-1.204004304341514675e-01	-1.824489619710982502e-01	-1.834803794498092167e-01	-1.849311926842325815e-01	5.790681296977710779e-02	-1.870883320316006626e-02	1.263469248898431152e-01	4.933757735992339022e-02	1.347257868033271411e-01	-4.311852110677723629e-03	2.775438009164933328e-01	-7.750105880067799380e-02	3.281551090040331631e-01	7.954219706534419732e-02	4.413401360121143452e-02	1.604176099926264351e-02	1.516034670322818079e-01	2.625257819377428414e-01	2.789262836063327589e-01	3.263629171375355131e-01	9.278511627880751955e-02	2.623345382871537512e-01	3.092443390400750336e-01	8.114955744763314993e-02	-5.472552296651505416e-02	2.141404396417745659e-01	1.519730547168164636e-01	1.050674802320595846e-01	1.370259569277458567e-01	-7.260438168874615295e-02	3.279889965810319219e-01	-3.425472421910947390e-02	1.547752413993718108e-02	-1.946456541334351253e-01	-1.607864011702583862e-01	-9.118251770763075026e-02	2.923560069076081014e-01	2.136721346074897943e-01	-1.617715250342319777e-01	3.897396617162170174e-02	1.787690079344876892e-01	6.965708502432918330e-03	-3.990058566187185685e-01	1.000000000000000000e+00	3.418417461092921328e-01	-2.611929398056431553e-02	2.160986978765016553e-01	5.102297297377687141e-02	-5.186890391199015099e-02	3.506102374569475266e-01	1.087031569529923331e-01	-3.103503428070227346e-02	1.282082645495393747e-01	1.919126909390644342e-01	-1.728324706441298000e-02	7.433161028573291584e-02	9.923406458330921720e-02	3.475797594519045020e-02	-1.539065171858151893e-01	-1.182310847698850587e-01	1.627224604280434472e-01	-1.616926941297066322e-01	-2.631419479896277003e-01	-2.943294638905152860e-01	-2.688679234542506458e-01	1.726605989055650936e-01	6.380642056662053085e-02	2.341212634376521329e-01	-1.979616570051573321e-01	-6.858005990559380705e-02	7.984166287274730919e-03	1.449727629751089986e-01	2.762956815410997913e-01	2.856292411424649069e-01	1.052580174322524653e-01	-2.728650025877901730e-02	2.710554418305167745e-01	4.597864144167665978e-01	3.027084152884438328e-01	2.930794224634725165e-01	2.604293561326131642e-02	3.286199467831312782e-01	1.939687230201266044e-02	1.938059176087422730e-01	-5.342767467010808846e-02	-3.319881230804318933e-02	2.245378978854190855e-01	6.073116348272526027e-02	-3.060841688576296585e-02	5.421475041667894734e-02	-1.194462110707897318e-01	-3.388259888299998551e-02	-1.795625759840953906e-01	-1.692127169170916656e-01	-1.678657322115496842e-01	2.280230936542063103e-01	3.554868320677916915e-01	3.671660213292025077e-01	-1.352312167288280964e-01	2.807252380962342309e-01	-1.901792744285515924e-02	6.222936924397867026e-02	-1.961313669143758820e-01	-1.120771098803972216e-01	1.361264377543107418e-01	-1.519214038584708049e-01	-3.737713076695817205e-02	1.566687417065727450e-01	-8.571890268438411842e-02	4.811481389370855788e-02	1.378291554697682053e-01	4.534961713866540040e-02	4.005914798443952624e-02	9.511593263205674054e-02	2.756587575320726957e-01	1.848415123154711903e-02	7.363622179429361869e-02	9.145597742803343588e-02	1.096689231731108743e-01	-2.308954662960435722e-02	1.891141814121932441e-01	2.116079324014361884e-01	2.524234567147964348e-01	3.138167004325402853e-01	1.313513526732392189e-01	3.869829270986898662e-01	3.699636611874009273e-01	7.329938221997060743e-02	1.779803285935176449e-01	7.013942809573904535e-02	3.420644204943568828e-02	4.764211268289246237e-01	3.631999929363836227e-02	1.354131202153327019e-03	-1.921590836120046220e-01	-6.174734066267410781e-02	2.170387856961151010e-02	-6.207601302122482678e-02	3.752744357666186747e-01	2.936777386215969621e-01	-2.155368282922449363e-01	2.903720874059155244e-01	-3.907278364328133080e-02	1.035419132371031142e-01	1.227928617023007346e-01	7.316158020902241432e-02	2.556317042775861359e-01	4.374118470184193974e-01	4.286525794672140233e-01	2.945332063097378869e-02	3.835020167930455054e-02	-2.971511381599596380e-01	1.201114952923404283e-01	2.066596100728051444e-01	1.113555254199140171e-01	2.509927722305578812e-01	-7.415161339753081893e-02	-9.366821615121845301e-02	7.222958366000306607e-02	1.002604206103890894e-02	1.123408882002597670e-01	1.131221815175311313e-01	1.729332008141522270e-01	3.171022779466081687e-01	-1.102581057016739502e-01	-2.437063465916058935e-01	-2.026467252615415104e-01	-2.733448231808048856e-01	-1.968843907206449528e-01	1.827729887985409529e-01	1.754132862039636462e-02	-2.430389703815112323e-01	4.734081767224933290e-02	-1.179237448805634664e-02	-2.911345608764883131e-01	-2.298502375880292492e-01	-1.847147360704712027e-01	-1.497106106142740214e-02	-1.939730780849694414e-01	7.252635687367010864e-02	1.169622731005696276e-01	1.317301151301771001e-01	2.011455812918134245e-01	3.221325961994704334e-01	3.324833497414474148e-02	2.536696662281979764e-01	3.100155042469289746e-01	2.676888026894658212e-01	1.012593509561189736e-01	1.730964897550101023e-01	9.862883835787732145e-02	-5.610650094055933540e-02	-1.750418248277232081e-01	9.181039715045691274e-02	3.421346399279440176e-01	1.903478520043212219e-01	1.666972439492825919e-01	8.652025746826348673e-02	2.726653782853957764e-01	1.009840886370182156e-01
1.669693702388483636e-01	5.815900728386077384e-02	-1.501470835547017747e-02	-8.472111177903160484e-02	1.573455011784596624e-01	2.464531930219431566e-01	1.812558432615875292e-01	1.905511300970791910e-01	3.418255775396876472e-02	2.893757169742629531e-01	3.375283830554847153e-01	2.808543571135106443e-01	1.512788557728705560e-02	-7.386947836185531191e-02	-1.418328835395131771e-01	-1.816419106283582718e-01	-1.328019094827978530e-01	6.199864960423494969e-02	-1.489523050199161036e-01	-9.770071040884641123e-02	-1.145808980374705965e-01	-7.260768450161035614e-02	3.325668772941850482e-02	-4.227652086998491543e-02	-2.477369003417791843e-02	4.618602230717243351e-02	-2.381145611197607870e-01	-9.840952561746120486e-02	2.079168412890749773e-01	7.004005407718834342e-02	8.505922861122500178e-02	1.350257901283884454e-01	1.591762289047496670e-01	-2.789142024415812160e-01	-9.160084449739330781e-02	-1.291375379981949401e-01	-1.001538857835089780e-01	-6.385723287682805449e-02	2.205384066318347158e-02	2.481140676331184368e-03	1.823337294214659177e-01	9.195876851228219906e-02	-1.127118800752821975e-01	3.418417461092921328e-01	1.000000000000000000e+00	2.874189284417509871e-01	2.277466223425054781e-01	1.685598884434210687e-01	3.042756890177521489e-01	5.551696402576251632e-01	-5.416663191956110762e-02	-2.581848721842775474e-01	2.439849446432972579e-01	2.451726494696442327e-01	-5.818178285407850370e-03	-1.289510442448246197e-01	-5.559803984663434090e-02	-6.716397751475322760e-03	-1.612466191228520418e-01	8.907957904122652815e-03	7.511477039186549576e-02	6.852058235409466680e-02	-2.208714853645318277e-01	-4.366227182152588454e-02	-4.558179881317840632e-02	3.276335249761487267e-01	-1.149468798445634488e-01	-1.601630610577024771e-01	-3.548222975956208392e-01	-1.307875487440106621e-01	1.324106501457046614e-01	2.613819630747318823e-01	1.202268225574915916e-01	4.363271216312041845e-01	-1.879704286776918143e-01	-1.972761423599171116e-01	-8.420345769690122661e-02	3.699963400560091764e-01	9.330374766461375924e-02	1.683196722948392399e-01	1.086333741406790010e-01	4.423959675534397396e-01	-2.032428489529196913e-01	2.227748199764864948e-02	-2.134317909516408873e-01	-1.699762054945563594e-01	-3.141469495323682276e-02	-1.371463241710411778e-02	-2.886945141852891306e-01	-1.945081613553098152e-02	-8.327720147949296825e-02	-7.509742784742443056e-02	-3.103254192273330880e-01	-2.573650857173760964e-01	-1.981506767817433345e-01	1.831905117315633658e-01	1.662011311241693712e-01	1.323905158087826661e-01	-1.530984541752668515e-01	-1.451624409204609611e-01	6.156762307352792174e-02	3.256521253730166460e-02	-8.201463170830701477e-02	-1.048373658749208598e-01	7.018905912175138484e-02	1.730171867138854125e-01	1.410975610996320628e-01	1.307572084931404865e-01	2.610702383961559514e-01	3.027326911513448238e-01	2.808339929379986000e-01	3.018040302948406528e-01	-1.312563094457097623e-02	-1.703175122282388487e-01	1.362202706126537308e-02	-6.931103329420969239e-02	-1.248572346624638174e-01	-1.347079974275172398e-01	-1.054121400316801183e-01	1.813877049640793757e-02	-3.107035794594829037e-01	-1.630971574268555713e-01	-1.695317480238590080e-01	9.266401147282872508e-02	-7.670369970490681366e-02	-9.268154526662804316e-03	-5.599426554510181231e-02	-5.737593753179270201e-02	-2.366993315122616903e-01	-3.100161940047392872e-01	-5.932815557878216156e-02	6.467375557966495436e-02	1.449057217170545420e-01	5.816185898830413675e-02	-1.412003317378405023e-02	-1.205539674037580354e-02	-2.061071751507353722e-01	-1.170922203271282103e-01	1.778759880704790797e-01	-7.134653106198815542e-02	4.734897110185891378e-02	-7.028740359212620747e-02	-9.436606644330822191e-02	-2.050170210793163944e-02	3.103739263337233420e-02	2.111072937128620486e-01	5.936491150011030671e-01	1.786610323774601716e-01	3.144164490983910043e-01	2.980610040383037118e-01	1.148366596995735595e-01	-7.928991845354280144e-02	1.604719787239287931e-01	3.236674420060846602e-01	3.111218812112626630e-01	5.444698473018889651e-01	-2.833828724371031393e-01	-1.898685319538709060e-01	1.320120731772246592e-02	1.233916336811867603e-01	1.512541067855434351e-01	1.511986445553472058e-01	1.225102438572557156e-01	3.654800960045649638e-02	4.578065130571661728e-02	-8.968586214502149989e-02	-2.273473112954303710e-02	-1.498559555483887362e-01	-2.969243967513305327e-01	3.280094243399274689e-01	-2.727828097979870248e-01	-2.048729794259042947e-01	1.149447281994823988e-01	1.377891631217825763e-01	-1.969788036209446092e-01	-1.775374904236478313e-01	-1.585282400323315410e-01	-2.138325236910435245e-01	-2.027923524125303523e-01	-9.657339125683847688e-04	2.784156092930971105e-01	6.871738988644895962e-02	4.005549277288875110e-01	-4.732204403197985687e-02	1.509702587579618213e-02	2.702088568042615088e-02	4.896437058403727560e-01	4.535709818568960383e-01	-2.577002771836529871e-02	-1.367198095439562944e-01	-7.944286209432060986e-02	-1.267960130574668776e-01	-3.201225403396520397e-01	9.354422867597278479e-02	5.267578743313505035e-02	-8.911879429252309026e-02	-1.234293700405472566e-01	-2.234028002556243120e-02	-1.102850413715615735e-01	-7.509271213012838619e-02
1.663329717240331629e-01	-2.369013384942545569e-02	-2.696884063197229828e-02	3.481618262759200028e-02	1.160879855786990794e-01	3.555669089223201977e-04	1.265233245649858285e-01	2.285167839095694764e-01	2.387384127449659055e-01	1.117742713800309318e-01	8.926406151290716684e-02	-2.128856440302894990e-02	2.187572618062579577e-01	2.486910066419691784e-02	1.721663188810446110e-02	5.178756727006426919e-02	1.397220204254953357e-01	3.923500080448916183e-02	1.763329981262795887e-01	-4.263386963994899442e-02	5.348937711707934389e-02	9.675323661842130663e-02	2.313535088135328446e-02	7.585091373376127988e-02	2.713723599850483281e-01	2.027989282065025545e-01	-7.090619275029289015e-02	3.308345124009147709e-01	-1.072463654744143235e-01	9.682295988029181177e-02	5.499747341533719330e-02	-6.984843318776833010e-02	-8.184454388599049501e-02	-1.139144019594274942e-01	1.522275671653295359e-01	1.058608681849934480e-01	5.858457872507809305e-02	4.604406600301719915e-02	1.398219072471108271e-01	1.766282854411269365e-01	2.762142367069221893e-01	1.168079653055170419e-01	3.669208848142683221e-01	-2.611929398056431553e-02	2.874189284417509316e-01	1.000000000000000000e+00	2.641997261083586235e-01	1.880052313849526202e-01	1.980245812845124187e-01	8.960628772171974621e-02	-1.582181070365017428e-01	-1.456157033575533888e-01	-2.152860485120936321e-02	-2.250794822120525188e-02	-4.459922178445391294e-02	-1.628224466153146699e-01	6.941161483907330731e-02	-1.207374609788389452e-01	1.086569572458340738e-01	-1.165267776778065728e-01	-1.209648953464977500e-01	1.204297913766585598e-01	3.683445808056411835e-02	2.929972683787525067e-01	4.366592262942214919e-02	1.313254784328450886e-01	-1.702075294824570428e-01	-6.303740245318607827e-02	-1.862468142198527854e-01	3.463620384117111622e-02	-4.561233085733994164e-02	-1.670663502066769834e-01	-2.867728033937179122e-01	-6.318897576596978205e-02	-8.408646773277421438e-02	-2.096451179794992514e-01	-2.447289685696032169e-01	1.485388293930083557e-02	-2.306903284069909132e-01	-2.900597311814935853e-01	7.069131461919794801e-02	-1.964338072692208698e-02	-1.561709693615487560e-01	-2.220545541440686194e-02	-1.015983653364092992e-01	-8.104062536075380685e-02	-7.862688739308057451e-02	-4.595385843818540483e-02	-1.137438051972963632e-01	1.939654507928686641e-02	2.444512778522182905e-01	-3.986377368344378586e-03	-3.200394053100691361e-02	7.570038392350884882e-02	1.401118650995716863e-01	-2.295456288504325315e-01	-1.537510583745254067e-01	-1.013389820625666682e-01	6.635323926463067290e-02	-2.544069450206076777e-01	1.546399405760118806e-01	1.123466332235623782e-01	5.634665024183369009e-02	1.351550838272424886e-02	1.254103873582678719e-01	4.975318821582958018e-02	3.393329271793026937e-03	1.971584796813029283e-01	6.762310151425759974e-02	1.364474110996962974e-01	-2.763145978521119178e-02	-6.177265303819855918e-03	1.622705682062264565e-01	2.653341911541532427e-01	1.829531876463457996e-01	-4.581893151258112362e-02	2.930930504799808545e-02	-1.593114857001570739e-02	1.332766108252905202e-01	-8.734758532499156680e-02	1.052316126282902969e-01	1.722561872606977185e-01	3.384572401257881363e-02	2.596562318933867131e-01	-1.703733211604826006e-02	2.191446882290128823e-02	1.815817478222423939e-02	2.068547004640345355e-01	4.590434986565637698e-02	2.307492228039882687e-02	8.855407123455487362e-02	-2.063611473539755103e-01	-1.049599792954537675e-01	9.446218079880266179e-04	1.573765333837845448e-01	1.634618023805835818e-01	6.916970968734129088e-02	1.605935412103301485e-01	-1.460912794981262808e-01	9.302634278729270123e-02	1.200016866730119029e-02	1.609433408679021016e-01	1.334512211527557335e-01	-1.507752699900652138e-01	1.517540409376564037e-01	3.767259473494380395e-01	1.541249972761975506e-01	-2.204743509905578158e-02	-1.248001118816115806e-01	5.124509792799917252e-01	3.932237519874334231e-01	2.319384911146930017e-01	1.686620736187549249e-02	-1.303656863039471744e-02	8.549070379678473663e-02	-8.588331205727897655e-03	-1.826093569903407821e-01	-1.689292845366679452e-01	-1.849907696914805943e-01	4.428612335278252904e-02	1.182178936225732752e-01	5.154042912665267318e-02	4.299547842025328026e-02	-9.434312979408757474e-03	1.254733003077407871e-01	2.453856494984691106e-01	3.160660300798249361e-02	2.686590013055143999e-01	5.002381683229930459e-02	1.497159360529070303e-02	-5.018709747792680226e-02	6.787383532818902498e-02	5.789814884507175213e-02	3.256192208364577234e-01	3.960660240266952736e-02	-4.055153152707186709e-02	-3.009429254537186564e-03	-1.777378836529295292e-01	3.915200997894029838e-02	-2.732753034484637356e-01	-1.400552850311276576e-01	-1.805608597989118713e-01	3.660194626246494193e-02	-1.018118997276064031e-01	-1.326487687433192397e-01	-2.061910743849158512e-01	-5.046250350448030358e-02	1.872499151127517136e-02	-1.310221744974436053e-01	-2.198171562849402516e-01	-1.361433878472300130e-01	2.025282244865379486e-02	-7.434472173278259058e-03	-6.717251181620660649e-02	-7.757902674629629791e-02	6.668295513378878769e-02	-1.193367011633481856e-01	3.119941593902831323e-01	-5.405525152610015510e-02	1.487937809626547758e-01
-6.815722043220706627e-02	7.396286283487299440e-02	-2.089508523309916155e-01	-4.633288445607066514e-02	1.625182232405364968e-01	1.283654946529962093e-01	2.344049398166253295e-01	1.184640092855701737e-01	1.097805677768451810e-01	1.707733674758648845e-01	2.657780196135884898e-01	1.545717077599396694e-01	1.693211908353402517e-01	-1.272598262149620962e-01	-3.426080376485104440e-01	-1.603904614411806595e-01	-9.956067706990356925e-02	-6.236499275855132696e-02	-1.199922966555729137e-01	-2.859221467618709989e-01	8.341834741293706335e-02	-3.452403287079050531e-02	-6.923949357434897034e-02	2.718043999766212027e-01	1.880448876281482495e-01	1.165320979725998213e-01	-5.981524877371593302e-02	6.540710395515257625e-02	1.666719500418860633e-01	3.631365589669336563e-02	2.939373537495573729e-01	5.787488937194994881e-02	7.522929031249669940e-02	-7.191781953220917345e-02	1.240090461407351852e-01	1.927259853643469717e-02	2.650263621054578175e-02	-5.538466953353771149e-02	-2.337791558803940274e-03	3.764701342644311555e-01	6.696839428190504151e-02	1.408474075581543361e-01	6.743247221048123685e-02	2.160986978765016830e-01	2.277466223425054781e-01	2.641997261083586235e-01	1.000000000000000000e+00	7.119446492862628595e-02	2.205646051615664238e-01	-5.231484975557217781e-02	1.644478040137742625e-01	-8.380149354568301734e-02	1.963413382429144427e-01	1.284202479695634447e-01	7.326726475481332157e-02	-2.759534501077383073e-01	1.588617210344196728e-01	7.733941410020961360e-02	1.190888029712009188e-01	1.033126951411803413e-01	-5.336660284262976367e-02	1.252160380151178254e-01	3.327619380646239244e-02	-4.282489621873267205e-02	-3.587497108267852924e-02	2.415469518419028350e-01	7.110907842076795438e-02	2.432703809020981545e-01	-2.686823830613422823e-02	1.853423457295251819e-01	2.191750775505819579e-02	2.386676983877798475e-01	2.501904434793739695e-01	3.395378106353688641e-01	1.493147605521283165e-02	-1.980162126879522477e-01	3.598218391636630320e-02	-3.849009781130044439e-02	1.750354732445455475e-01	-1.136960156033669095e-01	1.964713954071677093e-01	-1.289954087568361552e-01	-1.202360470415021060e-01	2.039013647788275735e-02	-1.136426139978668065e-01	-4.751587074140391914e-02	2.661149487386973989e-01	1.002887695835453976e-03	-1.325414299932039519e-01	-1.565354689055510617e-01	-1.907790524537916754e-02	9.946015556096739207e-02	-2.831511992585100321e-02	4.426136538883507221e-02	2.083436961904147899e-01	7.234580034538906634e-02	5.535232432012397036e-02	9.505431179339107750e-03	1.269176616025906312e-01	3.190022438575589314e-01	9.619624018203501437e-02	5.733469572760817312e-02	-2.140487071050063417e-01	1.218621875394890891e-02	8.001057926666360620e-02	1.492444727392564230e-01	-2.857663599832598045e-02	6.990259718511510068e-02	5.866996974915716229e-02	1.268843865100820478e-01	1.830867032459647936e-01	2.131433368936395123e-01	5.452396631759500595e-02	-4.915753463875471851e-02	-1.577620980090319314e-01	-1.582179755911661823e-01	-1.456447003451766253e-01	-1.991969633883660384e-01	2.831275756808210309e-02	-8.723497261351678689e-02	-1.189228837180873743e-01	-1.122147592487045403e-01	-6.542790387233146654e-02	1.790310414177536920e-03	-9.537579739757151565e-02	1.006370466198267671e-01	1.761696697614042800e-03	-4.429113442673185408e-02	-5.137255773977818241e-02	-2.068526222575709783e-01	-4.741791914391547264e-02	2.722394740049985384e-01	-2.037876131384369280e-02	1.241483335425756368e-01	-4.622671365834161994e-02	4.726849325228801857e-02	6.615761181474054918e-03	-1.115614982092096724e-01	2.497372913441415487e-01	6.392073275060780602e-02	-1.955900710077056182e-01	1.757376393533507108e-01	2.524471634810093179e-01	1.666676628108496871e-01	4.074586188906108991e-02	2.978462063732185694e-01	1.675991676222262916e-01	9.553704206411646471e-02	2.425438459804963795e-02	3.350678759069392054e-01	4.154766123168922576e-01	-8.086867453100954339e-02	-7.707741337872484055e-02	-8.058346983125648511e-02	2.697835264769686894e-02	-6.770874630093146052e-02	-1.827420297646640823e-01	-9.939112716740410025e-02	-1.681670426547295094e-01	1.622555353176207416e-01	2.762615563596929058e-02	8.525640291847053076e-02	4.330689196033163380e-02	-4.575545639320020516e-04	2.609134477081673231e-02	-1.413913100744812745e-01	-2.888323766388464220e-01	-3.184730647571915735e-02	3.358392564890887166e-02	9.306835284206181613e-02	-4.343455383681035231e-01	-4.378295581204726949e-01	7.823777768931212961e-02	1.464948793724929477e-01	-2.691755922816914115e-01	-7.367142253554648246e-02	-1.919908579654497072e-01	-2.059576008452385920e-01	-2.434987374634332846e-01	-2.415380367912777493e-01	2.239322042225450338e-01	1.635092138797257788e-01	2.725751292971625994e-01	2.254949952681289116e-01	-1.618971257508152184e-01	-3.612837812424329192e-02	-7.061035285521063964e-02	-3.110891778009283737e-02	-4.465620838065707809e-02	-1.146944094327518593e-01	-1.902978005571031445e-02	-1.291307917506574754e-01	-1.174202981022899883e-01	2.916756398248596810e-02	8.687061220192729546e-04	-1.844131976569345632e-01	7.795723761490780390e-02	2.549304154364597785e-01	3.655772264050840548e-01	-4.175344828307999551e-03
-3.528512643449540492e-02	-1.176006415631350860e-01	-1.855019577100983363e-01	-2.705431257690751878e-01	8.285867788844274162e-02	1.595144445962586033e-01	-2.578957578464197153e-02	-1.199192229374317770e-02	-1.790262971534211378e-01	6.458410888600512982e-03	5.205063026404427307e-02	-8.912551232397701584e-02	-2.998985082064295482e-01	-3.131725028174546788e-01	-1.603617834085196148e-01	-3.311222009042644743e-01	-2.522148062574960381e-01	-1.849612403540163430e-01	-8.211358278262327615e-02	3.663039587817215614e-02	-2.719903527401517085e-01	-3.341596277896303202e-01	-1.487848518743378479e-01	-3.239496977762859053e-01	-3.558467429552972239e-01	-3.945252873035949293e-01	-7.359148545356497539e-02	3.165711526811695875e-02	-1.050072545649414490e-01	-8.747680989712251776e-02	-2.099184182441340973e-01	4.170341638556037192e-03	1.458076100019268795e-01	4.609805285791746671e-02	-1.331648528828708600e-01	-1.795992624851038000e-01	-1.696268662240690839e-01	-2.397966044882786918e-01	1.693067671193295431e-01	-4.063014763700960041e-01	-1.019498802603815979e-01	-2.844866959972071618e-01	1.275050706405504997e-01	5.102297297377687141e-02	1.685598884434210687e-01	1.880052313849526202e-01	7.119446492862628595e-02	1.000000000000000000e+00	1.214944263431596005e-01	3.177873017211588214e-01	-1.620758320067617331e-01	-1.147405627686136909e-01	2.281681889271422736e-01	1.949904045739949965e-01	5.229138141360512027e-02	1.219007090125406034e-01	-1.315938806861506952e-02	1.315006512221601198e-01	9.027041874344822470e-02	1.920939700716450121e-02	5.911444695346820821e-02	5.043378256601485088e-01	1.176770206353490444e-01	6.929312779683274859e-02	-4.431947961497553073e-02	1.235440273305260517e-01	-6.423399677167144182e-03	2.769779056483877566e-01	1.561939736331600936e-01	3.198369528903545200e-01	4.346529037380119087e-01	9.994648493397149946e-02	-1.847345250843794029e-01	1.465420827128206642e-02	1.588787890140940240e-01	2.175068364837060009e-01	-1.582780659708742099e-01	9.039109531279450327e-02	-5.445387450639407184e-02	-1.041759078641727176e-01	2.634820026695075534e-01	3.686572708932397968e-01	1.774937795076274860e-01	4.103490351152315752e-01	-1.809547917572437159e-01	1.904836700122209125e-01	6.546313447452990764e-02	3.318890110554231776e-01	2.921614171213066657e-01	4.024086590879685232e-01	3.862271347577029834e-01	1.267498914670871502e-01	-5.045309666646999314e-03	2.230007574912231116e-01	3.053262474359529355e-01	-4.228663825299740220e-02	-2.968357444732210304e-01	-1.771454385864874581e-01	-1.974429795259691200e-02	-2.309082563291745549e-01	-9.601998011049849013e-03	-2.244339370837791781e-01	1.949563994883910792e-03	-3.285622828135659756e-01	-3.655774184876131204e-04	-5.656628691306463813e-02	-1.221820411859019517e-01	-1.770990183351343616e-01	8.463947111121213063e-02	8.815479579688242917e-03	-3.878138439226679751e-02	1.487476355828674934e-01	-3.662976066532876995e-01	-3.889521331499788681e-02	-6.494683713129585645e-02	-2.126459723719539840e-01	-8.897868469711789352e-02	-1.942707885676676904e-01	-4.083925534589678552e-01	-2.747170176573373590e-01	4.455509163163559778e-03	4.856369694960659816e-02	-1.709472201539643729e-02	-7.526629163810322209e-02	-9.752491984581779239e-02	-1.218779600997126622e-01	-2.102967932165844822e-01	-2.670588780648295857e-01	-2.768167193545208460e-01	-1.102556542187780597e-01	8.141034473803261673e-02	-2.651876384845324175e-01	-8.928642856867768929e-02	1.300952539450756229e-01	-3.946848911624172701e-02	3.556590530768353846e-03	-3.603475331003218596e-01	5.959314456905086266e-02	-1.566280281066661229e-01	-2.789418891921454091e-01	9.473877159555367522e-02	-2.892837548098115552e-01	1.174772319098592588e-01	-2.337667591684958884e-02	3.790367212869107799e-02	-1.189940206705771136e-01	-1.150518339706281812e-01	1.209612219060494653e-01	-4.789203301704854365e-02	2.779209240997976837e-01	1.906213305234777111e-01	4.185285459232842009e-01	5.441717883648823362e-01	2.692220598666859033e-01	-3.829666565615796880e-02	2.019046296133301388e-01	-1.798652083454743422e-01	-8.573409201275776492e-02	-4.382254489588405244e-02	2.135539440139925527e-01	1.345147697152702417e-02	2.458409184181939433e-01	2.317900851652628658e-01	-7.149486041507159551e-02	1.011852726829296917e-01	9.808449694595176849e-02	-9.680364892049073133e-02	5.205073268033375000e-02	-9.058991920310149881e-02	-1.122208597031667913e-02	-6.866313357859553379e-02	8.823530563704403903e-03	2.870923405859281408e-01	2.145247924150204266e-01	1.348352236136721172e-01	1.451253523955500779e-01	-1.680937916957482847e-01	4.153916232055456237e-01	3.738053111910710213e-01	8.622828206652712046e-02	2.270651953234483628e-02	-1.053484942773361827e-01	5.254361412190838854e-02	-3.048619442839706900e-02	1.699503106280753628e-01	-4.218830831123573238e-02	1.098932105082127825e-01	1.231356129352123227e-02	3.759628280851026738e-01	2.095432961503218283e-01	-5.603662902283465530e-02	4.927909160191840665e-01	2.916838956338464392e-02	6.013397601823586985e-02	-3.322037842280345377e-01	-1.981944877789092452e-01	-2.240023092750061673e-01	3.249881032864763153e-01	-1.441204429313458213e-01	7.367928828344518996e-03
-1.219056208497598937e-01	-1.167260955402932010e-01	-5.326048739445382596e-02	-6.973601888571839824e-02	-1.840446946426372021e-01	-1.469217244158461111e-01	-2.660509138571003768e-02	-1.593055937498785435e-01	-1.113041688898232101e-01	-5.618828143275522713e-02	-7.457007863407699721e-02	-1.018130651549512128e-01	3.755009023875418434e-02	4.105953402979777012e-02	3.491169326344416290e-02	-4.976362741939141521e-02	-6.844413887157474452e-02	-4.397328210290582517e-02	-1.694822959921399308e-01	-1.510152922291226329e-01	5.343335605488185730e-02	-2.324729756753424748e-01	-5.713173218494831118e-02	1.261559130037678278e-01	7.004302103071911867e-02	1.511132886002219955e-01	-2.322106668430684306e-01	1.160116997806154814e-02	-2.419380299322597128e-01	-5.201284069868784832e-02	-1.683231892750630398e-01	-1.977814555226322379e-01	-1.478625234017993673e-01	6.369943213735411447e-02	2.233642579636967718e-01	1.591482946106724805e-01	4.530300437501907224e-02	3.377775922923428181e-02	1.498873575082608212e-01	2.094911805494185930e-01	1.277647700736354031e-01	2.534186800111755122e-01	4.739303552122543506e-01	-5.186890391199015099e-02	3.042756890177521489e-01	1.980245812845123909e-01	2.205646051615663961e-01	1.214944263431596005e-01	1.000000000000000000e+00	-1.591874120603143858e-02	2.386930968959342092e-01	6.280776794771381066e-02	8.334790950697701373e-02	-1.117049078979836657e-01	-2.125771231996910482e-01	-2.543580964825688517e-01	-6.053987185760013878e-02	-4.315815056358981994e-02	2.307487375803421101e-02	1.246447804614212868e-01	-2.014033000635656878e-01	1.001194410822432990e-01	-3.112303877405239033e-02	2.205408164351853884e-01	1.565266099943306566e-01	3.325306457546893246e-01	-1.561098221981695178e-01	-1.376328579455647627e-01	-1.452795324433042434e-01	2.473251040199677953e-01	-2.380643361929651869e-01	-1.374973177232957366e-01	-1.110614969639015376e-01	1.282916819991500035e-01	-2.179632749515323098e-01	-1.928209258011418514e-01	-2.589571714750454334e-01	-7.300035674686822240e-02	-2.456527617236194949e-01	8.221650989218119709e-02	-2.035297984006125688e-02	-9.120312974097503911e-02	-1.496976908683480545e-01	-2.868161940493836326e-01	-1.418367243932388833e-01	-2.154246981714009468e-01	-2.464227217510792656e-01	-1.730288450973448133e-01	-5.365205199421557020e-02	2.787912658983269718e-02	1.884845394041171907e-01	2.814417380193272034e-01	5.523645194132374703e-02	2.902183019247910889e-01	2.499917272685409642e-01	-2.530884824193859739e-01	-2.045069566942175898e-01	-1.112528894796752654e-01	1.940695173840782661e-02	-2.379445780264155819e-01	-1.130205458260624858e-02	1.205648860459862803e-01	-2.319792220066351773e-01	7.024189310240119832e-02	3.169359858192501069e-03	-1.270105813241291515e-01	-1.104662656006816235e-01	-6.369335264074850456e-02	-7.692623103540277563e-02	4.294974500860303246e-02	-1.540005345847332285e-01	-1.283190296156174748e-01	8.198943490148812019e-02	2.832036358154349509e-02	-7.313656411184512630e-03	4.947696174552061038e-02	1.666247994753688663e-02	-8.519624778501906637e-02	6.895334852783135265e-03	1.615331864064180889e-01	-1.373701441802183121e-01	-1.825254686601783805e-01	-1.802457627466430568e-01	-2.773469197160692290e-01	-3.092951826435168527e-01	-5.054943450659087067e-02	-7.954617931355448257e-02	-8.593558838388271059e-02	-2.088572005484881089e-01	-2.383624493802081468e-01	-2.988975066183306994e-01	-1.638788404483117744e-01	-1.325231257625421877e-01	-1.144393142362072069e-01	1.712980433708479744e-01	4.892934848886076882e-02	3.521840477016677934e-02	6.705255187159316066e-02	-6.023917666865561543e-02	-3.994155059870779095e-02	1.726758268979389499e-01	1.818133534727950362e-01	4.584788185661969190e-02	-2.248696744321364641e-02	8.220261010914833855e-02	3.623996265956063723e-01	3.150457572867145228e-01	-1.059955980740543285e-01	1.704214535564697527e-02	2.413762730309709781e-01	1.380955471834929560e-01	2.203823162695809079e-01	1.309918773535451164e-01	2.415575795508871360e-01	3.783337062140164631e-01	1.439022282450004020e-01	1.629742722271659283e-01	1.843738722226327398e-01	6.571282070635003913e-02	-5.896337954845204399e-02	8.152669696130782767e-03	-1.447163179442188530e-01	-4.944082690515808065e-02	-3.694070007236389674e-01	-9.039209095625126700e-02	6.334104252842960581e-02	-3.652129491032687914e-02	1.979008543821709487e-01	-6.937342676346204724e-03	7.670937098343737215e-02	-1.077424137326940951e-01	-5.244646020086763533e-02	-2.938232359637550292e-02	9.837862127406830914e-02	1.755736420009048060e-01	-5.530085789251881420e-03	2.284228547657129738e-01	-2.085261565134562123e-01	1.243522980175632980e-01	-9.210194480902346437e-02	-4.593949459680547742e-02	-1.400480029132176174e-01	9.470070826052984225e-02	-1.399666359010786898e-01	1.378980073258061212e-01	-1.460828408075677542e-01	2.205281150591733436e-02	1.614385818292471964e-01	-1.151249127541198597e-01	-2.829987788718071329e-01	6.736004264318055934e-02	4.595870753867537656e-02	1.656181152410054203e-01	-1.318001358953164448e-01	-1.700784740680977292e-01	-7.165048862686554387e-02	-2.848231606757210543e-01	-6.347806550422317728e-02	-1.959506494738737226e-01	1.612122741856126043e-02
-5.091511011474449122e-02	3.532409198989543836e-02	-1.373445841376978727e-01	-1.083210405706798024e-01	7.734748872050822843e-02	6.736482442746187516e-02	-1.332863465267390343e-02	-1.725714295020081002e-02	-5.924326364703801778e-02	-2.040948596593146827e-02	8.675815342357436066e-02	-6.080268092756920678e-02	3.388782269331063607e-02	2.639398599328067474e-02	8.633969745896653489e-03	-6.530834050561265536e-02	2.650504613580329655e-02	5.958208862533862643e-02	1.785547114692498938e-01	2.879061619512411352e-01	-1.199131548956225701e-01	4.767564031723420942e-02	2.542891222309020538e-01	-9.393697174658294236e-02	-7.465371334519711743e-02	5.098901594664623227e-02	1.018241615048270793e-01	1.176658630142842638e-01	6.985607683043655591e-02	-1.432030626147328678e-01	-6.006034342823853012e-02	5.757448903024191093e-03	9.529824929053758165e-02	-1.738028644010408963e-01	-6.915409392871451483e-03	-6.987892191086722549e-02	1.487173227830728079e-03	1.677915665513730198e-02	-9.776852632565428969e-02	-1.586962971000520362e-01	2.061148418481774380e-01	2.626263986224191410e-02	-2.123767658446305551e-01	3.506102374569475266e-01	5.551696402576252742e-01	8.960628772171974621e-02	-5.231484975557217781e-02	3.177873017211588214e-01	-1.591874120603143858e-02	1.000000000000000000e+00	-3.490886202998899623e-02	-1.020526056793641112e-01	8.496115360997429089e-02	1.619965620887094115e-01	5.352661595024070518e-02	1.704598359825835185e-01	-5.945295480096685070e-02	-6.947506243049764163e-02	-9.500451189298472765e-02	-1.418727594111013623e-01	1.522379623113016278e-01	7.599568881094835582e-02	-1.579227857970946225e-01	1.851384610190895397e-02	-1.599242771802084906e-01	1.949353451579301510e-01	-9.915652678572701995e-02	1.457368526793758889e-01	-1.917195249664465917e-01	-1.143652066770599746e-01	2.368771755398651202e-01	3.587465173138243424e-02	-8.762621606655263129e-02	7.224178375203220426e-02	1.111807020574437505e-01	1.128877321879118989e-01	2.602373167533346063e-02	5.089732032146148111e-01	-2.943587177120310285e-03	2.833097163196853785e-01	4.673059928269115981e-02	7.452154726119222250e-01	7.542004846086267610e-03	1.846714203849454672e-01	-1.950302377787164476e-01	-5.591465741353014891e-03	6.574714056078695412e-02	1.579821523318620247e-01	9.806027941035111526e-04	2.811713012550946522e-01	1.456322394899317307e-01	1.143795962584540638e-01	-1.197595885747075595e-01	-1.017922534755281855e-01	-1.949912569853715083e-01	1.103819558009728474e-01	-3.396235396927536898e-03	1.847122122113792619e-01	-2.759551002469849412e-01	-2.126083553239617729e-01	-1.505043035800757434e-01	7.752322865469243006e-03	-2.658563936397905988e-02	-1.326350405293803547e-01	4.609350900836400866e-02	-1.100078489828043293e-01	-1.313505702728693936e-01	-7.687729997346899602e-02	-7.657946845989427277e-04	-5.461766861014759333e-02	-2.328459379296419357e-02	5.803245705954708511e-02	6.004218843354807572e-02	1.066341871831637256e-01	1.658351961011471642e-01	1.053923876502169989e-02	6.050370513863111838e-02	4.304797176410010001e-02	-2.438460852837967888e-02	-3.837352523174915753e-03	6.374109247073946050e-02	1.797629744654578865e-01	9.475616423378543929e-02	1.788038019132237588e-01	1.340057256971868838e-01	1.793267339670950866e-01	1.230377447517663064e-01	1.100329898319347827e-01	-1.575319733147003548e-02	5.089304668604813231e-02	3.952803989038061044e-02	-2.499157567426883372e-03	-4.917978470182605977e-02	-5.387992805763822286e-03	-1.136341568368493121e-01	-6.699064834027450635e-03	-2.349357312500873624e-02	1.083536047783531381e-01	3.926000420995578478e-03	2.424142878485215438e-02	-7.433435796609125235e-02	-7.771025250219695812e-02	-3.465682194257325988e-02	2.913272215455886549e-02	6.093702429621782046e-02	4.735519030785949324e-02	3.008475456794942327e-01	3.596685673161292840e-01	1.123227250485221151e-01	1.310462574558743376e-01	9.071198393722176845e-02	4.328950028528024546e-02	1.651156116476599489e-01	3.851864752982904205e-01	2.103947887406709405e-01	5.776939162677530160e-01	-2.196188725043889678e-01	3.958046007642097852e-02	1.236462448655594876e-01	4.918911198191346784e-02	2.435869201418432717e-01	1.456427147178730175e-01	7.727798980237797488e-02	8.740846518528569420e-02	-5.981637974533277752e-02	1.610556390395145865e-02	-3.482352269076537804e-02	-3.480392343556888701e-02	-1.529694287516097928e-01	3.563660142765766592e-01	-1.821027644514298244e-02	-1.050801124360699751e-01	1.447104705751885156e-01	1.078373885980237479e-01	-1.337018356327772661e-01	-1.733095206942747435e-02	-8.339858190449640774e-02	1.808839844181462653e-01	1.100207169219629549e-01	4.601736139578635476e-02	-6.723199086053242846e-02	-9.121587244166844133e-02	1.362792664200510595e-01	3.523703012936503509e-02	2.548576076055988557e-02	8.195773283074933580e-02	6.398425830251782687e-01	4.621711419283402456e-01	1.474417040999627115e-01	7.326944367242872735e-02	4.810529364843026123e-02	1.628653370240477904e-01	-7.219542530289231597e-02	2.138174323170580204e-02	-8.972305744120308291e-02	-1.058473689753022667e-01	-9.340139394124745420e-02	1.722252525339142831e-02	-1.105900924515450766e-02	1.012546984507737280e-01
-2.637726710783339090e-01	-7.479144098306257649e-02	-1.477157141628534232e-01	-1.716379211567303220e-01	-1.622238354173645147e-01	-1.447045801249282337e-01	3.447385934682644726e-04	-8.622549850354928325e-02	6.024906028136474412e-02	-1.139184244593876572e-01	3.391653041131798690e-02	-1.533340580727090841e-01	2.072441808622123294e-01	2.863367362837147545e-01	2.657700276577447118e-01	1.807041371845378164e-01	1.137494341632977884e-01	1.592323515847218762e-02	-1.335619399954237063e-01	1.702688525149552989e-01	2.756831505240010527e-01	1.151534638337658178e-01	1.412810861660044603e-01	3.283699919875940343e-01	2.568705470326508311e-01	3.138000541518337072e-01	8.809030468364976996e-02	1.261993475730407432e-01	-7.797077689695054888e-03	-2.323060171515158034e-01	-3.348386675800497231e-02	-1.371161310845080694e-01	-7.580432567956624235e-02	3.719438422889119467e-02	1.957499871757480414e-01	1.309312557918922981e-01	2.142286618826086675e-01	-9.877140020731199621e-02	-1.811109486213094977e-01	4.107448961495713813e-01	2.051958264791945985e-01	3.177102973689922560e-01	1.903234399689109069e-01	1.087031569529923192e-01	-5.416663191956110762e-02	-1.582181070365017428e-01	1.644478040137742625e-01	-1.620758320067617331e-01	2.386930968959341814e-01	-3.490886202998899623e-02	1.000000000000000000e+00	6.191777084151772748e-01	1.613791052578363305e-01	4.331578085412209067e-02	2.424586750893281684e-01	9.226900843905844196e-03	1.833185197712312864e-01	2.584114842079964780e-01	6.570343567279296471e-02	-1.597367548853861549e-02	-6.566174140181454955e-02	1.512734267326922843e-01	7.687302571838160181e-02	8.223379212013878781e-02	-5.469119633248678558e-02	1.086170023785613392e-01	4.390749849335476296e-01	5.515832498274353402e-02	2.002707457334312047e-01	3.682348077512598850e-01	4.464981770934482730e-02	-8.188767141528348337e-02	-8.253057787402116874e-02	-7.552677738368780702e-02	8.066487253498878796e-02	-9.098232210691108157e-02	-4.350299704032373899e-02	1.170571740671473154e-01	-2.852091354425356426e-02	2.538624213752765368e-01	1.596261377896563416e-01	-1.299598029251510245e-01	1.221621104486744075e-01	2.620006750921040697e-02	6.076775784795634266e-02	1.768618377855668000e-01	-9.981801105932190665e-02	1.975734977316598862e-01	1.096805624076327423e-01	1.168772733905074426e-02	-7.194873811110577555e-02	3.898632161182473688e-01	3.938290022677265467e-01	2.838239593558476437e-01	3.677549534466613146e-01	-1.427075542061138069e-01	-1.162370107532462032e-01	4.131097071328604375e-02	4.849716746484723784e-02	6.964637676619545026e-02	-1.474532974805662644e-01	-1.652309380382465387e-01	-1.963252913106078024e-01	-8.244091456661047090e-02	-3.052085236479030184e-01	-1.456845647989259418e-01	-9.674770210675354143e-02	-1.122053018245108974e-01	-2.089270482466997481e-01	-8.901113891929965383e-02	-6.968416601156911250e-02	-3.785808823660214567e-02	1.370283196097457634e-01	5.919826042022167945e-02	6.996516342521988396e-02	2.014333170416730545e-01	8.482699221280846913e-02	3.956064584541724161e-02	4.409834244483645804e-02	1.655315746841377195e-02	-7.893701512033113321e-03	-1.978320238160297395e-01	6.470373874472001852e-02	-1.186621404259448481e-01	-2.054833682263899619e-01	1.552701967673291439e-01	1.641404618930487058e-01	1.110340974009046272e-01	5.914698537315236926e-02	-6.362914001848707368e-02	-1.000086351513825578e-01	1.496894387008849414e-01	3.305142817759044137e-03	1.497682130982333215e-01	-1.252751927663580955e-01	1.591283179147048588e-01	1.770053897823383460e-01	-1.382269626664333825e-02	1.460956790263369665e-01	2.243603201784432621e-01	-1.075271373984407058e-01	2.670586166630197211e-01	3.920762322639946562e-02	1.359466288282969448e-01	1.264413489094191045e-01	1.794913696230085731e-01	6.125713333416376444e-02	-4.765015042933665873e-02	-1.247165178524619195e-01	-5.003337839739684101e-02	-2.076328365380841756e-02	-1.031488240122594019e-01	-2.707826353418399945e-01	-3.056384049941330422e-02	-3.292993351455617695e-02	-3.456160021498100310e-02	2.548966132886167357e-01	4.633089235622449564e-01	3.154551498057787118e-01	1.397723426294484594e-01	5.836676135701236723e-02	3.994219169827287197e-02	5.330918377600393776e-02	3.429954129995254480e-02	3.229487145927287944e-02	-1.330237529251039885e-01	-2.978634910368387900e-01	-1.420186515995902343e-01	-7.188572749170636655e-02	4.386053052936902258e-02	-1.996820544586612733e-01	-2.059608685633846359e-01	-9.485622834035539741e-02	-2.612596267436523845e-01	-1.605754582971774258e-01	-1.135487515242541434e-01	-7.700606639947699117e-02	4.558962244163539124e-02	-1.126580196269487133e-01	-2.522754165749758193e-01	-1.344030389088683441e-01	1.097707432975052882e-01	-1.382969247352738296e-01	-3.495280639095332820e-02	-2.438958131623684689e-01	-7.356517300115048008e-02	-8.359347247595423636e-02	-5.909337952498695812e-02	8.841148399839798833e-02	-8.849711664660855903e-02	9.436798903556628537e-02	-1.748883471142469725e-01	1.153097557374447302e-01	4.396315076213989925e-02	-1.083655241302346611e-01	2.751817062424723875e-02	1.042360833747499153e-02	-4.677040301397594052e-02	3.534966462325484504e-01	2.053528370588451057e-01
-1.355107411307592269e-01	-9.633220711271860137e-02	2.940572755603389557e-02	-1.323170274422752202e-01	-1.523672808530855127e-01	-1.286432345856767523e-01	3.616842147866378143e-02	-5.302027630250586918e-03	3.936855775230813786e-02	-1.577707274132577608e-01	-4.497633740296762273e-02	-1.223033591788361130e-01	4.784795755633117903e-02	1.398681794587305627e-01	2.499372792827197209e-01	1.889532570053353289e-01	5.396268954112588140e-02	-1.241203605483017225e-01	-6.205452211176091561e-04	2.282197943450861022e-01	3.140289117538627162e-01	1.231201782579173371e-01	1.339701367979575022e-02	2.623663447691412798e-01	2.267722202469643067e-01	1.621794493414848715e-01	2.049956085040971765e-01	8.470149558181827576e-02	-2.885801460274596830e-01	-2.810023638541752633e-01	-1.650723071534136999e-01	-1.992142835068324291e-01	-7.548656161355507543e-02	-6.862699735328656181e-02	-1.353869737809440706e-02	-3.266479782826770678e-02	4.627546036063712176e-02	-1.290946756948074814e-01	-2.567729901607578302e-01	1.404308935586985607e-01	1.631659461842069614e-01	6.414044031270003943e-02	2.412569391054649182e-01	-3.103503428070227346e-02	-2.581848721842775474e-01	-1.456157033575533610e-01	-8.380149354568301734e-02	-1.147405627686136909e-01	6.280776794771381066e-02	-1.020526056793641112e-01	6.191777084151772748e-01	1.000000000000000000e+00	1.709154439734493491e-01	8.931715311922071299e-02	1.892854071411997907e-01	1.313437097880571780e-01	-5.967256287222274386e-03	1.373482764403719247e-01	-2.320102132139500312e-02	-2.255771963642563271e-01	-2.132894769312203287e-01	3.637395919639556385e-02	4.872959989685550150e-03	-1.667658824066607648e-02	-1.427586943885010284e-01	-1.207720287512440427e-01	3.373101058712774658e-01	1.126708161795812214e-02	1.345203735910591725e-01	2.633288561484998236e-01	8.509251660549352336e-02	-1.710981785629529794e-01	-1.230976998923829502e-01	-2.863545493705178524e-01	1.456825986677570961e-01	-3.175227320465030811e-02	5.930522620294578426e-03	6.633865069785455093e-02	-1.377044017705774392e-01	1.588041226955848317e-01	9.220915956509574685e-02	-1.946665006614620719e-01	1.152801925947963824e-01	4.278628177242882469e-02	-4.323500711575332944e-02	1.442810976103673093e-01	-1.719325445966895516e-01	1.795329008071508692e-01	1.765425525444166699e-01	-1.146711430456341142e-02	-2.053580947552305011e-02	2.665356979232981760e-01	5.886298866365432536e-01	3.533899415636992947e-01	2.377899534113585012e-01	-1.754236455765557368e-01	-2.235289222389565678e-01	4.506320635096839992e-03	-6.894639406306105056e-02	-4.511451344436957778e-02	-3.528995535511319365e-02	-6.641440697858665143e-02	-4.829703792914560173e-02	-7.095846916491262146e-02	-1.675527534957267084e-01	-3.709594101958334222e-02	1.291869264535147263e-02	-7.308630996668478985e-02	-2.446972148981998441e-01	-1.389093292807243862e-01	-1.074868467299829322e-01	-9.777597470968125981e-02	-4.640760540253429517e-02	9.101542757886742219e-02	2.544749473833547715e-02	1.134928282413126543e-01	5.608994948715795986e-02	1.069457478209370482e-01	-2.060733131745019417e-02	-2.354035553521517110e-01	5.950929654306900268e-02	-5.321606853373737206e-02	5.720506093543960974e-02	-5.229427940765022514e-02	-1.840367346651274050e-01	1.526905971726572886e-01	1.345612392099789500e-01	3.855579863745196151e-02	1.634965119153004853e-01	7.339833028705169959e-02	-1.540505914687350930e-01	-5.843857543842243679e-02	-1.301633726179478034e-01	1.106340794447286668e-01	-2.420929366379420133e-01	1.737043876987956481e-02	1.484979252070061373e-01	-7.685760340844174920e-02	7.613672544247691854e-02	6.016743286811440661e-02	-3.306939406876292509e-01	7.662587941312555551e-02	-2.621939656952964603e-01	2.085358639622149624e-01	3.100032967219565894e-01	3.004502409781672828e-04	-2.724024183136961597e-01	-1.654915282745694216e-01	-3.071808771361224655e-01	-1.282235143747560147e-01	-9.806764063590639458e-02	-6.098796866248275446e-03	-3.466486908606203898e-01	-1.486108125065622176e-01	-1.934123716188393682e-01	-1.755129538227375718e-01	4.102739110489229124e-01	3.431672811259807720e-01	2.644004840913828924e-01	6.665967327422878119e-02	5.446565666901601044e-02	1.050961329693011065e-01	2.539619329283117066e-01	3.705393256314694350e-02	-3.772179105554587103e-02	-1.673064344545892590e-01	-3.758669662013051083e-01	-2.620354752806361431e-01	-3.111289666327056724e-01	-1.041730290441501838e-01	-3.407889466897924546e-02	-1.897511767947701045e-01	-1.354278279026951137e-01	-3.242420530375723642e-01	-2.098007762623047279e-01	-2.969511887677291351e-01	4.784153455280835965e-02	1.809001558049715408e-01	-9.356023785291989192e-02	-3.344121720132362530e-01	-2.346818119180686391e-01	1.625498521194255336e-02	-2.643775714769627805e-01	-1.536015619805042309e-01	-4.162686917961276323e-01	-1.699319307896088593e-01	-2.298481356160402278e-01	-1.702611953784676224e-01	2.214317946299217132e-02	-7.825763564026018415e-02	-7.249619424980935541e-03	-8.218725596365045183e-02	3.800036622069822428e-02	-4.227814789718432192e-02	-1.733434865882693687e-01	9.163267619221861227e-02	-1.916321001965636539e-01	-8.422258887426450902e-02	1.628266133207508792e-01	3.408700807316805692e-01
-7.545144651251708967e-02	-8.451424352552329433e-02	-3.644451851136806253e-01	-5.783613433878469490e-01	1.175810994476927523e-01	3.930407179820403218e-01	9.704717474052303172e-02	5.855438437840449796e-03	-9.832421560367894664e-02	9.494055185746962111e-02	3.186286857638049308e-01	2.325841534341797079e-01	1.094259629772458692e-01	-3.747382708193359169e-01	-9.964502488843238193e-02	-3.523529108157245071e-01	-3.109352465043827562e-01	-1.608350265220363506e-01	-2.563820681483882091e-01	-3.331354836646900630e-02	7.547613770484265516e-02	-2.308185467990785805e-02	-4.111693061230042162e-02	2.460628214630567953e-02	9.961804328376186457e-02	-6.882342429878512968e-02	-9.152614054567412283e-02	-1.517282789805232124e-01	2.904444745902187153e-01	-1.705150648257474921e-01	6.106616032884332884e-02	1.011189845048271613e-01	3.471776645761071589e-01	-4.114216203052137866e-01	-3.323786275280233293e-01	-4.841373898618618887e-01	-9.777714256796488090e-02	-4.560689330208052006e-01	-2.005081641820609106e-01	-1.152475022559348999e-01	4.398046823394348437e-02	-1.162662679428088930e-01	-7.636061768602998845e-02	1.282082645495393747e-01	2.439849446432972579e-01	-2.152860485120936668e-02	1.963413382429144427e-01	2.281681889271422736e-01	8.334790950697701373e-02	8.496115360997429089e-02	1.613791052578363028e-01	1.709154439734493214e-01	1.000000000000000000e+00	8.100606039059765617e-01	4.175479586438640145e-01	8.199530893022204114e-02	2.271561265734504398e-01	1.152374121896207332e-01	-3.269304313187977873e-01	-3.500065104701490792e-01	-4.489546910632730148e-02	4.324470181060461327e-01	-4.291778724251625599e-02	-1.312761851798854504e-02	-1.979878838580937384e-01	7.363353135586071796e-02	7.865559019358901727e-02	-1.614162396948562173e-01	-2.179097717961889225e-01	2.172675110062427528e-01	5.392689561557030276e-01	3.519136734849763193e-01	1.568114963620290403e-01	1.520724761509876510e-01	6.561226641678401250e-02	-9.209524402537076770e-02	1.602966670541438043e-01	1.310264911833258772e-01	2.003126525743295083e-01	2.950853328543632248e-01	6.238376344421212583e-01	1.525107957189797969e-01	1.606142594045693872e-01	4.786658900360044600e-01	-2.074211358236323077e-01	1.679385035087012368e-02	-1.389027887756837110e-02	5.720402281081746754e-01	-2.490003931211245414e-01	-4.098208667965946850e-02	-1.916808904549611725e-01	4.588447913752814744e-02	-5.607111405237902996e-02	-2.776436531242294087e-02	2.026682879142627791e-01	3.710444769498499884e-01	6.301405864250898825e-02	3.102111476390179701e-01	-8.268828434445590903e-02	1.016597762960032014e-01	-1.182304576403467866e-01	-4.574544518925667824e-01	-3.327806455183661138e-01	-6.637532116756899025e-01	-2.258349173796162790e-01	1.995695930429150500e-01	1.311447313076280208e-01	7.121613907442454761e-02	8.747277006619333037e-03	1.096018383893989784e-01	3.049899893031720599e-01	5.205326224115033318e-01	-2.975138415775014367e-01	-1.967955323296323444e-01	-1.479059224844114090e-02	-1.427279412779384193e-01	4.192368458372305179e-02	-3.065257809466494510e-01	-3.596267898167038179e-01	-2.909472332694686414e-01	-4.146164711144549320e-01	-1.917277292087873619e-01	2.419415460427216252e-02	1.036687634344679865e-01	-7.538114885482094518e-02	1.444592638812287611e-01	1.407928914366062267e-01	-3.428814526655660777e-01	-1.209440955403661283e-01	-3.170840274549018289e-01	9.299503406935760719e-02	1.417834003452293767e-01	2.599937969573181129e-01	4.677730254726296111e-01	-2.673521698720737749e-01	6.201560156546317287e-02	-3.056132073587194409e-01	7.819950323834192960e-03	3.008862180355315052e-01	-9.139877384903920265e-02	-2.054127963146645808e-01	-1.450543717805292121e-01	-4.727271984058584869e-02	4.827126949916816234e-01	7.216401154305251975e-02	4.482912618026918539e-02	6.027873350369059025e-02	5.684727803324510914e-02	-3.765668075204630511e-02	9.334967134858741800e-02	2.109258477701855539e-01	4.626222437549183664e-02	-1.220835374146306412e-01	-1.097657376037995264e-01	-1.792651715201692142e-01	1.483066845974102266e-01	-3.054600635260529828e-01	-1.526059689853548514e-02	3.969691715973875934e-01	6.355288228600531886e-01	4.597026204489982337e-01	7.096785895955833867e-01	6.977367277570327708e-01	3.699286994554595864e-02	3.160489690859328848e-01	-7.669550176741769809e-02	-2.717332341891218750e-01	-2.895481947873708162e-01	-3.355700298486449795e-01	4.621531793273647715e-02	-3.714629477850917016e-01	-2.602733304960216931e-01	2.689926361356265727e-01	-4.697757608427688414e-02	-4.384327769925445706e-01	-1.434372197448290365e-01	-3.756224833674700059e-01	2.612289353376108791e-01	-2.523031052428746923e-01	-1.297079389612149081e-01	2.587690090296531076e-01	2.532164671063227845e-01	1.177414126930780292e-01	-2.948377857258209847e-02	-3.610851793645748486e-01	-6.768401045976737973e-02	1.314481981632263097e-01	7.806994455663948673e-02	5.069164450434074931e-01	-1.982352892556126650e-02	-2.124118318395050442e-01	-1.804048599304971245e-01	-3.851878590127375546e-01	4.427636620422320535e-01	-5.437679083680304476e-02	-4.918842116984902674e-02	-3.259672111263133276e-01	6.949237476009928471e-02	1.853927090948832845e-01	-1.627239601184056819e-02
-1.972610434465931276e-02	5.441042311997323910e-02	-3.212048958827287692e-01	-5.704613927829036424e-01	3.152228909461355366e-01	5.456051702950641680e-01	1.992306443714205455e-01	1.512742482024565238e-01	-6.016064922960630973e-02	2.439007362780520605e-01	4.955098929734150226e-01	3.687998668517324385e-01	9.394522167085261888e-02	-5.040047376415792701e-01	-2.064289346618254362e-01	-4.895250425435513919e-01	-4.206045814456663146e-01	-1.992133570819530353e-01	-1.696339990208440007e-01	5.751455260459133190e-02	-4.700374808204791505e-03	2.853895975379198285e-02	-1.937631334924289073e-02	-4.787801296145504509e-02	1.160234954593583473e-01	-1.057661497263665817e-01	-4.843839001460131105e-02	-1.813913312605972272e-01	3.109679193345909476e-01	-1.485894417117002708e-01	1.187352220207820580e-01	2.212370048527079469e-01	4.805918528142908985e-01	-5.605812782341987877e-01	-5.740637605380003450e-01	-6.542000248735184709e-01	-1.147859342472270922e-01	-5.078388252264109948e-01	-3.020436784322035884e-01	-2.191270903775178192e-01	5.634022221002829567e-02	-2.332511569089138759e-01	-2.630037275697054699e-01	1.919126909390644342e-01	2.451726494696442604e-01	-2.250794822120525188e-02	1.284202479695634447e-01	1.949904045739950242e-01	-1.117049078979836796e-01	1.619965620887093838e-01	4.331578085412209067e-02	8.931715311922071299e-02	8.100606039059766728e-01	1.000000000000000000e+00	5.001421004874173626e-01	1.038677558509047416e-01	1.536475525701518352e-01	9.250561659456801866e-02	-4.453489600669154891e-01	-4.422235172746934451e-01	-1.875225041512490476e-02	3.722079596828574699e-01	-1.804042214055018023e-01	-1.910924206834533068e-01	-3.907936897723831016e-01	-4.657561883173800404e-02	2.733136765674670440e-02	-1.655410299199028268e-01	-2.925727057713884971e-01	1.026130256501450733e-01	6.559387180676994333e-01	4.744475516052746866e-01	2.361882550548667359e-01	1.439113444951237442e-01	1.362076105008432070e-01	-1.351106354127928899e-01	2.710436592363554276e-01	1.444656507708899917e-01	3.381632094022220536e-01	2.198835266670409738e-01	6.773406035693591010e-01	2.029266293295456380e-01	4.019918196998164411e-02	4.563975661747269319e-01	-3.281357132931361220e-01	-8.220342817842661576e-02	5.964369954552179581e-02	6.163951987705694746e-01	-3.568398166218397227e-01	-1.450294863111580290e-01	-3.420791263898315115e-01	-1.261644927990121234e-01	-2.595333816095608537e-01	-2.130449007822617091e-01	3.708201848108229337e-02	5.273373280683978370e-01	2.120697880970076887e-01	3.369194947268316920e-01	-1.779729579690003394e-01	2.045679926755497036e-01	-2.917742063118224441e-02	-5.154363935782770856e-01	-2.718644511255954854e-01	-7.151864279386388468e-01	-7.484128903014414247e-02	3.358270222757634982e-01	3.090467687987550893e-01	2.472020987278021331e-01	1.726386398561882696e-01	2.460216717550214316e-01	5.134592854490415137e-01	6.413859910104263706e-01	-4.225228873724606315e-01	-1.593329635120796783e-01	3.002040503377059050e-02	-2.605970420883721994e-01	1.219376702594230288e-03	-3.743266648394100726e-01	-4.238813157596653114e-01	-3.702036055760892230e-01	-3.962669584086284669e-01	-1.180275284427602100e-01	7.191719986574943158e-02	2.476236020295790596e-01	7.218452601736102987e-03	2.611176629369478808e-01	2.571204839503988815e-01	-2.549113979981947886e-01	2.727468116248158922e-02	-2.210252784862632436e-01	1.692939760580610964e-01	2.606563808517068925e-01	4.051168317754152426e-01	5.403720403801856031e-01	-2.969636903801505246e-01	2.682787148676620340e-02	-4.563599139673826244e-01	-1.026126079153963783e-01	3.751271683395537293e-01	-9.971178531354282781e-02	-2.146212994354914361e-01	-1.434659346754043330e-01	-1.472627940497343024e-01	3.617503015476660200e-01	3.316816945538433176e-02	-2.508994399963985003e-02	3.017820223545963215e-02	1.132064203499391492e-01	9.412212415348721051e-02	1.006414303242234992e-01	2.262064363891698460e-01	-1.292657824235577367e-03	-1.415100979120701430e-01	-1.129316674085355521e-01	-1.769786910221129994e-01	2.220420499526485347e-01	-4.368444054864495385e-01	-1.652967671926769758e-02	3.056851832216885834e-01	7.167356376277327357e-01	3.279559998236136753e-01	8.451927984091913704e-01	7.048881574885793588e-01	1.450125838089102448e-01	3.905952090351841877e-01	-8.957764065538074971e-02	-2.339040622403964764e-01	-4.142723396412392178e-01	-4.014132302409720854e-01	-3.389082295602870859e-02	-3.513658426430705806e-01	-2.332599748201282797e-01	3.612445820763950377e-01	3.533595391424428772e-02	-5.406962793744082285e-01	-1.702692479907845780e-01	-4.598335251896351061e-01	3.036625114770747369e-01	-3.432497155862941907e-01	-7.382456280168722684e-02	3.609538616431798297e-01	3.887754704227882607e-01	1.173400308992787605e-01	8.647608470550632864e-02	-4.064976732954194150e-01	3.990752786221694881e-02	1.673208199632676418e-01	5.925958150135616359e-02	5.492375806018578999e-01	8.609967585228418818e-02	-4.222803310261467602e-01	-2.044415998018438430e-01	-5.646777404290280744e-01	5.848002904186287987e-01	1.366847962718287235e-01	-4.659253844743995593e-03	-3.288377779208035423e-01	6.320788437095545276e-02	2.298795015092750804e-01	4.134075342697014072e-03
-1.891910762178021788e-01	2.482754936057191830e-01	-4.854390253631362673e-01	-5.436062612453209653e-01	3.251506428738947796e-01	5.019878663770566130e-01	9.802220357160525144e-02	6.874193327540857601e-02	8.283033081906733541e-02	2.043331174708520603e-01	4.477364959551825563e-01	3.326137005561177751e-01	3.020718772110050562e-02	-2.583461216933308768e-01	-8.718175861830088080e-02	-3.390726163590259135e-01	-3.544469246847737343e-01	-2.862526248512193283e-01	-1.798584362525214864e-01	-2.461602338555034589e-02	-8.093161392970002477e-02	-4.232182719118311731e-02	-6.172430762337926397e-02	-1.411055428857306282e-01	1.597072367355218681e-01	-8.808503598272685031e-02	-1.416769349224811791e-01	-1.378717906572294594e-01	2.895395088103961956e-01	-2.784447977368642579e-01	7.339252984819628900e-02	3.669894663419515091e-01	5.969743198666286332e-01	-3.461947048969937213e-01	-3.479976061983156566e-01	-4.218187867112760947e-01	-8.663700379868291557e-02	-5.522335487674554511e-01	-2.873605767027567759e-01	-1.299425963916935323e-01	2.468648677656483728e-02	-3.632176027630055343e-02	-1.163494080167566946e-01	-1.728324706441298347e-02	-5.818178285407850370e-03	-4.459922178445391294e-02	7.326726475481332157e-02	5.229138141360511333e-02	-2.125771231996910482e-01	5.352661595024070518e-02	2.424586750893281961e-01	1.892854071411997907e-01	4.175479586438639590e-01	5.001421004874173626e-01	1.000000000000000000e+00	1.915237686862461541e-01	1.107389581484767155e-01	2.902098836788661318e-01	-2.184938940274749608e-01	-2.059109611649809768e-01	-1.347208154798802682e-01	4.258117456837374193e-01	-5.606787985568170707e-02	-2.161733727079956369e-01	-3.226066167996692879e-01	-2.105803687483937814e-01	2.142052010889612113e-01	9.161466664016923531e-04	1.499595885361187930e-02	1.156297942903977000e-01	6.179353128281357410e-01	5.116001033411400334e-01	2.418880751101340487e-01	1.195748420744728313e-01	3.592111583419049792e-01	-1.588216156039124471e-01	3.300487413673046655e-01	1.884719928011981127e-01	4.326242446712219025e-01	7.848260848572691240e-02	6.379714832899330279e-01	3.165078500476700002e-02	2.828140863480760880e-01	2.471198321073972137e-01	-5.362286597071748429e-02	9.039534134878388083e-02	1.396115975051527291e-01	6.591971779739790316e-01	-2.190915208448218909e-01	-1.991454696583159489e-01	-4.403859355702198219e-01	3.361330174687166689e-02	-1.449291410569808758e-01	-2.590845813711956658e-01	2.067414797141244875e-01	4.666826899390527639e-01	1.609773353368641746e-01	4.857294159652234683e-02	8.914465985640701107e-04	2.402179016035076164e-01	-2.130312362414582550e-01	-6.275274049273709132e-01	-3.951383275117011928e-01	-6.121996329698030648e-01	-1.586408211368394161e-01	2.904072171790569867e-01	1.464267505654141821e-01	1.953450949900604749e-01	1.305050539495906936e-01	2.266883092398174482e-01	4.637483515739012629e-01	6.724755501445949246e-01	-1.675912029204951192e-01	-1.367741935690625632e-01	2.041177517978869094e-02	-1.008683676656648223e-02	1.925493900670306180e-01	-2.970639773438463194e-01	-3.106112826248465519e-01	-2.712697145802324683e-01	-3.365461801961609489e-01	-8.318824665072993563e-02	3.697046971280911615e-02	-9.107506297786598093e-02	-8.781269323201139343e-02	-3.578894424147732040e-02	1.252292234771244517e-01	-1.344821386326452983e-01	-1.274827144666597079e-01	-2.431976746759824115e-01	3.331733100911688505e-01	3.627796719250228619e-01	6.142934243223251434e-01	7.498842083556503946e-01	1.260037441078274423e-01	4.345878327253147599e-01	-3.533877042524168899e-01	2.427834108588698692e-02	4.495767252499047184e-01	6.449183439067122936e-02	-1.107106985713857128e-01	-1.672539165366412894e-01	-1.492703794500425118e-01	1.235699955853570009e-01	-1.963789934234789203e-01	-9.971659984217044748e-02	1.609268788440926246e-02	2.653966116103630840e-02	1.703679176294294051e-01	-1.757522411867085133e-02	2.644424314566815037e-01	-2.334588690170711148e-02	-2.718323522175970508e-01	-1.034211023407761443e-01	-1.447305810234795209e-01	7.535289547352437556e-02	-4.786772350508526341e-01	2.117703438786092129e-01	2.945907502849785531e-01	7.233903004679811399e-01	1.652674796711457172e-01	6.435191140219524986e-01	2.018272907323707677e-01	8.943280828530106308e-02	6.597780805115912584e-01	1.185961433166358714e-01	-1.759187410349233316e-01	-2.398720883877532573e-01	-2.447324783920369062e-01	-2.547934284009452655e-01	-4.342877095472117421e-01	-6.290464232035668235e-02	4.834721843018522369e-01	1.426610024667376020e-01	-3.511288229190350219e-01	4.354969936358941279e-02	-4.636900348629829360e-01	2.880666480804744967e-01	-3.848482511704594544e-01	-1.111625713135741822e-01	4.363249701018193649e-01	6.495654327599528211e-01	1.642043587288364304e-01	3.349637958260209825e-01	-4.634079426153071557e-01	2.988722173656667147e-01	9.055436623272471175e-02	-2.744179662036820844e-01	5.756700521409199300e-01	4.570992015046295570e-02	-2.062858261177134278e-01	-2.387441845126517803e-01	-4.092900721339615133e-01	7.494772890899462636e-01	1.883147153347218550e-01	-1.890276926517255388e-02	-5.700238587591336531e-02	-3.929628241981245051e-02	2.465961953158245512e-01	-1.149994596749582126e-01
-3.437942744506113091e-02	-2.607319035442068889e-01	2.623074422182402471e-02	-2.517183337943449950e-01	-8.183204150335970928e-02	-6.724840411598517753e-02	-1.479645842920242482e-01	-1.036729590882732727e-01	-1.639961988837889684e-01	-1.491961953194674562e-01	-8.912032725182125747e-02	-6.965979816033231187e-02	-3.675652092913237606e-02	5.444985148866051533e-02	2.707684280015896783e-01	4.206740521434971375e-02	1.485658758912428504e-02	-2.637110951109499011e-04	1.968860288399165159e-01	2.053244181897695420e-01	-1.993685115192648377e-02	1.099363483876027864e-01	1.261860293577608816e-01	-1.412859845131588521e-01	8.064038272443736777e-02	-2.476807154685709000e-02	7.247948408571536216e-02	-4.061067210096546559e-02	-7.535603055930138738e-02	-1.938326875911519920e-01	-2.049734179517996302e-01	-2.431727788902878495e-01	-1.041562337842390044e-02	-1.761080844059290385e-01	-1.773871003791606671e-01	-2.052858193125809694e-01	6.634660752923457472e-02	-3.991206667390540669e-02	-1.425329026484612183e-01	-2.403321166059592395e-01	1.606345515160588766e-01	1.249313576510248380e-01	-2.101353367895474750e-02	7.433161028573291584e-02	-1.289510442448246197e-01	-1.628224466153146421e-01	-2.759534501077383073e-01	1.219007090125406034e-01	-2.543580964825688517e-01	1.704598359825835185e-01	9.226900843905845931e-03	1.313437097880571780e-01	8.199530893022204114e-02	1.038677558509047416e-01	1.915237686862461819e-01	1.000000000000000000e+00	-1.302361427148162887e-01	6.448469439215439268e-03	-2.973072383934422525e-01	-2.395702306907278034e-01	-2.876175337965286571e-01	4.226930021054835229e-02	4.672307353281557329e-02	7.895524334321857643e-03	-6.472243718317868821e-02	-2.831796107528280482e-01	-4.953230682706155630e-02	1.022691536878148066e-01	-1.458617455814903430e-01	-5.448950170825530084e-03	1.351981556209564395e-01	-4.153634169274628141e-02	-7.252752994604037828e-02	-2.207362355851329450e-01	7.892459013011778046e-02	-6.902242484657193644e-02	7.525555010731792283e-02	1.387596383580797788e-01	-6.249068920222183160e-02	1.537248868963117798e-01	5.595625105245614905e-02	2.571221036154548445e-01	2.659289663233441736e-01	2.837946675515166661e-01	1.599525730077586139e-01	2.003644073234640832e-01	1.429995737328750190e-02	1.514922284533629926e-01	9.718859875995725095e-02	1.477600145747295923e-01	-4.689455986004091581e-02	1.672918222650197628e-01	1.080576495454611402e-01	1.080850041107140613e-01	-5.227290768162438060e-03	-1.199411988528643475e-01	-1.066244675637783718e-01	1.067561530537542158e-01	1.209844125597557829e-01	3.558125986640729710e-02	-1.842288870693913339e-01	-2.539247411565732082e-01	-4.544486155733237082e-02	-3.067387920994869011e-01	-1.641787245981585208e-01	-1.034161671740108784e-01	-4.830994762221445943e-02	6.079638726154224480e-03	-1.279403702639297924e-01	-8.455791615003850625e-02	-2.796504567076153747e-02	-3.010363760834812441e-02	6.500099104302281550e-02	1.488055217885341126e-02	2.177663523556276626e-01	1.039681124384704974e-01	1.534366178435064287e-01	1.814755155898706007e-01	-3.636017713741337282e-02	6.587335221791218443e-02	1.332756567319840491e-01	1.806178300535715986e-01	2.010602239246047362e-01	1.300961335005756392e-01	1.469637734720238842e-01	3.312712092536274772e-02	1.414462188935617926e-01	1.221730608936514861e-01	6.022081303303120081e-02	8.959693201957753816e-02	4.533904521724243381e-02	-1.349944760140656119e-01	-3.714493079622772920e-02	5.881802282294639611e-02	-8.081212962246184239e-02	1.836185494715224589e-02	-6.172859326965240284e-02	1.692469777403185216e-01	-5.251016209189433154e-02	5.957367569780643024e-02	-1.121514649244822748e-01	-7.307727677806430400e-02	-6.232453151381495832e-02	3.951204889297622869e-02	1.376792893917236082e-01	-1.626440425828101777e-01	-7.303226379110440425e-02	1.339994569942817570e-01	-4.502851104899920770e-02	-8.289475499025278360e-02	-1.094963103744816917e-02	1.186652735136983494e-01	1.955947927412846621e-01	1.703285652169655995e-01	6.806656865116134103e-02	1.731117096874816574e-02	4.073318452895278302e-02	2.620103636474497844e-01	2.755312704860117812e-01	8.061171693803038940e-02	1.899973839767893913e-01	1.492104809577264324e-01	1.048989972469843435e-01	8.275913219179766023e-02	3.114644566395504549e-02	-7.926362858126970168e-02	-6.466789741379089240e-02	-5.862503351592768253e-02	3.039753316568915772e-02	-1.224990070306308937e-01	9.259092560916565295e-02	9.553296086623527805e-02	4.442288661061132016e-02	-6.975127029810405943e-02	6.088127739737391603e-02	8.447351546136505629e-02	8.056766590663023975e-02	4.486776885246198665e-01	1.353815096131455176e-01	-3.311459819029163171e-02	-7.407060288577560492e-02	-4.387639633822708329e-02	-8.532925368690681689e-02	-8.193357249159283207e-02	3.001587272651645710e-02	3.874963631076944193e-02	1.791240529943344539e-01	-1.487270049183353759e-01	2.041009393205820976e-01	3.499674640661054603e-01	1.098278130973106420e-01	2.000708800486323546e-01	1.775589458378341312e-01	2.559219742095662081e-02	-7.865062980506362655e-02	1.577287681699506353e-02	1.247609238813625759e-01	1.489167765253413822e-01	4.915006249987098619e-02	1.104710754346863583e-01
-1.745966129562379343e-01	-3.706530300180718024e-02	-2.313004812287410006e-01	-1.931335305685290826e-01	-2.749190529981051720e-02	6.572257675824270950e-02	4.798921457139585997e-03	-3.449354698559023436e-02	1.258545451833656403e-01	-9.104828401994864706e-02	-2.261886836071441004e-02	-1.665921683221976424e-01	2.081164784018436076e-01	-6.835218952191575263e-03	1.471406222642937522e-02	-4.717794342992684582e-03	1.251333166986645928e-01	1.537232570042395552e-01	-8.306755440342000751e-02	2.723172262911083968e-02	1.116521918232870197e-01	1.300369278946535423e-01	4.391327763584394750e-02	1.624351726521809924e-01	8.183558857672346143e-02	5.965968098935527097e-02	4.330810832339589828e-02	1.851461592631536979e-01	4.563730116035596973e-01	2.894465603042362112e-01	2.464449861223264593e-01	2.273400836415920834e-01	1.902237517337812267e-01	3.334468632739682192e-01	3.029600503113459298e-01	2.858472603980330984e-01	2.891445425505964062e-01	4.260746580250145826e-02	2.788716420984814204e-01	3.179278973829162136e-01	-3.299675389304487089e-02	5.444416278260481856e-02	1.185538227616963897e-01	9.923406458330921720e-02	-5.559803984663434090e-02	6.941161483907330731e-02	1.588617210344196728e-01	-1.315938806861506952e-02	-6.053987185760013878e-02	-5.945295480096685070e-02	1.833185197712312864e-01	-5.967256287222274386e-03	2.271561265734504398e-01	1.536475525701518352e-01	1.107389581484767294e-01	-1.302361427148162887e-01	1.000000000000000000e+00	1.335006347509352098e-01	4.044668079083024170e-01	1.030001216569542272e-01	3.185492650609409448e-01	2.273254747330802072e-01	2.053060760790281214e-01	3.981517107166808733e-01	1.339383395949062527e-01	3.504172267617796654e-01	3.647992825613481371e-01	-1.502473741043963695e-01	2.336187584984143750e-01	1.230419832220901455e-01	1.607170410954655293e-01	-9.393078144944616570e-02	-2.707024371415867395e-03	-2.005192061673952697e-01	-1.589541975135573548e-01	3.714131184443379002e-02	-1.945064001358794981e-01	-2.409368172733293290e-01	1.262448553389823938e-02	-5.259308100079008313e-02	1.768057435417066670e-01	-1.186950039050756606e-01	7.948588811435584878e-02	2.954853439328838927e-01	-8.571593951251180177e-02	9.796346800989957915e-02	-3.686468096352659568e-02	2.788303785274823254e-01	-1.211375010043262181e-02	6.267251660058315021e-02	8.963361263449284855e-02	-6.447470216498886464e-02	1.198512024556239348e-02	1.342475487289271699e-02	2.308543962386115089e-01	1.672431168831822190e-01	-1.553067736496761553e-01	2.872224254262203402e-01	5.473452225702560292e-02	1.077626109502778234e-01	-1.855429338124389704e-01	-1.514450339166025228e-01	8.151727310403403173e-04	-1.875261401429688113e-01	-1.789735653190666076e-01	-1.327264716083512153e-01	-1.942127762867880691e-01	-2.822500032593126124e-02	-1.610136662428300058e-01	-9.361665844472817632e-02	-1.075618997502937740e-01	7.058714056151757510e-02	1.510002445329478582e-01	4.547025925982756817e-02	2.898543806066372977e-02	1.653712945280876867e-01	2.246864231092242647e-01	3.077451052185130667e-02	3.603636805490657152e-02	1.884001677139746089e-01	2.306428515213099217e-02	-1.315690524974158331e-02	1.733800323991175063e-01	5.778851528534259541e-02	2.862631982914268236e-02	5.825335193750287577e-02	5.570209954178774459e-02	-9.277165360221346913e-02	6.278259611573053234e-02	-4.948011877988388318e-02	5.348412146769788711e-01	1.314804606312294233e-01	1.726205273554315411e-01	3.114595840565380636e-01	1.404938606455102545e-01	4.821147548878875755e-01	2.633033668817784667e-01	3.655209610595677727e-01	9.923340391286941675e-02	3.005428477883944627e-01	1.341248066686605567e-01	1.795286891516850447e-01	3.672437339385233868e-01	5.309339361056655132e-02	-9.470813527890126204e-02	3.665660513577109758e-02	1.110403873516530027e-01	-9.676450837027340823e-02	-2.050600205396392317e-01	8.521219491329028173e-02	1.791078771025057456e-02	-7.193638167839445929e-02	-1.969266649757135390e-01	-3.685881680208141775e-01	-2.553625159188850913e-01	-2.530403883016306144e-01	-1.236532615944390956e-01	-9.691213876531672156e-02	-3.607585222575700190e-02	1.731714573044143279e-01	1.063399756956980441e-01	9.091181227904115980e-02	1.789852137375225472e-01	1.873932290842224568e-01	1.779647008280690335e-01	2.957249682306347660e-01	2.749116163264054835e-01	1.823606964966923982e-01	1.245973958626973993e-01	2.172026224094600888e-01	-2.432661434162244618e-01	2.226966029306093608e-01	-1.588762418101823115e-01	-6.109451527906675783e-02	-1.689981031334009121e-01	-6.302496003185696638e-02	-3.559037906466961387e-01	-1.099812580066518719e-01	-7.025713260243061919e-02	-1.180957862355329069e-01	-1.269673222322164341e-01	3.282710675389539923e-02	-3.389137826230486650e-01	-3.717814503049360342e-02	-6.624576607761607783e-02	-3.935792019346596726e-01	-1.782157737596805347e-01	-2.015163842481148271e-01	1.640044669105361619e-01	-1.401413629624864154e-01	-1.557346204788776500e-01	-2.339080665191648478e-01	-2.151062407856692005e-01	7.572460414669017481e-02	-1.202667306785819984e-01	9.901851759030634928e-03	-1.898038439372865538e-01	-1.444475531524378083e-02	2.081653061601950461e-01	1.130634565181392291e-02
-8.924886743104268327e-02	-1.494923284227335780e-01	-1.004948420892982086e-01	-3.101450824714964694e-01	8.219620065779961737e-03	2.081547572905892707e-01	1.767455868097810301e-01	3.906606815543577083e-02	1.576305383885056866e-01	2.052918812032767347e-03	1.655298956051886317e-01	-8.777097298681077464e-03	-6.226593971725342264e-02	-5.609634370664309116e-02	-8.125413211109652756e-02	-1.823119397580433565e-01	-2.193059526102738022e-01	-1.516696632021049748e-02	-7.817349761164461841e-02	1.049857556366361327e-01	-3.949528025625841099e-02	-1.362231740198646401e-01	-1.007060673484718068e-02	-8.290581739149574525e-02	-1.229246196107857125e-01	-7.495138682874774583e-02	5.225960612203274513e-02	-1.526815556065223289e-01	2.993359278377964450e-01	-1.044632334746004865e-01	-2.074696749960451003e-01	3.675401193654058707e-01	3.449644997807208013e-01	2.503315883195103564e-01	-1.333756550459732904e-01	-3.623494259181521404e-02	7.238671360076016914e-02	-1.958457779527596754e-01	1.207161993782392972e-01	-1.563682877078045041e-01	-1.584741156246038396e-01	-1.362970615532035357e-01	6.738025352906462651e-02	3.475797594519044326e-02	-6.716397751475322760e-03	-1.207374609788389452e-01	7.733941410020961360e-02	1.315006512221601198e-01	-4.315815056358981994e-02	-6.947506243049764163e-02	2.584114842079964225e-01	1.373482764403719247e-01	1.152374121896207332e-01	9.250561659456801866e-02	2.902098836788661318e-01	6.448469439215440135e-03	1.335006347509352098e-01	1.000000000000000000e+00	3.034942659061649062e-01	4.167330840523807978e-01	2.837780207413795330e-01	4.238759218102052251e-01	2.324727785477587738e-01	-7.762634978192536894e-02	1.255687105644310297e-01	5.922841201593088967e-02	6.470828507090049531e-01	2.828442705553331771e-01	5.149207177833579063e-01	1.658638458248913594e-01	3.655446352467035531e-01	3.014682966570643718e-01	1.800865916906945197e-01	1.984375237197852360e-01	3.100366163833409572e-01	8.158395150496920711e-02	5.763151209759628107e-02	1.566870108579405674e-01	3.630918481247222274e-01	2.629965879065868789e-02	1.640160922142231692e-01	-9.945712380675122977e-02	1.095464768270244388e-01	1.861536721869489208e-01	-4.793790981115600425e-02	2.759704891690799022e-01	6.852157307964640287e-02	2.695814545919860139e-01	-3.562292646722932388e-02	6.165748466237015724e-02	-1.048607171874386401e-01	-1.637420846663792673e-01	6.223877011759035988e-02	-6.817629797967703076e-02	2.395619875853113034e-01	2.749374963638904212e-01	1.466868114910091780e-01	-1.197704815667009065e-02	1.921590221536384757e-01	1.467337420090024935e-01	-1.153317253815061283e-01	-5.191677693819536366e-01	8.534496895482282866e-03	-2.841046481578928806e-01	-1.342891098415351092e-01	5.299368217791192159e-02	-3.289175557678142292e-02	-7.380476861805070066e-02	4.417165074164112158e-03	-6.747268316401126842e-02	1.813090040878047038e-01	2.645603796777233341e-01	-2.390739119916562572e-01	-1.854389644706776474e-01	-1.881823250613992235e-02	-1.234731555951161103e-01	-3.503858090356674199e-02	-2.441872528416465515e-01	-3.034888856348066932e-01	-1.384471411120973827e-01	-2.832406562439550649e-02	-6.400449382022307954e-02	-5.796804607477153148e-02	-2.705845181999960158e-01	-2.330116434709962880e-01	-6.336919978552771338e-02	-2.583282525002032412e-02	-2.673982523705117353e-01	-2.097689643284107730e-01	-8.077067818710061131e-02	1.337908671767268076e-01	-4.543616383261878111e-02	4.042994717984657593e-01	3.559436181696576385e-01	5.536680798620609995e-02	1.724509109534586582e-01	-2.508908689382278734e-01	-1.888457049213990990e-01	1.145601422944864251e-01	2.191923188385290489e-02	2.377586837170763134e-01	-2.594541924018065049e-01	-1.082708974756032977e-01	1.203020608897307012e-02	-1.798629818540882844e-02	-2.518070856908890542e-01	-1.490485846196755969e-02	1.567604680507240014e-02	2.660517537351672623e-01	-1.561209729610170682e-01	-1.710489652729997867e-01	-8.651166696618083074e-02	-6.507690324398540671e-02	-7.696694414230460801e-02	-1.971360008119526219e-01	-1.586571509188468843e-01	-1.486413640143864068e-01	-9.723437096496853616e-02	-1.194354365450330489e-03	2.016626089337528183e-01	-8.231512370787884281e-02	1.443699469536616209e-01	-3.453852389321061377e-03	1.106007100369598706e-01	3.572907241324229100e-01	-3.258817890865270406e-02	-7.857650070957222788e-02	-2.174958757215908478e-01	-7.269536530050998979e-02	-8.344339505643224436e-03	-3.117005326349345795e-01	1.634485957897340580e-01	6.942511545739070422e-02	-1.081731999409116657e-01	-5.747261401162098715e-02	5.484018749810645049e-02	-2.436235269773901757e-01	3.111217206387259515e-02	-1.810018897601511634e-01	-1.068022320378504003e-01	2.814531911979295531e-01	3.991528806794408801e-01	1.251085579239805123e-01	-5.702953199913316645e-02	-2.680209952775233773e-02	1.880657892606792947e-01	-7.810487626561730956e-03	-1.795432991237944920e-01	9.613619578460977366e-02	9.524139275405961447e-02	-1.599885766324382064e-01	-2.335381562194323579e-01	-1.943481834045461543e-01	2.609214769993778438e-01	7.382782872773285821e-02	-1.891718189057779373e-02	-6.603559197476810416e-02	1.718830186869118671e-03	4.456128902921801388e-02	-1.171773388340424660e-01
4.478105231436494554e-02	-1.188879217718447623e-01	9.069869126091194278e-02	2.146673304335263432e-01	-2.178788856123179685e-01	-1.918420685393656955e-01	1.262407185221490168e-02	1.775132151251311227e-02	1.436935486895617176e-01	-1.438486883106784298e-01	-2.842258712147296973e-01	-3.074072560220277861e-01	-9.380646707740444845e-02	2.203246346254579546e-01	-1.735530228802458982e-02	1.587164499227710357e-01	2.975942056923936430e-01	1.611392464819140224e-01	3.290543860793813252e-02	-7.106529984461899818e-02	-2.411634770099194691e-01	-2.003178626970236464e-01	-8.579407926267781925e-02	-1.965329252188922904e-02	-1.598691083209388408e-01	-9.567724102221561444e-02	8.909926460591346964e-02	2.226347106897471340e-01	1.042454658527312006e-01	1.119017617978181889e-01	-7.697052754056357693e-02	5.464078984883831425e-02	-1.693169130398480826e-01	7.247438235119528782e-01	5.396444317667116186e-01	6.766656133599088241e-01	1.458408518803918641e-01	2.015146195069274226e-01	5.008870446155894163e-01	1.132956352312089604e-01	-1.836450838148341869e-01	-3.921384238751059181e-02	3.026578529668933482e-01	-1.539065171858151893e-01	-1.612466191228520418e-01	1.086569572458340738e-01	1.190888029712009327e-01	9.027041874344822470e-02	2.307487375803421101e-02	-9.500451189298472765e-02	6.570343567279296471e-02	-2.320102132139500312e-02	-3.269304313187978428e-01	-4.453489600669155446e-01	-2.184938940274749608e-01	-2.973072383934422525e-01	4.044668079083024170e-01	3.034942659061648507e-01	1.000000000000000000e+00	4.969374246442445076e-01	5.178364356831124393e-01	1.025602504046424224e-01	2.820156949190282258e-01	3.124274378195222579e-01	3.761736030356337412e-01	3.051409491015822373e-01	4.163620541864075375e-01	2.716733507231618439e-01	5.969387164739954343e-01	2.017783756124365557e-01	-1.672953961906747111e-01	-3.730873605295401685e-01	-1.867417549059372239e-01	-3.126394290942529630e-01	-1.183838695631896261e-02	2.588136142514791405e-01	-4.189321041475249086e-01	-2.014045229328816078e-01	-1.754172686032328121e-01	-4.373123311003794256e-01	-2.346332357485229336e-01	-2.281748265507637097e-01	-5.097194787511018232e-02	1.930051260378215158e-02	-5.598164304335845332e-02	1.553272672993184500e-01	-2.615519637373654033e-02	-1.526875884313665110e-01	2.231117463352209618e-01	2.480097196992208652e-01	3.760674552472352272e-01	-8.797183040029984968e-02	2.670528571384130356e-01	1.106327871117340350e-01	1.967439057486306542e-01	-1.694064658600448470e-01	-3.784197679339353915e-01	-1.373485926199896068e-01	1.674685737373510508e-01	-8.047196998746748708e-02	-3.947890765785398021e-02	8.859388428712534902e-02	3.235138185806700206e-01	2.436647170819342956e-01	-7.604275962985572457e-02	-2.234625982429502278e-01	-2.605159941097033860e-01	-2.339671995167940666e-01	-5.481980641888613281e-02	-1.965035369586103642e-01	-3.819572348750266966e-01	-2.896856061751693079e-01	2.496112313962756124e-01	8.955161907819945977e-02	-4.466962736104923559e-02	1.060845886985238989e-01	1.439745693847764851e-01	1.735696781797678168e-01	2.175582103224112662e-01	1.665925900204170140e-01	3.432433893188630569e-01	1.135606421439266517e-01	4.071831703117339239e-03	-2.833916568240422706e-01	-1.271428834592196744e-01	-1.822631599457005813e-01	-2.491464986128895109e-01	-5.952286044872581727e-02	-1.054067046587875561e-01	5.386533992351654615e-02	1.203507435295280981e-01	-2.422046362548008758e-01	-9.139099894831680115e-02	-1.210149072361538930e-01	3.429663068228824274e-01	2.467863934814083504e-01	2.227911657222516884e-01	2.803445851765296037e-01	-1.310207958948285678e-01	2.488357816987873394e-01	4.418514846749817537e-01	-5.891530977576527051e-02	2.577409127851319481e-01	-3.069573465576605487e-01	-1.604067694209057315e-01	-1.083281937944993029e-01	1.823107343679264761e-02	-1.142124517606215028e-01	-1.822862733982728300e-01	4.190999951778909965e-02	-1.400553897191672836e-01	1.370437096060123094e-01	2.226812008807471308e-02	-8.937340739554390512e-02	-1.546421779590708145e-01	-2.923063554584082735e-01	1.781693803977511537e-01	-2.119598475289106443e-01	-3.523916071838962272e-01	-2.901919887339198256e-01	-2.266704991766690658e-01	-3.972013076226990069e-01	-3.020645420823473426e-01	-6.912547205324708066e-02	7.317637240043269042e-02	3.884911705714769736e-01	4.449789343107776185e-01	4.459455824840443672e-01	2.891491181227645590e-01	2.912251463502554816e-01	3.686556390614143669e-02	3.967324228251765672e-01	-1.969043492776109405e-01	1.656704490819521092e-01	3.950715649406242314e-01	2.899121837104629007e-01	1.071438397894600159e-01	-2.339053951297005995e-01	2.646662037623781494e-01	-2.090664148712447629e-02	-3.262213282502408607e-01	-1.912923995623149187e-01	-3.489041125555022993e-01	-1.066055566538736399e-01	3.061439582568293849e-01	-2.698356224916602097e-01	-2.124436647497001396e-01	-1.739966084534125546e-01	-2.555559864745635679e-01	-1.820948039866977786e-01	1.514402402384163598e-02	6.001525409217689511e-02	1.884648861023313082e-01	-3.107594617224510580e-01	-2.598446185240369521e-01	-2.127051375056459095e-02	-9.123769169437229154e-02	-8.564351239154519013e-02	-7.365756116294673583e-02	9.586427355690556318e-02
2.016895202304440707e-02	1.182719277525461354e-01	7.643387729436883216e-02	2.076348105522022869e-01	-6.447873348942097238e-02	-2.483188797500712058e-02	-3.926493786094801750e-03	-5.785202859176185458e-02	4.088026269822589431e-02	-1.432179510732197944e-02	-6.211097327770398469e-02	-8.810941356394302870e-02	-2.803088969030227418e-01	-3.508358818658972259e-03	-3.140922917323882291e-01	-7.908948656419173551e-02	-7.372303195904222894e-02	-9.185491538880768969e-02	-9.759647988743561098e-02	-2.480480610347475245e-01	-1.708874422905233004e-01	-2.585130125382262278e-01	-1.395492981424748258e-01	-1.750532504767182695e-01	-2.799321264097166528e-01	-2.477956215733607137e-01	-1.194754634600338761e-01	-1.220831850720218437e-01	1.517866349306555562e-01	2.685369547104396459e-01	-1.152592213680742189e-01	4.219102655378014211e-01	1.469514561044034662e-01	7.009649282894933053e-01	2.805885038974266221e-01	3.840239594116224287e-01	-1.433026735273142116e-01	9.434285246216254917e-02	3.928862833710204394e-01	-4.989806708219305525e-02	-3.503653241512414973e-01	-6.451840184981449955e-02	1.800515217901691584e-02	-1.182310847698850587e-01	8.907957904122652815e-03	-1.165267776778065867e-01	1.033126951411803413e-01	1.920939700716450468e-02	1.246447804614212868e-01	-1.418727594111013623e-01	-1.597367548853861549e-02	-2.255771963642563271e-01	-3.500065104701490792e-01	-4.422235172746934451e-01	-2.059109611649810045e-01	-2.395702306907278034e-01	1.030001216569542133e-01	4.167330840523807978e-01	4.969374246442445631e-01	1.000000000000000000e+00	2.817937400332607978e-01	1.016918163610614489e-01	1.426085918842785183e-01	7.976189892110787868e-03	3.802755871966058132e-01	2.300386279809959744e-01	2.054272319381160727e-01	1.961780686830480458e-01	4.811781376939686661e-01	-2.155049203049278633e-02	-5.809014554089377003e-02	1.437733197462884027e-01	1.284727174017462892e-01	2.322833109759115944e-01	-7.470724348825009443e-03	-3.881464662509042252e-04	-1.926806867508717713e-01	-6.179184155160143826e-02	9.390841436986877011e-02	-1.885730530622906909e-01	-2.343316053039563307e-01	-1.666617517289859796e-01	-1.660255990292652528e-01	-2.457414720138853537e-01	-7.656692995662600643e-03	9.751361127288386702e-04	6.033182433438910586e-02	-2.468826816666110091e-01	-1.160767758301485195e-02	5.262175994448425528e-03	5.162800512645530915e-02	-1.347763599007721080e-01	-2.012610129337450565e-02	-9.700186982819705706e-02	7.347044067067068362e-02	-1.658836891801930211e-02	2.563686136669923385e-02	-2.152525699748621679e-01	1.412528411076611756e-01	-9.984609352445179831e-02	1.054366008874819093e-02	-8.391653945355428273e-03	1.995654298182687192e-01	3.025514913916128035e-01	4.214456622593462654e-02	-8.612411064127060978e-02	-1.606328297504616698e-01	-1.677492922545655574e-01	9.892231691322828091e-02	-2.478303268902878886e-02	-1.024462255308911524e-01	-3.845858626273745973e-02	6.253733075476630709e-02	-9.054066328864224245e-02	-1.258049199140661156e-01	5.625747041386686131e-02	-5.716064064724860755e-02	1.546514649791262165e-02	7.940929263137125327e-02	1.756685917905302374e-01	9.232372745840879136e-02	-3.051736643829340220e-02	-2.480121656781001660e-01	-3.155916731317878754e-01	-1.007105708331787614e-01	-2.568520558158057798e-01	-3.183082686796329663e-01	-1.849180834842548415e-01	-3.127636058810727149e-01	-7.966933613864837782e-02	-1.090904668658009349e-02	-1.711970247292446679e-01	1.644864262969956414e-01	4.455331045176760818e-02	5.126257866394663409e-01	2.905705082202999501e-01	2.211716048701591400e-02	3.443517975481136251e-02	-3.805182317570574013e-02	2.317899551567064245e-02	4.909028315121022890e-01	-1.998170209398600072e-01	2.224032866583526002e-01	-2.622870534866118541e-01	-2.718521226512181088e-01	-5.816137730377028692e-02	1.478291952554996180e-01	-1.938982959853159313e-02	1.580814184587600313e-01	9.399776648366318932e-02	-1.260180331988781099e-01	-1.906122255518548358e-02	2.204509268412051526e-01	1.675209297045323620e-01	1.113613547804113979e-01	-1.473513206629538386e-01	6.265268985334777885e-02	-1.428380246681210664e-01	-3.136681338307949485e-01	-2.151258034460712676e-01	-3.456590595119656273e-01	-3.997169419342303520e-01	-3.949312193372961910e-01	-1.124920648055063449e-01	8.782705079608039977e-02	2.407556965663780191e-01	3.359810392955094871e-01	2.977428526653319030e-01	2.028184898765473254e-01	1.357036777514469272e-01	-1.653407662073372031e-01	1.984906634192615260e-01	-4.561777633232992624e-02	1.212915126392449944e-01	3.102340699331060936e-01	2.295570588310193449e-01	-1.514994892727841713e-02	-2.444798105103548891e-01	7.108631612996983706e-02	8.515898883024607124e-02	2.139486640609924162e-01	1.033022981533149587e-01	1.540013107992148356e-01	2.151027635900208332e-02	3.118140202915324344e-01	1.072397946605371660e-01	-1.039605192707190318e-01	-1.960803329343195345e-01	-2.835372475970104333e-01	-1.424647129363902365e-01	-1.768056595201567991e-03	-5.821594286745221392e-02	6.980386672329114139e-02	-1.398834753495841188e-01	-1.648013734868958302e-02	-1.560307543147256282e-01	-1.529102378188701948e-02	-1.184802154555139181e-01	-2.434852647200402287e-01	-9.737797779577894719e-02
2.156362245024460653e-02	-7.639610220972042898e-02	-9.337863298626832009e-02	5.287195556511352368e-02	-9.603246063451389980e-02	-5.797113472459015232e-02	3.592861974835848127e-02	-1.054692130632792386e-02	3.083655201655862918e-02	-7.909940743063807733e-02	-1.522266430825272299e-01	-1.728517516892419670e-01	5.527641853511221226e-02	1.239590203537383438e-02	-6.600385326289441579e-02	1.781135718654511951e-02	1.424219988339903431e-01	2.301901260459494614e-01	1.140455144008417909e-01	8.900916710740294779e-02	-2.669904529108376168e-01	-6.313016496721481075e-02	1.076771747856638956e-01	-1.601765841210489039e-01	-2.924514876807865482e-01	-1.298790199705770476e-01	1.467417279674505526e-01	6.818612072043087058e-02	4.093399759107843594e-01	7.399516631680480572e-02	-2.077880352613756601e-02	2.291450305459168113e-01	1.745396191824547319e-02	3.600122857330437798e-01	1.379952829542396286e-01	2.826444720430469348e-01	4.968954506953005695e-02	9.060738273909953178e-02	4.638727343372657241e-01	-1.252701159966102262e-01	-2.944831773255905949e-01	-2.413725379221208500e-01	-1.431607931796987365e-01	1.627224604280434472e-01	7.511477039186549576e-02	-1.209648953464977361e-01	-5.336660284262976367e-02	5.911444695346820821e-02	-2.014033000635656601e-01	1.522379623113016556e-01	-6.566174140181454955e-02	-2.132894769312203287e-01	-4.489546910632730148e-02	-1.875225041512490476e-02	-1.347208154798802682e-01	-2.876175337965286571e-01	3.185492650609409448e-01	2.837780207413795330e-01	5.178364356831124393e-01	2.817937400332607423e-01	1.000000000000000000e+00	1.253904069566623147e-01	2.293074706402721541e-01	3.567726199580260188e-02	2.259302519338949322e-01	1.897155619039184449e-01	3.586178804290646172e-01	1.330416217148212288e-01	4.738470162400131858e-01	-1.090804221871510410e-01	9.787873646551124851e-02	-6.417740558531528916e-02	1.330451025231478013e-01	-8.006248842652056996e-02	5.382519628126493372e-02	5.227893441192397184e-01	-3.371905365099053115e-02	5.147461592609269693e-02	2.163543563500023026e-01	-1.530068144689492905e-02	-8.342774647928763443e-02	1.397198493236498917e-01	3.051644974343518599e-02	2.161030954530267778e-01	-5.251921596579423035e-02	1.503963305247568993e-01	1.548051482129257639e-01	1.181822384797354131e-01	1.165718642462765520e-01	3.065351757308357739e-01	1.972857573962835120e-01	-2.625460915169052778e-01	-1.276417533944786964e-01	-2.187172657513724305e-01	-5.603945802469392085e-02	3.107994462683858483e-01	1.493501274478895857e-01	2.472197230388689382e-01	8.490967270716194559e-02	1.415282191870231854e-01	-4.578236753099221290e-02	-5.688706115570480587e-02	1.602279134733010646e-01	-1.423227289656625724e-03	-2.179360166223036355e-02	-1.850710166655549493e-01	-1.085032047676509764e-01	-1.740300081642324470e-01	2.949968160223653130e-02	-1.614862460855126247e-01	-1.086122151766706206e-01	-6.337747156692122297e-02	-3.925105665730193455e-02	-1.303211350482658681e-01	7.266059742626417017e-02	-4.794540504620389831e-02	-9.309407457743614292e-03	3.691647080570423234e-02	-3.900129120002343575e-02	3.315518904720005100e-02	1.602187543707485340e-01	1.516392504341636249e-01	6.580312857716695552e-02	-1.358529303301243656e-02	7.264248392588511238e-02	3.761646372919279918e-02	2.189709068356711016e-02	-1.774628721695085121e-01	-5.384646586449447908e-02	5.902823201897793720e-02	1.039168166871158039e-01	5.646044693435032374e-02	1.870171632880012480e-01	-1.978442332957796104e-02	-2.749966772620072650e-02	-2.577203859098158197e-03	2.705862551411563136e-02	3.809790482974697440e-02	8.218362626733247134e-02	1.112169221922833795e-01	3.278810507244239725e-01	-8.927044519080744311e-02	4.348763598360676913e-02	-1.697443795599637428e-01	-2.670317221142533004e-01	-2.793932467991652180e-01	3.604619697039249809e-02	1.822202055671771070e-01	1.604900666293151978e-01	-1.745189527269650764e-01	-3.246088489648725206e-01	-1.454804064902035232e-01	-4.163223483612441683e-02	-1.421935357685778500e-01	-2.564069968389663945e-01	-3.534324254259955944e-02	-7.582119915741829252e-02	-4.638966642421843423e-01	-1.562859116249857572e-01	-1.045863682775317605e-01	8.937428789349936842e-03	-6.323477145852428316e-02	-9.558898057687552352e-02	1.375919819124100940e-01	4.193012213081190320e-02	1.375182383225484473e-01	3.287895476589581256e-01	7.242827417708776194e-02	8.118443770823975669e-02	3.670028141154036971e-01	8.516296574898030158e-02	2.383574501657919620e-01	-1.242487730807203539e-01	-1.702096499868122059e-02	9.052420947632533466e-02	1.603337188105984079e-01	-1.182319176031996211e-01	-2.921951403830585700e-02	2.928610908568007182e-02	2.420434000374169503e-01	-2.570641455298931441e-02	3.196693637985760506e-02	-1.438808226061513984e-01	-6.165101140248335776e-02	2.775541343879165956e-01	-1.902067406860667720e-02	1.669357547922053486e-01	1.288136114820868372e-01	8.149118130494808002e-03	-4.105001714880078534e-02	-1.524108953843406611e-01	-8.236964983623798475e-02	-1.302405589476220982e-01	-1.354182678374273030e-02	1.222728882636517078e-01	1.581093782732143904e-01	-1.505483954814411558e-02	-1.166762588467741835e-01	-2.932882035062312973e-02	-8.241399883887735867e-02
-2.564310048026497563e-02	-1.457049971458860560e-01	-2.578918767450801286e-01	-3.942877555280216439e-01	2.864496180918572055e-01	4.546682913571569173e-01	1.540123453719384472e-01	1.089714448477225178e-01	2.098348209018203736e-01	2.457073796830818169e-01	2.807816137665051781e-01	2.220083227623777800e-01	-2.573227224048950657e-01	-4.075615312851149086e-01	-2.112554633109053615e-01	-3.545515442109102300e-01	-3.882591567856869541e-01	-3.062307513454181063e-01	-2.338239417058075587e-01	-1.084572661480394662e-01	-9.299380389489723953e-02	-2.488709823329464388e-01	-2.075862281652990082e-01	-3.328819385290558430e-01	-4.427714784633909190e-02	-3.600233726477907181e-01	-1.626477771495110636e-01	-2.160333203754771780e-02	3.366416591523939683e-01	6.190949656515741528e-02	-3.309963515988179061e-02	2.992189040085864726e-01	3.923190945017767661e-01	5.668117325303598936e-02	-2.263473572312852955e-01	-2.889728124550463573e-01	-2.234275628105404088e-01	-4.775464133046463666e-01	2.107586555636877523e-01	-2.541569943191526182e-01	-7.522286673859310269e-02	-2.721025111330325763e-01	2.022293116253102707e-01	-1.616926941297066322e-01	6.852058235409468068e-02	1.204297913766585737e-01	1.252160380151178254e-01	5.043378256601485088e-01	1.001194410822432851e-01	7.599568881094834194e-02	1.512734267326922843e-01	3.637395919639556385e-02	4.324470181060461327e-01	3.722079596828574699e-01	4.258117456837374193e-01	4.226930021054835923e-02	2.273254747330802072e-01	4.238759218102052251e-01	1.025602504046424363e-01	1.016918163610614351e-01	1.253904069566623147e-01	1.000000000000000000e+00	2.911511881308367911e-01	1.400318462666512442e-01	1.387461760760690943e-01	1.878613635128776604e-01	2.498846729132593314e-01	7.883271639481041759e-02	3.766166271793672249e-01	2.326548744975024674e-01	6.574206295036785219e-01	2.592060815602035828e-01	-8.864763059920406640e-02	-3.515831387712328032e-02	5.074916829981036132e-02	5.783532246550802947e-02	-1.493742944134320849e-01	-7.000060512587769068e-02	7.122207726788992721e-02	-3.319626657396265723e-02	4.130274198176155931e-01	4.974664515750028965e-02	1.298510738156481194e-02	3.583314004507027750e-01	-2.171505811097102778e-01	1.682157525905609019e-01	-1.382484623235835930e-01	4.910969051548827458e-01	-8.063493723609754804e-02	2.014822219884563614e-01	2.208267871554840320e-02	2.457185095488612862e-03	9.274637833109097840e-02	3.499325583406825285e-02	5.717344915717673670e-01	2.123883081470747947e-01	-4.885988373803968471e-02	4.162471276382077173e-02	1.204964573576417924e-01	-1.172461844661559366e-01	-4.509064996980523959e-02	-5.184636219290184034e-01	-6.024346945161898614e-02	-5.619240426096695495e-01	-1.248337814132280260e-01	2.603162988283808654e-01	7.771394799102045170e-02	1.435520710185606841e-01	2.265413638037582778e-01	1.956156029536590124e-01	2.346907812133285087e-01	4.583542757102707088e-01	-2.956634083868378560e-01	-1.368077940251548330e-01	-1.745705218931939695e-01	-1.423395185987574307e-01	-1.978481737573982782e-02	-3.766546281274363306e-01	-4.047337908325235323e-01	-2.862450717689084545e-01	-2.478101961399135911e-01	-1.294705187508354005e-01	-5.653916782519591983e-02	-1.222769909770716479e-01	-1.813259689488574411e-01	-1.288656798117831515e-01	-1.636401506746796852e-01	-4.307395154486343136e-01	-3.151695855762616794e-01	-2.490573928828757611e-01	3.203462612826399880e-01	-1.543337969947909671e-01	3.153881335330827596e-01	5.105861964013516108e-01	8.700707048572105251e-02	2.659684688680268305e-01	-3.463274657390063571e-01	4.518179026710930635e-02	5.680517651548391833e-02	-1.906806665234753173e-01	1.909372316305964212e-01	-3.190250557978290824e-01	9.681556030319730943e-02	2.419822043901362629e-01	2.101412855672726496e-02	-7.757467139882541496e-02	-1.022887905760664767e-01	-1.934619373651744467e-01	-9.854656924878678684e-03	1.085536898987769922e-01	1.215577728514407874e-01	3.771211654891964415e-01	3.099256284422468449e-02	-2.273359829124576431e-02	-9.926618776875371919e-02	4.935893125776024369e-03	-3.142411620295028629e-01	-4.715159955590823154e-02	1.396384509198609070e-01	4.690827810157751632e-01	1.235406942040422895e-01	3.922200254576397871e-01	3.053560283866095793e-01	5.551162662412529453e-02	4.327838323568333201e-01	6.979650994488924287e-02	-4.516925834223435576e-02	4.372784867078691184e-02	3.603662956304415355e-02	-3.260469477359288770e-02	-3.078935662388091465e-01	5.701820462402583389e-02	2.299929965876987281e-01	2.821757253221759618e-02	1.140831249449092075e-02	2.661509902987850285e-01	-3.095548914586818690e-01	3.228757754413576486e-01	-2.282148407543720114e-02	-1.919101342667461352e-01	1.998241400671003365e-01	1.625548747454494125e-01	2.029203669701052509e-02	-1.879697052400978174e-01	-1.090813012205948812e-01	-1.589938816028428903e-01	3.368703055578213534e-02	-1.476098561230425044e-01	4.020381539223438772e-01	-1.354084182591095697e-01	-3.971997881743595249e-01	-2.783885742262586643e-02	-1.729911179165314616e-01	3.383042739851761516e-01	-1.279681693283713229e-01	-3.385209528438442445e-02	-3.659779172077085585e-01	1.386930997430572687e-01	-3.870050315682160846e-02	-7.801130496682606719e-02
-9.813312816339098132e-02	-2.043575688088616060e-01	-9.071551102750147200e-02	1.141092387350802276e-02	-1.208916937458740654e-01	-1.898810932673882512e-01	-8.420082082462271300e-02	-2.264146076073743075e-01	2.494206309273963237e-02	-1.571626102209917886e-01	-3.496646045349228182e-01	-1.809579167471584149e-01	-1.217780615384228687e-01	4.910810465239561114e-03	3.106968332281771425e-02	1.800324368603722081e-01	-2.583616337055712198e-02	4.264741552942481750e-02	7.916144417410650447e-02	-1.739417489209110768e-02	-7.864563749119637959e-02	-1.984283956827528062e-01	1.918193545173249234e-02	-1.828635334954895331e-01	-4.540667912296504627e-02	-1.546917818626940555e-01	6.815614897830658825e-02	1.697740714568293230e-01	2.886149961120621499e-01	2.160445519203400555e-01	-1.805929670968101641e-01	-9.535260394492223179e-02	-1.474615107210219267e-01	2.699127965549774077e-01	2.073336869502462043e-01	1.757189447325576692e-01	-1.020965934866480823e-01	4.146162982917326462e-02	5.421524456348719712e-01	-2.998472491944037532e-02	-2.124186543744130962e-01	4.205374229761626829e-03	4.320511889488113377e-01	-2.631419479896277003e-01	-2.208714853645317999e-01	3.683445808056411835e-02	3.327619380646239244e-02	1.176770206353490306e-01	-3.112303877405239380e-02	-1.579227857970945947e-01	7.687302571838160181e-02	4.872959989685551017e-03	-4.291778724251625599e-02	-1.804042214055018023e-01	-5.606787985568170013e-02	4.672307353281557329e-02	2.053060760790280936e-01	2.324727785477588016e-01	2.820156949190282814e-01	1.426085918842785183e-01	2.293074706402721541e-01	2.911511881308367911e-01	1.000000000000000000e+00	5.204488899140322644e-01	6.696956481460309973e-01	2.538262838968725985e-03	2.532002614844775512e-01	2.081173995812193173e-02	5.165658845277146805e-01	-1.363640722593900123e-01	-1.230051104087582885e-02	-2.433953068444578982e-01	-1.395619344264761863e-01	-1.670261142693371670e-01	3.328163677132545822e-02	4.202297246786958484e-01	-7.106101933179620467e-03	-1.839017380861458217e-01	-6.959020240085839193e-02	9.412723317037448301e-02	-2.071776962013538725e-01	1.764920209516281091e-02	4.067234114601696038e-01	1.111920812140268500e-01	4.512995929425069330e-01	5.563434729252718647e-01	2.307886628012589536e-01	1.214419886727270553e-01	4.463945570075683600e-01	4.868155003743827591e-01	4.095713402144174342e-01	2.520907219117475839e-01	2.897467993654907481e-01	4.290149493658665381e-01	4.719063136911715861e-01	-1.966653620790584089e-01	-1.965217108260206569e-01	-1.386382089810158855e-02	6.830843926380002484e-01	2.251054488380719587e-01	-1.189478967458942882e-02	1.077843622956901892e-02	-5.093403031867471675e-02	3.246481148004515954e-02	-7.238210964477483078e-02	-1.361614300459010052e-01	-1.621547034942350807e-01	-2.818608239094339551e-01	-9.762700835434169611e-02	-3.336417170772826291e-01	-2.649356798415494763e-01	-2.093926071498249109e-01	1.017791669661051307e-01	-8.755366048102997123e-02	-2.696544079606262925e-02	-3.758047009652513287e-02	-1.359155848203210115e-01	3.533710577533508840e-02	-3.018289886399929192e-02	4.016469049235627670e-02	8.896341697139384386e-02	8.013688571877695954e-02	2.077290810832103929e-02	-1.534596806132761670e-01	-1.636603462682632570e-01	-2.333383870480894851e-01	-1.646903651213949549e-01	-2.451661229298527922e-01	-1.959680430132461071e-01	1.194191870176232323e-01	1.992879773874433325e-01	-2.641108364783724127e-01	-1.256708465357977977e-01	-3.512417156060422541e-02	-1.074551429257889629e-01	3.593234294076286944e-02	2.695718095872160491e-01	7.169955962492742529e-02	-2.693216875100851726e-01	-9.634970922836322282e-02	9.074324244605246059e-02	-1.403219440747794089e-01	1.524362740320895360e-01	9.089799715430033761e-03	-4.603629113632212028e-02	-2.292620295323319068e-01	-1.581819613245791234e-01	-1.529586733704752788e-01	-2.856454713932486400e-01	-1.951849793995662774e-01	-2.726065656963078676e-01	-1.084380605098168304e-01	-1.273797829476635002e-01	-3.394305905656051503e-01	-2.505310519832851801e-01	-3.602589818922837805e-01	2.440593017600745096e-02	-1.183216813749597279e-01	1.114430893096254871e-01	-2.069732942964024325e-01	6.939199344158236693e-02	-2.048992040543961557e-01	-1.964290482521181269e-01	1.669898945121172096e-01	-1.437916393675307825e-01	-7.634364443302493752e-02	4.569274103952612048e-02	1.504601448310475542e-01	3.943876721551403119e-01	-2.667331519701705844e-02	5.643358738155410809e-02	1.869427681082065917e-01	-4.093048226090883479e-01	-3.785448388680575649e-01	1.452776873022394999e-01	1.179114198064173946e-01	-5.938805267041508823e-02	1.088818411360111954e-01	1.695963044943084863e-01	-5.176140592759178455e-02	-2.299883607443513334e-01	-2.134928062415747396e-01	-1.843418893833105587e-01	-2.961567917605830713e-01	9.234718208328623890e-02	-1.638674169705677808e-01	-2.368218524981548570e-02	-1.634016384769072239e-01	-4.219790109593719862e-02	4.355840978238940953e-02	1.732626518604439281e-01	-4.811493256065502155e-02	2.911736086846385962e-01	-2.206598653287208389e-01	-2.632445765197256038e-01	5.288132464136906241e-02	1.479937957316383446e-01	1.896580930800933484e-01	-2.163443442514273798e-02	-8.628100135325458830e-02
3.623654525330477494e-02	-2.678312958430592583e-01	6.997424708583811770e-02	1.055613486353764313e-01	-1.889652242658121928e-01	-2.705615126081731825e-01	-8.646393935775863182e-02	-1.516444462709306273e-01	4.635041683692617265e-02	-1.996493468642560054e-01	-4.335308876903078978e-01	-3.135531157792948997e-01	8.566929330368260043e-02	1.810714354825843642e-01	2.302241731183337914e-01	2.590668633927637465e-01	2.163070412567352496e-01	2.488526002466515952e-01	3.414187449986707396e-02	2.883977180874111243e-02	1.137251371539334949e-02	-6.258703707420819329e-02	9.977549220487567927e-02	3.418920722199776316e-03	2.176545977381877384e-01	9.379302760987474896e-02	1.905846429504715750e-02	2.606569750025536369e-01	1.457930618411700241e-01	2.161273106354266449e-01	-7.307368378727149838e-02	-2.970314896754935319e-01	-3.344260311569460242e-01	3.006901087654176297e-01	5.264155509549751644e-01	4.366394613679079884e-01	2.257209424395166253e-01	2.517383058086124503e-01	4.653566128048254313e-01	2.919188833782230819e-01	9.907829724882764866e-02	2.731748837280478792e-01	6.218632690588546952e-01	-2.943294638905153415e-01	-4.366227182152589148e-02	2.929972683787525067e-01	-4.282489621873267205e-02	6.929312779683274859e-02	2.205408164351853884e-01	1.851384610190895744e-02	8.223379212013878781e-02	-1.667658824066607301e-02	-1.312761851798854677e-02	-1.910924206834533068e-01	-2.161733727079956369e-01	7.895524334321857643e-03	3.981517107166808178e-01	-7.762634978192536894e-02	3.124274378195222024e-01	7.976189892110787868e-03	3.567726199580260188e-02	1.400318462666512442e-01	5.204488899140322644e-01	1.000000000000000000e+00	5.262096386440189288e-01	2.522602087473396204e-01	1.038999853336163431e-01	-2.388644507208889101e-01	1.545219371731506863e-01	5.485504098528600631e-02	-2.003400500673093443e-01	-5.979203701374556923e-01	-4.563271371369835849e-01	-4.475678611675260044e-01	-2.576174760680844389e-01	1.700418163796638682e-01	-3.414639386410812660e-01	-2.762289610227139369e-01	-4.997017452975346385e-01	-3.904977487420012439e-02	-2.460473128530128728e-01	5.776971432309366793e-03	1.310915614302395893e-01	1.171850867150778588e-02	2.277497760422421136e-01	2.325097624196146573e-01	-1.882570604183148588e-01	-4.107695296156987919e-02	3.178529409626095203e-01	3.796626629078509452e-01	4.514595426262215105e-01	3.009938047877459555e-01	3.000526042120427728e-01	4.234831181480729345e-01	3.664319103011672851e-01	-4.311136045526755001e-01	-4.432292596312792932e-01	1.395492072315196452e-01	3.101590072517718122e-01	-1.170780249981857452e-01	9.351681892754684991e-03	1.404427801643241547e-01	7.441638174110819237e-02	9.468642876502371408e-02	-9.838299339746697791e-02	-2.140792534114873136e-01	-1.872983026827192976e-01	-1.565701860579571669e-01	-1.640522789878626764e-01	-2.676674409460699788e-01	-4.548374859118342051e-01	-3.766564196251611651e-01	3.233300118553831259e-01	1.005709893690525519e-01	1.143378355847789324e-01	1.058559897572661779e-01	1.394671575556793164e-01	1.091334973768398053e-01	1.127984718645499568e-01	3.578119234600620757e-01	1.874685995773898717e-01	4.669961020038432969e-02	6.051980679366567029e-02	-6.699094978205977213e-02	-6.416722460552570784e-02	-1.444788587842048555e-01	-1.420282710252910030e-01	6.798030233541985101e-02	-3.446485061344304462e-02	8.712646862150576210e-02	1.968932785703763622e-01	-3.936899571554395849e-01	-3.500637417380863536e-01	-2.045197037763351877e-01	2.193644731901644301e-02	1.363071424927851660e-01	4.410317742845634159e-01	3.678945736507054920e-01	-3.497936943186060743e-01	1.717842168732683084e-01	1.462846859209688544e-01	1.337766414417130012e-01	3.433398604332172921e-01	-1.252264424383559352e-02	2.306931326450450959e-02	1.526323376522498443e-01	6.021818090939481949e-02	-2.138963002408244274e-01	-4.946984445551615983e-01	6.572998682348064892e-02	-2.841816562765874313e-02	1.155019478988639214e-01	-1.237094410601287664e-01	-2.624769870363101720e-01	-1.926166859816139110e-02	-2.193531773041642596e-01	5.262158234667081019e-02	9.130076415210816240e-03	9.140956622729827508e-02	-2.662245796271053844e-01	2.626181261383534471e-01	-2.545693200548460600e-01	-9.842082439253635462e-02	1.418869302562435486e-01	-2.023167204365447502e-01	2.058022558729765972e-01	2.059158407142389069e-01	4.492447431182196027e-01	3.867967525772514348e-01	1.983029385456898941e-01	1.568483197918040806e-01	2.774464975033801850e-01	-4.345794534291819722e-01	-1.876393455799559018e-01	2.102571275967944631e-01	3.138932563487742411e-02	1.072214912810778298e-01	-1.467462557953836538e-02	3.004384896181501174e-01	-2.169801605777564313e-01	-5.903612920763303684e-01	-5.167130957728007790e-01	-3.998409316424933468e-01	-4.150107711718946657e-01	1.263218893713471958e-01	-4.855953395321933042e-01	-3.682548369409733430e-02	4.023734887496125540e-02	-1.451660038020801402e-01	-2.187763448638315178e-01	1.955091992166357873e-01	3.517634775235033780e-04	3.537216045696678912e-01	-3.488888980443575760e-01	-4.215434591447175250e-01	1.138365188172167919e-01	-3.244215103390566540e-02	4.688117198117858903e-02	-9.294639083726902173e-02	1.263216702031024208e-01
1.275522296871144934e-01	-2.001579079128163463e-01	1.577055868725199816e-01	2.987863270468957277e-01	-1.100188266741084497e-01	-2.328025484885325180e-01	4.505764103692270692e-03	-1.487870875714953356e-01	1.426787641231838100e-01	-1.288335358344272485e-01	-3.417185217952172227e-01	-1.783935462940201000e-01	-1.930027135875995725e-01	5.747024475737301866e-03	-1.245559218845137123e-01	1.327408452430844377e-01	1.813380226732918751e-02	4.476856369225926807e-02	5.693523257883424671e-02	-2.176467676607047874e-01	-1.548089602461321102e-01	-3.416845182409025128e-01	-1.436899287465199793e-01	-2.709150751557102832e-01	-4.507706852425811400e-02	-2.838298118972396589e-01	-9.536703381512463829e-02	2.205326930000059069e-02	2.580902980533683055e-01	4.333232514148750991e-01	-1.571277407995845532e-01	-8.761750817549851522e-02	-2.976166460276496450e-01	4.635093749736153290e-01	3.133149524231556571e-01	3.209692366617027393e-01	-1.172537906603074859e-01	2.313603078223862575e-01	6.913280843096630823e-01	-4.954762588206269164e-02	-2.640003147782468695e-01	-3.816664005781771063e-02	4.071815089319115732e-01	-2.688679234542506458e-01	-4.558179881317840632e-02	4.366592262942214919e-02	-3.587497108267852924e-02	-4.431947961497553073e-02	1.565266099943306566e-01	-1.599242771802084906e-01	-5.469119633248678558e-02	-1.427586943885010284e-01	-1.979878838580937384e-01	-3.907936897723831016e-01	-3.226066167996692879e-01	-6.472243718317868821e-02	1.339383395949062527e-01	1.255687105644310297e-01	3.761736030356337412e-01	3.802755871966058132e-01	2.259302519338949600e-01	1.387461760760690943e-01	6.696956481460309973e-01	5.262096386440189288e-01	1.000000000000000000e+00	1.624548901540108226e-01	1.514245277402176681e-01	-2.666750435773585295e-02	4.805129931550994882e-01	-1.969881183393560053e-01	-2.911250092166042802e-01	-3.803188915867417585e-01	-2.995583473848861256e-01	-1.534402759246290826e-01	-2.764324603124072577e-01	2.363418997336721172e-01	-3.125774071383515262e-01	-2.104005179342878229e-01	-2.875735321283496293e-01	-7.477648023671565336e-02	-4.492546856914872988e-01	-1.367402817554872752e-01	9.572703852633590582e-02	-6.649149450144066498e-02	3.408348345580054506e-01	2.925425002069291236e-01	4.124091451637333303e-03	-2.514175649251298439e-01	2.942845357320559851e-01	3.878964096391149252e-01	3.771478113715111546e-01	1.564363935580604381e-01	2.304751429199948520e-01	1.960328182873057601e-01	3.281311766331061475e-01	-3.195622089673066935e-01	-2.195679867026916476e-01	3.740278123641811725e-02	6.138695555708666429e-01	-1.615397106001474625e-02	9.528475458995140646e-02	2.192813157464392759e-01	9.620449985806256432e-02	3.023714738259223322e-01	6.104852621408645569e-02	-1.080080616704835322e-01	-1.534172351527220701e-01	-1.541376435364798791e-01	-6.166585999670046864e-02	-2.517883565323958961e-01	-3.320358727514939323e-01	-3.189571546639549116e-01	2.327507415750541264e-01	-1.282184017425170297e-01	-8.599882210728959642e-02	4.664427296637580454e-03	-1.230742678683783703e-01	2.896416121087725531e-02	1.355202690914097952e-01	2.211246806201157544e-01	1.344340686398436957e-01	6.461164219830556332e-02	-2.097236647013091815e-01	-2.612160104720893106e-01	-1.514575419590443173e-01	-3.476314275072779347e-01	-3.653500353468976392e-01	-3.540515472306249856e-01	-3.765203505078122403e-01	-1.171659313638590168e-02	1.187873624558137969e-01	-3.593315427561020181e-01	-1.752886765484441556e-01	-2.423380216835241407e-01	1.689829683617582734e-01	6.832275294044121150e-02	3.115919706799560873e-01	1.793387283373752139e-01	-3.645619811644272290e-01	-7.693285144200956091e-03	3.614527515248194267e-01	-2.469307280934128213e-01	2.186136009193961616e-01	-1.024343170082528814e-01	-1.356836203375636485e-01	-1.642264580681655761e-01	1.604106680605006316e-02	-2.097353790444456967e-01	-2.287334249586084611e-01	-1.294133554150359855e-01	-3.320028100939139137e-01	-3.363697134774031733e-02	7.418428146034976994e-03	-1.211202321147479277e-01	2.607461591583710991e-02	-2.704334096244724872e-01	1.044515192758194710e-01	-2.775595140063797928e-01	-6.290539955920732007e-02	-4.496023538945433939e-01	4.069119166844462065e-02	-4.962649248736661356e-01	-2.906836025496071230e-01	1.479506030021436325e-01	-2.306109474547736737e-01	7.306494186361291165e-02	2.998085007664366142e-01	4.000420700119701745e-01	5.312393676795647002e-01	2.528098076688564677e-01	1.530370805310249105e-01	2.894890470835312368e-01	-5.030178588591779354e-01	-2.537141279644117842e-01	4.276721357794924794e-01	2.545839950464355850e-01	1.349681961252580109e-01	-1.046085197469752148e-01	2.442759948393470881e-01	-7.579355315128410986e-02	-2.883095025201847239e-01	-3.858754886231822168e-01	-1.595741379595743414e-01	-3.603453209586242045e-01	2.962791185599751298e-01	-2.869779928287086168e-01	-1.290658552499292754e-02	2.687987866697818303e-03	-3.528859055110848408e-01	-1.501425851102872189e-01	2.472004648415800920e-01	-1.032734032603949553e-01	3.767878669505977940e-01	-4.249449570311498170e-01	-2.096867157657240355e-01	1.539346267086014464e-01	6.149333174863404194e-02	5.560358345404772806e-02	-1.952649992645065224e-01	-3.844787177203092682e-02
-1.185235712387727874e-01	-2.163958981281253746e-01	-3.516888893121797310e-02	-2.977547140966405395e-02	-1.913488281977111516e-01	-5.527621602682920160e-02	-9.013439263583665484e-02	-1.549872868567912232e-01	1.743951147734379148e-01	-1.596964217116599583e-01	-8.960938009139607363e-02	-2.051088292576600802e-01	1.826230481822601337e-01	1.251382904574151467e-01	1.692616563788574072e-02	1.010652013077717459e-01	1.379599865888971877e-01	2.327447688847425200e-01	-2.116879333407584510e-02	6.773167745706419607e-02	2.270136183648794603e-01	4.575928104823347858e-02	2.922812900289893656e-02	7.148240111214206050e-02	9.797400973588882636e-03	-7.814337581499974927e-02	-8.884567567589356230e-02	1.254570797797076032e-01	1.620606108968468129e-01	1.561838087526564167e-01	3.838483250159806237e-02	5.856961624358431734e-02	-3.906922784123049996e-02	3.159929841487852942e-01	2.656646749512234229e-01	2.902906468266061579e-01	3.098933490100584387e-01	2.604123191054280584e-01	2.345564250879339785e-01	1.820980638979055044e-01	1.320360717251090055e-01	-3.650679124034799522e-02	1.117050692919515364e-01	1.726605989055650658e-01	3.276335249761487822e-01	1.313254784328450886e-01	2.415469518419028350e-01	1.235440273305260378e-01	3.325306457546893246e-01	1.949353451579301510e-01	1.086170023785613531e-01	-1.207720287512440566e-01	7.363353135586071796e-02	-4.657561883173800404e-02	-2.105803687483937814e-01	-2.831796107528280482e-01	3.504172267617796654e-01	5.922841201593088967e-02	3.051409491015821818e-01	2.300386279809959744e-01	1.897155619039184449e-01	1.878613635128776604e-01	2.538262838968725985e-03	2.522602087473396204e-01	1.624548901540108226e-01	1.000000000000000000e+00	3.529660863622579442e-02	1.356279766070343437e-02	7.215474651190455224e-02	3.007274929984776746e-02	-1.139135850712177100e-01	-1.471271329928947880e-01	-2.654179433562841098e-02	9.569161651922898637e-02	-2.331989167969122090e-01	7.759425582747304928e-02	-2.496175206917169709e-01	3.980342593559964282e-02	-1.236220347663478936e-01	-3.486982300238308102e-02	-1.592076850853487435e-01	4.290343415033986973e-02	-2.075003826012018215e-01	1.186712194182780108e-02	-1.763574904073702265e-01	-2.481406496917351046e-01	-1.370311476644728022e-01	-1.201602420230065971e-01	-7.377264352874856636e-03	2.550392234056712559e-01	1.803435884087888907e-01	-2.726198351914561717e-03	1.379342325977061523e-01	8.767966786622309605e-02	1.609335818300417220e-01	4.476283570934284223e-02	-3.378421607101877305e-02	1.169000988363185778e-01	-1.535792479664212784e-01	-1.366288556499391793e-01	-1.506664135046060227e-01	1.284184661924710480e-01	5.467307115454442257e-02	2.176646189450993571e-02	-6.549196383224950568e-02	-1.834391662286432856e-01	-2.553181560773603587e-01	-5.941445081989072535e-02	-1.956512853565868237e-01	-1.832734205834494479e-01	-2.610026191810868035e-01	-1.386387642721760294e-01	2.073000698320642821e-01	-5.456341054612735830e-02	1.700823165141438983e-02	4.835874421875174800e-02	5.576824707256810426e-02	-3.699327101790940431e-02	4.117735205466719478e-02	2.823310257362842690e-01	9.709658498548938421e-02	3.770699151388649112e-02	4.371712904998850679e-02	-3.331244409165704662e-02	5.168957907295693502e-03	9.410131096165447531e-03	-9.073619928302692483e-02	-1.874168381780602355e-01	-1.527288396418938765e-01	-1.716593231798214936e-01	4.094555035066529264e-02	-4.100405487204185351e-02	-7.030436023023851899e-02	-5.433609274361458907e-02	7.784912326603340982e-02	1.448161230456047333e-01	1.639578294801552760e-01	1.944859411873818555e-01	7.440411000067749525e-02	1.300200855929242449e-01	2.153180000638012792e-01	1.149418621002268187e-01	2.874995207264092745e-01	-7.591108135120478231e-03	2.104813196955255539e-01	1.246485012298646777e-01	1.711514048595879911e-01	-1.644028049321370755e-02	7.522213007138404961e-02	1.903858430019167713e-01	3.084327189249555512e-02	1.156885933402308775e-01	9.901879089760623476e-02	5.280292621783204410e-02	1.438089718277700269e-01	2.061904077261889900e-01	1.406767150786155385e-01	-4.387547328968575272e-02	-3.213102644176236977e-02	-1.709681725230269289e-01	-9.321130003119378407e-03	-2.278482519959174890e-01	1.293273064100059766e-01	-7.189748566887421699e-02	-1.184701322350468350e-01	7.454932293927205023e-02	1.341235747584245130e-01	2.292280675028214587e-01	1.667000439946877688e-01	5.908584136195713654e-01	-6.072393796182343900e-02	5.239346128500665944e-02	-1.063590824130567492e-01	-3.255563349905022524e-02	3.904954535731672977e-02	1.856397567709141411e-02	4.332921850364453847e-02	-2.632418255477327329e-01	7.419212806291096418e-02	-3.406570218313854231e-02	-1.241669931318870462e-01	-1.848580805637144997e-01	-6.434752447895666916e-02	-7.036297577441356921e-02	2.259409693338783054e-01	-2.172582476520289463e-01	5.714875096385724218e-02	4.126160252829578767e-01	-6.912742719678621750e-02	-2.128309367688397402e-01	2.137519908169750738e-02	7.258378446976085363e-02	4.088549144126487483e-02	-1.557737246817885446e-01	-1.225036794322966888e-01	-1.693675315323801139e-02	-2.212762673185105222e-01	-1.541299313885227118e-01	-1.740484817061806189e-02	7.947109710203309474e-02
3.041061939224466368e-02	-7.930935069824653072e-02	2.276701969449298341e-02	-1.057906409662712766e-01	1.416548432009669990e-02	1.249383051057467720e-01	2.593915273120998011e-01	1.622346715642748738e-01	2.924295643590633653e-01	4.208820048628888338e-02	9.676624957011872863e-02	-5.576073985947702094e-02	-4.911440182889089713e-03	4.147869224453526460e-02	6.728008402265314714e-02	1.756897069225089869e-02	-8.322259140153082102e-02	5.295663034203981073e-02	-1.636867729534262073e-01	1.222081280441174589e-01	-2.821527270481642008e-02	-6.276717073923121504e-02	1.696422758676122133e-02	8.048825726120813207e-02	-1.593232915868218746e-02	1.778788015395627378e-02	6.086601338273050360e-02	2.731756257353172568e-02	3.324460791690306283e-01	1.248203501904828101e-02	-3.725507000276009114e-03	1.228638220598372160e-01	1.007968610087071337e-01	2.911459165849955566e-01	5.629658148909856552e-02	9.734460145760093219e-02	1.307303395208650187e-01	-1.278440106361500572e-01	2.197688875280906506e-01	5.538248115633381125e-02	-1.542165400226692129e-01	-4.722958279328945408e-02	1.281560549964625428e-01	6.380642056662053085e-02	-1.149468798445634349e-01	-1.702075294824570428e-01	7.110907842076794050e-02	-6.423399677167143315e-03	-1.561098221981695178e-01	-9.915652678572701995e-02	4.390749849335476296e-01	3.373101058712774658e-01	7.865559019358901727e-02	2.733136765674670093e-02	2.142052010889612390e-01	-4.953230682706154936e-02	3.647992825613481371e-01	6.470828507090050641e-01	4.163620541864075375e-01	2.054272319381160727e-01	3.586178804290646172e-01	2.498846729132593036e-01	2.532002614844775512e-01	1.038999853336163570e-01	1.514245277402176959e-01	3.529660863622578748e-02	1.000000000000000000e+00	2.173801463306741510e-01	5.539397278628248600e-01	2.286496984450981373e-01	1.962402994784442356e-01	-3.451446028654608228e-02	-4.056864524839719904e-02	-1.053530811868982758e-01	1.416741674551613706e-01	1.348990590792887856e-01	-1.524257852398647750e-01	1.364086466066896826e-02	6.469606505547523256e-02	1.311066626066734533e-02	8.321207270920127907e-02	-2.225786507709606454e-01	1.343444525748078155e-01	2.905412669745575105e-01	-1.768426253239555740e-02	4.433315386900241184e-01	8.013948533565937865e-03	2.143831523836246256e-01	1.456907917037837952e-01	4.727308169986439018e-02	-3.258968027614492918e-02	-1.256482760568465584e-01	2.408318602493383642e-01	-2.930240497585133094e-02	1.858489159947240843e-01	1.003261219154845812e-01	-5.735264894933818358e-02	6.207901971824666271e-02	2.213610505864798128e-01	1.677219726499965535e-01	-5.647004548094566173e-02	-2.712648833383716762e-01	1.153602266653229874e-01	-1.018448751733634500e-01	-1.499411376085306724e-01	2.608687337614334217e-02	-4.305695207072786010e-03	-1.003171586306803899e-02	5.514805724863408240e-03	-3.133343346262011664e-02	5.342869516509773931e-02	1.263228807140942267e-01	-1.667656738039141606e-01	-1.714730182448461204e-01	-5.504902322189465097e-02	-6.725391431727612696e-03	-9.272600126351544791e-02	-1.312796914203532284e-01	-2.976309788594256878e-01	-1.119688807166743238e-01	-1.776862854789200419e-02	-1.804570053433198207e-01	-5.552404828682849791e-02	-1.851317430545730836e-01	-1.147060613779129906e-01	-5.412180758365849748e-02	-5.955375062524519147e-02	-1.338258696021334959e-01	-6.955652386610369775e-02	-9.197772241070026333e-02	1.951073630198720266e-01	-2.831841138317296031e-02	1.527503373668151476e-01	1.976111124401840335e-01	-9.753380968589236977e-02	9.215589606127214117e-02	-4.927674839152648006e-02	-1.611939406235016470e-01	2.085918501435594929e-02	1.303685469515284030e-03	6.096551546439141211e-02	-9.709558419431946197e-02	-1.309318773097213270e-02	-1.251611569952016355e-02	-8.899186095370233140e-02	-2.369862760946881419e-01	-2.358360478711576946e-02	-3.934435950388348591e-02	-1.156622430055502700e-02	-2.303650191508669620e-01	-2.615166987382089303e-01	-1.745876588075495894e-01	-2.141323493313136705e-01	-2.483873932666023632e-01	-3.232440104725710084e-01	-2.554959976359689189e-01	-5.035229762557206362e-02	-1.751001070348540134e-01	-8.933954069391164543e-02	7.996192197591911466e-02	-9.738663048667231537e-02	3.889352473910655250e-02	-1.678501070165363748e-02	2.148098075544079555e-01	1.665284138189794261e-01	-4.601377752766949714e-02	-1.115769852204843565e-01	-2.009968539620223815e-01	-1.370843321309707652e-01	2.769447216801819434e-02	-1.904747153066124743e-01	1.492025974340219219e-01	-1.256079244548406471e-01	-2.699109855320901974e-01	-4.781879841499347278e-02	-3.981732867959069527e-02	-2.228378469136303164e-01	-3.496433397492380163e-02	-1.316117267878449681e-01	-1.944794777788039497e-01	-8.717177282473058397e-02	1.382704157667799250e-01	-1.779713865431074016e-01	-1.688345302723449626e-01	-1.674525240687712857e-01	-5.706920103548972917e-02	-1.067173220717136384e-01	-1.863368474669614139e-01	8.749211752997488808e-03	5.314151366725986675e-02	-9.206258443650572332e-02	-2.921053660244403161e-01	-1.357589193516531290e-01	8.135119696459165717e-02	-5.637502375160183266e-02	3.874110345265174143e-02	-4.277614168027537439e-02	-3.793758116255936674e-02	1.618151498503349051e-01	-5.403319823715855424e-02
-2.614509596516038092e-01	-1.089860831682608749e-01	-1.756471482831861164e-01	-7.045515368283838953e-02	-1.842550883788007243e-01	-1.698798101778114245e-01	-5.725230604344377222e-02	-1.228871494676011394e-01	1.078621356810401631e-02	-2.099976466288581700e-01	-7.159676363084634121e-02	-2.669633835907236352e-01	3.379909716964767108e-02	6.513626809397057849e-02	-4.138968553405092399e-02	2.038714477741351838e-02	1.041739200766724632e-01	4.360817620525869048e-02	2.081270422838905343e-01	1.502950810486972377e-01	-1.401177150881522115e-01	-1.136360037534541872e-01	6.810252137635354475e-02	-8.238558243129667780e-02	-2.140886230319624939e-01	-6.202995856678959058e-02	7.328347587127552465e-02	-4.730250054840225322e-03	-2.196361588858984915e-01	-3.635015558456797247e-01	-1.800709099398906388e-01	-1.492527408810813139e-01	-7.654688991124138087e-02	2.030682723837766712e-01	3.096199326377336095e-02	1.282566746247746081e-01	1.425073688764489088e-01	9.454211219024666324e-02	-3.341411915497440738e-02	-1.708791886513457980e-01	-1.125944379816372770e-01	-1.097498538550948505e-01	-6.513619781026515343e-02	2.341212634376521329e-01	-1.601630610577024771e-01	-6.303740245318607827e-02	2.432703809020981545e-01	2.769779056483877566e-01	-1.376328579455647627e-01	1.457368526793758889e-01	5.515832498274353402e-02	1.126708161795812214e-02	-1.614162396948562450e-01	-1.655410299199028268e-01	9.161466664016923531e-04	1.022691536878148066e-01	-1.502473741043963973e-01	2.828442705553331771e-01	2.716733507231618439e-01	1.961780686830480458e-01	1.330416217148212288e-01	7.883271639481041759e-02	2.081173995812193173e-02	-2.388644507208889101e-01	-2.666750435773585295e-02	1.356279766070343611e-02	2.173801463306741233e-01	1.000000000000000000e+00	3.212569177146372690e-01	2.815880157915601201e-01	4.876883245370210868e-02	4.697416443368192251e-02	-7.066134813675709059e-02	9.920860612644727405e-02	5.585759175710887092e-01	2.805033661119720190e-01	8.470365192366917373e-02	2.218565746193315313e-01	1.380791861277958221e-01	-7.877966364679853117e-02	2.695878187258658742e-02	1.392150344989032673e-01	2.182173030540266179e-01	2.718693464404038918e-01	6.517806364749308135e-02	2.927339991675068087e-01	4.315934985217729225e-01	5.474927488989665691e-02	2.226183064674153445e-01	3.017678152460763208e-01	3.120499877269439226e-01	1.384451141642520366e-01	1.722566605255784478e-01	1.601696305795776987e-01	1.485941528464978512e-01	-8.437931973246969031e-02	-1.254628896342404321e-01	-1.755573701389981645e-01	1.283381203728469755e-01	9.781905385616852799e-02	-2.236563265059309802e-01	-7.933862328199302316e-02	-8.845592134450512567e-02	-2.356129592122477648e-02	-1.049324519692574342e-01	-2.335131733317077352e-01	-3.143445976323648861e-01	-2.219208726280658961e-01	-1.969265776677564805e-01	-2.482307685399737229e-01	-1.823775023331048462e-01	-1.408027019077643383e-01	1.430583450801170206e-02	-1.576827191577330478e-02	-2.626658969180324307e-02	-1.300286398414483291e-01	-1.424658684051325480e-02	-3.359143274535711376e-02	5.775584353996795345e-02	-1.642889702080422565e-01	2.544994778541270763e-01	2.540188553642727110e-01	7.694776183328656816e-02	-1.761579976009175486e-01	1.961542917788543922e-02	-1.650228908807262890e-02	3.737390569877060975e-02	-1.341753879302984634e-02	-1.049742612948927345e-01	4.504760907762193206e-02	-1.790795259282880192e-01	-1.970219178337236955e-03	-1.866776163574261072e-01	-1.107236441329313981e-01	-3.984095199402368226e-02	-7.960939979060860372e-02	-1.494714528231269879e-01	2.959067196765944457e-02	-6.346512558439336427e-02	1.330239224230556072e-01	-7.272418625387302993e-02	1.146753109005708461e-03	2.955793500000346297e-02	5.416875303003120673e-02	-4.574132459316668925e-02	-7.616257365268196133e-02	-1.337127010111008318e-01	2.465069084481212314e-01	-7.053478433364897748e-04	-6.136871280598969747e-02	7.034577201863814744e-02	7.378803096180487631e-02	2.371562842082407252e-01	2.256534254619540214e-01	-1.831615118994271152e-01	4.783903400844809889e-02	5.685000714674650485e-02	4.134310985728690928e-03	-1.361094132537265800e-01	-4.374097309316380550e-02	-3.366555890142655660e-02	-6.877496028446207499e-02	-2.063989673496240129e-01	-1.945931097379346719e-01	8.359469431052986288e-03	-5.125682082613525897e-02	-1.469596477559931003e-01	2.646703791360850017e-02	5.618393872893508167e-02	5.254710412398743563e-02	1.646574338065528442e-01	-3.903363518709913188e-02	2.915932786767127527e-01	1.392054677056610290e-01	1.656804454520583725e-01	3.434632693717794560e-01	8.846185741814321934e-02	1.509206315715922175e-01	2.672520810202607677e-01	7.336785198290514398e-02	-6.034144035748803536e-02	1.748970269010787643e-02	1.456913029072462729e-01	2.378545119770511251e-01	1.484483757406717397e-01	2.270691169462469017e-01	5.150542948998886733e-02	2.102323775790000682e-02	8.410789961764371381e-02	4.009866632179524548e-01	2.030169893998731434e-01	3.177165616027927686e-01	2.533133649666287068e-01	-5.903607757863852529e-02	-1.189303655377838692e-01	-2.784252339577363844e-01	1.825963336954010696e-01	2.405443130084135017e-01	1.305148828885980272e-01	6.054838480674456375e-02
-4.877319761874801540e-02	-7.372636733164719680e-02	-5.597851462969733773e-03	1.061351157044881505e-01	-6.470378404176643783e-02	-5.015101889699347809e-02	1.659085123177573076e-02	-2.116420400790262196e-02	1.591977000891413030e-01	-1.167305105778479180e-01	-1.991265324743287934e-01	-2.214654650061614882e-01	-2.611492411135085678e-01	4.462423892664969111e-02	-5.434834553787754041e-02	4.909115107448594473e-02	1.498878798190898982e-02	-5.492575675450112743e-02	-1.073568363077928856e-01	-1.916294963544020249e-02	-1.128045623778187040e-01	-1.960479624016039091e-01	-1.296992113515608169e-01	-1.848958864748147246e-01	-2.126500081184695690e-01	-2.787175191308036704e-01	9.988658186519218385e-02	8.488234985580923875e-02	2.162327827412711123e-01	1.577551989588892034e-01	-1.552078399782575169e-01	1.802375624467823512e-01	2.049350696538394107e-02	5.935483273637272017e-01	2.023619956212404647e-01	2.683227268832010792e-01	-5.268160549961604933e-02	-6.724455037970980542e-02	5.037200927848561882e-01	-7.245051141553947305e-02	-3.325616278267929382e-01	-2.101931954834398708e-01	1.679275178394744605e-01	-1.979616570051573321e-01	-3.548222975956208392e-01	-1.862468142198527854e-01	-2.686823830613422823e-02	1.561939736331600381e-01	-1.452795324433042434e-01	-1.917195249664465917e-01	2.002707457334312047e-01	1.345203735910591725e-01	-2.179097717961888947e-01	-2.925727057713884971e-01	1.499595885361187930e-02	-1.458617455814903430e-01	2.336187584984143473e-01	5.149207177833579063e-01	5.969387164739953233e-01	4.811781376939686661e-01	4.738470162400132413e-01	3.766166271793672249e-01	5.165658845277145694e-01	1.545219371731506863e-01	4.805129931550994882e-01	7.215474651190455224e-02	5.539397278628249710e-01	3.212569177146373245e-01	1.000000000000000000e+00	9.357044242626932906e-02	1.480123337889529267e-01	-9.220176992441612984e-02	-9.810940917969010466e-02	-1.976121324185840245e-01	1.524801111102442319e-01	4.110034817204840096e-01	-1.581593905897257513e-01	-1.857928546425176575e-01	7.326036643905346757e-02	-2.172134513169236281e-01	-1.487728585977110551e-01	-2.133440531932982720e-01	1.958770433342719164e-01	1.297405092917187919e-01	1.755398549173942946e-01	4.404042702365937867e-01	1.095958898477018134e-01	1.156979097038004917e-01	3.912763760107699218e-01	3.210566170917672491e-01	1.994742330704707967e-01	4.240775445273001210e-02	2.746542107431435009e-01	1.087466478927032604e-01	4.550986576007676754e-01	-2.836449842920229017e-02	-1.607852286349598925e-01	-1.287538721156347432e-01	3.820795742395308725e-01	1.158819863165512221e-01	-1.976629765944148270e-02	-1.233935185562299863e-01	1.960888771406059938e-01	8.412369638760631985e-02	-8.423806100159764165e-02	-1.074199401910930218e-01	-1.954453997008672173e-01	-2.624598327823136623e-01	-3.967870790993132529e-02	-2.325539221853452077e-01	-2.226876976567202793e-01	-1.042281681870156768e-01	-7.531247482481967515e-02	-1.310840424277500138e-01	-2.374768749080513608e-01	-8.436210733015401392e-03	-1.002455312342697552e-01	-3.306788376296428134e-02	-1.088490297301819704e-01	-8.819000590364357850e-02	1.334173660793246396e-01	-4.118190423875311978e-02	-6.072062262818196665e-02	-2.865554725221824972e-01	-2.531244520432837652e-01	-2.072752725698640275e-01	-2.008294364909091190e-01	-3.249466978206949630e-01	-1.870828191742640034e-01	4.454294588748955452e-02	2.148736576087434680e-01	-1.650027958568891784e-01	5.435469712594869635e-02	8.757452642347547667e-02	1.020529103838434398e-01	1.416464909318425058e-01	1.139784921307505083e-01	-1.103041305799266902e-02	-1.215630333788195738e-01	-7.210882093077047861e-02	2.732736699758449017e-01	-2.162754099025316346e-01	1.257396899265859624e-01	-8.939328162094309360e-02	-1.438578250248987167e-01	-3.641587410378198109e-01	-2.816137821537688657e-01	-2.579435612053277982e-01	-1.776948377391872891e-01	-2.394354524866478817e-01	-3.579051315461260208e-01	-7.637003144535586818e-02	-8.336451078458478881e-02	-2.356048257392343026e-01	-2.999386861672022064e-01	-4.148668875204738482e-01	8.458031321194341146e-02	-2.476071079570200950e-01	-2.110768770325253951e-01	-1.571363903694550090e-01	-1.916793008751496441e-01	-2.653249414979527154e-01	-2.421614505177176191e-01	1.250324478952614116e-01	3.231859669743408076e-02	5.007258170860520718e-02	1.043526585292427478e-01	1.361937083551741645e-01	2.447813315782486621e-01	3.240286766054610579e-02	-7.920484618375292496e-02	2.129596162087733779e-01	-2.523902297569572961e-01	-2.336663149113233917e-01	2.344986644101193229e-01	2.549402356899575506e-01	-1.868882251096622427e-01	1.002777750572409199e-01	1.107071959888160928e-01	-7.439902035848076911e-02	-1.200388320772007716e-01	-9.317410302048830320e-03	-2.641282518486497422e-01	-1.632961205443876629e-01	7.158135960629068151e-02	-9.646182425121120618e-02	-2.720140682982197800e-01	-2.559217858831949188e-01	-6.698370479330095772e-02	-2.024962917946853888e-02	5.537221674710507240e-03	-7.353190520986568890e-02	1.392831466586614553e-01	-1.207080995478387736e-01	-1.779520602454182365e-01	5.811737924214268030e-04	9.386433077146693130e-03	6.139470032261176019e-02	2.132454829892198658e-02	-3.394524994178255151e-02
-1.037553834264147712e-01	2.229052889521578040e-02	-9.453958949400609324e-02	-1.907329246824193691e-01	-1.009700850107032172e-01	-3.354644179745282836e-03	-5.398049013462883489e-02	-2.512232883143787968e-02	-7.566057250383159682e-02	-5.276372157979417749e-02	4.577568866439224449e-02	-9.666170608750722371e-02	1.698405459474299287e-02	5.331156925557081067e-02	1.052760164287863398e-01	-1.038218380011333986e-01	-1.031595722487978033e-02	-1.154534083387660920e-01	-1.695618097656224899e-01	2.945411009596683033e-02	-5.633776994612053196e-02	-1.898457923469645814e-01	-7.966389758318319358e-02	1.323138325625898004e-01	1.599366890605610075e-02	4.711531683990469871e-02	-2.452203325313239909e-02	8.815892428029818706e-02	-2.691582877262129192e-01	-3.521277024524016031e-01	-9.442981534854573422e-02	-1.873101825319406222e-01	-6.553148850758028221e-02	1.231806544056063685e-01	1.497892150653988286e-01	1.063692480850589039e-01	1.281532413522059599e-01	-2.345381965973607485e-01	-1.582232114923600996e-01	1.572430142057014701e-01	-4.066606368274441712e-03	1.531503028541530455e-02	2.415818730366525446e-01	-6.858005990559380705e-02	-1.307875487440106343e-01	3.463620384117111622e-02	1.853423457295251819e-01	3.198369528903544645e-01	2.473251040199677953e-01	-1.143652066770599746e-01	3.682348077512598850e-01	2.633288561484998236e-01	2.172675110062427528e-01	1.026130256501450733e-01	1.156297942903977138e-01	-5.448950170825530084e-03	1.230419832220901455e-01	1.658638458248913594e-01	2.017783756124365557e-01	-2.155049203049278980e-02	-1.090804221871510549e-01	2.326548744975024674e-01	-1.363640722593900123e-01	5.485504098528600631e-02	-1.969881183393560053e-01	3.007274929984776746e-02	2.286496984450981373e-01	2.815880157915601201e-01	9.357044242626934294e-02	1.000000000000000000e+00	1.735535897047604526e-01	-3.590015169986245092e-02	-2.278409941360440005e-01	-1.180896867999510491e-01	1.289454786007684373e-01	-8.120233448822546107e-02	-2.509758685647259790e-01	-9.033624977224188890e-02	-1.111057602363379609e-01	-1.584911922747676005e-01	4.784751565947806262e-01	-2.147531078513829350e-01	7.212719915086232558e-02	2.463919719918745421e-01	-1.729609240758978317e-01	2.111509464827832777e-02	-1.322407596282164643e-01	2.683755321229865376e-01	1.348652635682978142e-02	-1.078791410212726933e-02	8.510956608799787049e-02	1.316889560397203895e-01	2.552788503983396406e-01	2.820338547225250125e-01	3.139766922353651735e-01	-1.481565938021701945e-01	-3.080317001969143376e-01	-2.494637740688595007e-01	-1.327770771357880408e-01	-1.764816155586195201e-01	-1.367849386645167420e-01	-2.872830617269281905e-01	-4.851261131117552694e-02	-2.492057693726720535e-01	-3.710269509837677560e-01	-1.002132581768889336e-01	-7.645157565443269632e-02	-1.151827866106011067e-01	-4.603596666918472607e-02	4.315768043857465958e-02	-7.477254059196161706e-02	4.552596144968322489e-02	-4.053738935535812493e-02	1.677729958537998722e-01	-9.954712594266457160e-02	1.437703024971943577e-01	2.142913768897602156e-01	1.054396739307308928e-02	-8.430485101319047658e-02	-1.239248124955647096e-01	5.393159770211784776e-02	-1.257102455393403762e-01	8.490870073286192754e-02	-2.791966865623680683e-01	-1.174699840775865756e-01	-7.619718284143775500e-02	-2.306328315485318969e-02	8.505764728419451526e-02	-5.475442690325682538e-02	-1.174115833575442441e-01	-7.981189553736997566e-02	-1.498128432348231065e-01	-7.862441735190349446e-02	9.577602554771456889e-02	4.933549774592500825e-02	1.202847556812940977e-01	-1.145236251810670264e-01	2.243742926094471624e-01	-7.628254058030568829e-02	1.347450470601529171e-01	5.868577496402414828e-02	1.345382656941479793e-01	1.224383846825803229e-01	1.251369421506062785e-01	-1.867332872626999846e-02	2.010024361439657348e-01	2.602004184678242613e-02	-2.031954031472344227e-02	-1.754120808725420644e-01	2.085980125608069280e-01	2.582103083243224573e-01	2.767351850829744553e-01	1.502930941748563398e-01	2.085693875926112051e-01	-6.197433870569721975e-02	6.037992594386533407e-02	4.592510507203217268e-02	2.488556906098378929e-01	-3.750131329376465289e-02	3.356970308764922195e-01	-7.427286151313167162e-02	2.169792865333051435e-01	1.866112286074722848e-01	-3.125797944643928794e-01	2.549178522152798498e-01	2.097608795787679614e-01	-6.535252068636328293e-02	1.259838395395533606e-01	-9.748217563612099346e-02	2.381432605509058165e-02	-1.679103732740942490e-01	1.467270633687548995e-02	2.377407340843589456e-01	2.312774101927995152e-01	1.080559491913070103e-01	1.360825861659078206e-01	4.893365792826540744e-02	-7.301328911142148867e-03	2.178623242885877054e-01	-2.109163389898142671e-01	-1.115295351167529814e-01	1.579725295509586819e-02	-8.862853996064699869e-02	-9.078332922007650851e-02	-2.236872861366880159e-03	-1.509946875957597079e-01	-2.514773647382571031e-01	-2.292736097593820188e-01	2.468906725159916160e-01	1.442820220714465668e-02	-1.010225700787193426e-01	7.861709289911748832e-02	1.323439880262583246e-01	5.975660594336280884e-02	-2.773041522317071239e-01	-2.374174083999459617e-01	-2.232270811986058756e-01	1.622188469727229854e-01	9.197014767913991307e-02	1.019750064420347907e-01
-9.319989658733845994e-02	1.781576320916111733e-01	-3.478322280387745047e-01	-5.411588387081661677e-01	3.823638070225929830e-01	6.375163684502931360e-01	1.398952669063766030e-01	1.774697112987733971e-01	4.245006313487492320e-04	2.882720167633074371e-01	4.849294613768395101e-01	3.482699126752101804e-01	-2.167585967193254026e-01	-4.876530177635081120e-01	-2.403575219277334085e-01	-4.693405427051189904e-01	-4.749435567888544707e-01	-3.777478324044816760e-01	-2.209800616670693774e-01	5.361430921774922032e-02	-9.499886376401844856e-02	-7.738232169287964646e-02	-4.850369203021462350e-02	-1.830063357281825898e-01	-1.024468585698799228e-01	-2.501373065103857929e-01	-4.359878683916021402e-02	-6.685614741134597583e-02	3.223360006984047899e-01	-1.087035514698599104e-01	1.815902420721114338e-02	4.886197918729294765e-01	7.008506141578092485e-01	-2.330941118987326088e-01	-4.846925783150974332e-01	-5.449303301549978107e-01	-2.864992542641044970e-01	-6.456969435909462041e-01	-1.614509222857139770e-01	-3.527425784413607546e-01	-1.021363618240997417e-01	-2.759179386400812950e-01	-1.913544723041129825e-01	7.984166287274730919e-03	1.324106501457046614e-01	-4.561233085733994164e-02	2.191750775505819926e-02	4.346529037380119087e-01	-2.380643361929652146e-01	2.368771755398651202e-01	4.464981770934482730e-02	8.509251660549350949e-02	5.392689561557030276e-01	6.559387180676995444e-01	6.179353128281357410e-01	1.351981556209564117e-01	1.607170410954655293e-01	3.655446352467035531e-01	-1.672953961906747111e-01	-5.809014554089377697e-02	9.787873646551124851e-02	6.574206295036785219e-01	-1.230051104087582885e-02	-2.003400500673093720e-01	-2.911250092166042802e-01	-1.139135850712177100e-01	1.962402994784442078e-01	4.876883245370210174e-02	1.480123337889529267e-01	1.735535897047604526e-01	1.000000000000000000e+00	5.964230191042131368e-01	1.913568056896407521e-01	1.340745414248012968e-01	2.973676834519331513e-01	-2.026193059405583322e-02	1.689273447557141095e-01	1.165508029864359002e-01	4.080341047048732794e-01	1.198696816144866062e-01	6.883894198912648976e-01	2.649778051240900267e-01	1.315036019641568632e-01	4.844267079453363212e-01	-2.461175968916844148e-01	1.294445336784783851e-01	5.211787821658881575e-02	7.346433190211586473e-01	-2.208202778319481585e-01	-6.356951644921073064e-02	-2.656559752918752904e-01	-1.395794178641377725e-01	-1.537758047478842149e-01	-1.813069569389676172e-01	2.463319588459308429e-01	5.127348804184848063e-01	1.033240582652537043e-01	1.017539544541984087e-01	-1.311696532790550263e-01	2.859818860131246171e-02	-1.140261247331295635e-01	-7.007916702307662726e-01	-1.269975772841233363e-01	-7.085977092515258757e-01	-1.717863787578732260e-01	3.169307637039884273e-01	1.840932655743587054e-01	1.293838049629755516e-01	2.672133188119576452e-01	2.755416670647999333e-01	4.712810721473934539e-01	7.149764775168137021e-01	-4.761376120621372832e-01	-1.120487588906197152e-01	-1.083248951902337498e-01	-1.050305018686235603e-01	4.396377508114777954e-02	-2.850299695485876139e-01	-4.842333275668966319e-01	-4.041042359469245726e-01	-3.215540627291343934e-01	-1.088575989168361069e-01	7.910051217700032888e-02	3.391952711775141072e-02	-9.028838180685429260e-02	7.433029056765699805e-02	1.319579630109480595e-01	-2.477889140565150694e-01	-9.453280584996223701e-02	-1.746589460508229663e-01	3.874351217418365856e-01	7.073153563813214251e-02	5.437794987847142103e-01	7.324220906677610943e-01	-1.205201263065583568e-02	2.650020397915063830e-01	-4.779821332755093133e-01	-8.259206904362627333e-02	2.595553654501612240e-01	-1.728003795969053902e-01	-3.361750968609814906e-03	-2.915722486913072675e-01	-5.860860927630034967e-02	2.860483819023660890e-01	-5.932890574626220603e-02	-1.227725648281607490e-01	-2.013629438558153101e-02	2.087219944059058932e-02	7.741924311611780851e-02	1.146690085412311322e-01	1.900129950815319935e-01	7.954732300535966028e-02	-4.053894447816017849e-02	-2.104309169007241576e-02	-2.553018343830831260e-01	1.287188870311959110e-01	-5.025194139196379473e-01	8.130039394585727303e-03	1.499193112103540393e-01	7.505908315599454372e-01	1.517816789355768414e-01	7.449640594561216522e-01	4.570066180889484353e-01	1.006742414077651943e-01	5.940394057682260032e-01	6.843059893320645182e-02	-1.213653019974989394e-01	-2.567862556775773464e-01	-3.453066326385115237e-01	-1.645421773757762551e-01	-4.708187583445519464e-01	-1.947961499157073451e-02	4.471267664350516147e-01	8.862909096876636639e-02	-3.846131650989298989e-01	5.630965195211242065e-03	-5.911554397133607086e-01	3.855596932395428111e-01	-2.264490432243924378e-01	-6.875805566722570372e-02	4.394527148116698090e-01	4.817223806256995533e-01	1.417647912345040284e-01	4.848515300831423430e-02	-3.163042084218207206e-01	8.550980698127054469e-02	1.088494597787723894e-01	-1.999466935666618927e-01	5.931909646184435614e-01	1.105133250474128054e-01	-4.973287468692773050e-01	-1.467613703070234366e-01	-5.192165868337785817e-01	6.303410077736254502e-01	-1.921017698013250882e-02	-1.909333895909900436e-01	-3.516717352528928031e-01	1.290360067907433961e-01	7.440470103402813118e-02	-4.182441627298374293e-02
-1.181695452084608050e-01	3.492396816642395763e-01	-3.004478339540664344e-01	-3.953335048482514158e-01	3.573901757303386550e-01	5.946619546277935875e-01	1.341148825338905892e-01	1.714991774972602079e-01	-4.604316023460369722e-02	3.909399590642003153e-01	6.119541169107850509e-01	5.337216791316112818e-01	-1.797510201222933257e-01	-4.488928639794171893e-01	-4.258141442902788620e-01	-5.296936677354030509e-01	-5.094250336038949056e-01	-3.744451482461930714e-01	-3.246520157167894771e-01	-2.163016102037914890e-01	-4.130625341169546355e-02	-5.330071135249939140e-02	-1.411267377201897155e-01	-1.109120542140561994e-01	-1.837308546701120759e-01	-1.592209483551535742e-01	-1.536556745517448641e-01	-3.650872491270024112e-01	2.272714996926699094e-01	-1.130154708714831147e-01	9.439543463672665780e-02	6.109238531105209979e-01	7.193011051862616689e-01	-3.017501589729985612e-01	-5.318295944823491217e-01	-5.552868103780470577e-01	-3.353954462278391779e-01	-5.411758973741513934e-01	-3.078276354410276472e-01	-2.178703338097632836e-01	-1.623923619291471054e-01	-2.034421813567646731e-01	-4.533108157293248008e-01	1.449727629751089708e-01	2.613819630747318823e-01	-1.670663502066770112e-01	2.386676983877798475e-01	9.994648493397149946e-02	-1.374973177232957366e-01	3.587465173138243424e-02	-8.188767141528346949e-02	-1.710981785629530072e-01	3.519136734849763193e-01	4.744475516052746866e-01	5.116001033411400334e-01	-4.153634169274627447e-02	-9.393078144944616570e-02	3.014682966570643718e-01	-3.730873605295401685e-01	1.437733197462884027e-01	-6.417740558531528916e-02	2.592060815602036383e-01	-2.433953068444579260e-01	-5.979203701374556923e-01	-3.803188915867418141e-01	-1.471271329928947880e-01	-3.451446028654608228e-02	4.697416443368192945e-02	-9.220176992441612984e-02	-3.590015169986245092e-02	5.964230191042131368e-01	1.000000000000000000e+00	6.129497831414025821e-01	6.589350408808598569e-01	2.511968802393061972e-01	-2.214045447089356966e-01	3.946246352454348405e-01	1.703904825216844832e-01	7.115160049068955939e-01	1.444878098642734254e-01	5.650325099998531053e-01	1.003255359866693647e-01	-1.220189896759181838e-02	1.120428033214418140e-01	-1.846845736356335088e-01	-1.445572997490445211e-01	2.219427466702979801e-01	3.726320830428763720e-01	-4.366444714905439173e-01	-3.983015991129996158e-01	-5.550930090118045834e-01	-2.688249009848518445e-01	-4.870005831664424578e-01	-4.315840656950782894e-01	-8.711596553904191187e-02	6.388031045901285676e-01	4.948323823165310942e-01	-7.514238633925661437e-02	-1.893744365578115540e-01	1.968582147928304715e-01	-7.606071709183324925e-02	-5.153878101250832788e-01	-2.180210272246630998e-01	-4.323858520258150318e-01	-1.717199052094753320e-02	4.109090923807847129e-01	2.617586770842204591e-01	1.650112708379770643e-01	3.424130250489482719e-01	4.079229551033928813e-01	6.869189876859039812e-01	7.768180132822933848e-01	-4.224948860216126145e-01	-2.528154333317435554e-01	-2.509807397157936548e-01	-1.210963458920091967e-01	-9.924223433327331034e-02	-3.444087537092680451e-01	-3.436436040201472641e-01	-3.239848767218029835e-01	-5.283839166394107556e-01	-2.754438067258211387e-01	-1.203724760158439155e-01	-2.529178103239378486e-02	-1.128864748760880637e-01	-6.246312279364411336e-03	8.002703056808799231e-02	-2.383880703749350904e-01	-1.510782729737479013e-01	-2.496433302712251501e-01	1.068906382561794349e-01	3.693015525560068846e-01	6.371405310139981459e-01	6.167588264469407999e-01	6.443328875921133791e-02	1.383368509027397830e-01	-5.166440015327699031e-01	-3.376447707244993879e-01	4.344462951269847384e-01	-2.228799953803187461e-01	-4.926100272906794308e-02	-2.150539676323141858e-01	-1.569166902082763104e-01	1.888890646404887130e-01	-1.937045839590348650e-01	-9.226221941785638092e-02	1.332938718538572154e-01	1.058159060225677822e-01	4.800383031545386037e-01	8.074185295894494019e-02	1.863255915192499890e-01	-1.960832392900475063e-01	1.427682017763118663e-02	6.100633636551116429e-02	-5.243060286889504595e-02	2.033324822866315329e-01	-4.585597173931609261e-01	-4.781577661595970419e-02	-2.861736946440737554e-03	6.329826709603408874e-01	-4.514983829041324670e-02	5.535917859854770917e-01	2.148830070543550075e-01	-7.067923709272877497e-02	4.662347306711447370e-01	-1.426468377316732483e-01	-1.670203843512660380e-01	-4.406509808486421820e-01	-3.851130695814208860e-01	-2.343962958358529747e-01	-5.441448612589392386e-01	-2.937880744015485823e-01	4.825785987284559875e-01	1.410612485704119401e-01	-4.542688708418151089e-01	-7.348173093033558145e-02	-5.377771613603942180e-01	5.684271773075388889e-02	-4.901251550454298056e-01	9.845870532962340549e-02	8.875394395520231905e-01	7.517120882046339769e-01	5.676524069904181902e-01	3.249282669625947473e-01	-2.676775410309018000e-01	4.304819054222301378e-01	7.911584082382303040e-02	-1.566888630229321122e-01	3.726713055293626731e-01	9.988832508274925193e-02	-3.547082784941072431e-01	-2.446437658288241612e-01	-5.988511294661799100e-01	6.422800798846346471e-01	3.405998527473217408e-01	-2.607196223159149451e-01	-8.563317462007381808e-02	5.445756375862091832e-03	6.421234344364049051e-02	-3.089383512034223345e-01
-2.384658760173913039e-01	1.706218969658944706e-01	-2.705327924192116318e-01	-2.680113936564557653e-01	6.129848244219468500e-02	2.080317019451168870e-01	-6.754990736627437820e-02	-8.076493025387432301e-02	-1.415918455900919415e-01	7.420331096979167207e-02	2.492802412777619658e-01	2.403513329749018268e-01	6.234587333598966968e-02	-1.204118271054922251e-01	-2.430465301974700787e-01	-2.121159141520325697e-01	-1.549415673640084645e-01	2.757139822302259041e-02	-1.445427768177955929e-01	-1.365649049916367874e-01	3.693302937528423341e-02	7.769071478483483006e-02	-2.122540559791038367e-02	9.243676602495901062e-02	-1.568957286954013597e-01	4.617608211960627651e-02	3.220746663300298740e-02	-2.913023029427430632e-01	2.339573284105815054e-01	-1.296143012408208506e-01	1.720940488741870833e-01	4.693734394348169081e-01	5.014656318047184813e-01	-1.604281139591608452e-01	-2.640209596316028251e-01	-1.863206141470311883e-01	-1.239933692461465085e-02	-8.477852330625007538e-02	-1.391089486953023813e-01	-2.877767369077518719e-02	-1.794911217485853361e-01	-6.324870643457451702e-02	-4.261822460135507029e-01	2.762956815410997913e-01	1.202268225574915916e-01	-2.867728033937179122e-01	2.501904434793739695e-01	-1.847345250843794029e-01	-1.110614969639015376e-01	-8.762621606655263129e-02	-8.253057787402116874e-02	-1.230976998923829641e-01	1.568114963620290125e-01	2.361882550548667081e-01	2.418880751101340765e-01	-7.252752994604037828e-02	-2.707024371415867395e-03	1.800865916906945197e-01	-1.867417549059372239e-01	1.284727174017463169e-01	1.330451025231477735e-01	-8.864763059920406640e-02	-1.395619344264761863e-01	-4.563271371369835849e-01	-2.995583473848861256e-01	-2.654179433562841098e-02	-4.056864524839720598e-02	-7.066134813675710447e-02	-9.810940917969010466e-02	-2.278409941360440005e-01	1.913568056896407521e-01	6.129497831414025821e-01	1.000000000000000000e+00	5.042552359990242206e-01	1.219630850504225955e-01	-2.505510390964037909e-02	5.749672920247770325e-01	1.499593730336467035e-01	7.668577877973972168e-01	2.541608773425630963e-01	1.785264641596125135e-01	5.509033653188332574e-02	-1.878079237554965836e-02	-1.450771561508835683e-01	-1.463564810137849698e-02	-2.482342170123730540e-01	2.599918193652653309e-01	1.338895064414616087e-01	-2.412947700905167525e-01	-3.334770855809341961e-01	-4.941001326654505532e-01	-2.327855933234808661e-01	-3.694957856238205163e-01	-3.230849399990814996e-01	-2.514268179762493838e-01	6.624408623174820043e-01	5.706823320170085756e-01	1.176726019454601840e-01	-1.762133974990906793e-01	4.910184233835901968e-01	-1.801467286231187293e-01	-1.665211611619796528e-01	-2.848580636820113865e-01	-1.523919411934874790e-01	1.206941132245346326e-01	1.149256216266681396e-01	6.158049826807476812e-02	-1.083876949778699028e-02	3.859042215525845809e-02	1.087812949510565397e-01	3.861054917751081117e-01	3.978481839475388471e-01	-1.623612182475862864e-01	-2.389312196517621167e-01	-9.810979066390869419e-02	-1.036110461463890693e-02	4.096600522064649391e-02	-8.150903594139835562e-02	-6.535911568258441495e-02	-2.453399535566585035e-02	-3.012019818675369387e-01	-1.211040361241678687e-01	-3.427379738628230643e-02	-5.618946266430107500e-02	-5.420981776443494632e-02	8.715892681014485166e-02	1.741828916558413320e-01	-1.493178030411390633e-01	1.431025387045329646e-02	-9.944262644979492971e-02	1.542147394488392045e-03	5.798984210104877191e-01	5.251105790883775493e-01	3.580845445705567731e-01	9.328782913399592813e-03	5.194234493892288529e-02	-1.739262161790385841e-01	-2.869476225318626228e-01	6.694947450115320553e-01	3.984668210271096606e-02	-1.075545447449440112e-01	3.673169364487177679e-02	-1.110411838414923358e-01	6.479649156926352294e-02	-1.442102994207272448e-01	-1.652561178709824052e-01	8.083831875084099283e-02	2.024217476639123825e-01	5.097369311538438863e-01	-1.103952668940384185e-01	-1.207784340867262829e-02	-4.009886178600199913e-01	-1.205515134458289284e-01	-1.480669075837958426e-01	-5.046562591160917710e-02	2.333453638786920151e-02	-1.680383756781785864e-01	-9.613138670003072705e-02	6.997166873755597538e-02	2.313593531935460024e-01	-8.690569913469800567e-02	2.189568563747566476e-01	-1.466728462963086746e-02	1.891263560049908851e-02	1.351072622341790985e-01	-2.234232422297727783e-01	-2.747035079857889500e-02	-4.349884885370943755e-01	-2.479186132478777560e-01	-8.979256634907485657e-02	-3.489693557975204752e-01	-2.749152485719897898e-01	1.263483899205100625e-01	-6.386624913487069788e-02	-4.340734705271220295e-01	-2.316355858801139866e-01	-3.190827640626556772e-01	-8.369164591165373368e-02	-5.048732629489400825e-01	2.796505391295097120e-01	6.546548048384424057e-01	6.780774950762764597e-01	3.831968345874914306e-01	4.131029865585618133e-01	-7.978207468146254755e-02	4.385533307085611732e-01	8.579641777836223560e-02	-3.825499435702223866e-02	1.539864602215694211e-01	1.778257099252944506e-02	-1.508122662116883894e-01	-2.450986561828161214e-01	-4.741748361348945839e-01	4.149077220303383218e-01	5.249337577057535675e-01	-2.025869283360209536e-02	1.160019617733884650e-01	-2.208282646845034503e-01	1.235567884552927903e-01	-2.038917094179883982e-01
-2.012858823466881775e-01	2.924170160083888192e-01	-2.250572567523746459e-01	-1.717483235416988052e-01	2.763245465399025505e-02	1.687043864739409538e-01	-4.378970642354797910e-02	-1.002501774126456913e-01	-7.252057583930204832e-02	1.041211873238926666e-01	3.196987380529791034e-01	2.134925232660767613e-01	5.845530179165702063e-03	-1.789059466287908906e-01	-3.131957057520383114e-01	-3.025382652272566864e-01	-2.992314469134231825e-01	-9.725663805540127327e-02	-1.466297969348408226e-01	-1.404185336512792925e-01	5.503391784896214528e-02	-1.045976320578541202e-01	-3.613891607399993822e-02	1.870648134957009212e-02	-1.751928785430818813e-01	-5.061076067668147938e-02	-1.595803690401548236e-01	-2.789366487937644523e-01	1.289782019377151423e-01	-9.276529091858189136e-02	5.126252606875043166e-02	3.546047795625652532e-01	3.228609730729775085e-01	-1.740272169260740076e-01	-2.432739205251729098e-01	-2.752591372011376492e-01	-1.059589057825292696e-01	-1.317768399735784746e-01	-2.138644596701921308e-01	-6.281652253191519208e-02	-1.835316664481940752e-01	-5.839567728982143074e-02	-3.776288587387320872e-01	2.856292411424649069e-01	4.363271216312041845e-01	-6.318897576596978205e-02	3.395378106353688641e-01	1.465420827128206469e-02	1.282916819991500035e-01	7.224178375203220426e-02	-7.552677738368780702e-02	-2.863545493705178524e-01	1.520724761509876233e-01	1.439113444951237442e-01	1.195748420744728313e-01	-2.207362355851329450e-01	-2.005192061673952975e-01	1.984375237197852360e-01	-3.126394290942530185e-01	2.322833109759116221e-01	-8.006248842652056996e-02	-3.515831387712328032e-02	-1.670261142693371670e-01	-4.475678611675260044e-01	-1.534402759246290826e-01	9.569161651922897249e-02	-1.053530811868982758e-01	9.920860612644727405e-02	-1.976121324185840245e-01	-1.180896867999510491e-01	1.340745414248012968e-01	6.589350408808599679e-01	5.042552359990242206e-01	1.000000000000000000e+00	1.862457669925837445e-01	-1.081820471126438976e-01	3.878532718062928653e-01	3.952202891898417003e-01	5.483536438846776662e-01	2.709632966914936603e-01	1.926033407669525965e-01	1.608152484459796083e-01	2.366849925746628003e-02	-7.354602949201442808e-02	5.853487515862490498e-02	-1.229200716588795400e-01	3.385308067563321810e-01	7.362720116144957916e-02	-1.963782446984270735e-01	-1.894931822755183404e-01	-2.663316013313130060e-01	-1.450843231196852212e-01	-4.254016303492584306e-01	-2.911693115278306543e-01	-1.772929125112342741e-01	4.232875309665600216e-01	4.756491042903518984e-01	-9.002900862212856459e-02	-7.088099412477630312e-02	2.002752906298333468e-01	-1.247696824562524592e-01	-1.221291827432703508e-01	-2.745985156452906972e-01	-6.343169703421214223e-02	-7.695216304991021883e-02	6.208234652211439691e-02	-6.049272934275500696e-02	-8.000814588010590755e-02	5.556148658137465002e-02	1.061329482485428577e-01	3.340220051325858419e-01	3.686588258653790695e-01	-1.363612711290969337e-01	-1.868957957571811268e-01	-1.312251287800782762e-01	-6.115966346819913524e-02	-1.500561638838847356e-01	-1.871366719310906812e-01	-1.097187130086010459e-01	-3.990701568567791430e-02	-3.214658145025319769e-01	-1.231425570969512523e-01	-1.225667131274834065e-01	-1.295709184191450591e-01	-2.452753221323385191e-02	-2.929794749378131918e-02	-1.628571295348975323e-02	-2.291246066297735473e-01	-2.427269213667066217e-01	-2.408233904598410524e-01	-7.073361570665925857e-02	3.753456018826022977e-01	3.613417563316668746e-01	1.767146587460916574e-01	2.134240422017650782e-02	-4.153106032543625592e-02	-2.453580509886184313e-01	-3.065948353958147243e-01	2.549848965863084627e-01	-1.467173890082481835e-01	-2.532134267301907812e-02	-3.525479012835235071e-02	-6.947657992586882270e-02	1.030247066027267094e-01	-1.732529562451033123e-01	5.390439704301496805e-03	2.759262852193476445e-01	2.388906100773675323e-01	5.356970524833410963e-01	6.795711214306034142e-02	1.692263938280118563e-01	-2.756375059425351104e-01	1.887073019935547047e-01	1.953194904267675502e-01	1.336211086000574644e-01	3.735112832879458056e-01	-3.122943767756904410e-01	-1.133302203256579960e-01	2.257245975296558529e-03	2.113667955239886265e-01	-2.374517706345607299e-02	1.510530781789790333e-01	-6.498037620941800492e-03	-1.284783154365348457e-01	1.264196102578865055e-01	-1.953064186913384959e-01	-2.447608567608683672e-01	-3.291339383488677828e-01	-1.916839633731018122e-01	1.646241975270074098e-02	-3.071423470564033642e-01	-3.075773461371128503e-01	3.052038556972457850e-01	7.075503882842390513e-02	-2.645644905519576318e-01	-1.304713531425911455e-01	-2.834795601526882147e-01	-2.123132068219023838e-01	-2.974048566701597562e-01	2.006738871074617847e-01	6.806613392052984768e-01	4.997368163571045407e-01	7.881577237397924263e-01	3.661952859713434316e-01	4.583714778684710306e-02	5.267120046548802170e-01	2.733807335111240189e-01	2.222761514633673496e-01	1.453948284830851589e-01	1.706548174011091601e-01	9.907367831457296325e-02	-1.132782579955491781e-01	-3.264269503085859281e-01	3.353003519704368940e-01	3.280532033813519655e-01	-2.495732335803696189e-01	1.877319328557124078e-01	1.313905971662601702e-01	1.013270318970420497e-01	-2.546420606927631836e-01
-3.944414161221557191e-01	1.423467344879280894e-01	-4.842196871515094814e-01	-4.492567469306895656e-01	-1.596812494462011567e-01	-6.788725185685516583e-02	-1.437539219395143342e-01	-1.662718129179723836e-01	-1.081145351310207892e-01	-2.154186049937583947e-01	2.698849380767391962e-02	-2.053959189291932885e-01	1.854287621370037942e-01	9.511213355331251534e-03	3.551103403837648637e-02	-9.850510904140631629e-02	-2.989402357665546170e-02	8.480631859615057715e-04	1.903191082262174205e-01	2.821410037534464732e-01	-6.409627275229504151e-02	3.246941079046041650e-02	1.727187801204139450e-01	-9.123761364104963911e-02	-3.580435413768298658e-02	1.549894358588370553e-02	4.484316425029857139e-02	-5.709533257282348173e-02	-1.516522609300540447e-01	-5.222616968251139191e-01	-2.006818068255555310e-01	4.240567217024195784e-02	2.234942060960669330e-01	-1.067554212239519157e-01	-1.726859573370710665e-01	-6.066601673608121997e-02	1.303349096872541690e-01	-1.206372675111504200e-01	-3.049381075639140404e-01	-2.574489870118570334e-01	-1.357903340792085412e-01	-8.509050271287164902e-02	-1.560908090778618806e-01	1.052580174322524653e-01	-1.879704286776918143e-01	-8.408646773277421438e-02	1.493147605521283165e-02	1.588787890140939962e-01	-2.179632749515323376e-01	1.111807020574437505e-01	8.066487253498878796e-02	1.456825986677570961e-01	6.561226641678402638e-02	1.362076105008432070e-01	3.592111583419049792e-01	7.892459013011778046e-02	-1.589541975135573826e-01	3.100366163833409572e-01	-1.183838695631896261e-02	-7.470724348825008576e-03	5.382519628126494066e-02	5.074916829981036132e-02	3.328163677132545822e-02	-2.576174760680844389e-01	-2.764324603124072577e-01	-2.331989167969122090e-01	1.416741674551613706e-01	5.585759175710887092e-01	1.524801111102442319e-01	1.289454786007684373e-01	2.973676834519330958e-01	2.511968802393061417e-01	1.219630850504225816e-01	1.862457669925837445e-01	1.000000000000000000e+00	3.382310556104988208e-01	5.447412906354970330e-01	3.401396427635729469e-01	4.303027997034874486e-01	1.377066462513377720e-01	3.455024310232996942e-01	2.739611546006525122e-01	5.307866616135159532e-01	3.327763741133023534e-01	2.832840548558544502e-01	3.988653653879595251e-01	6.209242913087074101e-01	5.145597697051557118e-01	2.271922939637369410e-01	2.523411456305954537e-01	1.335735404435602902e-01	1.801815015328583069e-01	-3.357048583788389134e-02	8.273202839170136491e-02	1.576386373520120843e-01	2.114475732455501633e-01	1.708280039833385416e-02	-1.141823300023332849e-01	1.568737256688788051e-01	2.884478802655319196e-01	-2.763437626785837931e-01	-3.612741521737080075e-01	-3.525572102801232677e-01	-3.318508649942223387e-01	-2.195384008725966840e-01	-2.286110492219594059e-01	-2.426541517684832616e-01	-2.762308912676512684e-01	-2.007973607547793859e-01	-2.578724599337328671e-01	-1.004642559495555823e-02	1.144349030526355532e-01	-4.184990763179098627e-02	-2.579942733759020210e-02	1.595548786499783878e-01	-7.135028762638925826e-02	1.881673269657102854e-01	-1.084429973984397666e-01	-5.083204984200033472e-02	-1.778810899057002015e-01	1.251414541972485917e-01	2.686093723105903441e-01	2.155536728905283750e-01	-5.824381103672410936e-02	9.851456653760364002e-02	7.815144194735326733e-02	2.512957860960346457e-01	-1.931593816463308619e-02	-9.275526689002575043e-02	6.340331805390028372e-03	-4.158645292235051139e-02	2.080530894779943352e-01	1.663778430682872900e-01	2.575019816905652070e-01	-2.672951379611913231e-02	1.062914694783788500e-01	-2.178391675358904434e-01	6.515504343712159863e-02	1.109849441592257735e-01	1.428033782379302952e-01	-2.056035827504054669e-01	4.901860697247039517e-02	-1.912827714199515361e-01	5.224997907964019223e-02	-1.726861450003896181e-01	-6.625890847323329114e-02	-9.010364811293411491e-02	2.142620054044137301e-01	6.681451381299999270e-02	-1.118893313927294964e-01	1.780383461218253971e-01	-1.344474177161352757e-01	-3.141857448964169297e-02	4.283365281340983932e-02	-3.113822635881854928e-01	1.011860274798943859e-01	-2.595595983607605350e-01	1.738145415509993463e-01	1.778126667201483102e-01	3.220733562460715849e-01	1.217627744009447815e-01	3.251823243637506633e-01	-1.182893037606759651e-01	-1.745318565548110434e-01	3.216510050859064385e-01	1.032607170857115925e-01	-2.743591746079173110e-01	-1.655458318886801339e-01	-2.435677781520046159e-01	-1.054477367777079400e-01	7.495607166071430183e-02	2.234728549961526728e-02	4.898722227118277872e-01	1.390607008412624301e-01	-2.022336222170930675e-01	8.083577275477278612e-02	-1.927310824212457585e-01	2.554104963103476233e-01	2.246630916578864698e-02	8.691541517470517675e-02	1.051251996658577603e-01	3.689516781056026984e-01	2.400651453455892037e-01	4.563996667387965611e-01	-1.627006023237175802e-01	5.162241730414520724e-01	1.453418063905319024e-01	-7.210302425071339616e-02	4.550065184526653206e-01	4.386016473776909175e-01	1.235697658401160165e-01	1.367311462245377474e-01	-4.344077797325109069e-02	4.211298583906494253e-01	6.332283154308333654e-03	-2.318918394557117346e-01	1.574206351442758722e-01	2.062488067261289415e-01	1.906446502781592722e-01	3.126995507891874165e-02
-2.563980803187855817e-01	-8.653229219921070026e-02	-1.985214905376104233e-01	-4.389900103892926259e-02	-4.148579094927350441e-01	-4.001206496612338404e-01	-3.535772933044629140e-01	-4.026494702532070202e-01	-2.415177598514974544e-01	-4.158172903721204516e-01	-4.709032460327328140e-01	-4.049481607769670477e-01	1.684569746335503812e-02	1.140319533075117714e-01	1.158658592808823606e-01	1.746109083260996564e-01	1.753616558020235083e-01	2.130797043175393091e-01	1.612483724893877812e-01	2.223048488694213398e-01	-1.308542834353161877e-01	-1.603039863084655403e-01	7.042811835437239043e-02	-2.095350982569409992e-01	-3.310781426028810426e-01	-2.140685863235765596e-01	1.378812060405318618e-01	-4.098151331683171777e-02	4.688619247394040790e-03	-1.869436121390444239e-01	-2.740739627540191292e-01	-1.615560542330869709e-01	-2.146298009337690715e-01	2.541947054748795454e-01	1.675301025606262262e-01	2.502067556878556642e-01	1.703588059633296681e-01	2.256398607332211759e-01	2.447707776005124125e-01	-2.054276268238986458e-01	-2.649712575349856825e-01	-1.970605675873726148e-01	8.236201669240222900e-02	-2.728650025877901730e-02	-1.972761423599171116e-01	-2.096451179794992514e-01	-1.980162126879522477e-01	2.175068364837060286e-01	-1.928209258011418514e-01	1.128877321879118989e-01	-9.098232210691108157e-02	-3.175227320465030811e-02	-9.209524402537076770e-02	-1.351106354127929177e-01	-1.588216156039124471e-01	-6.902242484657193644e-02	3.714131184443379002e-02	8.158395150496920711e-02	2.588136142514791960e-01	-3.881464662509041710e-04	5.227893441192397184e-01	5.783532246550802253e-02	4.202297246786958484e-01	1.700418163796638682e-01	2.363418997336720895e-01	7.759425582747306316e-02	1.348990590792887856e-01	2.805033661119720745e-01	4.110034817204840096e-01	-8.120233448822547495e-02	-2.026193059405583322e-02	-2.214045447089356689e-01	-2.505510390964037562e-02	-1.081820471126438976e-01	3.382310556104988208e-01	1.000000000000000000e+00	2.686884245393301729e-01	8.070551254083145609e-02	1.363772348858706962e-01	1.580557957144451131e-01	-1.832312861881104926e-01	3.116326016609724525e-01	4.090525064857885029e-01	1.889736017807156776e-01	3.080832342416159331e-01	3.491063410289971802e-01	3.534965812695321508e-01	2.129238999127781862e-01	6.316963686226363395e-01	6.416796047579365059e-01	4.991991219834497340e-01	1.531303781306661838e-01	1.438491500266273204e-01	2.377500364360275176e-01	1.282992896074811318e-01	2.400064709575045613e-02	-1.091295084748282879e-01	1.390670844539014343e-02	1.599802651900798234e-01	1.545809172566471323e-01	-2.584188208360785888e-01	4.448845842478939966e-02	-5.371279319624235049e-02	1.884743963741180098e-02	-2.126594201680337137e-01	-4.350306832587451100e-01	-3.679697489150016154e-01	-5.210168949267832694e-01	-2.966520725415798809e-01	-5.113778861727141800e-01	-4.163271003985682395e-01	-3.415245776751443252e-01	1.007449028210749553e-02	-1.011332534646264270e-01	8.857834042264860208e-02	-1.133314672493521830e-02	6.809718407134085494e-02	8.901895678650335875e-02	3.140495327873341069e-02	9.761465363420550323e-02	2.228699203665215067e-01	2.289343588300964405e-01	1.576114588047233256e-01	-1.695040729623735476e-01	9.376192676667287340e-02	-1.464302542206369351e-01	-7.095311744886036165e-02	-2.176960980804963641e-01	-1.827080332028581111e-01	1.488339793560965463e-01	-4.221685703408941531e-02	-3.239515280821009952e-02	-1.953475008325779860e-01	-2.466667437177619271e-01	-2.295323195666450766e-01	-2.205255755752379976e-01	4.275332137015039335e-02	6.438820105775269753e-02	-1.061285833331220840e-01	1.744211905066895066e-02	1.035961155268003142e-01	-5.406994489075946791e-02	5.020495828513569375e-02	1.539077052093255210e-02	-1.005915368442852897e-01	-2.856512499760424095e-01	-2.408124884618010331e-01	1.320284282631217498e-01	-9.645658619972279080e-02	-2.434545629145061785e-01	-2.525072953590798974e-01	-5.798220380977607558e-02	1.188242587888171803e-01	-1.216558395469300863e-01	-2.449356145916347371e-01	7.733541343409718050e-02	5.087565876751061478e-02	-1.331984600168287514e-01	8.344077586382890599e-02	-2.364803030891356461e-01	1.368940510644356956e-01	-1.492312594196451292e-01	-1.731036143814939920e-01	-9.046660838071668431e-02	-2.165467678405680330e-01	-4.973476200305643191e-02	6.117178327624376438e-02	3.571544171196526507e-02	1.771850109661834982e-01	2.232454610691807784e-01	4.266102747177754062e-01	1.576749637052652364e-01	-1.356311025385915636e-01	-2.181156595307560675e-01	1.649983641893205399e-01	1.907220285277305416e-01	5.132664299649133260e-02	2.461639832399870331e-01	3.794835261674723847e-01	3.814097642899715312e-01	-2.485155907386904506e-01	-1.391495308223972271e-01	-7.345014053920070896e-02	2.726549468215501079e-02	3.466940404805855525e-01	9.652529254132720393e-02	1.524443599476464628e-01	1.821772003307688959e-01	1.903272003435737825e-01	2.575625654610961268e-01	2.776459974859079027e-01	3.351425150205511461e-01	2.839018368460898833e-01	-1.236608091832477052e-01	-1.601622234861231342e-01	-7.236264642972589645e-02	2.314406245316733002e-01	8.337211221237179892e-02	7.083757760393586192e-03	-1.727114931858250366e-02
-3.744162992064596351e-01	2.047328888514714507e-01	-4.510119375038372236e-01	-3.448960521505181620e-01	-5.165760978230780898e-02	-6.185512016949579195e-02	-2.045833371936547351e-01	-2.912265351517356327e-01	-1.964122324911074802e-01	-1.871318065359678928e-01	7.169102497638078775e-02	-4.914199731389073955e-02	2.422934467690619764e-01	-5.051757110905815557e-02	-4.601248710831196825e-02	-6.692016726175151198e-02	-9.201969341465177088e-02	7.155502301581027902e-02	1.666540287986319480e-01	2.158422311610534716e-01	1.049358814576851484e-01	1.690082820399020358e-01	1.701139948140007185e-01	-2.266725457120635431e-03	-3.706162456102757297e-02	8.593740638562313849e-02	1.284423423772835804e-01	-1.752850424698561560e-01	8.577333106940285279e-02	-3.283337245563286988e-01	5.634191016382750911e-02	1.587531221722064678e-01	2.518262388064741453e-01	-3.973970502074891664e-01	-2.871535787320541044e-01	-2.653095521862512407e-01	9.888845948286924259e-02	-4.303622086254285835e-03	-3.910264067938724053e-01	-8.217684660618097825e-02	-1.036041461747527481e-01	3.152250612438009698e-03	-3.947938052968192890e-01	2.710554418305168300e-01	-8.420345769690122661e-02	-2.447289685696032169e-01	3.598218391636630320e-02	-1.582780659708742377e-01	-2.589571714750454334e-01	2.602373167533345716e-02	-4.350299704032373899e-02	5.930522620294579293e-03	1.602966670541437766e-01	2.710436592363554831e-01	3.300487413673046655e-01	7.525555010731792283e-02	-1.945064001358794981e-01	5.763151209759628107e-02	-4.189321041475249086e-01	-1.926806867508717991e-01	-3.371905365099053115e-02	-1.493742944134320849e-01	-7.106101933179620467e-03	-3.414639386410812660e-01	-3.125774071383515262e-01	-2.496175206917169431e-01	-1.524257852398647473e-01	8.470365192366917373e-02	-1.581593905897257513e-01	-2.509758685647259790e-01	1.689273447557141372e-01	3.946246352454348405e-01	5.749672920247770325e-01	3.878532718062928653e-01	5.447412906354970330e-01	2.686884245393301729e-01	1.000000000000000000e+00	3.820629445307235916e-01	6.883213434457552404e-01	4.129257633959761975e-01	1.731458098546872215e-01	3.097668548685896250e-01	4.188787219539696904e-01	3.641499671372017827e-02	3.713766964046180119e-01	8.451459088978913181e-02	5.592606451732566875e-01	3.811287668666690776e-01	1.068110501012712182e-01	4.067072970409994770e-02	-2.376767368085357379e-01	1.027760042539690166e-01	-2.342325516818865860e-01	-9.808235632875689225e-02	-1.035028818399046091e-01	4.562124935535845083e-01	4.945134445401468959e-01	1.424577002313844321e-01	9.345664676086466380e-03	5.844424298334843781e-01	-2.065635269728157974e-01	-1.535412845953769700e-01	-4.928424508744123078e-01	-2.003977606785671273e-01	1.289204275492666051e-02	-1.131127986518765255e-01	-8.848535043411100143e-02	-1.598703103524121150e-01	-2.006144373930690838e-01	-1.927245056311139570e-01	1.771864688097354035e-01	1.900367168942446727e-01	-7.700072162909442353e-02	-8.184123954384811550e-02	1.673146964399317427e-01	-6.824310227457876243e-02	1.216624122021907894e-01	-8.825494721627887007e-02	1.707518659708866585e-02	-6.252013870287674580e-02	-7.492510019487791384e-02	1.778031571990040804e-01	2.163230728193386299e-01	5.006058490885748752e-02	1.432996401519036345e-01	1.568483792372891983e-01	3.030265813777568984e-01	-5.590228593886961000e-02	4.696941116245673120e-02	8.250075820898614132e-02	-1.091309422407032645e-02	6.024080917371050781e-01	3.098631414020667219e-01	2.130352741762747970e-01	-2.286219766591003066e-01	-8.291912140095208938e-02	-1.090925822937958284e-01	-1.511765456449850609e-01	4.529980107935779876e-01	1.238543993137796451e-01	-3.415243227721839192e-01	1.300315068851303213e-01	-2.159341602042119945e-01	2.054090816985934542e-01	-8.104593125803793985e-02	-1.407562764737138039e-01	-7.843308235893192704e-02	2.692744137093718848e-01	2.956745159207856966e-01	-1.949786804504089754e-01	9.549292064744528685e-02	-4.327263897121731429e-01	-1.548674527660943989e-01	-9.412755847461752590e-02	-8.362639298222314388e-02	1.549531823564967159e-01	-2.645930087649658313e-01	1.161491680375210112e-01	3.439832356458901730e-01	2.148247191230717723e-01	1.829597522953697597e-01	3.038453472806098010e-01	-3.912168124787991641e-02	7.871267328796065221e-02	4.561402194431998097e-02	-2.276028372756868923e-01	-2.937487643488997935e-01	-4.205477490684008113e-01	-1.742153255810962031e-01	-1.420270660409334584e-01	6.574659841039841995e-03	-2.979536406379971192e-01	2.074945435922176118e-01	-1.426348880199983238e-01	-4.485573425379686952e-01	-2.253858483574670002e-01	-2.762290752373313119e-01	2.471315135905088611e-01	-2.772200318265314878e-01	2.384373039586731302e-01	3.449649376032931092e-01	5.258515566595270974e-01	4.208878324714674934e-01	5.642502719045513482e-01	-1.810980698904385844e-01	6.692672957183193327e-01	2.196715307700737307e-01	7.431734368456570372e-02	3.712271524114985066e-01	3.094341668918609844e-01	2.090856950768886779e-01	-1.007868420850936558e-01	-1.546818144746047730e-01	4.625213978579665319e-01	4.687225147250002610e-01	4.487692574473675644e-02	4.212328476062185967e-01	5.456249770792277742e-02	2.759788533631231111e-01	-7.752158850190191131e-02
-2.202326210864375688e-01	8.040273655335264391e-02	-2.900307047540993666e-01	-1.510556314921093213e-01	-1.145463679105976768e-01	-9.870657634859861251e-02	-1.564114636029071415e-01	-1.807987032512692605e-01	-1.267529287723273834e-01	-1.870338563458782133e-01	7.804460729015458287e-02	-1.593939483276488600e-01	2.284860379066179503e-01	5.828016723540433569e-02	1.023527077229542843e-02	-4.293324765657103442e-02	-2.601663145995611586e-03	-2.463484860338751789e-03	3.029571296328797958e-01	3.657548586746836583e-01	-2.621580685066325286e-02	2.962712923145814636e-02	3.171472030387583740e-01	1.308416798738297124e-02	-5.452835865453069947e-02	8.449633743669487940e-02	2.093729157213939929e-01	6.405203541194158523e-02	8.986331720266449094e-03	-3.851321061684606639e-01	-7.052945799574859842e-02	4.981755635042559721e-02	5.746311564761395069e-02	-2.508225034278790955e-01	-7.838353946279308371e-02	-1.392525664737455371e-01	6.741570231593570217e-02	2.112973096019894748e-02	-3.180194218985793464e-01	-1.830047240226104210e-01	3.566852714951415648e-02	3.526211178292078946e-02	-2.961920382209414226e-01	4.597864144167665978e-01	3.699963400560092874e-01	1.485388293930083557e-02	-3.849009781130044439e-02	9.039109531279450327e-02	-7.300035674686822240e-02	5.089732032146147001e-01	1.170571740671473154e-01	6.633865069785455093e-02	1.310264911833258772e-01	1.444656507708899917e-01	1.884719928011981127e-01	1.387596383580797510e-01	-2.409368172733293012e-01	1.566870108579405674e-01	-2.014045229328816078e-01	-6.179184155160143826e-02	5.147461592609269693e-02	-7.000060512587769068e-02	-1.839017380861458217e-01	-2.762289610227139369e-01	-2.104005179342878229e-01	3.980342593559964282e-02	1.364086466066896826e-02	2.218565746193315313e-01	-1.857928546425176575e-01	-9.033624977224188890e-02	1.165508029864358863e-01	1.703904825216844832e-01	1.499593730336467035e-01	3.952202891898417003e-01	3.401396427635729469e-01	8.070551254083145609e-02	3.820629445307235916e-01	1.000000000000000000e+00	3.066140516595698973e-01	4.324561115943360567e-01	7.439855747430999811e-02	5.300654188102698061e-01	1.562084832433108250e-01	8.378756911426019083e-02	3.309528369113011459e-02	3.408718222053632591e-02	3.224252933809765298e-01	2.054150347947237831e-01	3.690736485117267207e-02	2.222388312358140883e-01	-5.739561595148488793e-02	5.319579610548946791e-02	-9.291452490422402732e-02	-1.856370867659845325e-01	-2.328846994810123139e-01	2.567714093133665609e-01	3.186351824240833408e-01	1.776764786922006290e-01	-1.595210574681114046e-01	6.409134605711262755e-02	-2.546933904266917570e-01	-3.363841458852153549e-02	-2.590999273367550759e-01	-8.120404539260543675e-02	-9.866897949279861135e-02	-2.519254591125088538e-01	-2.450079275688748226e-01	-1.779961472823377300e-01	-1.553255400046797963e-01	-1.882384096674908636e-01	-1.440102910860031893e-02	4.986105935405155815e-02	7.267134572209999616e-03	1.630193324492999751e-01	3.293322824270401017e-01	-2.148479854348668561e-02	5.176533133016111843e-02	4.522021958297725575e-02	-3.021714849745075343e-02	-1.287195883471725644e-01	1.352242048434299793e-01	3.334318488303402161e-01	1.992823729638193708e-01	6.881209162322704520e-02	1.763451708962831821e-01	2.707461324611776243e-01	2.043889110529911735e-01	1.744504709079850585e-02	-1.683814034249213679e-02	1.278326208444099110e-01	-1.812617439266303587e-01	2.392014547912783284e-01	1.792323252059192240e-01	7.331858564498073411e-03	-1.007063528909577371e-01	-6.144932808445508626e-02	-1.058447465845075153e-01	-2.362001966684923460e-02	1.498050900973912913e-01	1.001210520664151254e-01	-1.637887857351851273e-01	-9.737448628860731481e-02	-1.847351459281837971e-01	-3.678711887943144493e-02	-2.045604587137208816e-02	-8.650309388752665252e-02	1.558919719401482828e-01	5.616444445241298711e-01	3.496919900991135033e-01	-7.638269993527296853e-02	6.050839115732806889e-02	-8.988015098651205848e-02	1.430890041070084218e-01	3.768180248953352240e-01	1.134381938614775903e-01	4.374382968332421462e-01	-1.143251731913539071e-01	6.367687470904376257e-02	3.595917709529476980e-01	7.201511949989720940e-02	1.410830120442727043e-01	1.714288838009308813e-01	7.508172366658955044e-02	5.108147760587432307e-02	7.473839631143222584e-02	-2.715308915966772180e-02	-2.764574519584638290e-01	-2.524206495569009667e-01	-2.234602483768210468e-01	2.028183511481229662e-01	4.568391552446354753e-02	-1.630269992402938739e-01	2.728033818557384915e-01	9.485075187404366781e-02	-1.047767837500694216e-01	-5.030517669275078735e-02	1.414667218783238582e-02	1.848339421654222881e-01	-5.055319955284313937e-02	1.406281712699440078e-01	1.613008911772824405e-01	2.386866294103791031e-01	4.844749852540345403e-01	3.655629920133633970e-01	7.544211010803412304e-03	5.927173647322333538e-01	6.079551803531958454e-01	3.732722294459173140e-01	2.299575833222009813e-01	2.756735326174471479e-01	2.515128631087017452e-01	6.994876141372709244e-02	-8.812885957559611627e-02	2.244152008626549566e-01	2.676336642853652248e-01	3.598254510730301836e-02	2.132194132693534250e-01	2.654380774182523578e-02	1.354402241735699342e-01	8.321452758987549214e-02
-3.255124555076928106e-01	2.413411093004980412e-01	-4.585641603604759808e-01	-4.179783875130543280e-01	9.431630039637967089e-02	2.422576604057384009e-01	-7.008214206934143542e-02	-6.315061933610539857e-02	-9.314929469126920214e-02	5.204641314665185009e-02	3.309315745039848045e-01	1.765488080877128663e-01	9.694953394744046382e-02	-1.901932607178344059e-01	-2.341867539667909226e-01	-3.174335239453646706e-01	-2.401334609619034388e-01	-7.318649790443820802e-02	-1.035119750105667480e-01	-1.022917247417936930e-02	-3.276105683520165457e-02	1.750783577194492749e-02	1.916004487363157094e-02	-7.156147507748734926e-02	-1.807113722153115831e-01	-3.978001168668344328e-02	2.016683865087045419e-02	-2.641046739922239261e-01	2.779272068095595127e-01	-2.337489755153329407e-01	8.049256325481830843e-02	4.975133801366122821e-01	5.514651224729526513e-01	-2.129166654474432818e-01	-3.642615364319685689e-01	-2.854503650229892608e-01	-4.591629468456582402e-03	-2.432758069994258865e-01	-2.129276640160709666e-01	-1.143528643383319027e-01	-1.733125734040402433e-01	-1.775137922341429308e-01	-4.762904879103673772e-01	3.027084152884438883e-01	9.330374766461375924e-02	-2.306903284069909132e-01	1.750354732445455475e-01	-5.445387450639407184e-02	-2.456527617236194672e-01	-2.943587177120310285e-03	-2.852091354425356773e-02	-1.377044017705774392e-01	2.003126525743295083e-01	3.381632094022220536e-01	4.326242446712219025e-01	-6.249068920222183160e-02	1.262448553389823938e-02	3.630918481247222274e-01	-1.754172686032328121e-01	9.390841436986875623e-02	2.163543563500022748e-01	7.122207726788992721e-02	-6.959020240085839193e-02	-4.997017452975346385e-01	-2.875735321283495738e-01	-1.236220347663478936e-01	6.469606505547523256e-02	1.380791861277957944e-01	7.326036643905346757e-02	-1.111057602363379748e-01	4.080341047048732794e-01	7.115160049068955939e-01	7.668577877973971058e-01	5.483536438846775551e-01	4.303027997034874486e-01	1.363772348858706962e-01	6.883213434457552404e-01	3.066140516595698973e-01	1.000000000000000000e+00	2.574982043904425200e-01	3.753925886867093831e-01	1.741482254255405371e-01	2.286798561916835171e-01	1.127109216552128340e-01	1.091829088037518103e-01	-9.085912451904744336e-03	4.922170931744994649e-01	4.338219847276391650e-01	-1.258439772217463115e-01	-1.381623104816974423e-01	-4.256673460590830738e-01	-1.666844653181823732e-01	-4.526587473874840728e-01	-3.399856556639670457e-01	-7.507646522427983971e-02	7.101534510886381435e-01	5.643548306049480656e-01	5.820674774201264196e-02	-4.095833864046595496e-02	5.583350672774948231e-01	-2.443089297949280758e-01	-4.051710667439644697e-01	-3.697985705529062694e-01	-3.495961177031963740e-01	-3.200672528372166398e-02	6.954718798803784241e-02	4.545724175120763495e-03	-6.182789767058879948e-02	3.722271238251276260e-02	5.198082112988518938e-02	4.288505787654260382e-01	4.969830374442139598e-01	-2.351586108832084410e-01	-2.120290828211065237e-01	-4.570954648566055017e-02	-6.661727512953935504e-02	5.973689392395412773e-02	-2.159775405373137447e-01	-1.559137929741403472e-01	-1.609839658919204053e-01	-2.655684179683536206e-01	-5.073799944178621762e-02	4.857263547728795511e-02	-8.047362518032334655e-02	-7.433167361368948900e-02	8.236966183663896324e-02	2.421194299338157441e-01	-2.164734499260290435e-01	-6.122942660283928890e-02	-8.073595108664118059e-02	1.280940545675960662e-01	6.160602636817845701e-01	6.335461676496977335e-01	4.662597998481847195e-01	-1.039510685095974309e-03	9.503979210934770938e-02	-3.004329447369064043e-01	-2.382533223688032553e-01	5.909083314563743361e-01	8.970446913316876270e-02	-5.883775308885131478e-02	1.777572310190129708e-03	-1.177120566317205741e-01	7.327666048490595607e-02	-2.535877517383300916e-01	-2.562185852105017814e-01	5.363161808386652379e-02	2.378637455782611765e-01	4.988399999874765789e-01	-1.037221637048969941e-01	3.205816550335015974e-02	-4.382009218934705963e-01	-1.010680778269649471e-01	-1.071940561845182438e-01	-1.802218327698421330e-01	8.911169150028616648e-02	-4.081108137640950262e-01	-7.929492473995292112e-02	1.136177223246617601e-01	4.191642750187529742e-01	1.135429349110388814e-02	3.928789780516762642e-01	1.026452793055401130e-02	4.051128959651652262e-02	3.327151206218407209e-01	-1.483137801828578739e-01	-8.366118577253814359e-02	-4.538890275655699802e-01	-2.554695000692987494e-01	-1.048296277362339712e-01	-3.153195919147499526e-01	-1.922521854954311604e-01	2.971432139454210919e-01	4.483250743550495736e-03	-4.652422140089746971e-01	-1.196111785515082265e-01	-5.036982611803743071e-01	6.708045124268932624e-02	-4.484782901453793769e-01	2.387288860853500061e-01	6.729334879408237491e-01	8.035812191143781869e-01	4.644812727972046917e-01	5.232160551014027883e-01	-1.394760361994284159e-01	6.007213816850366372e-01	1.140321883811785952e-01	-6.459124788007350459e-02	3.905654537201154186e-01	1.989208899912747186e-01	-1.119526682006618951e-01	-2.565559425866579812e-01	-4.678790485039396874e-01	6.097385173512714918e-01	5.207379396030381580e-01	-7.101724008245639819e-02	1.798885150416135448e-01	-2.669740014981015000e-02	2.534435848091104448e-01	-2.139445164027501955e-01
-4.359734938515870128e-01	1.623645441541887030e-02	-3.375978911571231866e-01	-2.998687078165114261e-01	-1.825352767875327575e-01	-1.357919745491778518e-01	-2.901780556387952292e-01	-4.069285307720790223e-01	-2.051704872213489517e-01	-2.466532534744854122e-01	-7.386548785354921098e-02	-1.222307398137074536e-01	2.452717622714098156e-01	6.559916392605455449e-02	1.747352233226666940e-01	1.248596558474439622e-01	-5.089940356440321445e-02	7.654305274837189255e-02	1.288833719672840550e-01	3.200023640275110881e-01	2.726645233530907153e-01	1.205683721528282432e-01	3.899457406402954129e-01	1.628081177930069123e-01	-7.807244116794705494e-03	2.298530593593242632e-01	1.151142667517060375e-01	-3.276641396586044835e-02	1.351050549507571696e-01	-1.771378983602175106e-01	-2.181246281250687549e-02	-2.581811929914657605e-02	1.229047165242285744e-01	-2.976360560232864660e-01	-1.327801634726351321e-01	-1.885142695022627990e-01	6.309114721266884107e-02	1.139774683763039448e-01	-2.179956654472555433e-01	-1.582901522675559877e-02	9.272770083167305999e-02	1.806535162358941515e-01	-1.419873704491765309e-01	2.930794224634725165e-01	1.683196722948392399e-01	-2.900597311814935853e-01	-1.136960156033669095e-01	-1.041759078641727176e-01	8.221650989218119709e-02	2.833097163196853785e-01	2.538624213752764813e-01	1.588041226955848317e-01	2.950853328543632248e-01	2.198835266670409738e-01	7.848260848572691240e-02	1.537248868963117798e-01	-5.259308100079007620e-02	2.629965879065868789e-02	-4.373123311003794811e-01	-1.885730530622906909e-01	-1.530068144689492905e-02	-3.319626657396266417e-02	9.412723317037448301e-02	-3.904977487420012439e-02	-7.477648023671565336e-02	-3.486982300238308102e-02	1.311066626066734707e-02	-7.877966364679853117e-02	-2.172134513169236281e-01	-1.584911922747676005e-01	1.198696816144865923e-01	1.444878098642734254e-01	2.541608773425630963e-01	2.709632966914936603e-01	1.377066462513377720e-01	1.580557957144451131e-01	4.129257633959761975e-01	4.324561115943360567e-01	2.574982043904425200e-01	1.000000000000000000e+00	7.855560539124675778e-02	4.798168329759802675e-01	2.812983106678658141e-01	4.183361747803068104e-02	2.184805370730225349e-01	1.388481008888503287e-01	1.673633093518911430e-01	2.844012552266062532e-01	8.049977622821202772e-02	1.721074195353833047e-01	-5.190451666676634823e-02	2.615058803891023853e-01	-2.808821024774129857e-02	1.594023456296251862e-01	-2.409775336589686096e-02	2.400617915040393069e-01	3.093836622522889712e-01	3.527385355407213763e-01	-5.160174849994667023e-02	1.361574640139378012e-01	-3.832010886438587671e-01	-3.420738614656970017e-02	-4.794367937067225971e-01	-1.481977720699251266e-01	-1.454985650354122251e-01	-2.460678154378111993e-01	-1.859885282768200532e-01	-2.012655729478468880e-01	-2.977910117839805415e-01	-2.392353178588350893e-01	-3.305370027492682272e-02	1.626533327248085373e-02	-5.874180818187595132e-02	-2.886620954357988628e-02	2.758619964516971224e-01	7.678230694580281956e-02	2.320554039002453370e-02	5.976237622436200714e-02	-9.289901460961218216e-02	1.203267575766121950e-01	-8.736409763457163302e-02	5.106598013098617717e-02	1.003246241668547395e-01	-3.527188391416389429e-02	5.247111722829293085e-02	2.097983466080749482e-01	2.916700202404261533e-01	4.786073734364851978e-03	-7.383703790562174893e-03	6.133769528958650519e-02	-7.668034956674545100e-02	2.455725053506977451e-01	8.875054411644822672e-02	7.831232221409323291e-02	-2.686822317481757927e-01	-8.918335222044727895e-02	3.846973824864902830e-02	-8.343731330297735060e-02	1.559844993871792596e-01	-1.474054917697244747e-02	-2.872072318480966002e-01	1.349696242146253278e-01	-3.901378561881006790e-02	2.856608316841632855e-01	2.542389871672334767e-02	5.239304629611898217e-02	1.634637151891971396e-01	3.673724959683479785e-01	1.388639988874808828e-01	-2.548276670898992347e-01	-1.269044550807920391e-01	-2.686804081334226435e-01	-9.963258614480854924e-02	6.666662016556659798e-02	-3.755579493148863534e-03	2.456296337972325161e-01	-1.460878133158849054e-02	3.011674605210712397e-01	6.242854296359062749e-01	9.492623691418322629e-02	2.360572646519130124e-01	1.631333303822456726e-01	7.536231048102312591e-02	-3.177563611250610459e-03	-1.316463641650489069e-01	-2.811182413876979758e-01	-2.566469406026937738e-01	-2.961309053953520287e-01	-1.677629465655584851e-01	-5.355544118363205625e-02	4.152111876618500702e-02	-1.390603171230323787e-01	-2.744183538617246156e-03	-3.739867688793970246e-01	-3.398027287106163974e-01	-1.716613711617455407e-01	-4.620609074171073971e-02	1.330062159990249571e-01	-8.645360320978306978e-02	2.113670834939057608e-01	1.099442299906895348e-01	1.627135246228963716e-01	2.932894936442287381e-01	1.203227278542700757e-01	-3.818718471639527545e-02	2.795456000643639083e-01	4.657561977471269543e-01	3.150642588284891521e-01	2.823459614943324980e-01	2.176595834443278699e-01	2.144605111261139729e-01	-8.583002251821612860e-02	-3.988005061890134012e-02	1.998254958818568294e-01	1.227881141261941977e-01	-8.540886044234735630e-02	1.231831233712368107e-01	-1.383480650486795804e-01	8.773683118699301953e-02	-3.228897645449803344e-02
-1.996185234040533940e-01	3.066325194225271722e-01	-4.887853999627444490e-01	-6.366758933070949533e-01	2.165338423406336643e-01	4.647806953036143773e-01	3.663827326173870608e-02	1.143400971184823922e-01	-8.110685906827076741e-02	2.337302268764827051e-01	4.821149207398348069e-01	3.112576610162635093e-01	8.467064878802696426e-02	-3.542210201321690510e-01	-1.401305459099335404e-01	-4.472951637948953119e-01	-3.390821587844986551e-01	-2.990428420352257421e-01	-1.926218034406924073e-01	-2.708273242033034517e-02	-6.669888237653250063e-02	-2.446082060565072519e-02	-3.019216305791890681e-02	3.438773715796415026e-02	8.647758164921579005e-02	-1.263457109576198237e-02	-1.390839830759912632e-01	-8.288872428260744829e-02	9.656735005531150162e-02	-3.467134376932936024e-01	6.976013469496361585e-02	2.624845268650198293e-01	5.321365363781921376e-01	-3.844524638332690869e-01	-3.633049470770621237e-01	-4.299685878446955489e-01	-1.204133326049471042e-01	-6.328288306218579073e-01	-3.629432731334600870e-01	-1.068950570349234686e-01	-5.660176990263983410e-02	-1.056905110028994732e-01	-1.126998121860772611e-01	2.604293561326131295e-02	1.086333741406790010e-01	7.069131461919794801e-02	1.964713954071677093e-01	2.634820026695075534e-01	-2.035297984006125688e-02	4.673059928269115981e-02	1.596261377896563416e-01	9.220915956509576072e-02	6.238376344421211472e-01	6.773406035693591010e-01	6.379714832899331389e-01	5.595625105245614905e-02	1.768057435417066670e-01	1.640160922142231414e-01	-2.346332357485229059e-01	-2.343316053039563307e-01	-8.342774647928763443e-02	4.130274198176155931e-01	-2.071776962013538448e-01	-2.460473128530128728e-01	-4.492546856914872433e-01	-1.592076850853487435e-01	8.321207270920127907e-02	2.695878187258658742e-02	-1.487728585977110551e-01	4.784751565947806262e-01	6.883894198912648976e-01	5.650325099998531053e-01	1.785264641596125135e-01	1.926033407669525965e-01	3.455024310232996942e-01	-1.832312861881104926e-01	1.731458098546872215e-01	7.439855747431001198e-02	3.753925886867094386e-01	7.855560539124675778e-02	1.000000000000000000e+00	7.188957313313354414e-02	1.927373761733286173e-01	4.601987854226744501e-01	-2.036019736235442912e-01	-1.160280270949689066e-02	1.032908056541236158e-01	7.372544549100907840e-01	-3.450941118391332996e-01	-2.231128892882845716e-01	-3.102167498078540198e-01	-6.764635516087236233e-02	-2.759228461093634621e-01	-1.560171566770919005e-01	1.861043234746426189e-01	4.609157825891674332e-01	7.082406077943281808e-02	-1.420449421401131021e-02	-1.440327774416153839e-01	5.250328047000681064e-02	-2.165326518581578430e-01	-6.712488082658947253e-01	-3.435289218994254656e-01	-7.327453935481202940e-01	-3.495616845321602439e-01	1.913495630150144622e-01	1.328521804873351309e-01	1.087395158959185426e-01	1.649620709376219130e-01	3.117086079821044242e-01	4.476882430144785152e-01	6.826437083273015904e-01	-2.569185313214163990e-01	-1.255247013319286432e-02	-8.414768203787441336e-03	6.088717457128677013e-02	2.264384911084541263e-01	-2.266150673610866362e-01	-3.094386982045566059e-01	-3.042218037768287253e-01	-3.263704752012071553e-01	-1.046119053158382078e-01	1.455081933095923874e-01	5.795654305602253482e-03	-2.236947654637190530e-02	1.062709471676089173e-01	2.187327794026759920e-01	-9.077318831839824298e-02	-7.778619683718573929e-02	-2.799091339493378072e-01	1.844162046264539445e-01	2.085378227258061212e-01	5.210472566523854931e-01	6.762010332179209104e-01	5.261900019464479938e-02	3.195853110510055162e-01	-4.090073689165644732e-01	1.104352705509805688e-01	2.646450605585087268e-01	2.787328524883257025e-02	-7.510410393174273003e-02	-1.716726446767325234e-02	-4.646752701964084603e-02	2.685829356649109267e-01	-2.071282203040915038e-01	1.203170243316119409e-01	1.648345132028585791e-01	1.211655875851771202e-01	1.087440301298248230e-01	2.231462397401883513e-01	4.227533125414390525e-01	8.495700466224795355e-02	-7.277716581815726893e-02	3.323604507669757069e-02	-2.172768044191358550e-01	2.169109703652301324e-01	-4.874353452398654252e-01	1.642496295646598548e-01	1.767730809678506321e-01	9.162163341046882792e-01	1.717744518589960911e-01	8.303337770284116015e-01	4.599846959382138945e-01	-2.051793385674594572e-01	7.013629958094254047e-01	2.186917205775157635e-01	-1.378236599975172227e-01	-1.810599682739678085e-01	-4.042801103190759582e-01	-1.308162477408686686e-01	-4.539029180842735212e-01	-4.901711675939086910e-02	5.994418905960936517e-01	3.061750418205546054e-01	-3.800407847767632852e-01	1.370261277019893878e-02	-4.569681543644719679e-01	1.568263751393571548e-01	-2.358084409451816910e-01	-9.920707040903277429e-02	4.462761359310655207e-01	5.438354065755610645e-01	2.144785394051922645e-01	1.771121710490366763e-01	-3.700413719228656251e-01	1.280474839327946368e-01	2.391355602793250601e-02	-2.506900639357705352e-01	6.827756957252713033e-01	1.090163458509788991e-01	-4.425667787377217111e-01	-1.711845713241603728e-01	-4.834185248851743388e-01	7.165684426066259993e-01	3.144189983158265228e-02	-2.424287874943222287e-01	-3.327367019964529993e-01	1.408887448400208964e-01	1.796920442553985309e-01	-9.085339841239270520e-02
-2.653715504583696871e-01	-1.594666425318561759e-02	-3.319787970927033371e-01	-2.160696354668860675e-01	-8.753006060960089041e-02	-8.663933060550361998e-02	-2.645255871008840853e-01	-2.608955707944622393e-01	-3.400395454552063712e-01	-1.577831004144200355e-01	-8.376982306910284171e-02	-1.462566880887260778e-01	7.932689503362122529e-02	2.818493539193633532e-02	7.550472022325838140e-02	2.274871486495763651e-02	1.438844888428502181e-02	1.476573179913905631e-01	2.203712651883000251e-01	2.892759619082875266e-01	-1.306041416809655686e-01	4.352409872526735723e-02	3.233602949954349493e-01	-1.230914582897294218e-01	-2.083657429971904340e-01	5.610666051451388553e-03	9.383230000924097647e-02	2.403195634051799937e-02	8.547610074791438250e-02	-2.220798259179870560e-01	-1.053876636398228400e-01	-3.688925372620780602e-02	9.325810592387510922e-02	-2.757756169603560736e-01	-6.759559815299692742e-02	-1.158854518511349546e-01	-2.242916710361913049e-02	6.764371927940802942e-02	-1.181362728121868183e-01	-2.427425715378226101e-01	1.284692102129738889e-01	5.871152358740511223e-02	-2.318894165927309070e-01	3.286199467831312226e-01	4.423959675534396840e-01	-1.964338072692208698e-02	-1.289954087568361552e-01	3.686572708932397968e-01	-9.120312974097503911e-02	7.452154726119223360e-01	-1.299598029251510245e-01	-1.946665006614620719e-01	1.525107957189797692e-01	2.029266293295456380e-01	3.165078500476700002e-02	2.571221036154549000e-01	-1.186950039050756606e-01	-9.945712380675122977e-02	-2.281748265507636819e-01	-1.666617517289859796e-01	1.397198493236498917e-01	4.974664515750028965e-02	1.764920209516281091e-02	5.776971432309366793e-03	-1.367402817554872752e-01	4.290343415033986973e-02	-2.225786507709606454e-01	1.392150344989032673e-01	-2.133440531932982720e-01	-2.147531078513829350e-01	2.649778051240900267e-01	1.003255359866693647e-01	5.509033653188333268e-02	1.608152484459796083e-01	2.739611546006525122e-01	3.116326016609724525e-01	3.097668548685896250e-01	5.300654188102698061e-01	1.741482254255405371e-01	4.798168329759802675e-01	7.188957313313354414e-02	1.000000000000000000e+00	3.127712844283113691e-01	2.641688466043209949e-01	1.402598573574298790e-01	2.054508920149549223e-01	3.226614910395212421e-01	2.996467567644823249e-01	1.720104467659994418e-01	4.398901809485251668e-01	2.190054795521315933e-01	2.423132333601888400e-01	-1.853321175606208182e-01	4.141385790873560596e-02	-1.220032603234497970e-01	1.696988268765138308e-01	8.075990138022588749e-02	1.976864672805168088e-01	-9.097994625284411274e-02	-3.709945999803879874e-02	-2.681507894494326583e-01	-3.957309537629585816e-02	-2.647802981913052189e-01	-2.099990536749302972e-01	-8.657748196355850856e-02	-2.657989322677087873e-01	-2.488550873642671468e-01	-2.799280179302798821e-01	-9.409206975663367278e-02	-1.968100802914427294e-01	-9.667338234177093315e-02	1.760898403110923091e-02	-1.633275399303718914e-02	-1.168024707934672141e-02	2.265964042937070044e-01	-3.666187613533860440e-02	-1.305037599285374661e-02	4.273041591753658219e-02	-9.025010562675113424e-02	4.446752453714042375e-02	2.807320448673622515e-02	2.489492847987849200e-01	1.766342921033055846e-01	1.593455504504429354e-01	1.312426794732352298e-01	1.148213353264014858e-01	1.395877765085107303e-01	5.249221894564343183e-02	-7.209674650492729764e-02	6.755076437257598321e-02	-3.103357951771471696e-02	7.264019045755230886e-02	-7.908418973864551893e-03	-1.885231258991066153e-02	-2.071240457849117256e-01	-1.000742029888943702e-01	-9.221155059040908597e-02	5.405450711712469353e-02	1.259244477002635816e-02	-2.154840103918117741e-02	-1.431576190921332870e-01	-9.129648938751425136e-02	-6.787869635477003505e-02	2.954366059020326757e-02	-1.331904174398312879e-02	4.367570690815440531e-04	2.392414453751812720e-01	4.277814553460511648e-01	9.377454218226607963e-02	-2.883588567966299462e-02	-1.627179581753158619e-02	-4.057770369888641371e-02	2.722895464182758518e-01	3.131276033739220921e-01	5.417127632454894065e-02	5.221360959469474317e-01	-1.874887071114973991e-01	1.164584252225275701e-01	3.767373068038081252e-01	7.074695359789551219e-02	3.020838289225762363e-01	1.975673176645172946e-01	1.817173582176578872e-02	3.332502541090907183e-02	-8.806618285392399381e-02	-7.516027030999027081e-02	-5.553687736180654838e-02	-1.041144955693875801e-01	-1.255987713362275160e-01	1.752516060417615151e-01	1.433676219851010292e-01	-8.459419958913713677e-02	1.898126388446007007e-01	-3.339884070845239826e-03	-1.455861261760322267e-01	5.157952890542025475e-04	-7.993794915201174467e-02	3.612412300046168867e-01	1.961689607465366414e-01	3.365280394535145603e-01	1.382775107386703152e-02	-2.903829891342783742e-02	2.394556704227466526e-01	1.665825460316314177e-01	1.669771703876242464e-01	2.768817012281618029e-01	6.913834283260645863e-01	4.411272206299848841e-01	3.755757671025922173e-01	3.381024763337702188e-01	2.086822738002668820e-01	3.083755460711252727e-01	2.034546994709478598e-02	1.168436651309233826e-01	-4.128101390858188863e-02	-1.281035977013903204e-01	1.352091415042643296e-01	5.525257708477059743e-02	-6.679869209425690069e-02	-3.962439947443188726e-02
-3.926604670254130736e-01	-1.447044273704443593e-02	-4.347491435088593481e-01	-3.320472826021265700e-01	-2.673989585553382398e-01	-2.514480520128863361e-01	-3.134848068153683887e-01	-3.918381237283004581e-01	-2.644295185254333935e-01	-3.946300650640859886e-01	-3.123146289484882154e-01	-3.463890077970643855e-01	1.611403404258015815e-01	1.496478669773923242e-01	2.626381070343471458e-01	1.306116531601612396e-01	6.227873400162331485e-02	1.292473929395423216e-01	7.746496507440817081e-02	1.979438822354535055e-01	-1.996479411947590585e-02	-1.831934403644245452e-02	1.887617791968028980e-01	-9.896698899218486778e-02	-3.140910332629687912e-02	2.882496635206630714e-02	2.784431973309897277e-04	3.887967227996428493e-02	3.176356123330944387e-02	-2.771152262431046398e-01	-2.124905255204429799e-01	-1.546700898843596517e-01	-1.141001624034061572e-02	-1.012716800078609647e-01	6.426112664620134418e-02	3.260587219011822774e-02	1.235142875625606929e-01	-3.808527558854513800e-02	1.193789741092554082e-03	-4.506067058991112401e-02	-1.248815322401949784e-01	1.585968432719981613e-01	3.278523485617076960e-02	1.939687230201266044e-02	-2.032428489529196636e-01	-1.561709693615487560e-01	-1.202360470415020921e-01	1.774937795076274860e-01	-1.496976908683480545e-01	7.542004846086267610e-03	1.221621104486743936e-01	1.152801925947963824e-01	1.606142594045693872e-01	4.019918196998165105e-02	2.828140863480760880e-01	2.659289663233441736e-01	7.948588811435584878e-02	1.095464768270244388e-01	-5.097194787511018232e-02	-1.660255990292652528e-01	3.051644974343518599e-02	1.298510738156481367e-02	4.067234114601695483e-01	1.310915614302395615e-01	9.572703852633590582e-02	-2.075003826012018215e-01	1.343444525748078155e-01	2.182173030540266179e-01	1.958770433342719164e-01	7.212719915086232558e-02	1.315036019641568632e-01	-1.220189896759181838e-02	-1.878079237554965836e-02	2.366849925746627656e-02	5.307866616135159532e-01	4.090525064857885584e-01	4.188787219539696904e-01	1.562084832433108528e-01	2.286798561916835171e-01	2.812983106678658141e-01	1.927373761733285895e-01	3.127712844283113136e-01	1.000000000000000000e+00	4.390654220293480070e-01	6.673257875594130750e-01	6.481217666358632945e-01	5.198573603751388550e-01	5.232941914967519370e-01	5.217506508484145433e-01	4.513807115963878180e-01	2.589972353756306300e-01	4.853463260901222931e-01	3.509918740399873421e-02	3.347103319934485732e-01	3.357330572758250864e-01	5.464248521640606253e-03	-1.209909915695353000e-01	-1.388912734685865229e-02	4.685085041541634521e-01	3.336111781035229207e-01	-3.157431782786607188e-01	-2.112934251166903310e-01	-4.340906252889865091e-01	-2.528545026132233975e-01	-3.276095349811984914e-01	-3.446275983561117306e-01	-3.483621471541754056e-01	-4.393659444381947110e-01	-3.622045961200042741e-01	-4.279119863404682866e-01	-2.487142351361644466e-01	-6.392747139910170961e-02	5.088082849475544789e-02	-1.754508827809497240e-01	1.531293848090616860e-01	8.808010797736366693e-02	1.141405094112842855e-01	5.873469871486911367e-03	-1.117274721237470486e-01	-4.604588239046117706e-03	4.442015560719114048e-02	1.351930861698932285e-01	2.113660109771426932e-01	-1.581447319760425629e-01	-3.289457341820033187e-02	-1.377688131372837022e-01	7.780532029113901293e-02	-9.725073519107432785e-02	-1.848469163093427181e-01	-4.311043668408408303e-02	1.185847913622103400e-01	1.308156072851515972e-01	3.814296685907355572e-02	1.280871916719488190e-01	-2.013788820672497148e-01	5.774422856819357713e-02	5.213515535856053790e-02	1.433725326352413565e-01	-3.007484321029749857e-02	3.029431792541596030e-02	-2.184665684247991957e-01	4.573335708844604441e-02	-8.842299487478909314e-02	7.526271147965549191e-02	-1.978658211515171017e-01	-2.177555576522601510e-01	-8.646786071961769238e-02	8.235161885223563072e-02	-1.611407096206038669e-01	-3.082475010514509339e-01	-9.416779428386112816e-02	-2.806900482507379002e-01	-5.710051758601876470e-02	-1.354176053973019656e-01	-2.832240831553113902e-01	-3.682542853625470763e-02	-1.209378080841097408e-01	1.464186873504558228e-01	3.348520787158611456e-01	1.477309325384364436e-01	2.370470685351749596e-01	1.534209339336650157e-01	-1.143855746286536468e-01	-1.103676401648908713e-02	3.196370155381620531e-02	2.561366292717185550e-02	-1.982281994768316513e-01	-7.866867804960368804e-02	-1.891144949501457131e-02	-8.160635626493048522e-02	5.765408656094075934e-02	3.121203140228699310e-02	6.412694407057811796e-02	-2.190712452456244075e-01	-1.203292853087302855e-01	-7.247872850598002792e-02	-2.517036061228341004e-01	3.527348995028267153e-01	1.559525277549501654e-01	9.399127142068314233e-02	-7.892712827240032369e-02	1.186196089762795586e-01	3.954203325489295123e-02	2.122452165342465502e-01	-7.089088980924834749e-02	2.706894309978291613e-01	9.959531237552161909e-02	-5.814266777577647288e-02	4.304315736941072279e-01	4.031071711973741589e-01	4.638286620301413921e-01	7.302286433912170971e-02	1.916486673041175037e-01	1.912175351610105323e-01	-1.028377087168304976e-01	-5.449081771876385094e-02	3.354702217251885332e-01	2.097775726674379337e-01	1.422119807972545558e-01	-9.681172412634310442e-02
4.069769999954011945e-03	-1.964927248346067801e-01	-2.100871811740149531e-01	-4.135089380487806943e-01	7.605876935446510834e-02	1.932721536365055170e-01	9.324432468640038441e-02	1.029297475043064319e-01	3.721901921354236337e-02	2.544955137866197065e-02	1.456805128980983577e-01	-6.458479076312682345e-03	1.338297371687370042e-02	-1.972447843742625440e-01	4.626558362541392105e-02	-1.714910331413734834e-01	-9.707956690028018976e-02	2.530973410227259704e-02	-3.756374927497621585e-02	1.095936971085566813e-01	-9.484016060821612304e-02	4.122559345762676075e-02	-1.220227426974994150e-03	-1.684736005976192608e-01	-5.167297275447170490e-02	-1.826736306303531066e-01	-6.191138504124288344e-02	4.241238612868519081e-02	2.142381870261389765e-01	-1.128070988592318608e-01	-1.889031490838125786e-03	-2.921537743081389915e-02	1.204416083177292096e-01	-1.623089325167517138e-01	-2.334834132435409937e-01	-2.531709984286604764e-01	2.073754426170568502e-02	-2.881532426862286056e-01	-3.099191183523362578e-03	-2.432076946412982665e-01	-1.269710539417490403e-01	-2.219900358853427180e-01	-1.375340068166581720e-01	1.938059176087422730e-01	2.227748199764864948e-02	-2.220545541440686194e-02	2.039013647788275735e-02	4.103490351152316307e-01	-2.868161940493835771e-01	1.846714203849454672e-01	2.620006750921040697e-02	4.278628177242882469e-02	4.786658900360044600e-01	4.563975661747269319e-01	2.471198321073972137e-01	2.837946675515166661e-01	2.954853439328838927e-01	1.861536721869489486e-01	1.930051260378215158e-02	-2.457414720138853814e-01	2.161030954530267501e-01	3.583314004507028305e-01	1.111920812140268500e-01	1.171850867150778588e-02	-6.649149450144066498e-02	1.186712194182780108e-02	2.905412669745575105e-01	2.718693464404038918e-01	1.297405092917187919e-01	2.463919719918745421e-01	4.844267079453363212e-01	1.120428033214418140e-01	-1.450771561508835683e-01	-7.354602949201442808e-02	3.327763741133023534e-01	1.889736017807156776e-01	3.641499671372017827e-02	8.378756911426019083e-02	1.127109216552128340e-01	4.183361747803068104e-02	4.601987854226744501e-01	2.641688466043209949e-01	4.390654220293480070e-01	1.000000000000000000e+00	1.168033536988219434e-01	4.528812796962563558e-01	2.286209654603118258e-01	5.497311041820538424e-01	1.042509360331440454e-01	3.240618283609588146e-01	1.746318641928784332e-01	3.235741359268887868e-02	4.032484723599834286e-02	4.669113073520803764e-02	2.655876076072533065e-01	1.816915294503529121e-01	-1.201052113433143942e-01	1.746261220813903892e-01	2.174303426386591798e-01	8.679712321971641553e-02	-6.448607940379624814e-02	-4.545211106457586192e-01	-3.650181895378188518e-02	-5.709017168451068214e-01	-2.522693862321999103e-01	2.623725893430828293e-02	2.601077363850049298e-03	-2.873880781157573880e-02	1.092590204517513916e-02	-1.872201494805089683e-02	9.313296114283189930e-02	2.517000007015997576e-01	-2.144839105217462016e-01	-2.484913495528169314e-01	-7.964339604212751500e-02	-1.352594421307667105e-01	-2.584640616706076338e-02	-2.314465121728732366e-01	-3.476040157091606075e-01	-2.691727500857615807e-01	-7.382507566121607190e-02	2.614701763346366850e-02	1.627932574726703163e-01	1.432769891288366015e-01	1.337055376068636003e-01	9.729519540695884608e-03	4.143238954090378012e-02	-2.532413704064550575e-01	-1.423497065269789807e-01	-2.197928556380860932e-01	2.761398199781146534e-01	-3.494253981725266300e-02	1.038962045955004465e-01	2.765739430415740108e-01	-2.931456736794740281e-01	2.819191016410585969e-03	-2.240259751282454859e-01	1.072865689127030092e-01	-8.657833525350565329e-02	-6.540448666556347712e-02	-1.493689107721445086e-01	-1.394469427937260475e-01	-3.710983135945009059e-02	1.630432926340521504e-01	-2.093696582883872517e-02	-1.945229577551917666e-01	-1.226140991071510283e-01	-7.389378253751377815e-03	-9.618765955298426429e-02	-5.302894017174511476e-02	2.175045560853155688e-02	2.661916551159695943e-02	4.939439203490818969e-02	-7.043307091137185338e-02	-4.147101996438062321e-01	3.834488812543240810e-02	-2.733987797489654814e-01	-1.236888307566683803e-01	6.837987425519480300e-02	4.144166092533479451e-01	2.522645219224309288e-01	4.661880787819162597e-01	3.942209856601271989e-01	1.489185412487206983e-01	2.619328644328307587e-01	6.202552723073234686e-02	-1.277594714316719893e-01	-1.370432482360050275e-01	-1.869788786584116735e-01	1.389417387751304966e-01	-4.170189746559427313e-02	8.539207968435881535e-02	2.182562271793760389e-01	4.669575172192835973e-03	-1.955762545624961102e-01	-1.025350294621164230e-03	-3.270201635420904029e-01	3.518102997725701120e-01	4.697152661816440117e-02	-1.086452199858589374e-01	-4.233381783238151369e-02	2.238298259994809039e-02	-1.181420192291348370e-01	-6.542040443999504185e-02	-1.007175476250272289e-01	-9.255294088840648747e-02	4.607075942193177009e-02	-4.264395669552361462e-02	4.613450556245875522e-01	3.368000852220367491e-01	-1.207236212178019324e-01	3.782545688669496781e-02	-1.636406797688143011e-01	2.400692887363403971e-01	-1.599447982507065935e-01	-3.688305476794676713e-02	-1.056551980151290704e-01	3.461792808500305241e-01	1.258597637342367126e-01	-5.429307099593725511e-02
-2.090865921780444558e-01	-2.528994506814734658e-02	-1.379329252322682997e-01	2.612989007628626487e-02	-2.815952331433484446e-01	-4.359266324387850444e-01	-2.840491131457635876e-01	-2.972456281856459270e-01	-6.397642446895378254e-02	-2.981973590461894363e-01	-3.725343772845522428e-01	-3.177895179060244435e-01	1.649396972732968258e-01	3.370534334965326617e-01	2.820843132803593223e-01	3.672901070581137684e-01	2.219526467749838305e-01	3.028680834491702112e-01	1.276392210029468621e-01	5.127986719050096898e-02	1.395219549155025940e-01	1.259782991836965738e-01	1.853989919161918021e-01	-4.956723751109331534e-03	3.715146591283080557e-02	1.248734183424407979e-01	-1.952799891329593668e-02	6.316464413632988384e-02	2.375858436468306426e-02	-2.903244492834930815e-02	-6.770943650384186885e-02	-2.005899286287452787e-01	-2.452725507146233941e-01	-5.356143738402692998e-03	1.695584428598400917e-01	2.141171594675101986e-01	1.670750932958228185e-01	3.075882857402344461e-01	1.133400410662196156e-01	1.487376515589206583e-01	-9.370564384129512203e-02	2.685033007729415444e-01	6.093857183648303949e-02	-5.342767467010808152e-02	-2.134317909516408873e-01	-1.015983653364092992e-01	-1.136426139978668065e-01	-1.809547917572437159e-01	-1.418367243932388833e-01	-1.950302377787164476e-01	6.076775784795634266e-02	-4.323500711575332944e-02	-2.074211358236323355e-01	-3.281357132931361220e-01	-5.362286597071748429e-02	1.599525730077586139e-01	-8.571593951251180177e-02	-4.793790981115600425e-02	-5.598164304335846025e-02	-7.656692995662600643e-03	-5.251921596579423729e-02	-2.171505811097103056e-01	4.512995929425069330e-01	2.277497760422421136e-01	3.408348345580054506e-01	-1.763574904073702265e-01	-1.768426253239555740e-02	6.517806364749308135e-02	1.755398549173943223e-01	-1.729609240758978317e-01	-2.461175968916844148e-01	-1.846845736356335088e-01	-1.463564810137849524e-02	5.853487515862490498e-02	2.832840548558544502e-01	3.080832342416159331e-01	3.713766964046180119e-01	3.309528369113011459e-02	1.091829088037518103e-01	2.184805370730225349e-01	-2.036019736235442634e-01	1.402598573574298790e-01	6.673257875594131860e-01	1.168033536988219434e-01	1.000000000000000000e+00	5.710558139079503492e-01	4.440799656150540842e-01	7.704443889180902227e-02	4.996874572828287620e-01	3.659837476411944568e-01	1.746346235022152027e-01	4.038515298861942160e-01	1.022408778405924507e-01	2.842103233535295259e-01	2.507996967997833671e-01	-1.605401921066245963e-01	3.741035269323948059e-02	-1.284510821420436003e-02	5.896713626875829117e-01	3.538664980202257948e-01	-1.332658705479389805e-01	9.733391049232428816e-02	-2.823405335705019836e-01	1.311078079280514341e-01	-1.611339156837228170e-01	-3.210685482338628827e-01	-2.648303870326086940e-01	-3.165690176516827159e-01	-2.757200173288955614e-01	-3.546120867518857134e-01	-2.904223799765492942e-01	-2.891256701769843729e-01	2.666962608062916629e-01	-1.809704946192631780e-01	7.478218015643066374e-02	1.634669171799667808e-01	2.402165167341521052e-02	1.222911956452473470e-01	1.638629223129683399e-01	2.550775604524803675e-01	1.484779533605183055e-01	9.410979817913484036e-02	1.212774732523904109e-01	-7.042893953973286547e-02	2.466821511629451943e-02	-1.753349530541672974e-01	2.425252053561992652e-02	1.148301172375253490e-02	-1.336365422937383085e-01	1.892117069430992657e-02	5.915146021907367879e-02	1.026630443600446280e-01	-8.113961525960650123e-02	-1.529512182645680618e-01	-1.204770390940364672e-01	-5.022023194890749137e-02	3.108445197429753337e-01	5.830745259849466622e-02	-1.362490362816133616e-01	1.295641102049453763e-01	-1.552080280048240002e-01	2.011413913868871639e-01	1.076366113793465057e-02	-1.348385995662806057e-02	-8.305576422526664282e-02	-8.504559676672787671e-02	-5.069555245425364648e-02	-6.150530456068115798e-02	-1.120528204224445490e-01	-3.352889998057067555e-01	-2.150668421571449440e-01	-3.827801143853475363e-01	-1.111180195138052745e-01	-1.876046391559577364e-01	-1.697714971818602425e-01	-1.519364526617776046e-01	3.702675531361133282e-02	9.249424962496488600e-02	1.984843971389456119e-01	-2.253218384933926288e-01	1.365550034783052091e-01	-2.577360517480949409e-01	-4.003520930777440534e-01	1.357902574318197164e-01	-2.109339399604995835e-01	-1.151729744372241987e-01	-8.620735068636693754e-02	1.951307279581735929e-02	2.148931910044383775e-01	-4.009682660796190512e-02	2.151907379486779348e-01	7.447528908787912072e-02	-2.443405194818699389e-01	-3.700630001124257662e-01	2.794626524008191754e-02	-8.348713727304604704e-02	-2.626022070920775234e-02	7.403163635700993339e-02	8.242416175865840966e-02	4.752530233138150401e-02	-1.867284072144488050e-01	-6.846167550526748025e-02	6.644886438363391268e-02	9.418222425147325383e-02	7.546489171194498136e-02	2.340006313430998963e-01	7.090689070973463064e-03	2.577181033207162630e-02	3.131908537879894705e-02	2.990907777148070212e-01	5.293848672302465808e-01	-7.318761279235960759e-02	3.545994330357178370e-01	-5.980499896029318335e-02	3.934915993353566011e-02	9.037510600409831563e-02	5.945263224187933293e-01	1.928210676125630130e-01	3.779606280209053121e-02	-1.689397624598215353e-01
-8.299790669677743760e-02	-1.202239093358292155e-01	-1.396743488974948599e-01	-9.945950134000244858e-02	-1.071968997369897314e-01	-1.490199907459860973e-01	-6.162773024206528137e-03	-3.599357029387369872e-02	-2.794670310286452228e-02	-1.028454697343719609e-01	-2.035746078486182220e-01	-2.256672523946137154e-01	-7.339624842736493238e-02	6.278720562369474734e-02	1.818174477727307337e-01	1.314101306021812354e-01	-1.926608781978278798e-02	4.806347958375932483e-02	-5.595286252832630536e-02	8.267270964137592160e-02	-5.845067742719379372e-02	-2.033056740637818188e-02	1.426237378717243043e-01	-1.253611008649251346e-01	-4.395910367700069793e-02	-3.834557576125218435e-03	6.562675558179106861e-02	1.372551873392008071e-01	1.597151047352917130e-01	-3.473964725411900645e-03	-1.393428290527045643e-01	-1.311869569975728234e-01	-9.292616358490218831e-02	5.404238752487783987e-02	3.593566627261025187e-02	3.900974936559425954e-02	-4.926634160948309415e-02	-2.521686840813328750e-02	2.466226457599815791e-01	-6.905046706013039104e-02	-7.828984691410904861e-02	6.179371863553748817e-02	1.710583071336521932e-01	-3.319881230804318933e-02	-1.699762054945563594e-01	-8.104062536075382073e-02	-4.751587074140391914e-02	1.904836700122209125e-01	-2.154246981714009190e-01	-5.591465741353014891e-03	1.768618377855668278e-01	1.442810976103673093e-01	1.679385035087012368e-02	-8.220342817842662964e-02	9.039534134878388083e-02	2.003644073234640555e-01	9.796346800989956527e-02	2.759704891690799022e-01	1.553272672993184500e-01	9.751361127288386702e-04	1.503963305247568993e-01	1.682157525905609019e-01	5.563434729252718647e-01	2.325097624196146573e-01	2.925425002069291236e-01	-2.481406496917351323e-01	4.433315386900241184e-01	2.927339991675068087e-01	4.404042702365937312e-01	2.111509464827832430e-02	1.294445336784783851e-01	-1.445572997490445211e-01	-2.482342170123730540e-01	-1.229200716588795400e-01	3.988653653879595806e-01	3.491063410289972357e-01	8.451459088978913181e-02	3.408718222053632591e-02	-9.085912451904742601e-03	1.388481008888503287e-01	-1.160280270949689066e-02	2.054508920149549223e-01	6.481217666358632945e-01	4.528812796962564113e-01	5.710558139079503492e-01	1.000000000000000000e+00	4.504307163634017064e-01	2.877065409121083994e-01	5.031351881378333113e-01	4.784110732850183623e-01	3.075094463670957068e-01	3.313263509703325282e-01	2.497224612542227606e-01	3.280614665299522725e-01	4.282277671487283999e-01	-1.822062193039812872e-01	-2.193802939341165659e-01	-1.623451773247552160e-02	6.604881493717817964e-01	2.525750170421000029e-01	-3.468823677265912148e-02	-1.006529723227900797e-01	-9.558826360648034481e-02	-9.022547616938393633e-02	-1.748096612213973222e-01	-1.394542625557095572e-01	-1.434354830908766421e-01	-2.756484852510583949e-01	-4.782195859554031619e-02	-2.323028849843555010e-01	-1.717255433530811004e-01	-9.804404141013398077e-02	-1.217855210404155536e-01	-2.049839886036649850e-01	-3.571512337807661308e-02	-1.172292027826965788e-01	-2.023857794718667558e-01	-7.464843392528026922e-02	-2.226874839969650022e-01	-1.697483638828577168e-01	5.285799430484332262e-02	-6.552877921058510025e-02	3.147961626872869401e-02	-2.665269180768425786e-04	-1.097963890029489409e-01	-1.283642480470778280e-01	-2.597159765676873913e-02	-9.585673728615519418e-02	-1.224758417672386773e-01	2.501173358496899118e-02	1.689853741331039383e-01	-1.459755523322046888e-01	-1.250502665079951947e-01	1.784521418892192138e-02	-2.600718889894289010e-01	-6.827815537249934397e-02	1.405449198281780339e-02	-6.958604860091531508e-02	-2.434885462905301556e-01	-1.500342032949933679e-01	-1.902028599177545964e-01	-6.945746521261522699e-02	-5.144203429159339286e-02	1.617068154625325715e-02	-3.441890868762254724e-02	-1.981047075912994448e-01	-1.573179112658344703e-01	-1.000091758660513475e-01	-2.878285333785852163e-01	-3.489221097806686211e-01	-2.828581378393936197e-01	-1.893582726017178086e-01	-9.511683258041558897e-02	-1.725693213099422640e-01	-3.968227409354137536e-01	-2.501492441812089851e-01	-6.478426756335327330e-02	-5.461312582547100947e-02	6.927885261568489383e-02	-3.050022741450913663e-02	1.522839300400441465e-01	1.910928935144110691e-03	-1.880816353569664534e-01	1.900131238831790081e-01	-5.521940981501151369e-02	-1.051961964643177844e-01	-2.447951875111748221e-01	-7.475560803205254234e-02	-2.933365596691839966e-02	-1.243776941478487164e-01	2.882067477068324043e-02	9.087197946144055793e-02	-1.325908027182285953e-01	-3.175917124846920347e-01	-2.407771541170845853e-02	-2.386679795303774110e-02	-1.920147421965419376e-01	2.913991763980804950e-01	1.365630704555829689e-01	-1.553503465191055088e-01	-2.468525334920291525e-01	-1.191261283126160975e-01	-1.246494987148378114e-01	-8.987922544373458389e-02	-1.207314759301549717e-01	4.049368935958318899e-02	3.969761736307624717e-03	-1.074653382919169564e-01	1.197398508915204496e-01	3.533033147133792240e-01	2.524861423345228784e-01	-3.390570081215490972e-02	2.130529302844163253e-01	-5.634193673862815388e-02	-2.500251792916415861e-01	-6.487872164603188108e-02	2.957667566719836549e-01	3.082873239560618983e-01	5.659860735112380581e-02	-1.470262634433631144e-01
-3.471275931596399800e-01	2.294261908676445416e-01	-4.856693743379050243e-01	-1.792251444182881848e-01	-8.750872483925949130e-02	-1.555896610914103695e-01	-1.792646293613074093e-01	-2.323442980461758733e-01	-1.969135605800488575e-01	-2.029215914305471380e-01	-5.910089984480144942e-02	-1.910444020557901801e-01	1.966900077503144773e-01	-8.568381329229216026e-02	-1.656727554307404482e-01	-9.078690488053016427e-02	-8.499493071409157385e-02	-7.296793959378711442e-05	1.740686317503175040e-01	5.657809806392581631e-02	-1.028095842856508735e-01	-2.249944271073817809e-02	1.660166432653973623e-01	-8.645744508429471786e-02	-6.452170774879502357e-02	-7.446081181720255737e-02	7.538054243961594958e-02	-1.405334016169608284e-02	1.252297296501746482e-01	-1.490762403902101685e-01	-1.839976118656785897e-02	8.390307864295143414e-02	1.058270702709887823e-01	-1.153185003664242564e-01	-6.440953614932154458e-02	-3.105023161921560346e-02	5.464245522806418336e-03	7.600978242952849406e-02	-4.669661838892965461e-02	-8.752274579565723356e-02	-1.505584332962924266e-01	-5.185059164650560048e-02	-2.329019790755984531e-01	2.245378978854190855e-01	-3.141469495323682276e-02	-7.862688739308058838e-02	2.661149487386973989e-01	6.546313447452990764e-02	-2.464227217510792656e-01	6.574714056078695412e-02	-9.981801105932190665e-02	-1.719325445966895516e-01	-1.389027887756837110e-02	5.964369954552179581e-02	1.396115975051527291e-01	1.429995737328750190e-02	-3.686468096352659568e-02	6.852157307964638899e-02	-2.615519637373653686e-02	6.033182433438909892e-02	1.548051482129257639e-01	-1.382484623235836207e-01	2.307886628012589536e-01	-1.882570604183148588e-01	4.124091451637333303e-03	-1.370311476644728299e-01	8.013948533565937865e-03	4.315934985217729225e-01	1.095958898477018134e-01	-1.322407596282164643e-01	5.211787821658881575e-02	2.219427466702979801e-01	2.599918193652653309e-01	3.385308067563321810e-01	6.209242913087074101e-01	3.534965812695321508e-01	5.592606451732566875e-01	3.224252933809765298e-01	4.922170931744994649e-01	1.673633093518911430e-01	1.032908056541236019e-01	3.226614910395212421e-01	5.198573603751388550e-01	2.286209654603118258e-01	4.440799656150540842e-01	4.504307163634017619e-01	1.000000000000000000e+00	2.973958354637889490e-01	3.258531294844865811e-01	3.629797188075777892e-01	1.696169886447556618e-01	2.689550872004174420e-01	-1.931347837833288783e-01	6.786326584440935394e-02	9.847610835132193652e-02	2.014156519016653546e-01	1.513392463098163498e-01	4.721243783149738603e-03	4.086928763016531296e-01	5.825346325042494167e-01	-1.865612606356604197e-01	2.277720606516831555e-03	-4.073475440289053284e-01	-4.486000338689764833e-02	-4.712535307166732489e-03	-2.239529086140223946e-01	-2.854534387065928991e-01	-3.183103609564634229e-01	-1.383057991675941956e-01	-2.988286834512581813e-01	-3.921197639007191482e-02	3.859890335385717658e-02	-2.522158615396138948e-02	-1.251391200100545331e-01	9.929674539769541008e-02	-2.339423084985455259e-01	-1.139357763376301069e-01	-1.228398662904447020e-01	-4.744141472610369920e-02	-1.085511582227917798e-01	9.186824845021784869e-02	2.558578831971553003e-01	1.107267925036709427e-01	2.812828805545932245e-02	1.343124797480570176e-01	5.540067823198970010e-02	1.478311211110377721e-01	-1.343764893960664730e-01	-1.035317210532902127e-01	5.971334947896959205e-02	9.667381472231895579e-04	3.520112485972622940e-01	1.052047101318748928e-01	8.392228342770050031e-02	-9.296001554818185408e-02	-1.154722797771696611e-04	-7.972953988061076691e-02	-1.779775300464762899e-02	1.539400724936357823e-01	5.748356082100146425e-02	-2.264554582692895612e-01	4.355074828139456067e-02	1.789594271885924792e-02	-9.145441937618721540e-02	-2.633352708374802065e-01	-1.185473844367912200e-01	-2.650995944275687244e-02	2.933050308959640473e-01	6.490141930719481311e-02	-7.599011348601807103e-02	5.586959125576326790e-02	-3.364122401988169364e-01	6.380092051507835205e-02	2.706305366833264281e-02	-2.558391845228967787e-01	4.205654559703804474e-02	-2.803932100989298126e-01	-6.793532523866181727e-02	2.056486369656186294e-02	8.186808232940553931e-02	5.881495094376416877e-02	1.127641604693619681e-01	-2.119459223063573095e-01	1.108676974514528034e-02	1.979824335706424285e-02	-4.599324074012353658e-02	-1.983819766117542460e-01	-1.206707978757518007e-01	-5.178771199003773945e-02	-1.496687645242904784e-02	1.769536798374671607e-02	-1.635164987658360436e-01	2.477174875254802566e-01	3.166812346342311180e-02	-1.952705679330704047e-01	2.910194589384918276e-02	-2.399638705330909838e-01	1.713915859708209921e-01	2.980025071371222162e-02	1.687304010278523614e-01	1.576143290409722231e-01	2.949855300634200983e-01	3.037403869757826502e-01	5.643112372474987648e-01	-4.937372641081756025e-02	5.059270652631560061e-01	2.006886468995148221e-01	5.841005683241896895e-02	2.754587404685819307e-01	4.880600297393379861e-01	2.879471092303094171e-01	7.459024664953306516e-02	4.103883344845352804e-02	2.091846430568342075e-01	1.341745450351502222e-01	-1.799007078069630450e-01	4.444911658850529967e-01	2.991384842922377718e-01	2.881184745385433343e-01	-1.164528356896736977e-01
-3.866349575130805793e-01	1.960669554815968885e-01	-6.503665549732868811e-01	-7.001012598497782236e-01	7.728007632904897173e-02	2.866550249014057639e-01	-1.247017215436342225e-01	-1.337521082533683625e-01	-9.991060337260984636e-02	-6.359399581073028884e-02	2.163686622379868973e-01	8.111969072053281868e-03	1.378748126688974229e-01	-2.765070672415168573e-01	-2.784940847978409698e-02	-3.227841355694501813e-01	-2.847576337488793019e-01	-1.847880153249561175e-01	-1.774945100162823169e-02	2.337923609959801086e-01	-2.986747053727393728e-02	-2.026331031925914308e-03	1.158514438964399484e-01	-9.549079736494926751e-02	8.608378341160291547e-02	-9.920223006612712002e-02	-2.158170641084022207e-02	2.274367487837138102e-02	2.524033044928149505e-01	-2.978289825992492812e-01	-1.289004903507672169e-02	2.511299751486987253e-01	5.044779457129191513e-01	-2.721895327023001743e-01	-2.854067374168136606e-01	-3.486450803974368573e-01	-1.620347561555308827e-03	-4.654885949300326398e-01	-2.139121664930441202e-01	-1.898324571719250120e-01	-8.547677243859090612e-02	-1.283823543908280407e-01	-1.035507850797448698e-01	6.073116348272526721e-02	-1.371463241710411778e-02	-4.595385843818540483e-02	1.002887695835453976e-03	3.318890110554231221e-01	-1.730288450973448133e-01	1.579821523318620247e-01	1.975734977316598862e-01	1.795329008071508692e-01	5.720402281081746754e-01	6.163951987705694746e-01	6.591971779739790316e-01	1.514922284533629926e-01	2.788303785274823254e-01	2.695814545919860139e-01	-1.526875884313665388e-01	-2.468826816666110091e-01	1.181822384797354131e-01	4.910969051548827458e-01	1.214419886727270553e-01	-4.107695296156987919e-02	-2.514175649251298439e-01	-1.201602420230066109e-01	2.143831523836246533e-01	5.474927488989665691e-02	1.156979097038005055e-01	2.683755321229865376e-01	7.346433190211586473e-01	3.726320830428763720e-01	1.338895064414616087e-01	7.362720116144957916e-02	5.145597697051557118e-01	2.129238999127781862e-01	3.811287668666690776e-01	2.054150347947237831e-01	4.338219847276391650e-01	2.844012552266062532e-01	7.372544549100907840e-01	2.996467567644823249e-01	5.232941914967520480e-01	5.497311041820538424e-01	7.704443889180902227e-02	2.877065409121084549e-01	2.973958354637889490e-01	1.000000000000000000e+00	8.319652301803161232e-02	1.705864983767272081e-01	-7.906865410259879268e-02	1.266065791151724518e-01	-1.581796566512843893e-01	-1.055149175077243692e-02	3.514504888440402319e-01	4.787215035395379070e-01	4.008482822753473701e-02	1.441868780210930068e-01	5.914337282390069728e-02	2.489041213920448192e-01	-3.650406689658241000e-01	-6.385980418006407255e-01	-4.631180996128368421e-01	-7.416002270939502372e-01	-3.804527655314564050e-01	-6.064503552679981202e-02	-1.212995013763600999e-01	-1.167737617031317648e-01	-1.020131005867136315e-01	-6.365004465579493509e-02	1.881442295392969644e-01	4.940139154603767624e-01	-1.986800991467485566e-01	-3.156473053636462550e-02	1.563089288683465194e-01	3.990044952654389632e-02	2.824155664336827631e-01	-1.760426267835682179e-01	-3.401898090204029668e-01	-2.077924256399080738e-01	-1.294523518455773514e-01	1.049919763914530929e-01	2.880014238144989469e-01	-1.743469395135276850e-02	5.497940281746156732e-02	9.874367398393833761e-02	2.542742468289412860e-01	-1.998453260320018632e-01	-1.190121160013698220e-01	-1.516164083775401183e-01	3.621179858785770755e-01	2.656405189403438505e-01	4.766747286950516194e-01	6.568997023913338840e-01	-4.816181265643271203e-02	3.422867295387461151e-01	-2.521366765695264855e-01	1.974011278179759743e-01	2.729035686572480746e-01	6.064822654006525593e-02	-9.866940951884177469e-02	-3.004237188586433502e-02	-1.287260164103232012e-02	2.634536688889833056e-01	-2.051747552502179994e-01	-9.117660793776967421e-02	1.692622760490864256e-02	1.561191189006197189e-01	4.735999005405851399e-03	2.583255869346923195e-02	2.444571996551439530e-01	-4.898098017169843360e-02	-1.186472481790375455e-01	-1.175584431116468986e-01	-2.802442921497038664e-01	1.487458860859776077e-01	-5.177112069572292752e-01	1.421404014494713208e-01	3.993480946651397634e-01	7.361965254730602481e-01	2.788680327636825496e-01	7.197324276829862866e-01	3.495641717243435087e-01	1.850266611553627941e-02	5.544969308183576029e-01	1.870497633489920652e-01	-1.745824488782789785e-01	-1.700400487598356380e-01	-2.574897034863583012e-01	-8.497881582671210077e-02	-2.795630258723328931e-01	3.717573098086440764e-02	4.316104939080241398e-01	3.850630049385778825e-02	-3.986979416442104074e-01	-1.044061989055964507e-02	-5.558624786212988944e-01	3.772524413745751981e-01	-1.232258973578283928e-01	-1.422198346960254663e-02	2.284180081912824400e-01	4.725861606115936420e-01	1.076278721749311246e-01	2.436376503805214588e-01	-3.069649276125938631e-01	1.872363492985246458e-01	1.773126451192159059e-01	-1.508665521863809811e-01	7.939553151218889937e-01	2.334835584188549307e-01	-1.804118870458424340e-01	-9.785967766930481204e-02	-3.571725834377033060e-01	6.862708708393155943e-01	-2.638114637742522417e-02	-1.370204315358263814e-01	-1.481123244505462289e-01	2.017083726534472377e-01	2.788174740866063428e-01	5.120088699254273651e-02
-2.191659644025132359e-01	-1.210905614175913358e-01	-8.148038059335273309e-02	6.607670975466657659e-02	-4.120310030868517548e-01	-5.443333994061270165e-01	-3.316544308607142222e-01	-3.407439705159689414e-01	-1.901826157497821523e-01	-4.731804953065638086e-01	-5.328431557677438812e-01	-5.569494117579044667e-01	-6.522069299715047008e-02	2.071114688675750048e-01	2.001346870602812855e-01	2.267320097357733155e-01	1.770345521587874116e-01	1.388395870347708949e-01	1.227945640252954829e-01	2.169401636057870231e-01	-3.873160798288168699e-02	-1.384581046308687169e-01	1.595189287256708680e-02	-1.471576649958969141e-01	-1.202762560816570958e-01	-1.309073437605367263e-01	1.395701207370382557e-01	1.128145685068694948e-01	-2.073978902431289906e-01	-5.605027579112591141e-02	-2.289001472991621100e-01	-3.727561411150633885e-01	-4.045396460818600493e-01	2.624186416487025997e-01	2.911768176475669767e-01	2.911487194249651189e-01	1.945348053357390250e-01	3.314486034847812790e-01	2.369970526923419196e-01	-7.204592858672875973e-03	-1.154126294483000109e-01	2.426628063408189841e-03	2.478034632349411792e-01	-3.060841688576296585e-02	-2.886945141852891306e-01	-1.137438051972963632e-01	-1.325414299932039242e-01	2.921614171213066102e-01	-5.365205199421557020e-02	9.806027941035111526e-04	1.096805624076327423e-01	1.765425525444166699e-01	-2.490003931211245414e-01	-3.568398166218397227e-01	-2.190915208448218909e-01	9.718859875995725095e-02	-1.211375010043262181e-02	-3.562292646722931694e-02	2.231117463352209340e-01	-1.160767758301485368e-02	1.165718642462765381e-01	-8.063493723609756192e-02	4.463945570075683600e-01	3.178529409626095203e-01	2.942845357320559851e-01	-7.377264352874856636e-03	1.456907917037837952e-01	2.226183064674153445e-01	3.912763760107699218e-01	1.348652635682978142e-02	-2.208202778319481585e-01	-4.366444714905438618e-01	-2.412947700905167803e-01	-1.963782446984270735e-01	2.271922939637369410e-01	6.316963686226363395e-01	1.068110501012712182e-01	3.690736485117267207e-02	-1.258439772217463115e-01	8.049977622821202772e-02	-3.450941118391332996e-01	1.720104467659994418e-01	5.217506508484145433e-01	1.042509360331440454e-01	4.996874572828287620e-01	5.031351881378334223e-01	3.258531294844865811e-01	8.319652301803161232e-02	1.000000000000000000e+00	6.416623937346448425e-01	5.819539359357535080e-01	4.793591435579635518e-01	2.664890697062609060e-01	4.949364299956697244e-01	3.244339415989795916e-01	-3.694906879855696658e-01	-3.590128277622892106e-01	-1.237642321800609679e-01	3.460142775097267420e-01	1.832069407264304839e-01	-1.456464155264077520e-01	2.518233088681113285e-01	-5.971556517174052975e-02	2.087199474969972102e-01	-1.168716723619774023e-01	-4.899791723910990604e-01	-4.195273687203121549e-01	-5.413620776299598036e-01	-3.945161922609353722e-01	-5.129835590307362247e-01	-5.425292136712285274e-01	-5.059797553070800591e-01	9.768269666923708183e-02	-1.591405016344215120e-02	6.739875720848956253e-02	5.592573825958927630e-02	2.578175474517411733e-02	1.541028764737920054e-01	9.690867746353326942e-03	1.268110694454027965e-01	3.653938174448520537e-01	1.484886329000914551e-01	1.243085008888975412e-01	-1.867774579344085029e-01	2.840524133049147568e-02	-1.748491328533987310e-01	-1.635513767028870802e-01	-9.138825643131809340e-02	-1.321725607430395411e-01	1.799627211083272282e-01	-5.422764893788146849e-03	-8.109258381770034774e-02	-4.240494555425064482e-01	-3.488666230821312331e-01	-1.925157544984929248e-01	-1.763085889372648929e-01	2.461148355041137270e-01	9.148852738876275814e-02	-2.334835302051347927e-01	-1.432464921912433679e-02	-6.857724848260028649e-02	5.490131607912010492e-02	1.182905740732068944e-01	-1.265378133396767302e-01	-2.596551918610999835e-02	-2.713024039467110127e-01	-3.196677722105771835e-01	1.625643749143715344e-02	-2.940325865723911747e-01	-1.698831659717073284e-01	-2.179241784370588575e-01	-4.985450812622552880e-02	1.987897709743151053e-01	-8.307470000694330836e-02	-9.107906617858066434e-02	-1.175436086427395638e-01	2.003948826345382794e-01	1.512130711764721018e-02	4.780820356625939405e-02	-4.161345894830326131e-01	-3.193672106122683735e-02	-3.630447203484353236e-01	-2.662116153255338347e-01	7.133053263109775943e-02	-4.106126596717293853e-01	-6.818200965529484792e-02	-1.536650974845742423e-01	9.573270420427194838e-02	1.890533850583465958e-01	5.886628504632281100e-02	3.788731122048603628e-01	3.552441618782047061e-02	-2.661147019125561508e-01	-3.029547888110099008e-01	2.311517969654476035e-01	-3.121227456938651702e-03	1.691960198421105580e-02	3.286526876210745240e-01	4.823635125060718454e-01	1.294372577152720361e-01	-4.606518510381236164e-01	-3.270835218769685970e-01	-1.889019176454523330e-01	5.774729390933495965e-02	2.059348606334497067e-01	-1.507704056867143491e-03	-4.199719136784940687e-02	5.352487795056305037e-02	2.840414680500409975e-02	2.970730537442312635e-01	5.640967525393282278e-01	4.076942496369356794e-01	5.006214509270409119e-01	-3.199072655917457597e-01	-2.989887467187819503e-01	-2.715070583856859024e-02	3.663527257845997642e-01	2.505259882881246125e-01	8.809390591229290801e-02	1.457041673466602238e-01
-2.280469762581666948e-01	-3.258926709923369858e-01	-1.924414178107075879e-01	-9.429600771517787638e-02	-3.451884814781963629e-01	-4.191669444803817757e-01	-2.955724968002266251e-01	-3.860174360739857535e-01	-1.600078482052164075e-01	-4.497042934399240188e-01	-4.965006626194493067e-01	-5.230307327795309380e-01	5.121254413291279062e-02	1.037682204230294253e-01	1.692358058830812639e-01	1.568626378726165060e-01	1.566555148162789846e-01	2.022705122298218694e-01	2.991399288178100413e-01	2.986734840676233405e-01	-7.672834282337100131e-02	-1.126291622615047394e-01	1.872432857592864486e-01	-2.824106797884137765e-01	-1.372799683393438608e-01	-1.949452534779928248e-01	1.006325671588480936e-01	1.618621967671148576e-01	-1.178993794533624148e-03	-9.488115028490388958e-02	-3.029616713578347498e-01	-3.010555329090916499e-01	-3.107929466985405731e-01	2.028159568261238554e-01	2.186522422630671481e-01	2.367728705386694943e-01	1.930360790567201279e-01	2.890097196859475748e-01	3.285819115624534770e-01	-1.532238557888915553e-01	-2.792219981231946341e-02	-1.006947885862316400e-01	2.374183476540605020e-01	5.421475041667894734e-02	-1.945081613553098152e-02	1.939654507928686294e-02	-1.565354689055510895e-01	4.024086590879685232e-01	2.787912658983269718e-02	2.811713012550946522e-01	1.168772733905074600e-02	-1.146711430456341142e-02	-4.098208667965946156e-02	-1.450294863111580290e-01	-1.991454696583159489e-01	1.477600145747295923e-01	6.267251660058313634e-02	6.165748466237015724e-02	2.480097196992208652e-01	5.262175994448425528e-03	3.065351757308357739e-01	2.014822219884563614e-01	4.868155003743827591e-01	3.796626629078508897e-01	3.878964096391149252e-01	2.550392234056713114e-01	4.727308169986438324e-02	3.017678152460763208e-01	3.210566170917671935e-01	-1.078791410212726933e-02	-6.356951644921073064e-02	-3.983015991129996713e-01	-3.334770855809341961e-01	-1.894931822755183681e-01	2.523411456305954537e-01	6.416796047579365059e-01	4.067072970409994770e-02	2.222388312358140883e-01	-1.381623104816974423e-01	1.721074195353833325e-01	-2.231128892882845716e-01	4.398901809485251668e-01	4.513807115963878180e-01	3.240618283609588701e-01	3.659837476411944568e-01	4.784110732850183623e-01	3.629797188075777892e-01	1.705864983767272081e-01	6.416623937346448425e-01	1.000000000000000000e+00	6.649957174810871008e-01	4.409512304300283181e-01	2.442924578635973787e-01	4.773173110135682795e-01	3.739423707246506967e-01	-2.162454962039162820e-01	-2.530707955695654654e-01	7.932116955710963313e-02	3.741300168159492623e-01	2.086348365701409455e-02	-1.888490990904121702e-01	9.448204547426521105e-02	-7.890353305597762323e-02	-4.789696507931092556e-02	-1.150858961636373329e-01	-4.602245490918785431e-01	-4.408432024372406222e-01	-4.649679404342841882e-01	-3.178032141116840514e-01	-5.392787456872406571e-01	-5.379974502084969856e-01	-4.194788576297923122e-01	7.349217283012295099e-02	-5.494363356209614607e-02	1.605469691442787949e-01	-1.528221803580536164e-01	1.054270123465208576e-02	-1.452460301779543578e-02	-4.280751759382805249e-02	1.022666892759635238e-01	3.584652170937531190e-01	3.509528530444573913e-01	1.928064211795224581e-01	-3.355923619788690054e-02	9.589055502331657321e-02	-8.280183178680820821e-02	-7.395930950755152944e-02	-2.193939695822074709e-01	-2.448924645720575166e-01	1.329022901369393550e-01	-1.189410124207638565e-02	-2.026531627771285815e-01	-2.796544416158282531e-01	-2.418648148732581438e-01	-1.857707981778485562e-01	-9.631040767622091325e-02	1.085074302504010907e-01	2.411059738386943929e-01	-2.641410405512117920e-01	2.546764859052778537e-02	8.575976338043973801e-02	-5.973765003623992403e-02	8.829635026970761302e-02	-1.045218837722739630e-01	7.129079415997521818e-02	-1.642752684634523896e-01	-1.663815676392475795e-01	9.339036095965420892e-02	-1.865375935998858092e-01	-1.265164840077570574e-01	-2.173388230368494545e-01	1.789564993628608713e-01	2.236119149652248950e-01	1.426482366648532396e-01	-1.257890057959313024e-01	1.164693544997077862e-01	1.317082133148095024e-01	2.266732755927781950e-02	2.237182282920562593e-01	-2.686051297367052504e-01	1.211971042367773338e-01	-1.789453692870507373e-01	-9.208830460927394657e-02	2.036514106376605474e-02	-2.433254474015013324e-01	3.048694574170688482e-02	5.465598155429537627e-03	2.175087467360563576e-01	2.378005459705852809e-01	3.091772866493264771e-01	4.061786550575517407e-01	1.562967505334794116e-01	-9.831546397316738573e-02	-1.565988698953517944e-01	2.871879373209725861e-01	2.716798655049896816e-01	1.281098129174617906e-01	3.831432272391285254e-01	5.686204624394557428e-01	1.631602261772270024e-01	-4.198344396261819989e-01	-3.588293260669963014e-01	-1.337670937876197785e-01	-2.596303713216487757e-02	3.440249169990847178e-01	-2.872354137526202805e-02	2.849985548092702770e-01	2.720950489707811282e-01	1.876028410800353041e-01	3.239890863966128354e-01	3.645400440858839741e-01	4.104102083389390421e-01	4.811496183295571605e-01	-2.093328130642954088e-01	-2.795519236752390113e-01	3.333623026250787102e-02	1.769672239635314004e-01	1.984407112014751895e-01	-4.756039477898756779e-02	5.921802278359738353e-02
-1.446773137478692406e-01	-2.758022551609419226e-01	-4.295034515711968620e-02	1.302605141712074588e-01	-3.627638914743861465e-01	-5.126448827413683240e-01	-2.018307719768390740e-01	-3.028497547363463438e-01	-1.370872518009426944e-01	-4.096777492628168593e-01	-5.424376924856685322e-01	-5.200899353570308525e-01	2.502899881866450446e-02	1.729402153583488311e-01	1.479408047044143693e-01	2.617868236903112544e-01	2.904045798564183767e-01	1.978305328819224274e-01	2.602438046918492121e-01	1.206251811089182890e-01	-1.148832796469511502e-01	-2.227167483875188980e-01	1.386672387064290767e-02	-1.108034807250250497e-01	-1.127017434697152737e-01	-9.608544067674433531e-02	-5.042849327093112434e-03	1.696443827563814399e-01	-2.382858763433443883e-01	1.122116784607300917e-02	-3.196422027195582882e-01	-4.192281717410362152e-01	-4.647102126564150448e-01	3.237195182466071075e-01	4.402801668294502591e-01	4.282371337917501020e-01	1.702149539113516352e-01	3.472113249176809746e-01	3.470099159829677093e-01	-4.088298326020430723e-02	-8.530500566023375975e-02	2.290113612732742887e-02	4.240887071968472144e-01	-1.194462110707897318e-01	-8.327720147949296825e-02	2.444512778522182905e-01	-1.907790524537917101e-02	3.862271347577029834e-01	1.884845394041171907e-01	1.456322394899317585e-01	-7.194873811110577555e-02	-2.053580947552305358e-02	-1.916808904549611725e-01	-3.420791263898315671e-01	-4.403859355702198775e-01	-4.689455986004092275e-02	8.963361263449284855e-02	-1.048607171874386401e-01	3.760674552472352272e-01	5.162800512645530221e-02	1.972857573962835120e-01	2.208267871554840320e-02	4.095713402144174897e-01	4.514595426262215661e-01	3.771478113715111546e-01	1.803435884087888907e-01	-3.258968027614492224e-02	3.120499877269439226e-01	1.994742330704707967e-01	8.510956608799788436e-02	-2.656559752918752904e-01	-5.550930090118045834e-01	-4.941001326654505532e-01	-2.663316013313130615e-01	1.335735404435602902e-01	4.991991219834497340e-01	-2.376767368085357657e-01	-5.739561595148489487e-02	-4.256673460590830738e-01	-5.190451666676634823e-02	-3.102167498078540753e-01	2.190054795521315656e-01	2.589972353756306300e-01	1.746318641928784332e-01	1.746346235022152027e-01	3.075094463670957068e-01	1.696169886447556618e-01	-7.906865410259879268e-02	5.819539359357535080e-01	6.649957174810871008e-01	1.000000000000000000e+00	3.907274147390886743e-01	3.099147467516207288e-01	5.674665831194063426e-01	2.770849432915135635e-01	-5.158201138981602929e-01	-5.394290752560616520e-01	-7.051779698409897656e-02	2.808449322416706195e-01	-2.229694450967301123e-01	-5.606041766221724065e-02	2.891468476198179038e-01	3.824041121192166270e-02	2.091783251043302927e-01	-5.244505363753972776e-02	-4.469740888056086270e-01	-4.267844717879950012e-01	-4.314974753674598040e-01	-3.480498888022925397e-01	-4.763581235984195028e-01	-6.109853669589074832e-01	-5.725156944285627603e-01	2.273569965114513036e-01	5.826814445919231700e-02	9.191644264788136065e-02	-4.276457888337126950e-02	-1.628086956956164427e-02	1.135633557643747349e-01	1.192658711642260450e-01	1.044684006101140455e-01	3.818894363978645456e-01	3.064663258357242515e-01	6.355148540133000179e-02	-1.391601382519330188e-01	7.687202975777028546e-02	-1.980173265776765390e-01	-2.309214528936975319e-01	-1.436894322520654819e-02	-2.071702976057165357e-01	8.585347250585750878e-02	-1.153226806948005750e-01	-3.966375673025290816e-01	-5.643418964418627226e-01	-4.436681509462913064e-01	-6.511963775235798946e-02	-1.001379454739113883e-01	2.196468600860318199e-01	2.863204839465084972e-01	-4.921144018432453970e-01	3.030899863777998179e-02	7.364152359691743255e-02	3.809095644152503228e-03	1.802870687606035471e-01	-1.645840181168081173e-01	4.161459445529578499e-02	6.202129968855297354e-02	-1.421889552857805716e-01	-1.387208033380614696e-03	-3.884088856894927777e-01	9.906003847808643459e-02	-3.311637287839468841e-02	2.710683192022769195e-01	2.830936412109592015e-01	9.302711742506171444e-02	-4.403195204716305738e-02	-3.127728570809654163e-02	2.279268061660180977e-01	-3.013513918214189707e-02	-4.629777659438534532e-02	-4.023325774499698637e-01	3.354315643106364764e-02	-3.550664325369868868e-01	-2.257641418013249801e-01	-1.326312217186632614e-01	-3.304834882126455597e-01	1.583503884596505484e-01	6.079880436578650321e-02	3.887672788004747915e-01	3.059480364958975795e-01	2.026933685690259224e-01	4.773030677436278513e-01	1.701432422504538244e-01	-1.387596636285677310e-01	7.692265249429206453e-04	3.926789362034689979e-01	2.076341863232403495e-01	2.847943497524360601e-01	1.265674063991190645e-01	6.647485296714326086e-01	1.419816390422516394e-01	-5.544086784355167774e-01	-5.696386774122661478e-01	-2.347892788797138752e-01	-1.507239036432914958e-01	3.643735746031575018e-01	-2.920074320015512148e-01	5.607641135123094672e-02	1.197945455009142984e-01	-7.788833159048846877e-02	1.382150266999905841e-01	3.443659523638377129e-01	5.493183185718182315e-01	5.453211034917625488e-01	-4.854535000841733172e-01	-4.991107950730683807e-01	-8.454502372169968305e-02	3.964830986320530548e-02	2.758921483086911874e-01	-1.061449935860433458e-01	1.613309615534879171e-01
-3.264587376326623658e-01	-1.015111705026363609e-01	-2.797321417569226254e-01	-7.088815329083560102e-02	-1.977816534593102027e-01	-3.668001523973972167e-01	-2.799103471289932088e-01	-3.959502758641910147e-01	-2.527888248633460844e-01	-3.702755162106369236e-01	-3.516875383172040626e-01	-3.552436620024021496e-01	1.732665798507306010e-01	2.879012842204893285e-01	2.860966362523660322e-01	2.689487840834474119e-01	2.010303367184324008e-01	9.770830295297976142e-02	5.887544388452811694e-02	1.268259290552118390e-01	1.545049150525824588e-01	-2.468599046561836471e-02	1.851467631402994030e-01	5.273398492663139425e-02	1.713960176713633932e-01	1.558202516763922407e-01	9.428061080446666423e-03	1.327687148544706708e-01	-1.793824979175648315e-01	-1.368459925508025143e-01	-2.060533026803502143e-01	-3.672075788193231993e-01	-2.286159545022101447e-01	-8.468655977322150918e-02	3.013028260898493738e-01	1.727067552588052446e-01	1.527723155659330423e-01	2.025924319713647281e-01	-4.263562018266484066e-02	2.425508237790194033e-01	2.415741837631358857e-01	3.496010630697165000e-01	2.883988800687032894e-01	-3.388259888299998551e-02	-7.509742784742443056e-02	-3.986377368344379453e-03	9.946015556096737820e-02	1.267498914670871502e-01	2.814417380193272034e-01	1.143795962584540638e-01	3.898632161182473688e-01	2.665356979232981760e-01	4.588447913752814744e-02	-1.261644927990120957e-01	3.361330174687166689e-02	1.672918222650197628e-01	-6.447470216498887852e-02	-1.637420846663792673e-01	-8.797183040029984968e-02	-1.347763599007721080e-01	-2.625460915169052223e-01	2.457185095488612428e-03	2.520907219117476394e-01	3.009938047877459555e-01	1.564363935580604104e-01	-2.726198351914561717e-03	-1.256482760568465584e-01	1.384451141642520366e-01	4.240775445273001210e-02	1.316889560397203895e-01	-1.395794178641378003e-01	-2.688249009848519000e-01	-2.327855933234808661e-01	-1.450843231196852212e-01	1.801815015328583069e-01	1.531303781306661560e-01	1.027760042539690027e-01	5.319579610548946791e-02	-1.666844653181823732e-01	2.615058803891023853e-01	-6.764635516087236233e-02	2.423132333601888400e-01	4.853463260901222931e-01	3.235741359268887868e-02	4.038515298861942160e-01	3.313263509703325838e-01	2.689550872004174420e-01	1.266065791151724518e-01	4.793591435579635518e-01	4.409512304300283181e-01	3.907274147390887298e-01	1.000000000000000000e+00	3.046640348219336047e-01	6.534017308654910261e-01	4.993103341693698738e-01	-4.329664352915849612e-01	-3.178627031482308962e-01	1.457485494200907832e-02	2.911772894031801617e-01	6.002685701317461708e-02	-1.563099395541232561e-01	1.221007695872247945e-01	-3.779578206454055067e-01	4.407850025693203083e-02	-8.229382826216614932e-02	-3.009775050711390176e-01	-3.440772678687576969e-01	-3.491295778588354715e-01	-3.462480585832383717e-01	-3.558510538499439768e-01	-3.808332710316346126e-01	-2.925159564826038672e-01	1.950727511525817415e-01	-7.881947696815763335e-03	1.331980263691590616e-01	2.418198059555336232e-03	-6.116572502784406798e-03	5.193721331114766783e-03	6.051971452411770286e-02	1.064145635550639013e-01	1.104968825275291361e-01	5.560811391217077015e-02	5.785837632172996514e-02	-1.407668058232777464e-01	-1.403216980326958685e-01	-3.739390274610088910e-02	4.213513987908358571e-02	5.403216600047293372e-02	-1.047144761835205606e-01	2.184164613813533579e-02	-1.286273121629090133e-01	-1.963397179683031360e-02	-3.303799131262397104e-01	-8.592464361139169615e-02	-1.155478187225819353e-01	5.335500510978269384e-02	2.133791680747325059e-01	1.557176707686744321e-01	-2.303557820447302285e-02	6.702804524457686708e-02	-2.471089353476862982e-01	1.750795203338455230e-01	1.283168411696480049e-01	5.607216122686969201e-02	1.046592407488535631e-01	2.585897997351873090e-01	-5.485550505022332435e-02	-7.120070329212827009e-02	-3.797005123773820046e-01	3.796147207666541318e-02	7.707121101561044407e-02	1.859358886345376799e-02	4.496158277051165442e-02	1.640865495949117570e-01	6.316267682854978527e-02	4.488097806263675188e-02	1.969695210077506420e-01	4.603200602405373987e-01	3.161467322801058133e-01	-9.613764645535229081e-02	2.268944082556713093e-01	-9.947176948546332387e-02	-1.347952550503236924e-01	-1.575671601988547915e-02	-2.533202072642560809e-01	-7.427662466062581736e-02	-2.824352825312168580e-01	1.773988745379773413e-01	1.790989974259368789e-01	-5.357173122981597618e-02	7.746548473228608012e-02	-2.161475538623114645e-01	-3.648793495283968874e-02	-1.484777025395579708e-01	4.909149853980452477e-02	2.219166877968583099e-02	6.155480036772770919e-02	3.178680077172233998e-01	3.747586686561585334e-01	-8.184639322122319594e-02	-3.071271258475739008e-01	-1.784198578044343397e-01	-9.518754794723206791e-02	1.482497139435839939e-01	-5.403682060879325122e-02	-4.793259262278420224e-02	6.236292842826481053e-02	1.484279555942720208e-01	1.113529476939951746e-01	1.089621551724173354e-01	4.860225461163923399e-01	2.553413823630701907e-01	5.452128866377505823e-01	-1.550886025713723027e-01	-3.107936820788717025e-01	-5.594161256387879949e-02	2.235562512442030580e-01	1.822069079155466120e-01	1.409328575366551317e-01	1.238470739158199496e-01
1.746064707760583423e-02	-2.865999275766967780e-01	2.336962162032646950e-01	1.953240204022368975e-01	-2.199625528703554322e-01	-2.843587833460364811e-01	-6.328145670018653357e-02	-1.308222513061910453e-01	8.816271649683558864e-02	-2.409383443055328755e-01	-3.215664155867786200e-01	-2.596590797221330904e-01	-5.446888287528765110e-02	2.883193713782436496e-01	2.863090687345399843e-01	4.576862085455782880e-01	2.592521738450567215e-01	6.490929668155169530e-02	3.378546027761600290e-02	1.212806541721134085e-01	2.561118915121136652e-01	6.872378462868653295e-03	-3.444635000036274947e-03	1.684050162880583734e-01	5.247965732127989752e-02	1.785902497719624865e-02	1.835175209636802918e-01	2.482047705225667311e-01	-1.895023553795111004e-01	-7.880839604818194732e-02	-1.888837499173267043e-01	-3.127655353445658037e-01	-3.391285210546766682e-01	2.857966181542302420e-01	2.992439673096759511e-01	2.873555614256325108e-01	8.779751024984734642e-02	1.662093144011641266e-01	9.740534582908887129e-02	1.199202390895886539e-01	1.069489940166594433e-01	1.221658421761535329e-01	4.164362114701255502e-01	-1.795625759840953906e-01	-3.103254192273330880e-01	-3.200394053100691361e-02	-2.831511992585100321e-02	-5.045309666646998446e-03	5.523645194132374703e-02	-1.197595885747075456e-01	3.938290022677265467e-01	5.886298866365431426e-01	-5.607111405237902996e-02	-2.595333816095608537e-01	-1.449291410569808758e-01	1.080576495454611263e-01	1.198512024556239348e-02	6.223877011759035988e-02	2.670528571384130356e-01	-2.012610129337450565e-02	-1.276417533944786964e-01	9.274637833109097840e-02	2.897467993654906926e-01	3.000526042120427728e-01	2.304751429199948520e-01	1.379342325977061523e-01	2.408318602493383642e-01	1.722566605255784478e-01	2.746542107431435009e-01	2.552788503983396962e-01	-1.537758047478842427e-01	-4.870005831664424578e-01	-3.694957856238205163e-01	-4.254016303492584306e-01	-3.357048583788389134e-02	1.438491500266273204e-01	-2.342325516818865860e-01	-9.291452490422402732e-02	-4.526587473874840728e-01	-2.808821024774129857e-02	-2.759228461093634621e-01	-1.853321175606208182e-01	3.509918740399873421e-02	4.032484723599834980e-02	1.022408778405924507e-01	2.497224612542227606e-01	-1.931347837833288783e-01	-1.581796566512843616e-01	2.664890697062608504e-01	2.442924578635974064e-01	3.099147467516207288e-01	3.046640348219336603e-01	1.000000000000000000e+00	5.601831618573721583e-01	3.615589639398305022e-01	-4.744640132451691250e-01	-3.825724770949716635e-01	-2.408693553335738979e-02	9.684457367718020404e-02	-2.128003582692392925e-01	3.599379472518040440e-02	1.713653481703978632e-01	1.919376262444055792e-01	2.049731892322998739e-01	-8.801225901651880956e-02	-1.135462628224477993e-01	-1.141618158128864247e-01	-1.411474846460787913e-01	-2.322997343364506806e-01	-3.047142186603363778e-01	-4.157643693273522789e-01	-4.173981314722432501e-01	1.189656616205744394e-01	1.102205897703426585e-01	-5.850293583490308313e-02	3.496374554989940125e-02	-4.931796518489842823e-02	2.178236691948259585e-01	1.516684695587264819e-01	-8.560377423579250411e-02	2.297983388897205936e-01	2.614457504893281589e-02	1.293301146444365314e-02	-1.342350558717084197e-01	-1.727241404559152760e-01	-1.198051394070733661e-01	-1.233989163815629175e-01	3.355580356526868813e-02	3.434775216960100214e-02	1.314545853800025976e-01	-1.127327938334542895e-01	-3.963808146949658884e-01	-4.718453275291198401e-01	-1.876737486929190568e-01	-1.709401092757665830e-01	-4.483364691765417270e-02	2.683736160508934376e-01	7.462752348540295511e-02	-2.077330889698365546e-01	3.439846692103794290e-02	-1.401361414394679816e-01	-3.780957696631373488e-02	3.531295999462663593e-02	1.341951851850591848e-01	4.699370514690978662e-01	1.171661972268687874e-01	-3.202271404065334948e-01	-2.939844525816704968e-01	-5.036780197544694637e-01	-9.966631693613577092e-02	-1.527621914876437503e-01	1.926207213603516599e-01	-1.141860233873871894e-01	-8.384662574483736641e-02	-1.611979565899462341e-01	-2.549478108082587346e-01	5.589392002788404756e-01	2.520279677179698696e-01	8.582342910176210538e-02	-3.117883507883504879e-01	4.494333028563718413e-02	-2.902651946074537026e-01	3.037362774224505388e-02	1.680796109660885607e-02	-2.688691770258927471e-01	-1.185105747975913892e-01	-1.293403389629504963e-01	1.312898796060817663e-01	1.669806687075506280e-01	3.891380011829466412e-02	1.376467681005271448e-01	-2.364834612092943725e-03	-3.529257356164667292e-01	-3.259789761259300755e-01	1.547315228588855840e-01	-6.812662018438819626e-03	3.756821069070799268e-01	7.693587682090088919e-02	2.234372336935865067e-01	-2.997878132351547431e-01	-5.309967244845865686e-01	-4.258583162550375611e-01	-3.942684665454304627e-01	-3.451054187139082630e-01	-2.331327320399612102e-02	-3.434052628139045438e-01	-2.642682398983028369e-01	-8.421404927870994317e-02	-2.373500311776495786e-01	-1.155910728695501988e-01	1.627501114882607125e-01	1.123515479282390234e-01	4.675556688055561017e-01	-4.626682158301917425e-01	-4.166933693865606525e-01	1.942550608400892692e-02	-4.004937289215603630e-02	1.916669318705932490e-02	-1.164773439474028720e-02	2.607120353946558722e-01
-2.410322586567842651e-01	-2.962940951291312408e-01	2.014971389525277781e-02	3.988904329143840802e-04	-3.466536910835898988e-01	-4.449568690370818702e-01	-2.793414814292340953e-01	-3.617433528687042932e-01	-1.977790820794436966e-01	-4.145492359917500869e-01	-4.991490048173525818e-01	-4.195722691701076479e-01	7.915310424954050128e-02	2.729217884717176634e-01	3.626993460570648309e-01	3.900055464635240887e-01	2.481298685391545022e-01	1.533076474538008216e-01	9.804157925173495602e-02	1.937943648992762613e-01	2.762266042507444119e-01	-3.186734440913516209e-02	1.687519866914025668e-01	1.673345479404179659e-01	5.439723143607211320e-02	1.721645314809125138e-01	1.322172941114494182e-01	2.293264167387737695e-01	-3.741475234095607560e-01	-1.322431040464913388e-01	-3.050423565163395967e-01	-4.721327272269970066e-01	-3.602786511489788346e-01	1.286855355152808078e-01	3.047820280464084153e-01	2.857026369076655081e-01	1.940531566849748313e-01	2.689879325998965620e-01	1.062811675898767683e-01	2.339299350107697240e-01	2.218870323227092045e-01	2.282588547066796425e-01	5.442434369316743181e-01	-1.692127169170916379e-01	-2.573650857173760964e-01	7.570038392350883494e-02	4.426136538883506527e-02	2.230007574912230839e-01	2.902183019247910889e-01	-1.017922534755281855e-01	2.838239593558476437e-01	3.533899415636992392e-01	-2.776436531242294087e-02	-2.130449007822617369e-01	-2.590845813711956658e-01	1.080850041107140613e-01	1.342475487289271699e-02	-6.817629797967703076e-02	1.106327871117340211e-01	-9.700186982819705706e-02	-2.187172657513724028e-01	3.499325583406825285e-02	4.290149493658665381e-01	4.234831181480729345e-01	1.960328182873057323e-01	8.767966786622308217e-02	-2.930240497585133094e-02	1.601696305795776987e-01	1.087466478927032604e-01	2.820338547225250125e-01	-1.813069569389676172e-01	-4.315840656950782894e-01	-3.230849399990814996e-01	-2.911693115278306543e-01	8.273202839170136491e-02	2.377500364360275176e-01	-9.808235632875687837e-02	-1.856370867659845325e-01	-3.399856556639671012e-01	1.594023456296251862e-01	-1.560171566770918727e-01	4.141385790873560596e-02	3.347103319934485732e-01	4.669113073520804458e-02	2.842103233535295814e-01	3.280614665299523280e-01	6.786326584440934007e-02	-1.055149175077243866e-02	4.949364299956697799e-01	4.773173110135683350e-01	5.674665831194063426e-01	6.534017308654911371e-01	5.601831618573721583e-01	1.000000000000000000e+00	5.029150857303527067e-01	-5.741929755516949063e-01	-4.798525415588900112e-01	-1.559231030092153303e-01	2.468317562416764976e-01	-1.026158644650966983e-01	-7.223805189971733987e-02	1.693968646750083351e-01	-7.460061683039752312e-02	1.072413367882285168e-01	-1.285222376108195452e-01	-3.227154401190867050e-01	-2.712366207301932231e-01	-3.858335568857030329e-01	-3.682627385099467854e-01	-4.108705608298274248e-01	-5.220539446277547846e-01	-4.892264291503095053e-01	1.128037593996638471e-01	1.070533008385605583e-01	9.588641767993739962e-02	3.052761481019103385e-02	-1.316023993610784468e-02	1.572164698678273353e-01	8.173946386844066492e-02	2.923192035078478468e-02	2.420780164059790907e-01	5.978405502023151352e-02	1.110203731699085788e-01	-1.470318510616087648e-01	-2.068947187236271357e-01	-2.645666845663500327e-02	2.269069244712919320e-02	1.019206257418012046e-01	3.376430288891468096e-02	1.864522093178424822e-01	-1.896570670267053171e-01	-3.599655708731738235e-01	-5.230532213960001897e-01	-2.426354887994084941e-01	-2.283745964673495610e-01	-9.576233136705392113e-02	2.472585148746273553e-01	1.144377685183320670e-01	-2.538467408775683110e-01	1.967877308537356248e-02	-1.683719386315941924e-01	2.204906440732698758e-01	1.171636036748627402e-01	8.376790696615710186e-02	3.437619486373654776e-01	2.057940470966606594e-01	-2.288822015231795626e-01	-1.552616065874742601e-01	-4.743150338993532555e-01	4.045725539352584832e-02	-5.645337807841055433e-02	1.604149274086627552e-01	4.303635097865721876e-02	2.292350575752586869e-02	-9.648634758294606650e-02	-1.418459456642593985e-01	4.718183015955325632e-01	4.197274056211565130e-01	1.681259517426357541e-01	-2.313361432779976468e-01	2.267217960634950596e-02	-1.874901303994552237e-01	-2.239856784200174727e-02	-1.710251796529169144e-01	-3.356261813689131457e-01	-1.169643657619404142e-01	-1.835290386749579006e-01	1.664128471752202021e-01	1.398538609054429394e-01	-1.104903574473113242e-01	1.705063704557852333e-01	-6.894351593029602807e-03	-2.359447743093054939e-01	-2.669206336584341588e-01	1.221429279214969466e-01	-5.142677017572667292e-02	2.471749779982149453e-01	1.582286080533713557e-01	4.737604685032597018e-01	-1.179164612606715540e-01	-4.635723158368204033e-01	-4.061345808664647561e-01	-2.682980551038035566e-01	-2.032661417916584168e-01	6.016307177963320374e-02	-3.087749530147842481e-01	-2.241240779229963787e-01	-1.375075058096779032e-02	-6.203949767619505729e-02	1.241578738477588928e-01	2.673080005912633061e-01	2.920030066013426517e-01	6.095766181497880298e-01	-3.931263610922952068e-01	-4.859787052102081950e-01	-1.329754586083189694e-01	-2.118570480892273747e-02	1.726362255337872131e-01	-3.819355786150512716e-02	1.703452053821180590e-01
-2.562900339611110523e-01	-1.873850012563617329e-01	-3.087289045432736745e-01	-2.763502132916833554e-01	-2.897416666985319633e-02	8.061031160705523294e-04	-5.665943900295355301e-02	-1.046860200730917179e-01	1.320496244898516636e-01	-7.022692452579466782e-02	-5.085217617143821672e-02	-1.630961052346332762e-01	-1.421373760901713593e-02	-7.493860902393977008e-02	8.351170113246646209e-02	1.964455608449554996e-02	-7.520615658579901663e-02	-1.303455979358336680e-01	-1.435037254262960527e-01	-2.124205625193157157e-02	1.427303807411123282e-01	-1.361880595757072043e-01	-2.205344444586601615e-03	-1.114748086594113535e-01	8.844712103804065750e-02	-1.126016776887016346e-01	-1.445494601310222567e-02	2.331363858937432476e-01	1.005294074528897963e-01	6.856101956523408258e-02	-1.278279518792027059e-01	-3.324530007919809793e-02	3.639581476643562880e-02	1.417639394071191494e-01	9.581767193749658740e-02	3.820984771574549577e-02	-1.297209329260449757e-03	-1.461789062915638815e-01	2.635245196673304813e-01	6.947280364639424333e-02	7.094281463261895015e-02	3.881914703218005552e-02	4.812461927795316785e-01	-1.678657322115496842e-01	-1.981506767817433623e-01	1.401118650995716863e-01	2.083436961904147622e-01	3.053262474359529355e-01	2.499917272685409642e-01	-1.949912569853715083e-01	3.677549534466613146e-01	2.377899534113584734e-01	2.026682879142627514e-01	3.708201848108229337e-02	2.067414797141245153e-01	-5.227290768162438060e-03	2.308543962386115367e-01	2.395619875853113034e-01	1.967439057486306542e-01	7.347044067067068362e-02	-5.603945802469392085e-02	5.717344915717674780e-01	4.719063136911715861e-01	3.664319103011672851e-01	3.281311766331061475e-01	1.609335818300417220e-01	1.858489159947240843e-01	1.485941528464978512e-01	4.550986576007677309e-01	3.139766922353651735e-01	2.463319588459308429e-01	-8.711596553904191187e-02	-2.514268179762493838e-01	-1.772929125112342741e-01	1.576386373520120843e-01	1.282992896074811318e-01	-1.035028818399045952e-01	-2.328846994810123139e-01	-7.507646522427983971e-02	-2.409775336589686096e-02	1.861043234746426189e-01	-1.220032603234497970e-01	3.357330572758251419e-01	2.655876076072533065e-01	2.507996967997833671e-01	4.282277671487284554e-01	9.847610835132193652e-02	3.514504888440402319e-01	3.244339415989795916e-01	3.739423707246506967e-01	2.770849432915135635e-01	4.993103341693698738e-01	3.615589639398305022e-01	5.029150857303527067e-01	1.000000000000000000e+00	-2.214444894505933070e-01	-2.891030728040958619e-01	-1.346787001769998542e-02	4.350144383594897191e-01	6.605675265973702526e-02	-7.598691603916001014e-02	-2.520941671413191587e-01	-2.076749638992141933e-01	-2.837393491182541583e-01	-1.861823816826546074e-01	-4.051458101789948141e-02	-1.433071874528268619e-01	-7.197537896636721499e-02	-9.177716289148982187e-02	-1.070454209791996542e-01	-1.260924115107822097e-01	3.132308643618166022e-02	-5.987026336163467355e-02	-2.339210578305239707e-02	-5.466702575170410972e-02	-4.319586462881723488e-02	4.781197080331604093e-02	-1.567710532674593260e-01	-1.600426149278949550e-01	-1.051308013379939343e-01	7.720391751314352458e-02	-8.431288298399700065e-02	8.848299946578849773e-02	-1.805725414705301179e-01	-3.494751139296237152e-01	-1.118738154513781030e-01	7.939448436018289174e-03	-2.172118195879136349e-01	-1.624735468781154102e-01	-5.272071113678863941e-02	2.597364214799281479e-01	-1.607004060237586240e-01	-2.718728810513136585e-02	2.875050881832085237e-01	4.571036127589464537e-02	2.627091756784660226e-01	3.851434641285915450e-02	1.485428470240721111e-01	-4.972763724443542317e-03	9.208413003737618216e-03	4.307174883257373216e-02	6.785234134226302005e-02	2.568665059856556909e-01	1.561275912249107667e-01	1.122722642838299839e-01	9.398212912223916082e-02	-1.427032513854623041e-01	-3.406072750090447521e-01	-3.208937172939897442e-01	7.292967628764179810e-02	1.016302844598267335e-01	1.282586865111499941e-01	-1.175550996561740003e-01	-1.484579286934671616e-01	-1.658602105858722198e-01	-2.937307016341026422e-01	-3.414004008731453405e-02	1.653018669934758489e-01	1.021127879098941149e-01	1.828726546375886164e-01	1.726755436850043179e-01	8.796591049624283287e-02	5.788409462723879267e-02	4.836356972706659652e-02	1.391186761247830139e-01	5.319857839038009267e-02	-1.716887556089611022e-01	2.640372904760144857e-01	2.301798954684988741e-01	-4.996200609453005370e-02	-1.685105731926693218e-01	6.087662196140941617e-02	-6.273658587682169607e-02	-1.653564630277619130e-01	3.838398597003288629e-03	1.218847821961580175e-01	-2.212661118573171770e-01	2.655930902832945861e-01	1.444296190722174356e-01	-3.492210844805121450e-01	-1.481315094902281859e-01	-4.108991752294689076e-02	-2.045926881384134421e-01	-7.718732279338860747e-02	-1.468052362015651313e-01	-2.422639315950698147e-01	-2.864428387142448074e-01	-1.908909614900353158e-01	2.107066797726661611e-01	-1.268238677579092699e-01	-6.642012418377165467e-03	-1.613028235350102632e-02	2.607560172561733669e-01	5.630966806343628422e-02	-2.885888022995774516e-01	-2.468159461870835306e-02	-1.056650109302015861e-01	2.116467655049619201e-01	8.169699665141920419e-02	5.472031332164863787e-02
-2.316352049833297899e-01	2.913708119059574275e-01	-4.193925612259917224e-01	-4.261048819362330264e-01	2.013577573323520331e-01	4.405099418652165810e-01	-1.876343302781147832e-02	-2.123025426924980349e-02	-7.933874338306699109e-03	1.324873094914771343e-01	3.741848274973257338e-01	2.779431359182666927e-01	1.016834695998413834e-01	-3.393374867473472056e-01	-3.256579083327869606e-01	-4.192918613427375485e-01	-3.229869502768995537e-01	-7.078261626171795939e-02	-6.194087378720951331e-02	-5.274946267503560944e-03	-2.447325278468601151e-02	5.942289399233599556e-02	6.413101648828125820e-03	-4.702341715193933402e-02	-1.019083064802464716e-01	-1.489191584455518691e-01	-1.452442112797354933e-02	-2.423645171200286275e-01	4.723514210217000797e-01	-1.320628115326169805e-01	2.201199093521461758e-01	6.089614556725541084e-01	6.530560450843780895e-01	-2.416541197002157471e-01	-4.375789661507379913e-01	-3.832486249077554086e-01	-4.081238593817032578e-02	-3.211240763141284260e-01	-1.418828242343413981e-01	-2.434036372004285964e-01	-2.381064459923026289e-01	-2.961305687653004171e-01	-5.235231687407682077e-01	2.280230936542062825e-01	1.831905117315633658e-01	-2.295456288504325315e-01	7.234580034538906634e-02	-4.228663825299740914e-02	-2.530884824193860294e-01	1.103819558009728474e-01	-1.427075542061138069e-01	-1.754236455765557368e-01	3.710444769498499329e-01	5.273373280683978370e-01	4.666826899390527084e-01	-1.199411988528643475e-01	1.672431168831821913e-01	2.749374963638904212e-01	-1.694064658600448470e-01	-1.658836891801930211e-02	3.107994462683857928e-01	2.123883081470748224e-01	-1.966653620790584089e-01	-4.311136045526755001e-01	-3.195622089673066935e-01	4.476283570934284223e-02	1.003261219154845674e-01	-8.437931973246969031e-02	-2.836449842920229017e-02	-1.481565938021701667e-01	5.127348804184848063e-01	6.388031045901286786e-01	6.624408623174821154e-01	4.232875309665600216e-01	2.114475732455501633e-01	2.400064709575045613e-02	4.562124935535844528e-01	2.567714093133665609e-01	7.101534510886380325e-01	2.400617915040393346e-01	4.609157825891673776e-01	1.696988268765138308e-01	5.464248521640607120e-03	1.816915294503529121e-01	-1.605401921066245963e-01	-1.822062193039812872e-01	2.014156519016653546e-01	4.787215035395379070e-01	-3.694906879855696658e-01	-2.162454962039163098e-01	-5.158201138981602929e-01	-4.329664352915850167e-01	-4.744640132451691250e-01	-5.741929755516947953e-01	-2.214444894505933070e-01	1.000000000000000000e+00	6.082209843317584186e-01	2.980088398421866791e-01	-2.246774978475166440e-01	3.640609706146040736e-01	-2.994557323184421915e-01	-4.041415813150049385e-01	-2.749607600306293032e-01	-4.559889976923054977e-01	-3.409585046368412975e-02	1.431613277203550583e-01	2.611118176641044272e-02	9.655476813230652600e-02	9.600861278299953339e-02	1.208322598320307473e-01	4.381840782065451467e-01	6.088301183059187105e-01	-2.809145892999474481e-01	-2.156658639706935943e-01	-5.480889292076872310e-02	-8.298124776029550120e-02	9.216326017783349478e-02	-2.368535574623147344e-01	-2.937916899120356362e-01	-1.020181285689553269e-01	-3.067543446785041539e-01	5.733476323088253571e-03	7.217747745262856340e-02	1.082114887062474162e-02	9.457169123354478013e-02	1.264689647017477325e-01	1.823103169470639828e-01	-3.255125009324368879e-01	-9.119135990593035812e-02	-1.894454258799525004e-01	2.667031986263765919e-01	5.453292972911559788e-01	7.391636146237030580e-01	5.569018067589032173e-01	2.933505595157977902e-02	1.799566930260528552e-01	-3.194889761779615145e-01	-1.172901925227866904e-01	5.158804620297904320e-01	-1.596899732484818521e-02	1.561550714535548702e-02	-1.622377806552326718e-01	-1.211022182547645126e-01	1.495863520926299095e-01	-2.394328337680280139e-01	-2.458818018620499424e-01	1.259020153601727032e-01	2.640734616376129162e-01	5.098457519772142676e-01	-1.352785169493480599e-01	1.950621610767454273e-02	-2.093227773457985164e-01	-1.587527026996613799e-01	-1.707008251353654416e-01	-1.816777887071110154e-01	1.946039874943244208e-01	-4.610238313771151675e-01	-2.065126411364659187e-01	1.839216543732155040e-01	5.129385868889898559e-01	4.359679777189791328e-02	5.047061787912141551e-01	2.688639356237467748e-01	7.035349629252239667e-02	4.359244422950137587e-01	7.208205446727459359e-03	4.702575462850978882e-02	-3.598737313436838337e-01	-2.674822551945341131e-01	4.576008075544629738e-02	-3.308780178042103337e-01	-4.263368935030045770e-02	3.502986603028764856e-01	4.372950291056816596e-02	-4.461112122636428090e-01	-2.933058777290740646e-02	-4.231456273253401679e-01	8.117139681318266339e-03	-4.900675471668102801e-01	2.588193771915032193e-01	6.277601221755315652e-01	6.756819897540234932e-01	3.486297802040050908e-01	3.545515112660146961e-01	-1.351635812240783996e-01	4.067242193476927059e-01	2.800086983664955564e-01	4.610606343673325641e-02	4.869611582305813924e-01	9.425931176813978629e-02	-3.384887012035565634e-01	-2.926677760705407305e-01	-7.007979110827643465e-01	6.929719995128910126e-01	4.929159434300814935e-01	-9.885680771210351644e-03	-8.905971046036957606e-02	-1.929569761041059206e-01	1.517399165801556482e-01	-2.426924010551672062e-01
-4.680816130648684376e-02	1.502532419010124132e-01	-1.173436994303469899e-01	-2.917439791851719061e-02	2.749521093449384113e-01	2.405086510539842515e-01	8.881513876601522528e-02	7.430705537907988933e-02	1.849418503189083629e-01	2.336367840057155532e-01	3.260089057112739996e-01	2.850724511522146343e-01	2.156225408720393588e-01	-1.438011657403978349e-01	-1.822632580840363170e-01	-8.810649943188079980e-02	-1.663634127575784882e-01	4.561126064574413247e-02	1.191445029237045150e-01	5.537973129686470097e-02	1.802157502765390218e-01	2.102775319427753753e-01	1.786512634962352519e-01	6.275693772515291043e-03	-5.777137620531266199e-02	5.106894877600753196e-02	1.639054801414396578e-01	-1.063684227780872099e-01	3.450669542290986658e-01	1.693248006744198578e-02	2.800767736596099233e-01	4.321337708464919602e-01	3.035151816754229070e-01	-2.889327828684523647e-01	-3.694458953157436776e-01	-3.126904668071310289e-01	-6.341817663247993619e-02	-1.358561631580702811e-02	-1.712797621861371911e-01	-3.157766476178234388e-02	-6.263937461106283688e-02	-1.058236252419232082e-01	-5.049161577164251735e-01	3.554868320677916915e-01	1.662011311241693989e-01	-1.537510583745254067e-01	5.535232432012397036e-02	-2.968357444732209749e-01	-2.045069566942175898e-01	-3.396235396927537332e-03	-1.162370107532462032e-01	-2.235289222389565678e-01	6.301405864250898825e-02	2.120697880970076610e-01	1.609773353368641746e-01	-1.066244675637783718e-01	-1.553067736496761830e-01	1.466868114910091780e-01	-3.784197679339353915e-01	2.563686136669923038e-02	1.493501274478895857e-01	-4.885988373803968471e-02	-1.965217108260206569e-01	-4.432292596312792932e-01	-2.195679867026916476e-01	-3.378421607101877305e-02	-5.735264894933818358e-02	-1.254628896342404321e-01	-1.607852286349598925e-01	-3.080317001969143931e-01	1.033240582652537182e-01	4.948323823165311497e-01	5.706823320170085756e-01	4.756491042903519539e-01	1.708280039833385416e-02	-1.091295084748282879e-01	4.945134445401468959e-01	3.186351824240833408e-01	5.643548306049480656e-01	3.093836622522889712e-01	7.082406077943283196e-02	8.075990138022588749e-02	-1.209909915695353000e-01	-1.201052113433143803e-01	3.741035269323948059e-02	-2.193802939341165936e-01	1.513392463098163498e-01	4.008482822753473701e-02	-3.590128277622892106e-01	-2.530707955695654654e-01	-5.394290752560616520e-01	-3.178627031482308962e-01	-3.825724770949716635e-01	-4.798525415588899556e-01	-2.891030728040959175e-01	6.082209843317584186e-01	1.000000000000000000e+00	3.201462506210270842e-01	-1.864484576666252669e-01	3.275889342367198642e-01	4.477718925385216125e-05	-7.179014698583813248e-02	-1.390340719538287473e-01	-6.158354710706884921e-02	2.208525063045039816e-01	2.048013908565704255e-01	1.928503824422636848e-01	3.206781401160359590e-01	2.034547601453587651e-01	1.984926042276038138e-01	4.500057848347323586e-01	3.394673899880504830e-01	-2.203898262872148184e-01	-6.012746211374985633e-02	5.028406103382942333e-02	-9.538705065330221888e-02	-1.610934514789644778e-01	-1.319356584063160476e-01	-1.380545829451515216e-01	-6.662198227940058226e-02	-1.571230734560521425e-01	1.983000410230466304e-02	9.733006358398728353e-02	1.728444329220787112e-01	1.078873740171720774e-01	2.083684489421238906e-01	2.238307967248011898e-01	-3.393740717970489262e-02	1.480169186143764082e-01	1.199535194197084154e-01	4.480430804451647486e-02	4.685052255732292670e-01	4.733518122061295963e-01	1.959389715180459846e-01	-1.356585689649773552e-01	-9.855119108960348762e-02	-1.439356099271457134e-01	-3.340015494714193567e-01	3.770593019250046418e-01	-3.847626994673029183e-02	-1.620593330858030867e-01	1.043407011415244069e-03	-2.073627700068577662e-01	9.580174242283891195e-02	-5.924192535539110627e-02	-8.634568443025852913e-02	9.521269468849671846e-02	2.467940452752487024e-01	6.096979022862014652e-01	-2.153541991414122392e-01	-8.976977518514571430e-02	-3.616654270472711707e-01	-1.623289812804431798e-01	-6.963075908109904455e-02	5.159907594938351744e-02	1.417481793448744365e-01	-2.121983785155750479e-01	-1.972813059945529024e-01	1.196045136543838067e-01	1.295125973289573684e-01	-2.211407758972917456e-02	1.805422911094501093e-01	8.066171500861732402e-02	2.531279190559797554e-01	3.428652655930705673e-02	-2.918035769939076318e-01	-1.484629951960960426e-01	-3.664379198384429825e-01	-1.079977583243780931e-01	-5.586836565946426414e-02	-1.349552425969821889e-01	-2.519497820541636846e-01	6.098227963533042750e-02	-1.464864159530193111e-01	-3.555423820871284057e-01	-1.867210333807877987e-01	-1.508184112888097395e-01	-6.589649037939232512e-02	-5.162165911965149734e-01	8.344329548655432527e-02	5.626816452757104070e-01	4.698004967950993871e-01	4.692495286383615016e-01	2.649735615130847100e-01	-1.184392899698051699e-01	5.191706705558877255e-01	2.294596200341209868e-01	1.760870089527256654e-01	7.586345730101388962e-02	-3.326284225256637833e-02	-1.692527581006221804e-01	-3.895697654291573886e-01	-3.612126998368934139e-01	3.678056423218077353e-01	7.875159296383327234e-01	3.121845790053036085e-01	2.048362281486305059e-01	-2.076054630966850667e-01	2.604095653038826855e-02	-2.920706145171012014e-01
-4.646842302388500684e-02	-1.621266369871707802e-01	-1.570281387944758578e-01	-1.212587409578224917e-01	1.735357176262388446e-01	9.025818856262030065e-02	1.396573699161558213e-01	-1.459117537251084645e-02	8.244510057338323705e-02	1.664555479570788837e-02	5.482136542315866473e-02	2.084176685677972471e-02	3.200716191055192339e-01	-6.881302595184311810e-02	2.158070319654346175e-02	6.098196816957449085e-02	9.724122440429158742e-02	2.080378520796415109e-01	2.429877170159658595e-01	2.414294555731008873e-01	1.654610241677215710e-01	1.102197592696772116e-01	2.905148826789320515e-01	4.100159382383057605e-02	1.557502508174001543e-01	7.819953048131275675e-02	1.547264083272402169e-01	1.325822276488354372e-02	5.455649164930648221e-01	1.553244512912681508e-01	3.271629292140835199e-01	5.825946063673126396e-02	7.581835587478170935e-02	-1.796257554428863923e-01	-5.713094883189415163e-02	-4.991389330266719770e-02	2.614652594043454514e-01	1.632743802944009448e-01	8.243340342901077367e-02	-8.179736530740260719e-03	-4.910427052448811981e-03	1.612244499043886392e-01	-1.533231629709002619e-01	3.671660213292025077e-01	1.323905158087826661e-01	-1.013389820625666682e-01	9.505431179339107750e-03	-1.771454385864874581e-01	-1.112528894796752515e-01	1.847122122113792619e-01	4.131097071328604375e-02	4.506320635096839992e-03	3.102111476390179701e-01	3.369194947268316920e-01	4.857294159652234683e-02	1.067561530537542158e-01	2.872224254262203402e-01	-1.197704815667009065e-02	-1.373485926199896068e-01	-2.152525699748621679e-01	2.472197230388689382e-01	4.162471276382077173e-02	-1.386382089810158855e-02	1.395492072315196452e-01	3.740278123641812419e-02	1.169000988363185639e-01	6.207901971824666271e-02	-1.755573701389981645e-01	-1.287538721156347432e-01	-2.494637740688595007e-01	1.017539544541984226e-01	-7.514238633925661437e-02	1.176726019454601702e-01	-9.002900862212856459e-02	-1.141823300023332849e-01	1.390670844539014517e-02	1.424577002313844321e-01	1.776764786922006567e-01	5.820674774201263502e-02	3.527385355407213763e-01	-1.420449421401131021e-02	1.976864672805168366e-01	-1.388912734685865402e-02	1.746261220813903892e-01	-1.284510821420435829e-02	-1.623451773247552160e-02	4.721243783149738603e-03	1.441868780210930068e-01	-1.237642321800609818e-01	7.932116955710963313e-02	-7.051779698409897656e-02	1.457485494200907658e-02	-2.408693553335738979e-02	-1.559231030092153303e-01	-1.346787001769998368e-02	2.980088398421866236e-01	3.201462506210270287e-01	1.000000000000000000e+00	-1.706585607926860981e-02	2.694284586102345114e-01	-4.098644926283891848e-02	-8.699296837904112872e-03	-1.849440088713464603e-01	-1.821600857612112323e-01	1.539975724972748039e-01	-5.256272187859406184e-03	6.331167978374924003e-03	2.442241011614937896e-01	-5.721151028876175076e-02	1.320210016082819585e-03	1.010468009753844182e-01	8.188395415185426018e-02	-6.373338243294235329e-04	-2.294261634313398204e-02	2.965932891572858887e-01	4.449253141663567918e-02	1.473844339534410020e-01	6.204351234391057568e-02	8.212447134261283838e-03	1.757875326318389386e-01	1.362383731454627767e-01	2.148103530954945384e-01	2.891876069327650733e-01	1.511225248279619016e-01	1.601885664860029090e-01	2.943779171513820070e-01	3.034460591000128216e-01	-5.002997317471975097e-02	1.154314801762241632e-01	5.217812033407660810e-02	2.613355261809675589e-01	2.519354009239523351e-01	1.568639161203678190e-01	1.049115568145228411e-01	-1.599570036454765753e-01	4.620774516989210184e-02	4.828973715296484837e-02	7.119867254325659700e-02	2.271177791368365895e-01	2.479949893482989720e-01	-1.223329300422711929e-01	1.946616143137767582e-02	5.815618883304085607e-02	2.896637576283806470e-01	1.121275805545534077e-01	1.305769057394598476e-01	1.664237495938799272e-01	1.940576536744710034e-01	4.827440848150837960e-02	-1.916828232165364021e-01	-6.159148322500199169e-02	-1.270949163186466668e-01	-2.307605067022495959e-01	-1.859212729129564590e-01	-5.115682032175708494e-02	-6.279456084728321508e-02	-1.057413272493273326e-01	-1.178526869536358490e-01	2.926952972527329666e-01	3.983029420108350621e-02	3.379365289069122813e-01	1.801928339294157078e-01	2.933265080445446871e-01	4.710841175596433561e-01	-1.613294013631343116e-02	-4.400828157954356223e-02	-6.345267490268646782e-02	-2.791093411571781910e-02	6.575607082092703448e-02	2.028779675914046399e-01	2.558445941040459262e-02	-3.008940274258018605e-02	-1.143289470176125644e-01	-2.014167296784437067e-01	-2.336138172425136772e-01	-1.292589799125613004e-01	-9.714420520154412597e-02	1.420088027256466157e-01	-2.021686592874206434e-01	-4.308523133920406228e-02	-2.766344564789144714e-02	-2.556294360404047397e-04	-6.118372293927810263e-02	7.324233500254268003e-02	-1.487090432472474265e-02	-3.787375022925536239e-02	3.563958472499866303e-01	2.227459257717923635e-01	1.009845877327741059e-01	-8.277208241750952378e-02	-6.882336275396631897e-02	-2.437902479424621793e-01	-1.804843390567597017e-01	1.367677294396300036e-01	2.761526461764043372e-01	3.491585960917000797e-01	3.094943108848954849e-02	-1.281931310276335501e-01	2.099432686526207237e-01	8.710831445432515308e-02
4.404682611871750531e-02	-1.971481465105010267e-01	-9.828844941261088985e-02	-2.077536306390470253e-02	-2.424831528703451367e-02	-1.605162522851895646e-01	8.972259104423618847e-02	-6.045560055845289327e-02	7.213466810677070240e-02	-5.180951138678110968e-02	-1.861723166114551964e-01	-9.204435588701015414e-02	-6.186546396734318026e-02	-2.402758458986032145e-02	-3.133950474656489044e-02	2.244151665396216383e-02	-1.058212463385010266e-01	2.238704348562576066e-02	4.042952858679364769e-02	-2.215727010861823221e-01	-1.882601474543572906e-01	-1.746844293135640658e-01	-6.711217546810582801e-02	-2.654755703317397408e-01	1.742259076245544769e-01	-1.249075993969900877e-01	-2.304103638344445482e-01	6.388067672824612742e-03	2.439728333506068769e-01	2.231595766443574547e-01	-6.604752858605580923e-02	-1.632111367491735632e-01	-1.906721513245716870e-01	9.328624176649225053e-02	7.120624905730832399e-02	7.711095189106827175e-02	-6.063331813651800378e-02	2.632742146667576416e-02	4.646916140594201106e-01	-2.901084409061558192e-02	-1.920638307424358815e-01	4.033872061689358635e-02	2.856093459196089590e-01	-1.352312167288280964e-01	-1.530984541752668515e-01	6.635323926463067290e-02	1.269176616025906312e-01	-1.974429795259691200e-02	1.940695173840782661e-02	-2.759551002469849412e-01	4.849716746484723784e-02	-6.894639406306105056e-02	-8.268828434445589515e-02	-1.779729579690003394e-01	8.914465985640701107e-04	1.209844125597557690e-01	5.473452225702560292e-02	1.921590221536384757e-01	1.674685737373510508e-01	1.412528411076611756e-01	8.490967270716194559e-02	1.204964573576418063e-01	6.830843926380002484e-01	3.101590072517718122e-01	6.138695555708665319e-01	-1.535792479664212506e-01	2.213610505864798406e-01	1.283381203728469755e-01	3.820795742395308725e-01	-1.327770771357880408e-01	-1.311696532790550263e-01	-1.893744365578115540e-01	-1.762133974990906793e-01	-7.088099412477630312e-02	1.568737256688788051e-01	1.599802651900798234e-01	9.345664676086466380e-03	-1.595210574681114046e-01	-4.095833864046595496e-02	-5.160174849994667023e-02	-1.440327774416153839e-01	-9.097994625284411274e-02	4.685085041541634521e-01	2.174303426386591798e-01	5.896713626875829117e-01	6.604881493717817964e-01	4.086928763016531296e-01	5.914337282390070422e-02	3.460142775097267420e-01	3.741300168159492623e-01	2.808449322416705640e-01	2.911772894031801617e-01	9.684457367718020404e-02	2.468317562416764976e-01	4.350144383594897191e-01	-2.246774978475166440e-01	-1.864484576666252669e-01	-1.706585607926860981e-02	1.000000000000000000e+00	3.764086433073463578e-01	1.174573647738644394e-01	-5.823811373440642694e-04	-1.885286116035964354e-01	3.871791937087548045e-03	1.052831876512134827e-02	-4.327246897353338034e-02	-6.856252736688722704e-02	-1.178622909025362347e-01	-1.872983451125687093e-02	-1.654256165682100599e-01	-1.255041147873129370e-01	-1.251756637687461982e-01	1.170232726762687886e-01	-3.118640292668892200e-01	-4.424814120970065739e-02	-1.531626267562239130e-01	-1.713187084523379033e-01	-1.678264671459083479e-01	-6.041787030075174841e-02	1.805117205474485870e-02	4.030877593532627978e-02	2.903971381681122801e-02	-1.287463089400460170e-01	-8.435988076391875978e-02	-6.647301373467007224e-02	-2.585458601616870133e-01	-1.652294029638896322e-01	-2.590115873087500131e-01	-3.324667293251566402e-01	-1.705878081193890061e-01	1.253572995700269754e-01	-1.112240233775764892e-01	-4.008309849629379529e-02	-3.778040215868227331e-02	-3.148448723434833611e-03	2.933926638262096195e-02	1.100214641238511093e-01	4.122001732853880496e-02	-2.110543074020615750e-01	-6.181262960257905004e-02	4.542666830511531140e-02	-9.283100293561602490e-02	2.540686716997549860e-02	-1.222949218819369410e-01	-1.493868718973030696e-01	-1.489521094383492728e-01	-7.066685203170489094e-02	-1.806724821021180316e-01	-1.552041307584528240e-01	-2.016037519888481677e-01	-2.151983474820979569e-01	-1.566712821993543059e-01	-1.161799602291341132e-01	-2.090534854004375831e-01	-1.705987190519528129e-01	-3.891246050712404148e-01	-1.003238670387621156e-01	-1.471880446024177169e-01	1.168532250761302599e-02	-1.438431516252847986e-01	2.297802429127824425e-02	-1.834046325344769746e-01	-3.184040789790253401e-01	1.953314066694132323e-01	-2.541966777798120719e-02	-1.514589663932967671e-02	-3.311554528488851873e-02	1.362232345524001798e-01	2.722323389358040080e-01	-5.124759505643075586e-02	4.659879756015759822e-02	1.569190693417419624e-01	-2.279978113489711244e-01	-1.899218345812831166e-01	1.706214042967814926e-01	1.331699618373883842e-01	-6.170884700573621429e-02	4.853712256816211656e-02	6.933447897375547009e-02	-1.401851487707775068e-01	-1.634886350341882566e-01	-1.242191901744444799e-01	-1.031915156886183821e-01	-9.034564213826833112e-02	3.193695782348637130e-02	-3.455474429967679562e-02	-4.125008551868162426e-02	-2.052648573994786951e-01	-7.820357729281129933e-02	1.788798363416883863e-01	2.412508581357924453e-01	-1.356653006326508648e-01	2.415785484879147960e-01	-1.139569647293321164e-01	-1.365162271459559873e-01	1.035133329128400809e-01	3.015472528521854212e-01	3.331226818576816240e-01	6.877363529962299271e-02	-1.137067409029640791e-01
-2.265838167951026993e-01	5.923666591257334413e-02	-3.251784438691636137e-01	-2.478795846764068611e-01	2.101130817318938582e-02	1.331848319821574015e-03	1.116152036246597680e-02	-6.899626763664905293e-02	-1.461193170032725613e-02	-3.554854758149950111e-02	7.942516998514277671e-02	1.409532212783814152e-02	1.991127017532414167e-01	-8.502282200327210271e-02	-1.120597732179144657e-01	-1.106455261211349017e-01	-1.133779321977309851e-01	7.541651146586804411e-02	4.087250151513126956e-02	3.941208686959266766e-02	-2.697370813141871521e-02	8.460339730080353171e-02	8.699018255582557924e-02	1.555582491711146424e-02	2.108045353648095865e-01	3.589023420914175949e-02	9.841428312755920449e-02	-4.779972787602276840e-02	3.585389865552905952e-01	-2.958674852152206464e-02	2.955276761497210858e-01	7.997648225514461529e-02	1.230962533466629510e-01	-1.823990151747438559e-01	-1.630898149683324971e-01	-1.270897659415580472e-01	1.734500970883908477e-01	5.068326151959895789e-03	-3.533792489413403043e-02	9.425841830266341870e-02	-1.273137855221405379e-01	4.671905800529050669e-03	-2.362563062023652072e-01	2.807252380962342309e-01	-1.451624409204609889e-01	-2.544069450206076777e-01	3.190022438575589314e-01	-2.309082563291745549e-01	-2.379445780264155819e-01	-2.126083553239617729e-01	6.964637676619546414e-02	-4.511451344436957778e-02	1.016597762960031875e-01	2.045679926755497036e-01	2.402179016035076164e-01	3.558125986640729710e-02	1.077626109502778373e-01	1.467337420090024935e-01	-8.047196998746748708e-02	-9.984609352445179831e-02	1.415282191870231854e-01	-1.172461844661559505e-01	2.251054488380719587e-01	-1.170780249981857590e-01	-1.615397106001474625e-02	-1.366288556499391793e-01	1.677219726499965535e-01	9.781905385616852799e-02	1.158819863165512221e-01	-1.764816155586194923e-01	2.859818860131246171e-02	1.968582147928304715e-01	4.910184233835902523e-01	2.002752906298333468e-01	2.884478802655319196e-01	1.545809172566471323e-01	5.844424298334843781e-01	6.409134605711262755e-02	5.583350672774948231e-01	1.361574640139378012e-01	5.250328047000681064e-02	-3.709945999803879874e-02	3.336111781035229207e-01	8.679712321971641553e-02	3.538664980202257948e-01	2.525750170421000029e-01	5.825346325042494167e-01	2.489041213920448192e-01	1.832069407264304839e-01	2.086348365701409455e-02	-2.229694450967301400e-01	6.002685701317461708e-02	-2.128003582692392925e-01	-1.026158644650966983e-01	6.605675265973702526e-02	3.640609706146040736e-01	3.275889342367198642e-01	2.694284586102344559e-01	3.764086433073463578e-01	1.000000000000000000e+00	-1.098159493627753058e-01	-4.036679632229431963e-02	-4.011424162930332105e-01	-1.412714449167852271e-01	5.128529634742385462e-02	-3.036837532244065704e-02	-4.881959673022510937e-02	-3.015806235349843822e-02	-7.128064458904000145e-02	-1.063101447390887855e-01	1.690570224639270369e-01	1.378486382837978419e-01	1.798505629161575511e-02	-1.706551937761003612e-01	4.539373594204321183e-02	-1.487687952490522325e-01	4.921707145821110907e-02	-1.003947983665795102e-01	-5.190187553621092298e-02	5.318628803313107251e-02	-1.208263246158664851e-02	3.513966371788376786e-02	1.701340890211794077e-01	4.560967932350425136e-03	7.947674239615341862e-02	1.469765680530737417e-01	2.306196973083790847e-01	-1.275055897843533903e-01	7.849454161623130310e-02	2.279473114727493047e-02	1.797974353352926047e-01	6.121991006942480995e-01	2.394259587271767020e-01	1.447842283675847275e-01	-1.649832803282250404e-01	-2.272670283149653622e-02	2.936078689968142988e-02	-1.047826484500266747e-01	4.345789834368768423e-01	1.939851419092676610e-01	-2.264172705763504989e-01	1.804485340637199675e-01	4.749458561947857843e-02	1.158352488646940820e-01	-1.872288678612311075e-01	-2.313512571123319539e-01	-5.929868362197258935e-02	1.511457065366768326e-01	1.551934938145664855e-01	-2.086469972143318863e-01	3.641815588713663392e-03	-4.889621004301087370e-01	-2.431158249914923963e-01	-3.494139693076772080e-01	-1.796579801335642379e-01	-2.164085772893539761e-01	-2.782362331329961136e-01	-1.332476110037786599e-01	7.565800172321147932e-02	8.133628375312143555e-02	6.329701182589374253e-02	1.250580123634923435e-01	-9.130727276711940454e-02	2.826540950013365916e-01	7.908700320923806037e-03	-2.016968383900175077e-01	-2.159962976658163503e-01	-2.650460136225673557e-01	3.488516150622295985e-03	-9.921858022851011427e-02	-1.246553305120022964e-01	-2.143354414363472515e-01	-2.966752898120346427e-02	-1.807344653320753780e-01	-3.547597753759793027e-01	-1.548630118604456818e-01	-3.657390020153828414e-01	4.375920438354730796e-02	-3.330052036956756556e-01	2.897589006996262664e-02	1.796640606408791974e-01	3.943136368844002426e-01	1.129552973664041948e-01	4.387627174629077365e-01	-1.575260894660333033e-01	3.504297326653202371e-01	2.370191796769398340e-02	-8.185500246310885297e-02	1.399377038685860608e-01	2.523452553057961567e-01	1.652955932883202472e-01	-2.799358305456107754e-01	-1.770953244680359695e-01	2.738856513656746094e-01	3.404052635956276718e-01	9.583286818561113918e-02	4.500807309764220387e-01	1.448298091689494971e-01	5.381512824751762958e-01	1.733498767873349264e-02
7.466645224428128946e-01	-1.823262421404698574e-01	5.582218624779674565e-01	4.552082577097758542e-01	5.499720197264730270e-01	2.616552669725784042e-01	6.937981184627959319e-01	6.163044376625496090e-01	3.368072040488911956e-01	5.209279709789064183e-01	2.937459601030685818e-01	3.878082774414272071e-01	-2.970669893617998158e-01	-1.872125097353805889e-01	-2.415578737008173826e-01	-1.234098826503088608e-01	-1.424382909575613032e-01	-1.252835564424218118e-01	-1.610911745093297209e-01	-3.017813647343727812e-01	-1.301410228776991029e-01	-7.299318585548925098e-02	-2.947120966114855634e-01	-1.921420084234761183e-01	1.655884895700623569e-02	-1.136819632804499935e-01	-1.061451427383865304e-01	-5.590088637180568726e-02	3.534090840141182466e-02	3.997759909500914199e-01	1.671759449751483440e-01	-4.913610097432256213e-02	-2.045292632775982666e-01	-8.852092265346502009e-02	-1.493279235217965240e-01	-1.122678658474675906e-01	-3.232376993451652747e-01	-8.227490354691580077e-02	1.285407111698580462e-01	5.822823052752754830e-02	2.273623712598298735e-02	-1.097024397979419336e-01	9.022511962714401673e-03	-1.901792744285515924e-02	6.156762307352792174e-02	1.546399405760118528e-01	9.619624018203500049e-02	-9.601998011049850748e-03	-1.130205458260624858e-02	-1.505043035800757434e-01	-1.474532974805662922e-01	-3.528995535511319365e-02	-1.182304576403467866e-01	-2.917742063118224788e-02	-2.130312362414582550e-01	-1.842288870693913339e-01	-1.855429338124389704e-01	-1.153317253815061144e-01	-3.947890765785397327e-02	1.054366008874819266e-02	-4.578236753099221290e-02	-4.509064996980523959e-02	-1.189478967458942882e-02	9.351681892754684991e-03	9.528475458995140646e-02	-1.506664135046060227e-01	-5.647004548094566867e-02	-2.236563265059310079e-01	-1.976629765944148617e-02	-1.367849386645167420e-01	-1.140261247331295635e-01	-7.606071709183324925e-02	-1.801467286231187293e-01	-1.247696824562524454e-01	-2.763437626785837931e-01	-2.584188208360785888e-01	-2.065635269728157697e-01	-2.546933904266918125e-01	-2.443089297949280758e-01	-3.832010886438587671e-01	-2.165326518581578430e-01	-2.681507894494326583e-01	-3.157431782786607188e-01	-6.448607940379623427e-02	-1.332658705479389805e-01	-3.468823677265912148e-02	-1.865612606356604197e-01	-3.650406689658241000e-01	-1.456464155264077243e-01	-1.888490990904121980e-01	-5.606041766221724065e-02	-1.563099395541232561e-01	3.599379472518039746e-02	-7.223805189971733987e-02	-7.598691603916001014e-02	-2.994557323184421915e-01	4.477718925385216125e-05	-4.098644926283891154e-02	1.174573647738644394e-01	-1.098159493627752920e-01	1.000000000000000000e+00	1.846144919444567267e-01	4.603829941163540829e-01	2.730809098704006233e-01	5.307347494809987465e-01	5.717483072199107674e-01	6.760964567812483006e-01	4.446673647691011810e-01	5.399062310712215984e-01	4.476621701452517810e-01	3.366431530698831831e-01	5.794194358556013780e-02	-2.176006996501901047e-01	-1.054958590748312358e-01	-2.322892392171202469e-01	-2.708749191725792205e-01	-4.143289370042816389e-01	-2.561320904085097050e-01	-3.490619037367986149e-02	-3.458485091344094542e-01	-1.159785647769630418e-01	-2.179949741710932865e-01	-3.156420264363213324e-01	2.732120796840449839e-01	-1.165804057717417797e-01	3.193515058495330350e-02	-2.053837972369198239e-01	-4.076464255742842657e-02	6.228978797841220466e-02	-5.379463935438500571e-02	-1.107463407727891647e-01	-1.965205276363457820e-01	-1.906165060056924376e-01	-1.800250151324077896e-01	-1.917197703491389238e-01	-3.177085173602441914e-01	-9.777556506865378583e-02	-3.737879336384651863e-01	-1.616672337781385749e-01	-2.645213307219908550e-01	-7.660417980033308594e-02	-1.304660053207589432e-01	-2.709908762125943227e-01	-1.155388858928836221e-01	1.315534746014491441e-01	1.538598404904298680e-02	-1.552844559552648551e-01	-3.756354758178818143e-01	-2.906445406908903829e-03	7.142102740892726509e-02	-9.518086180871812574e-02	-5.707351850924803627e-02	-1.049707816994293608e-01	1.319453466834367462e-02	8.607679948668627012e-02	-2.204463724418768700e-01	2.450282814259940878e-02	-3.083228914372217466e-01	-3.386690672669272484e-01	-1.782944163028565843e-01	-1.849659046607347868e-01	-8.811359200516229173e-02	7.181992595091696296e-02	3.888874569046112395e-01	-1.828637862597252139e-01	-2.155352622773306082e-01	-1.074433284244886710e-01	-1.466087059763276079e-01	-1.116931455363173592e-01	-6.651420159811383126e-02	-2.807685627004044213e-02	-2.472008531420520905e-01	-2.430380154860710129e-01	2.818959582208829112e-02	2.628684641897624172e-02	-2.541031646638300390e-01	1.634349220706482475e-02	-4.020293687229881813e-02	-1.902541127253933040e-01	-3.311164553637337971e-01	-2.894312856982671212e-02	-2.180809949252150159e-01	-1.241786535035838135e-01	-2.614040226198574568e-01	-1.434288879196526367e-01	-1.917710119068468666e-01	-2.489703355446272748e-01	-6.351969084188290038e-02	-4.255345177824243486e-01	-2.880502741477419248e-01	-1.930462165337237246e-01	-2.020429711759749447e-01	-3.318826384003074198e-02	-2.692556580239336972e-01	1.141112188257907972e-01	4.133071552503191359e-01	-6.404894698294004429e-02	8.470638426622179029e-02	-1.651763067420077558e-01	-6.202468932820285469e-02
1.351296340716273969e-01	4.315340591481321014e-02	3.184332766365580158e-01	6.415745560772164735e-01	-1.573524847452460462e-01	-4.707243866575814839e-01	-1.280393842776977875e-01	-1.107650187358215771e-01	-1.521552519778921267e-02	-1.768551334292610133e-01	-3.984588178719823404e-01	-2.307357942864830536e-01	6.251445284495052435e-02	2.973403716380009221e-01	4.860776995975913534e-02	4.189651982212320158e-01	3.587773779030241084e-01	2.007133248175394236e-01	1.836356736116648847e-01	-4.565346858919475115e-02	1.193815568445463215e-01	5.698800280327107060e-02	1.348326811813544204e-02	1.948369840860055824e-01	7.095408204745758118e-02	1.322499627826683732e-01	1.481011294504777642e-01	1.907815051799487405e-01	-2.227376733509502660e-01	3.212298549610392295e-01	2.530265829269348066e-01	-3.477531521218470423e-01	-5.731200019000896040e-01	1.039097613211359267e-01	3.902597916451361337e-01	3.690798039369995176e-01	1.302133088709830563e-02	5.416767004215981007e-01	1.705902619718643876e-01	2.575137479829427978e-01	6.334071368134208679e-02	1.623826140563166542e-01	6.058385749180487945e-02	6.222936924397867026e-02	3.256521253730166460e-02	1.123466332235623782e-01	5.733469572760817312e-02	-2.244339370837791781e-01	1.205648860459862803e-01	7.752322865469243006e-03	-1.652309380382465109e-01	-6.641440697858665143e-02	-4.574544518925667824e-01	-5.154363935782770856e-01	-6.275274049273709132e-01	-2.539247411565732082e-01	-1.514450339166025228e-01	-5.191677693819536366e-01	8.859388428712534902e-02	-8.391653945355430008e-03	-5.688706115570480587e-02	-5.184636219290184034e-01	1.077843622956901892e-02	1.404427801643241547e-01	2.192813157464392759e-01	1.284184661924710757e-01	-2.712648833383716762e-01	-7.933862328199302316e-02	-1.233935185562300002e-01	-2.872830617269281905e-01	-7.007916702307662726e-01	-5.153878101250832788e-01	-1.665211611619796528e-01	-1.221291827432703508e-01	-3.612741521737080075e-01	4.448845842478939966e-02	-1.535412845953769978e-01	-3.363841458852153549e-02	-4.051710667439645253e-01	-3.420738614656970017e-02	-6.712488082658947253e-01	-3.957309537629585122e-02	-2.112934251166903032e-01	-4.545211106457586192e-01	9.733391049232428816e-02	-1.006529723227900935e-01	2.277720606516831555e-03	-6.385980418006407255e-01	2.518233088681112730e-01	9.448204547426521105e-02	2.891468476198179038e-01	1.221007695872247945e-01	1.713653481703978632e-01	1.693968646750083351e-01	-2.520941671413191587e-01	-4.041415813150049940e-01	-7.179014698583811860e-02	-8.699296837904112872e-03	-5.823811373440643778e-04	-4.036679632229431963e-02	1.846144919444567267e-01	1.000000000000000000e+00	1.371286990315612742e-01	7.798919065780681725e-01	3.357205790209702445e-01	-1.944034132527723002e-01	-1.582400022620705227e-01	-1.221678601098798167e-01	-1.586859837522819616e-01	-2.026444406791635677e-01	-4.248833067285095466e-01	-5.970312103517908531e-01	2.880232055619966203e-01	1.780553349959868303e-01	-7.388484538270972783e-03	-6.314610448253164636e-03	-2.293141301632485585e-01	3.091063099767327738e-01	3.868842356781154179e-01	1.731616175312924721e-01	2.339707039912277686e-01	9.593708515931555214e-02	-9.009395734699431058e-02	8.758196441031587676e-02	1.100822068294832201e-01	5.085852594636917044e-03	-1.881937553559216991e-01	1.905606440314155103e-01	1.350175487672550245e-01	2.479984609717975075e-01	-2.423926603188773510e-01	-1.701459309108226473e-02	-5.931803999615971046e-01	-6.700726489484185588e-01	-1.057794443415596558e-01	-3.066408428594964986e-01	4.565682601691307130e-01	-4.341007596154701151e-03	-2.232916140043581521e-01	-4.470184806962589075e-02	-2.369295834147102098e-01	1.590520573540096239e-01	6.606408717849568402e-02	-1.261170978824347755e-01	1.457300359922053257e-01	1.321068035554252562e-01	-2.543808912715346190e-02	8.323590220711057572e-03	-2.384935825095202411e-01	-4.996830936545772206e-02	-1.706591924654352055e-01	-1.208912479522650102e-01	1.977160411262119527e-02	2.044905134321609724e-02	2.278827521577919679e-01	-5.761335798852219858e-02	4.051592075676275218e-01	-1.774282127249423302e-01	-1.989234666400178653e-01	-7.317941900497693108e-01	-2.013185835898433917e-01	-6.725616088595752773e-01	-3.032461304084416165e-01	1.376650541880909857e-02	-6.995886502718137168e-01	-1.375139642980989785e-01	-1.535927729759453339e-02	1.845209851093725928e-01	1.547944115405675281e-01	1.089923657980362975e-01	3.218148472385020664e-01	-2.143808330099389592e-01	-4.440544949857411217e-01	-1.409976039595509933e-01	1.656846641348214133e-01	-1.806012430309022476e-01	3.943343521631327842e-01	-3.052983987297464563e-01	1.621043060177352058e-01	1.401651094942135863e-02	-4.202553479953944904e-01	-5.537025512345060685e-01	-1.227858603529942000e-01	-3.124162406791868365e-02	1.424036805065302114e-01	-1.676448342438164318e-01	-2.026308037035198795e-02	2.787995711123762432e-01	-5.967530693135175701e-01	-1.783871301500129514e-01	3.789689384645021364e-01	1.375471590453043458e-01	3.428319738108100423e-01	-6.680691937298913752e-01	-4.139965439701653177e-02	7.294998465216581685e-02	2.385899661588216092e-01	-6.605856661822731568e-02	-4.588584785702875396e-02	1.619120762589326690e-01
6.026427977809746261e-01	-1.589961992214038722e-01	7.701743278078490018e-01	5.329757902728093910e-01	1.057592377526487132e-01	6.733083155466683400e-02	2.598092222782238392e-01	4.619690698369314230e-01	2.644044264188042948e-01	2.338375621478310795e-01	-2.909373749319898311e-02	1.088486466853551826e-01	-4.052563600715605729e-01	4.846490976960628194e-02	-2.953003031912431950e-02	6.934201344781124043e-02	1.518409920516088363e-01	8.792970539673008318e-03	-1.230681700465206391e-01	-7.895067013694365143e-02	-6.502114940388557807e-02	4.458541445201141123e-02	-1.871440794237229366e-01	-9.074820028679772554e-02	-1.619124421355045973e-01	-1.052240754545861745e-01	1.856338528427553258e-01	1.120980988573654913e-01	-8.934151316493176009e-02	2.430148997115294529e-01	-1.084841930756451495e-01	-1.167210413248875693e-02	-2.576776359931713389e-01	3.676347560871332520e-01	1.003325334066904745e-01	1.803871572022794911e-01	-1.217940907601125361e-01	2.432748187417775598e-02	2.222222781352914400e-01	5.272624893666301611e-03	-1.594815287232818207e-02	-1.860016144393524251e-01	1.857432846936245968e-02	-1.961313669143758820e-01	-8.201463170830701477e-02	5.634665024183369009e-02	-2.140487071050063417e-01	1.949563994883910792e-03	-2.319792220066351773e-01	-2.658563936397906335e-02	-1.963252913106078024e-01	-4.829703792914560867e-02	-3.327806455183661694e-01	-2.718644511255955409e-01	-3.951383275117011928e-01	-4.544486155733237082e-02	8.151727310403403173e-04	8.534496895482282866e-03	3.235138185806700206e-01	1.995654298182687192e-01	1.602279134733010368e-01	-6.024346945161898614e-02	-5.093403031867470981e-02	7.441638174110819237e-02	9.620449985806256432e-02	5.467307115454442257e-02	1.153602266653229874e-01	-8.845592134450512567e-02	1.960888771406059938e-01	-4.851261131117553388e-02	-1.269975772841233363e-01	-2.180210272246630998e-01	-2.848580636820113865e-01	-2.745985156452906972e-01	-3.525572102801232677e-01	-5.371279319624234355e-02	-4.928424508744123078e-01	-2.590999273367550204e-01	-3.697985705529062694e-01	-4.794367937067225416e-01	-3.435289218994254656e-01	-2.647802981913052189e-01	-4.340906252889865091e-01	-3.650181895378188518e-02	-2.823405335705019836e-01	-9.558826360648034481e-02	-4.073475440289053284e-01	-4.631180996128368976e-01	-5.971556517174052975e-02	-7.890353305597762323e-02	3.824041121192166270e-02	-3.779578206454054512e-01	1.919376262444055792e-01	-7.460061683039752312e-02	-2.076749638992141933e-01	-2.749607600306293032e-01	-1.390340719538287473e-01	-1.849440088713464603e-01	-1.885286116035964354e-01	-4.011424162930332105e-01	4.603829941163540829e-01	1.371286990315612742e-01	1.000000000000000000e+00	3.300158422273175018e-01	1.192965071831293411e-01	2.742824405719655467e-01	3.248497406802467458e-01	1.539181978309092924e-01	3.480935642480068593e-01	1.946614774016026117e-01	-1.801186654359401493e-02	-1.904865433801756769e-01	-8.721788260851778829e-02	1.060957857424003475e-01	-2.619793812949450240e-01	-4.748406676849507846e-02	-1.897093615687179824e-01	9.932722214897911350e-02	4.146587796783624685e-02	-1.131777927141190687e-01	9.504911325707911252e-02	-1.672686099534898829e-01	-1.168631966111026571e-01	1.328081973656721759e-01	-4.970256419972553935e-02	-2.916933743996343725e-02	-2.795573217811566646e-01	6.684528944943234074e-02	2.113676510454718105e-01	2.199154457763189963e-01	-1.823445616722361995e-02	-4.998971476082894605e-01	-2.461201854615075735e-01	-3.088394625992678666e-01	-5.657888829929933611e-02	-2.774469667469010026e-01	3.034301603927620425e-02	-1.824437477329351742e-01	-3.767273950857464304e-01	-2.645114893134516421e-01	2.108532192550380824e-01	-2.037622007862009144e-01	-8.083298623185647402e-02	-1.773935353248171365e-01	1.387804843139617827e-01	-2.012800158158930819e-01	-2.537244382220919525e-01	-3.574497212895313414e-01	-1.044508169713864315e-01	1.436670597715149732e-02	-2.698019154481648418e-01	1.816831236402615124e-01	8.816873040584351229e-02	4.967940639227386851e-03	-6.275319105191262507e-03	-1.578594679969687886e-01	2.729010578527226172e-01	-3.135888776614746409e-01	-5.343692482595474580e-01	-3.443898942718662259e-01	-2.660247684044675931e-01	-2.881259992218692667e-01	7.232602646768461485e-02	7.837764429454235904e-02	-1.931495834071422224e-01	-3.410891597347877335e-02	2.301526825056619263e-01	5.122170699405922956e-02	5.755877130165591715e-02	1.358590865808690928e-01	9.736458143397348775e-02	1.464559726683553609e-01	-3.173595548504820618e-01	-2.380344447124277396e-02	2.978571029204072906e-01	1.788205473991469341e-02	1.821213600256018639e-01	-7.050977836492058892e-02	1.538887794531638153e-01	-1.552532554117493357e-01	-1.864646944668158779e-01	-3.686127931557645621e-01	-2.647367921639837141e-01	-4.905916653039807396e-01	1.042244177663870924e-01	-3.410991401714077442e-01	-3.263364941322542401e-01	-8.064426671995057749e-02	-4.797056109509809652e-01	-1.655352879659777732e-01	-2.412675011505625022e-01	2.904202660924277979e-02	8.221359443843762049e-02	-4.582067857028500057e-01	-1.159808327405842665e-01	8.370268232120949004e-02	-1.924218556272550562e-01	-1.124836341491840079e-02	-2.541523070862106715e-01	-3.178187377843882944e-02
2.017201709666064102e-01	1.237573338749182461e-01	4.730426083847643071e-01	8.256920433344318022e-01	-1.402779512915381666e-01	-4.651304350369069862e-01	-4.443236941570227055e-02	-7.001970657767847550e-02	1.027359898271010437e-02	-1.662666617032355076e-01	-3.977421771315739485e-01	-2.449397904542169602e-01	-4.510430112709157974e-02	3.568917331144952354e-01	-6.264718373069867383e-03	4.181105707136527627e-01	3.378635578769745296e-01	1.499960770851251624e-01	9.361403441196852748e-02	-1.256172976356327575e-01	9.996608522571326372e-02	-1.079036457415696176e-02	-1.224429613588957043e-02	2.255000304975249281e-01	-8.640978633346468873e-02	1.355492914326758003e-01	1.736202174914203422e-01	1.092276748817008064e-01	-2.297937216349981715e-01	3.057834931269516887e-01	3.417132775923659854e-02	-1.775702076948599273e-01	-5.231934252786318851e-01	3.404065711174529829e-01	4.917378710965672473e-01	4.969632827405683351e-01	-4.051977441602275937e-02	5.136958965185782766e-01	2.147670507040094212e-01	3.207222690603833692e-01	-2.564018467496829642e-02	2.227823366320342835e-01	8.600268048260072129e-02	-1.120771098803972354e-01	-1.048373658749208459e-01	1.351550838272424886e-02	1.218621875394890891e-02	-3.285622828135659201e-01	7.024189310240119832e-02	-1.326350405293803547e-01	-8.244091456661047090e-02	-7.095846916491263534e-02	-6.637532116756899025e-01	-7.151864279386388468e-01	-6.121996329698030648e-01	-3.067387920994869566e-01	-1.875261401429688113e-01	-2.841046481578928806e-01	2.436647170819342678e-01	3.025514913916128035e-01	-1.423227289656625724e-03	-5.619240426096694385e-01	3.246481148004515260e-02	9.468642876502371408e-02	3.023714738259223322e-01	2.176646189450993571e-02	-1.018448751733634361e-01	-2.356129592122477648e-02	8.412369638760631985e-02	-2.492057693726720535e-01	-7.085977092515258757e-01	-4.323858520258150318e-01	-1.523919411934874790e-01	-6.343169703421212835e-02	-3.318508649942223943e-01	1.884743963741180098e-02	-2.003977606785671273e-01	-8.120404539260545063e-02	-3.495961177031963740e-01	-1.481977720699251266e-01	-7.327453935481202940e-01	-2.099990536749302972e-01	-2.528545026132233975e-01	-5.709017168451068214e-01	1.311078079280514619e-01	-9.022547616938393633e-02	-4.486000338689764833e-02	-7.416002270939502372e-01	2.087199474969972102e-01	-4.789696507931092556e-02	2.091783251043303204e-01	4.407850025693203083e-02	2.049731892322998739e-01	1.072413367882285307e-01	-2.837393491182541028e-01	-4.559889976923054977e-01	-6.158354710706884921e-02	-1.821600857612112323e-01	3.871791937087548045e-03	-1.412714449167852271e-01	2.730809098704006233e-01	7.798919065780681725e-01	3.300158422273175018e-01	1.000000000000000000e+00	3.215834352278688080e-01	-1.500218794526665955e-01	-1.045015803238773661e-01	-1.665934719103765171e-01	-9.374568215218134770e-02	-1.954650307203840698e-01	-3.930752722765039620e-01	-5.913536876049135804e-01	2.506776794403535735e-01	1.529905361259475405e-01	-6.552435548246159092e-02	3.817613888151710072e-02	-2.964505639092273048e-01	2.782826362585248403e-01	3.867243387607541272e-01	1.685108580708586934e-01	2.414877186743564219e-01	1.414161511110764886e-02	-2.298125537500890769e-01	-7.107180096305944217e-02	-2.376572680222596018e-02	-7.227107478881070191e-02	-2.591700556403409572e-01	2.116906905754359081e-01	1.186809485740057402e-01	2.731904652390940158e-01	-3.116176802424630576e-01	-1.366090179952340056e-01	-4.880677041901201330e-01	-6.449396796059297943e-01	1.932230863349999189e-02	-2.703170321717989211e-01	4.271717022628479521e-01	-1.443388422669038551e-01	-2.992108547230552529e-01	-6.125188501797125540e-02	-2.775290192551982046e-02	7.961508998055519259e-02	6.115691287206203447e-02	-2.782887661044148309e-01	2.849962306189167058e-02	5.529958057622640089e-02	-5.685060586446432501e-02	-5.487175471971394991e-02	-1.644042360539920145e-01	-7.491403574801303034e-02	-2.601584693865184317e-01	-1.873007988605136231e-01	1.802889555927730814e-02	4.048109212374132598e-02	2.214462911970324910e-01	-1.752282758039677424e-01	4.603767073820861366e-01	-1.462529599457729479e-01	-3.485000614054047374e-01	-7.730907973557394897e-01	-3.216635776878778441e-01	-7.792288179325538300e-01	-4.821253587640971783e-01	-5.171352079039619187e-03	-6.250075207033618518e-01	-1.112748351011871861e-01	8.902314248707010602e-02	1.751441679391864403e-01	2.399738748526974441e-01	4.943270323160841445e-02	2.407696114166124890e-01	-1.101712588437364221e-01	-4.938020586836706083e-01	-1.355712080004224662e-01	2.919837610076627121e-01	-1.163794990438547505e-01	4.208866047621660500e-01	-3.508634522851714621e-01	1.463782858828447664e-01	3.440212280162765340e-02	-3.079757969635023018e-01	-4.257575580371648627e-01	-7.249818368282742731e-02	-7.286800383661898306e-02	1.983727082007453457e-01	-6.262048059634886532e-02	-1.813735449207755923e-01	1.343919637891547447e-01	-7.214949648822676087e-01	-1.883173342352374990e-01	3.805194261572473202e-01	4.798997036701857510e-02	4.037140705927211304e-01	-6.848689975043804612e-01	-2.767056744938096394e-03	7.216219275933340171e-02	2.970279387732709386e-01	-1.149080232205385715e-01	-1.430055966077891649e-01	2.073254585918021461e-02
3.798432304637102686e-01	-6.509453367651510391e-02	2.252137718325725457e-01	3.101757001626713195e-01	5.641125607378759677e-01	2.386016423602511094e-01	4.904155754795790911e-01	3.266891167060394507e-01	2.832308169906634365e-01	3.035137777348720367e-01	2.229692554423997886e-01	2.052849791831081183e-01	-1.396301766537520750e-01	-2.444628700810477784e-01	-3.469656703597985281e-01	-1.404605811639549062e-01	-1.544559430687015011e-01	-5.432146210378081819e-02	4.206440379027278492e-02	-2.017806026197784264e-01	-4.212403533353878404e-02	-6.396128971896157533e-02	-1.307694434025496732e-01	-1.793522081480758423e-01	-7.202241087547696374e-02	-1.202319045568425726e-01	-6.481286366324948145e-02	-9.483382068388090946e-02	8.614768947037229618e-02	4.114514163019081239e-01	1.981219140186216143e-01	1.835809679481760492e-01	8.517974304622023818e-02	-8.620510077026923013e-02	-1.719304893150593594e-01	-1.114763573553759352e-01	-1.955034851606767266e-01	1.847035402398984061e-01	2.207667826169980863e-01	-7.159987695755849757e-02	2.269573778633956693e-02	-1.188761650229557404e-01	-1.435886257700781377e-01	1.361264377543107140e-01	7.018905912175137096e-02	1.254103873582678719e-01	8.001057926666362008e-02	-3.655774184876130662e-04	3.169359858192501069e-03	4.609350900836400866e-02	-3.052085236479030184e-01	-1.675527534957266806e-01	-2.258349173796163067e-01	-7.484128903014414247e-02	-1.586408211368393884e-01	-1.641787245981585208e-01	-1.789735653190666076e-01	-1.342891098415351092e-01	-7.604275962985572457e-02	4.214456622593463347e-02	-2.179360166223036008e-02	-1.248337814132280399e-01	-7.238210964477483078e-02	-9.838299339746697791e-02	6.104852621408646263e-02	-6.549196383224950568e-02	-1.499411376085306724e-01	-1.049324519692574342e-01	-8.423806100159764165e-02	-3.710269509837677560e-01	-1.717863787578732537e-01	-1.717199052094753320e-02	1.206941132245346326e-01	-7.695216304991021883e-02	-2.195384008725966840e-01	-2.126594201680337415e-01	1.289204275492666051e-02	-9.866897949279861135e-02	-3.200672528372165704e-02	-1.454985650354122251e-01	-3.495616845321602439e-01	-8.657748196355850856e-02	-3.276095349811984359e-01	-2.522693862321999103e-01	-1.611339156837228170e-01	-1.748096612213973222e-01	-4.712535307166731621e-03	-3.804527655314564050e-01	-1.168716723619774162e-01	-1.150858961636373329e-01	-5.244505363753972776e-02	-8.229382826216614932e-02	-8.801225901651880956e-02	-1.285222376108195452e-01	-1.861823816826546074e-01	-3.409585046368412975e-02	2.208525063045039816e-01	1.539975724972748039e-01	1.052831876512134827e-02	5.128529634742386156e-02	5.307347494809987465e-01	3.357205790209702445e-01	1.192965071831293411e-01	3.215834352278688080e-01	1.000000000000000000e+00	3.992636062581186862e-01	3.723607103830577358e-01	4.122930257397649512e-01	2.895139025894063467e-01	2.486316886961446038e-01	2.529247506447663829e-01	7.272228880274315965e-02	-2.533677035342636885e-01	-1.464419583390010604e-01	-7.666289555299379832e-02	-3.406273876096211350e-01	-3.409056800248854713e-01	-2.663257122288547052e-01	-8.080393538843376466e-02	-2.284203661317250611e-01	-3.372790283893809665e-02	-1.737120794978413291e-02	-3.513062473366317939e-01	1.741601416023502991e-01	-5.665455302289687523e-02	2.218834340805284078e-02	-1.098536719089244218e-01	-7.628377174560647955e-02	2.090519597523550488e-02	2.582391189929095568e-02	1.878569676827612431e-02	7.607212327827604648e-02	-6.021519529052677538e-02	-4.862686834993971280e-02	-2.245802473729061055e-02	-1.031164433672912550e-01	-1.111212295394586186e-01	-2.964632248047731622e-01	1.430021321836428827e-01	-1.588346334700860285e-01	-1.409359931505644592e-01	-1.647670893051010887e-01	-1.153281369930454492e-01	-2.209194717307569056e-01	1.563276298023188182e-01	-8.405088375005748472e-03	-1.183731273882702301e-01	-5.382771210781972515e-02	1.562712776787540669e-01	4.989859375243908823e-02	-1.067507852911789845e-01	-6.629300853922222292e-02	-7.457098190487908285e-02	-3.825327567955324592e-03	1.480714382059345191e-01	-1.748075929472082124e-01	-1.264411810516402092e-02	-2.360054568038927880e-01	-2.380637802016195292e-01	-2.691376452718702295e-01	-2.615554018466475505e-01	-1.679538677639652311e-01	-1.213555912102016882e-01	4.476819253289075484e-01	-2.793755992703640390e-01	-2.016475143228821099e-01	6.435700106427300927e-03	-1.198367179817417250e-01	-3.236699704277160028e-02	-1.575920289188700585e-01	-1.391007057008607391e-02	-2.388872880627401774e-01	-1.618085193773084740e-01	-2.300421077509016282e-02	-6.880376750372367567e-02	-1.903536936655479406e-01	3.124879120175057257e-02	-1.819345790420852024e-02	-1.941647792426581254e-01	-8.944953705500084673e-02	4.086627352814577868e-02	-6.547595616997242685e-02	-6.384108019951995061e-02	1.112662487014383778e-01	-1.232931919853130359e-01	3.294932956757772036e-02	-5.166063922083895948e-02	5.647506845991866198e-02	-3.743891888298835346e-01	-2.179884283571141279e-01	-1.056612784471558236e-01	-1.002718067528962087e-01	-5.585755356622733314e-02	-1.429562525347956858e-01	3.090232189135241336e-01	4.097255405768472913e-01	-9.679106444651410998e-03	-1.067490826772190954e-01	-1.608102683856500459e-01	-3.908389830263877401e-02
5.594346722432841368e-01	2.065395838873649095e-02	3.400183709649071684e-01	9.631787563247327932e-02	7.497078871654881960e-01	7.590208070947147556e-01	6.869047544280204587e-01	6.990425504098743970e-01	4.124152232513241811e-01	8.012015600538289206e-01	6.682151288713362725e-01	8.345412159411573771e-01	-4.201130250981422454e-01	-4.651367811404732433e-01	-4.238003079246555060e-01	-3.955487126893935113e-01	-4.960217001498904432e-01	-4.192785708057001903e-01	-4.389551909042310740e-01	-4.586087897418140158e-01	-1.208302419757214252e-01	-1.220028817437383978e-01	-3.720259919120632586e-01	-2.314856567650635244e-01	8.262176597535844658e-02	-2.069792859304385446e-01	-2.247411731877070606e-01	-2.393527129153634747e-01	2.482142760342439247e-01	2.994314478480684105e-01	2.446095017552617490e-01	3.179024097149122374e-01	3.254396836878009069e-01	-3.065911699733824824e-01	-4.542533910767290739e-01	-4.887359594497046045e-01	-5.013873597006800464e-01	-4.746692647578197866e-01	-7.504766686778843732e-02	-8.080055472642616587e-02	2.785406594149431730e-02	-1.876702742080824104e-01	-1.234152610931821964e-01	-1.519214038584707771e-01	1.730171867138854125e-01	4.975318821582958018e-02	1.492444727392564230e-01	-5.656628691306463119e-02	-1.270105813241291515e-01	-1.100078489828043293e-01	-1.456845647989259140e-01	-3.709594101958333529e-02	1.995695930429150222e-01	3.358270222757634982e-01	2.904072171790569867e-01	-1.034161671740108923e-01	-1.327264716083512430e-01	5.299368217791192159e-02	-2.234625982429502278e-01	-8.612411064127059590e-02	-1.850710166655549493e-01	2.603162988283808654e-01	-1.361614300459010052e-01	-2.140792534114872858e-01	-1.080080616704835322e-01	-1.834391662286432856e-01	2.608687337614333870e-02	-2.335131733317077074e-01	-1.074199401910930218e-01	-1.002132581768889336e-01	3.169307637039884273e-01	4.109090923807847684e-01	1.149256216266681396e-01	6.208234652211439691e-02	-2.286110492219594337e-01	-4.350306832587451100e-01	-1.131127986518765255e-01	-2.519254591125088538e-01	6.954718798803784241e-02	-2.460678154378111993e-01	1.913495630150144622e-01	-2.657989322677087873e-01	-3.446275983561117306e-01	2.623725893430828640e-02	-3.210685482338628827e-01	-1.394542625557095572e-01	-2.239529086140223946e-01	-6.064503552679981202e-02	-4.899791723910991159e-01	-4.602245490918785431e-01	-4.469740888056086825e-01	-3.009775050711390731e-01	-1.135462628224477993e-01	-3.227154401190866495e-01	-4.051458101789948835e-02	1.431613277203550305e-01	2.048013908565704255e-01	-5.256272187859406184e-03	-4.327246897353338034e-02	-3.036837532244065704e-02	5.717483072199108785e-01	-1.944034132527723002e-01	2.742824405719655467e-01	-1.500218794526665955e-01	3.992636062581186862e-01	1.000000000000000000e+00	8.040295184236698756e-01	6.721813730034087442e-01	7.287478799723372536e-01	7.188837002835325451e-01	7.602752344364226422e-01	6.156592122290286406e-01	-4.234611060366803015e-01	-2.878863787414359110e-01	-4.377725554161774890e-01	-3.376525075474396953e-01	-3.357716922133218707e-01	-5.082371091617974290e-01	-3.256854121728007256e-01	-4.560826978757743233e-01	-5.334505760026355681e-01	-4.598975997754088385e-01	-3.958561128527522954e-01	1.099236484919038498e-01	-1.848543937853141805e-01	-8.522663099528847430e-02	-2.154739131711505273e-01	-1.741470820790056162e-01	-4.053265771026739323e-02	-2.396847087578784785e-01	1.306043353463639811e-01	-4.951012914279580290e-02	2.316253221801461981e-01	3.116194342082632684e-01	-7.859042607171881634e-02	-1.133939912019069074e-01	-4.480208306670884211e-01	-4.668145869091345768e-01	1.544189950308920423e-01	-4.022409244584936316e-01	-1.392309250200436666e-01	-3.472993507898966548e-01	-2.993562511083288635e-01	1.327631682669786761e-01	4.783057826762682901e-02	-4.448221482314750758e-02	-9.511368013629042939e-02	-4.048909347063623376e-01	1.103535702594528184e-01	2.026590474848524726e-02	1.269828380180877854e-02	-1.398970811119708453e-02	-2.595315481562789905e-01	-1.115772057232320424e-01	4.625577816354496663e-03	-1.392008601155249603e-01	-2.855751795307132634e-01	-2.379742372699958086e-01	-2.539197312151268981e-01	2.968618406723816938e-01	-1.335627380005627585e-01	3.012634306954125596e-01	2.451606527015683656e-01	2.584210754736288584e-01	2.009479940570040868e-01	-2.386853616591558258e-01	-8.912150577320308853e-02	-3.328081814463078603e-01	-2.842256791549262473e-01	-2.394777266490089040e-01	-3.657318492827209000e-01	-2.980011248576303062e-01	6.918084244103024638e-02	2.630562960995693270e-02	-2.405330759041353350e-01	-1.676005853243545118e-01	-2.345692558128225358e-01	-1.149881454164570051e-03	-4.697292903696876909e-01	-3.400387023618375859e-01	3.994399502016797165e-01	2.209090307313943957e-01	5.974907674649448941e-02	-1.659726819343159965e-01	-4.056169908359596454e-01	-1.328284596645689375e-01	-1.779566246904603632e-01	-1.870676175051628476e-01	-1.549536194168072978e-01	-3.273014158031371523e-01	-4.837446825728788369e-01	-3.968410485305117197e-01	-4.273250883778976772e-01	1.664199423344804307e-01	2.021525685677665607e-01	1.444863614253831530e-01	-2.344162010173463373e-01	-6.828403155444304207e-02	-1.291945083623811663e-01	-2.169783651424524173e-01
6.641458502940551512e-01	-4.391303340820566781e-02	4.593535496896235526e-01	1.311612818639941447e-01	6.108064959484863499e-01	5.684698950555847619e-01	6.909943798320375974e-01	7.034366083564199679e-01	3.655052592752978668e-01	7.488891153326138195e-01	5.860063776361573717e-01	7.272536008698653465e-01	-3.603178318539652647e-01	-3.462232134051250743e-01	-2.322809254362564746e-01	-2.718710697845403423e-01	-3.418949090967317583e-01	-2.626703621641536257e-01	-3.558923434433282629e-01	-3.155333495633570462e-01	-1.572266312101319730e-01	-7.219647298869362462e-02	-3.067146568227172576e-01	-2.445011517179709604e-01	1.818846418625819084e-02	-8.546715091412229737e-02	-1.638398050326242139e-01	-2.314581420083559049e-01	1.140593419277878828e-01	2.234049085171301297e-01	1.652838994491055979e-01	1.251986738333674964e-01	1.288978866799273537e-01	-3.264353852987202376e-01	-4.795793514935863255e-01	-4.061560680930511591e-01	-4.089642742905729156e-01	-3.323312311870304514e-01	-7.746248397591337653e-02	-7.887044641342502715e-02	7.125928294399878904e-02	-1.682586989856647841e-01	-8.328101385952027536e-02	-3.737713076695816511e-02	1.410975610996320628e-01	3.393329271793026937e-03	-2.857663599832598045e-02	-1.221820411859019517e-01	-1.104662656006816235e-01	-1.313505702728693936e-01	-9.674770210675354143e-02	1.291869264535147263e-02	1.311447313076280485e-01	3.090467687987550338e-01	1.464267505654141821e-01	-4.830994762221445943e-02	-1.942127762867880691e-01	-3.289175557678142292e-02	-2.605159941097033860e-01	-1.606328297504616698e-01	-1.085032047676509764e-01	7.771394799102045170e-02	-1.621547034942350807e-01	-1.872983026827192976e-01	-1.534172351527220424e-01	-2.553181560773603587e-01	-4.305695207072786010e-03	-3.143445976323648305e-01	-1.954453997008672173e-01	-7.645157565443269632e-02	1.840932655743587054e-01	2.617586770842204591e-01	6.158049826807476812e-02	-6.049272934275501390e-02	-2.426541517684832616e-01	-3.679697489150016154e-01	-8.848535043411100143e-02	-2.450079275688747948e-01	4.545724175120763495e-03	-1.859885282768200532e-01	1.328521804873351309e-01	-2.488550873642671191e-01	-3.483621471541754056e-01	2.601077363850049298e-03	-2.648303870326086940e-01	-1.434354830908766421e-01	-2.854534387065928991e-01	-1.212995013763600999e-01	-4.195273687203121549e-01	-4.408432024372406777e-01	-4.267844717879950012e-01	-3.440772678687577524e-01	-1.141618158128864247e-01	-2.712366207301932231e-01	-1.433071874528268619e-01	2.611118176641044272e-02	1.928503824422636848e-01	6.331167978374923136e-03	-6.856252736688722704e-02	-4.881959673022510937e-02	6.760964567812483006e-01	-1.582400022620705227e-01	3.248497406802468013e-01	-1.045015803238773661e-01	3.723607103830577358e-01	8.040295184236698756e-01	1.000000000000000000e+00	6.554415272727298625e-01	7.288789220217573028e-01	7.318747454141621978e-01	7.066206503222243196e-01	4.459506558724852243e-01	-3.608026405709977014e-01	-2.177787582966415614e-01	-2.514613485501029921e-01	-1.983716968418483273e-01	-2.557861693833622385e-01	-3.176772370625224884e-01	-1.948280292624691434e-01	-4.019052223520715450e-01	-4.078570394998159432e-01	-4.475187819934733358e-01	-3.186916198573734316e-01	1.939803553926708612e-01	-1.779100410550093769e-01	-1.954371237393587313e-02	-9.939518215337261875e-02	-4.435487266591339045e-02	7.152798736569511429e-02	-1.502660121316311270e-01	-1.451114376537830652e-02	-8.874545112634654731e-02	1.425995696907974564e-01	1.427891048250704842e-01	-1.603473223351998544e-01	-2.298049835686530595e-01	-3.898022811719064618e-01	-4.277967419701307894e-01	1.104396471136935148e-01	-2.580213425023959450e-01	-9.951605786506834139e-02	-1.926553394527124319e-01	-4.085655816656581507e-01	3.189832081873638508e-02	5.644972451235191757e-02	-6.601632673521326544e-02	-4.762009948238092594e-02	-3.299400842332958494e-01	1.727438331876266775e-01	-7.305647050702909501e-04	-1.051517829817597421e-01	-8.095771731210892053e-02	-2.397038453965621707e-01	-5.272251469610610142e-02	5.198885044035942565e-02	-7.440257445241958700e-02	-1.359796475827223239e-01	-1.787735062813789189e-01	-2.229195103076871132e-01	2.005558702862342835e-01	-1.463441759051753721e-01	2.761039368188325516e-01	2.428176267439985936e-01	2.697184065140855180e-01	1.306565072245056691e-01	-2.493806455914886755e-01	-1.214552608121686333e-02	-3.688882035287084360e-01	-3.671745004586024486e-01	-2.169482358639704678e-01	-1.937887779061227833e-01	-1.803525199553293878e-01	-3.800955099472713011e-02	1.230263317004139968e-02	-1.914591036257457801e-01	-2.473542261695001188e-01	-1.370312060277354693e-01	-2.351556623266438592e-02	-4.303102296889175227e-01	-2.905700529232103091e-01	2.709660858917148918e-01	1.145726553716506779e-01	-4.582351437748877904e-02	-2.712445892503248523e-01	-3.310906718664078929e-01	-1.170171636510755897e-01	-2.210802202377029624e-01	-1.547295002324499402e-01	-2.220602446605551561e-01	-2.771169733370958954e-01	-5.053839332868400591e-01	-3.989679041814847560e-01	-3.600018579815537079e-01	9.065228743110984033e-02	2.491605011780708701e-01	2.812646673456599689e-01	-2.357898913874249824e-01	-1.362381995807847301e-01	-2.320891111244593741e-01	-1.896270432787988403e-01
4.413998324759454972e-01	-8.506717582732185867e-02	2.412821107334012227e-01	2.239829660527075869e-02	6.792951983580105546e-01	6.017531784088450131e-01	6.639512433798691049e-01	6.653591192104342245e-01	6.402207100519917704e-01	7.097845543562246728e-01	6.766787741370504650e-01	6.255842560024872379e-01	-1.427220573772366823e-02	-3.055517019418115265e-01	-1.841673545387693123e-01	-1.782245144747094667e-01	-2.590086877420969547e-01	-2.052459059820538889e-01	-5.753734034351033755e-02	-1.578222809295495022e-01	4.365425293523025191e-02	8.818974921532367339e-02	-6.707389979712442829e-02	-1.204800487336604164e-01	2.145570611625773616e-01	-2.245406385299153137e-02	-1.596075372672720316e-01	3.015827163955367082e-02	2.388101604367963982e-01	3.245530857171370909e-01	3.838355470453642670e-01	1.914661771521388167e-01	2.193378766685662451e-01	-2.697122505366105205e-01	-4.147376185216150035e-01	-3.607182387022988546e-01	-1.664822863626805871e-01	-1.890035607947322949e-01	-8.747850953018793119e-02	-3.788652851702217772e-02	2.228366904384952996e-01	-6.649258680709342617e-02	-1.121262141672641766e-01	1.566687417065727450e-01	1.307572084931404865e-01	1.971584796813029561e-01	6.990259718511510068e-02	-1.770990183351343616e-01	-6.369335264074850456e-02	-7.687729997346899602e-02	-1.122053018245108974e-01	-7.308630996668478985e-02	7.121613907442454761e-02	2.472020987278021331e-01	1.953450949900604472e-01	6.079638726154224480e-03	-2.822500032593126471e-02	-7.380476861805070066e-02	-2.339671995167940943e-01	-1.677492922545655574e-01	-1.740300081642324470e-01	1.435520710185606841e-01	-2.818608239094339551e-01	-1.565701860579571392e-01	-1.541376435364798791e-01	-5.941445081989072535e-02	-1.003171586306803725e-02	-2.219208726280658961e-01	-2.624598327823136623e-01	-1.151827866106011067e-01	1.293838049629755516e-01	1.650112708379770643e-01	-1.083876949778698855e-02	-8.000814588010589368e-02	-2.762308912676513240e-01	-5.210168949267832694e-01	-1.598703103524120872e-01	-1.779961472823377300e-01	-6.182789767058879948e-02	-2.012655729478468880e-01	1.087395158959185565e-01	-2.799280179302799376e-01	-4.393659444381947665e-01	-2.873880781157573880e-02	-3.165690176516827159e-01	-2.756484852510583949e-01	-3.183103609564634229e-01	-1.167737617031317510e-01	-5.413620776299598036e-01	-4.649679404342841882e-01	-4.314974753674597485e-01	-3.491295778588355270e-01	-1.411474846460787913e-01	-3.858335568857030329e-01	-7.197537896636721499e-02	9.655476813230651212e-02	3.206781401160360145e-01	2.442241011614937618e-01	-1.178622909025362347e-01	-3.015806235349843475e-02	4.446673647691011810e-01	-1.221678601098798167e-01	1.539181978309092924e-01	-1.665934719103765449e-01	4.122930257397649512e-01	6.721813730034087442e-01	6.554415272727297515e-01	1.000000000000000000e+00	5.712720349821059918e-01	6.990466151006016204e-01	6.503987893821639998e-01	4.411147319409902123e-01	-1.644567642920497508e-01	2.492570755649931025e-02	1.654060900293630523e-02	-1.179398652932146796e-01	-5.412445629474647163e-02	-2.545551353701197006e-01	-8.575732324803402029e-02	-1.718462582995206600e-01	-1.489157467887418096e-01	-1.326389918972569193e-01	-7.602783721087436053e-02	3.078079914405959516e-01	3.602010570895818747e-02	1.687076516969411022e-01	1.184015003692753115e-01	8.794815761046548275e-02	1.822413637197569658e-01	-9.854635565753373794e-02	2.292132720799342493e-01	4.948857664067632389e-02	1.916259817780812669e-01	2.427802857001852554e-01	1.039784286562331628e-01	6.384367869542909024e-02	-2.565347761785511937e-01	-1.715997489538139409e-01	1.973111825118188112e-01	-8.520431459401357419e-03	-5.180627051152290191e-02	1.445978234755155439e-02	-1.047987841252026181e-01	7.162335615146953050e-02	1.565443166810567277e-01	1.730121908917646723e-01	1.145386598115542970e-01	-1.452545067547901247e-01	2.429436737742758368e-01	1.581855500911288070e-01	1.926016656388104820e-01	6.162621677022554756e-02	-1.944204735458514854e-01	-4.863254882062807705e-02	1.770115566395501217e-01	-9.605629400637431814e-02	-2.762937124605080452e-01	-1.553017188173898833e-01	-1.782510099178961915e-01	2.136113101084838040e-01	-9.696210055230348318e-03	2.289066914743415337e-01	2.290035249575084753e-01	3.506581644817366450e-01	2.106056162284860589e-01	-7.852231574394855085e-02	1.614676101467567987e-02	-1.021073020223924877e-01	-1.011409916948603216e-01	-1.785749369287794597e-01	-1.445893894438384231e-01	-5.420052233437808870e-02	5.462592341122515793e-02	1.037056117248838505e-01	-1.500288220745197021e-01	-1.132397540654439955e-01	-7.117138917471778348e-02	-1.176596867867248236e-01	-4.318468978458232521e-01	-3.676457493221724215e-01	1.904579405273770509e-01	1.074705295322882920e-01	-1.081916043763114614e-02	-6.922195346242331071e-02	-2.901175220122078624e-01	-1.160109891909639895e-01	-7.690987215502680108e-02	-1.291774302388875306e-01	-1.431326420800747290e-01	-3.758066821954003656e-01	-4.947204742782060904e-01	-3.924440840790789919e-01	-3.481015335258121901e-01	1.720350019934545338e-01	3.839862964702341896e-01	3.856832339972287027e-01	-2.321302963323271518e-01	-1.212690237224357953e-01	-5.866478407784576216e-02	-3.627646896763223050e-02
5.904529812819465651e-01	1.346398147493645114e-01	3.186269473183830359e-01	1.641250481774046976e-01	6.617854641069333965e-01	6.456898450005768009e-01	5.745080748898099277e-01	7.066261854419829680e-01	2.732040885029747845e-01	8.739759269133507980e-01	6.046583558834547345e-01	7.675675882119252780e-01	-5.158055378345643982e-01	-4.045020507429604173e-01	-3.785325849827385070e-01	-3.634487040868573660e-01	-4.125526270116625094e-01	-4.166533275958697602e-01	-3.657564198919125431e-01	-3.791625096532447170e-01	-3.585622485473228815e-01	-2.255327009081547762e-01	-2.638077278236591328e-01	-3.511435972309505105e-01	-9.819493632768670766e-02	-2.485347424027720964e-01	-1.465238171477689921e-01	-9.010772368765673779e-02	2.284048131842759122e-01	2.862773154682042298e-01	2.433631276715639280e-01	2.993390262094938747e-01	2.305244108200841802e-01	-1.406907255893847519e-01	-3.486144948575867764e-01	-3.210470607156291067e-01	-5.443995562070076399e-01	-4.417091815639782593e-01	5.525516783521316339e-02	-1.918402361125325084e-01	-8.819709282113011306e-02	-1.921393974957912865e-01	-8.905470484228120154e-02	-8.571890268438411842e-02	2.610702383961559514e-01	6.762310151425759974e-02	5.866996974915716229e-02	8.463947111121213063e-02	-7.692623103540277563e-02	-7.657946845989427277e-04	-2.089270482466997481e-01	-2.446972148981998163e-01	8.747277006619334772e-03	1.726386398561882418e-01	1.305050539495906936e-01	-1.279403702639297924e-01	-1.610136662428300058e-01	4.417165074164112158e-03	-5.481980641888612588e-02	9.892231691322828091e-02	2.949968160223653130e-02	2.265413638037582778e-01	-9.762700835434169611e-02	-1.640522789878626486e-01	-6.166585999670047558e-02	-1.956512853565868237e-01	5.514805724863408240e-03	-1.969265776677564805e-01	-3.967870790993133223e-02	-4.603596666918472607e-02	2.672133188119576452e-01	3.424130250489483274e-01	3.859042215525845809e-02	5.556148658137465002e-02	-2.007973607547793859e-01	-2.966520725415798809e-01	-2.006144373930690838e-01	-1.553255400046797685e-01	3.722271238251276260e-02	-2.977910117839805415e-01	1.649620709376219130e-01	-9.409206975663367278e-02	-3.622045961200042741e-01	1.092590204517513916e-02	-2.757200173288956169e-01	-4.782195859554031619e-02	-1.383057991675941678e-01	-1.020131005867136176e-01	-3.945161922609353722e-01	-3.178032141116839959e-01	-3.480498888022925397e-01	-3.462480585832383717e-01	-2.322997343364507083e-01	-3.682627385099467854e-01	-9.177716289148982187e-02	9.600861278299953339e-02	2.034547601453587373e-01	-5.721151028876174383e-02	-1.872983451125687093e-02	-7.128064458904000145e-02	5.399062310712215984e-01	-1.586859837522819616e-01	3.480935642480068593e-01	-9.374568215218134770e-02	2.895139025894063467e-01	7.287478799723372536e-01	7.288789220217573028e-01	5.712720349821059918e-01	1.000000000000000000e+00	8.124081295684256743e-01	6.640742866022499857e-01	5.140799086208448498e-01	-3.555468985305554330e-01	-1.071174553893481096e-01	-3.359335199157267859e-01	-1.930971991559944645e-01	-2.727321857335904265e-01	-2.797746535705118442e-01	-2.685591549700858116e-01	-3.322473394466585184e-01	-3.812422315451998167e-01	-3.893190437630330569e-01	-2.321570317196155198e-01	1.140235940609031356e-01	-1.080801821754297648e-01	-8.310231886746892449e-02	-2.083337478583908164e-01	-6.829393728053814727e-02	-3.280836574478573214e-02	-8.751210988440588645e-02	1.031139361507648206e-01	-1.755131828351996492e-01	2.127464059999800428e-01	1.760766555123889354e-01	9.791234934097749198e-02	-9.197140174797963086e-02	-4.494459921074587805e-01	-3.398011687166663797e-01	-1.290204774415087269e-02	-3.397295296760806105e-01	1.142411844282676808e-01	-3.207521483672379770e-01	-1.716581626816535144e-01	-8.752725835512850661e-02	-1.382763417270413964e-01	-1.788243133050004818e-02	1.137629268427155366e-01	-2.218846231073723363e-01	2.143335031870310936e-01	1.162345096537033551e-01	7.160588961605983925e-03	8.401973100575545195e-02	2.375285078463375277e-02	1.339945670840820557e-01	9.065735230241939169e-02	1.859386310240031953e-02	-3.002878444174141292e-01	-2.577632240828166554e-01	-3.746974923517070732e-01	2.288496872419953920e-01	-1.873573350032644302e-01	2.258353824704445456e-01	1.022291718183371001e-01	1.659757020729337451e-01	2.572354101448484642e-01	-1.619833870574888951e-02	9.819971685627658375e-02	-1.048383821620064993e-01	-2.222097239655231038e-01	-1.882568297831339887e-01	-2.285694974745672292e-01	-5.518355009678830442e-02	1.254459232226668997e-01	2.586340950682687323e-01	1.282172930018767552e-02	2.081826742576151426e-02	-1.587650069125975949e-01	-3.020531272607948625e-02	-2.600469385418859858e-01	-1.914339790670550601e-01	3.652019232427085593e-01	1.189039025602404848e-01	1.159084359015253307e-01	-1.754434443685345402e-01	-1.194951514800777492e-01	7.330588588085430258e-04	-2.608983620758432292e-02	-2.088040859407999106e-01	-1.488747457591860779e-01	-2.307937044448654662e-01	-5.167176839875996519e-01	-2.684729030730385602e-01	-3.206414139299856303e-01	1.065576596813135463e-01	1.843657399884141845e-01	8.455925736364118539e-02	-1.845060759452133992e-01	-3.875562619020147398e-02	-2.924178274220907703e-01	-2.874092927932060948e-01
5.014344271375139606e-01	1.540212892506038489e-01	2.397501750006698351e-01	-5.033848254312891547e-03	6.446604569193656875e-01	6.591280763777963569e-01	5.811953123637854102e-01	7.266029095072369381e-01	3.398374904451467726e-01	8.747176675349486175e-01	7.438187982465285231e-01	7.931790327045066258e-01	-3.695425827375035110e-01	-3.663689226723104708e-01	-2.899947481620285816e-01	-3.613734656912063747e-01	-3.706628782232349040e-01	-3.718958297190196327e-01	-3.757080714298718371e-01	-3.709962259713479593e-01	-2.121372196743553096e-01	-1.205588432809865662e-01	-2.917102961873418998e-01	-1.910829531062215314e-01	6.715973422522465881e-03	-8.611244686583409413e-02	-2.769073297556597923e-01	-1.580840716207799201e-01	1.400359820488287221e-01	2.413890153109405079e-01	3.799032844879985937e-01	2.521570768438424759e-01	2.942870960734362273e-01	-2.713994502107230922e-01	-3.961208079990271025e-01	-3.692164366372926998e-01	-3.867169869811121208e-01	-4.274901749588356781e-01	-1.079084296099912244e-01	-7.472929738559991319e-02	1.698624289448224861e-03	-6.677371313329909241e-02	-9.064908728694157092e-02	4.811481389370855788e-02	3.027326911513448238e-01	1.364474110996962974e-01	1.268843865100820478e-01	8.815479579688242917e-03	4.294974500860303246e-02	-5.461766861014758639e-02	-8.901113891929965383e-02	-1.389093292807243862e-01	1.096018383893989645e-01	2.460216717550214593e-01	2.266883092398174482e-01	-8.455791615003849238e-02	-9.361665844472817632e-02	-6.747268316401126842e-02	-1.965035369586103642e-01	-2.478303268902878886e-02	-1.614862460855126247e-01	1.956156029536590124e-01	-3.336417170772825735e-01	-2.676674409460699788e-01	-2.517883565323958961e-01	-1.832734205834494479e-01	-3.133343346262011664e-02	-2.482307685399737507e-01	-2.325539221853452354e-01	4.315768043857466651e-02	2.755416670647999333e-01	4.079229551033928258e-01	1.087812949510565397e-01	1.061329482485428716e-01	-2.578724599337329226e-01	-5.113778861727141800e-01	-1.927245056311139293e-01	-1.882384096674908636e-01	5.198082112988518938e-02	-2.392353178588350893e-01	3.117086079821044242e-01	-1.968100802914427294e-01	-4.279119863404682311e-01	-1.872201494805089336e-02	-3.546120867518857134e-01	-2.323028849843555010e-01	-2.988286834512581258e-01	-6.365004465579493509e-02	-5.129835590307362247e-01	-5.392787456872406571e-01	-4.763581235984195028e-01	-3.558510538499439768e-01	-3.047142186603363778e-01	-4.108705608298273693e-01	-1.070454209791996542e-01	1.208322598320307334e-01	1.984926042276038416e-01	1.320210016082819585e-03	-1.654256165682100599e-01	-1.063101447390887994e-01	4.476621701452517810e-01	-2.026444406791635677e-01	1.946614774016025839e-01	-1.954650307203840698e-01	2.486316886961446038e-01	7.188837002835325451e-01	7.318747454141621978e-01	6.990466151006015094e-01	8.124081295684255632e-01	1.000000000000000000e+00	7.658089112479341543e-01	6.124113009854778023e-01	-2.822175920958493456e-01	-8.478327384386662169e-02	-2.475765648959435128e-01	8.361757795407178534e-03	-8.097375250187081874e-02	-2.327990026597049344e-01	-1.741258322548474569e-01	-2.382102748464947906e-01	-4.257918295070740600e-01	-4.282909618136600538e-01	-1.958303601929334281e-01	1.125793179555608370e-01	-8.389352545444786480e-02	-2.072558880645954810e-02	-9.398758108660006105e-02	2.838339477614965078e-02	-4.713187690048334204e-03	-2.389800272905206191e-01	1.465462756415230883e-01	9.058408398165400388e-03	2.950475187741017913e-01	2.870467313034629764e-01	1.814317334298038709e-01	3.576713524104248310e-02	-4.423824392104375169e-01	-2.727869328726842957e-01	1.572236971896738555e-01	-1.777195659556438656e-01	4.082245598715292245e-02	-1.189504442341265816e-01	-1.599171416866209949e-01	4.728162168474188409e-02	-6.147015353205769611e-02	1.530601460105854572e-01	2.360048312687952898e-01	-1.947504919691592229e-01	2.834973443240740298e-01	2.298561310190418150e-01	1.803157447471531172e-01	8.854007415871142928e-02	-1.022583429826804530e-02	1.396870497973341507e-01	1.648623095046158060e-01	4.553032581568430825e-02	-3.117814417212215750e-01	-1.417275477962963992e-01	-3.177736309167183415e-01	3.752365067824103839e-01	-1.628922887336565206e-01	3.150253759320346125e-01	1.847892076432395836e-01	1.090203104701375353e-01	3.632615368103644937e-01	-7.512841399208440747e-03	3.291592038700926620e-02	-1.561642414512268429e-01	-3.443699426350285142e-01	-2.342846309191043419e-01	-3.155973276993028764e-01	-1.046837561241554526e-01	2.335917980086444079e-01	2.928553765644594797e-01	-8.845598281789264494e-02	-9.202829929171636725e-02	-2.237310412574179119e-01	-1.069733742660221865e-01	-3.756101407733017927e-01	-2.303265662535283476e-01	4.317242998327734393e-01	2.296353164661899537e-01	1.494600804900665936e-01	-8.834545098554785758e-02	-2.279327694316929664e-01	-5.004925424199611200e-02	-9.169204189638907598e-02	-2.471039451665447140e-01	-8.265977842500121797e-02	-2.850518183585151744e-01	-5.606318209901539618e-01	-3.206878666734792049e-01	-4.326134792084755376e-01	2.522975042648498145e-01	2.528638694924795760e-01	7.320183183026625351e-02	-2.490443796941710086e-01	-5.046132983259875304e-02	-1.822307713821847697e-01	-2.053788780456185514e-01
3.091680457419254124e-01	1.724883492045214961e-01	7.029670753672201920e-03	-2.410028166871082123e-01	6.781780858819137503e-01	7.628393973048447352e-01	5.855204804359356308e-01	6.082266351790183156e-01	3.039964913384943235e-01	7.747448851421111504e-01	8.507443700668856357e-01	8.023415657791924671e-01	-2.192359850210335026e-01	-4.981675509965489135e-01	-4.007370638798726237e-01	-5.101756498176552856e-01	-5.482090539324921963e-01	-3.708185822775514340e-01	-3.383973523304538156e-01	-2.800784446426812790e-01	-1.395402616224056813e-01	-6.752210439316293222e-02	-2.383002060675449563e-01	-1.898395104164082581e-01	-2.036616487000946635e-02	-1.254061182029873045e-01	-2.028827711934334255e-01	-3.051550328881439955e-01	3.278081893352499665e-01	1.332005946455742385e-01	2.903389397609716371e-01	4.415652291426180320e-01	5.382009527298388107e-01	-4.537007969209773672e-01	-6.371792450475916025e-01	-6.148605777420376173e-01	-3.799264730547659563e-01	-5.204437864984386986e-01	-2.616207626318587387e-01	-1.880757053833873593e-01	-3.137072455913503949e-02	-1.810129936603890044e-01	-3.210050659855035460e-01	1.378291554697682053e-01	2.808339929379986000e-01	-2.763145978521119178e-02	1.830867032459647936e-01	-3.878138439226679751e-02	-1.540005345847332008e-01	-2.328459379296419357e-02	-6.968416601156911250e-02	-1.074868467299829183e-01	3.049899893031720599e-01	5.134592854490415137e-01	4.637483515739012074e-01	-2.796504567076154094e-02	-1.075618997502937602e-01	1.813090040878047038e-01	-3.819572348750266966e-01	-1.024462255308911524e-01	-1.086122151766706206e-01	2.346907812133285087e-01	-2.649356798415494763e-01	-4.548374859118342051e-01	-3.320358727514939323e-01	-2.610026191810868035e-01	5.342869516509773931e-02	-1.823775023331048462e-01	-2.226876976567202793e-01	-7.477254059196161706e-02	4.712810721473934539e-01	6.869189876859039812e-01	3.861054917751081117e-01	3.340220051325858419e-01	-1.004642559495555823e-02	-4.163271003985682395e-01	1.771864688097354035e-01	-1.440102910860031893e-02	4.288505787654260382e-01	-3.305370027492682272e-02	4.476882430144785707e-01	-9.667338234177093315e-02	-2.487142351361644466e-01	9.313296114283189930e-02	-2.904223799765492942e-01	-1.717255433530811004e-01	-3.921197639007191482e-02	1.881442295392969644e-01	-5.425292136712285274e-01	-5.379974502084969856e-01	-6.109853669589074832e-01	-3.808332710316346126e-01	-4.157643693273522234e-01	-5.220539446277547846e-01	-1.260924115107822097e-01	4.381840782065451467e-01	4.500057848347323031e-01	1.010468009753844182e-01	-1.255041147873129370e-01	1.690570224639270369e-01	3.366431530698831831e-01	-4.248833067285096021e-01	-1.801186654359401146e-02	-3.930752722765039620e-01	2.529247506447663829e-01	7.602752344364226422e-01	7.066206503222243196e-01	6.503987893821639998e-01	6.640742866022499857e-01	7.658089112479341543e-01	1.000000000000000000e+00	8.083383461420463600e-01	-4.458387795844157564e-01	-2.257678467608066619e-01	-2.140331113756770154e-01	-1.971068537387711816e-01	-1.543862369462196960e-01	-4.425988858711832341e-01	-3.282586733713800942e-01	-3.537343180632588346e-01	-5.122061605569675491e-01	-3.716792775475713517e-01	-1.959680308779835622e-01	1.431739346022604664e-01	-7.412455866400927129e-02	5.264081967686085051e-02	5.380000515260264377e-02	-1.214083623222991098e-01	-1.999673176245627890e-02	-2.505266810863019944e-01	1.940564443910723080e-01	2.700615677807186032e-01	5.256956714594239743e-01	5.069509268976987171e-01	-9.158399276249140977e-03	1.211930011297383640e-02	-5.489823491040146664e-01	-4.218854387301747000e-01	3.676624765102733394e-01	-1.975317990195350204e-01	-8.566853390678880187e-02	-1.928565152810633732e-01	-2.586790266515124337e-01	1.564485578948361932e-01	-6.924299150044613271e-02	-2.976195657230823466e-02	1.452613805555346416e-01	-7.443206765865451047e-02	4.291399111352907081e-01	8.800362156416824400e-02	1.726708370610906540e-01	-1.438872467525517118e-01	-1.350829538880730096e-01	-2.086458808277719124e-02	1.252575580601769656e-02	6.001240412316437983e-02	-5.100898099523153428e-01	-1.666299636700687703e-01	-1.238398883824753105e-01	5.503927033388723578e-01	-3.128767284287198303e-02	5.399448325641404978e-01	2.704827766368748665e-01	2.421867327907299139e-01	4.226934300743341866e-01	-1.969131661635055153e-01	-1.450613777380665992e-01	-4.650637355266699080e-01	-3.884212021673201787e-01	-2.449837024785282147e-01	-4.338741141741379037e-01	-2.605327155871546840e-01	3.057615153136128416e-01	1.271330765430424559e-01	-3.944598312892106384e-01	-1.920668471447828374e-01	-4.297769984093208762e-01	2.018562422250064214e-02	-5.905789721539225212e-01	-1.686228164268918917e-01	6.608782560261401429e-01	5.598572163385587830e-01	3.117527340684256854e-01	1.113134343521145209e-01	-3.740530717471770572e-01	1.843835483428663824e-01	2.501289119633538088e-02	-1.852050543349318679e-01	1.382174695345005644e-01	-1.438638658370094969e-01	-5.337814184179034971e-01	-4.228542661747238252e-01	-6.307848688482432520e-01	5.160389154263794742e-01	4.451564536552072293e-01	9.280508575462256826e-02	-1.351881270850498473e-01	-4.174454228760874491e-02	2.341345520845705686e-02	-2.666061184154199792e-01
1.010860468548303026e-01	3.066838270575155123e-01	-2.824113098382947107e-01	-4.572520264273843282e-01	6.082398889269113873e-01	8.275822546911701938e-01	3.899792113889135603e-01	4.063309266685934951e-01	1.840450094428247307e-01	6.058299067182977282e-01	7.793101270261085789e-01	6.837702390117490481e-01	-2.005172545622027624e-01	-5.632371583730312325e-01	-4.340187427082352056e-01	-6.018505572265168135e-01	-6.022680592427407387e-01	-4.401834980876047632e-01	-3.917330843345608882e-01	-2.698232453113453277e-01	-1.335723260171145232e-01	-1.280336711824773543e-01	-2.184480567373720816e-01	-1.774936711664782951e-01	-2.082383245091509738e-02	-2.214242109663968894e-01	-2.739334369283351056e-01	-2.804059012251641225e-01	4.265745178316890374e-01	4.214092352499199806e-02	2.399280267743256756e-01	5.937730429789933595e-01	7.591742046169057678e-01	-3.852705622002265962e-01	-5.613531799594901894e-01	-6.182660828856837432e-01	-3.775081537735566206e-01	-6.712750962207560956e-01	-2.185308668347012984e-01	-2.384843751009938506e-01	-1.019277468014793964e-01	-2.025680859050991434e-01	-3.033557229249133624e-01	4.534961713866540040e-02	3.018040302948406528e-01	-6.177265303819855918e-03	2.131433368936395123e-01	1.487476355828674934e-01	-1.283190296156174748e-01	5.803245705954709205e-02	-3.785808823660214567e-02	-9.777597470968124593e-02	5.205326224115033318e-01	6.413859910104263706e-01	6.724755501445949246e-01	-3.010363760834812788e-02	7.058714056151757510e-02	2.645603796777233341e-01	-2.896856061751693634e-01	-3.845858626273745279e-02	-6.337747156692122297e-02	4.583542757102707088e-01	-2.093926071498249109e-01	-3.766564196251611651e-01	-3.189571546639549116e-01	-1.386387642721760294e-01	1.263228807140942267e-01	-1.408027019077643383e-01	-1.042281681870156768e-01	4.552596144968322489e-02	7.149764775168137021e-01	7.768180132822933848e-01	3.978481839475389026e-01	3.686588258653790695e-01	1.144349030526355532e-01	-3.415245776751443252e-01	1.900367168942446727e-01	4.986105935405155815e-02	4.969830374442139598e-01	1.626533327248085373e-02	6.826437083273015904e-01	1.760898403110923091e-02	-6.392747139910169574e-02	2.517000007015997576e-01	-2.891256701769843174e-01	-9.804404141013398077e-02	3.859890335385718352e-02	4.940139154603767624e-01	-5.059797553070801701e-01	-4.194788576297923122e-01	-5.725156944285628713e-01	-2.925159564826038672e-01	-4.173981314722432501e-01	-4.892264291503094498e-01	3.132308643618166022e-02	6.088301183059187105e-01	3.394673899880504830e-01	8.188395415185426018e-02	-1.251756637687461982e-01	1.378486382837978419e-01	5.794194358556013086e-02	-5.970312103517907421e-01	-1.904865433801756769e-01	-5.913536876049135804e-01	7.272228880274315965e-02	6.156592122290286406e-01	4.459506558724852243e-01	4.411147319409902123e-01	5.140799086208448498e-01	6.124113009854778023e-01	8.083383461420463600e-01	1.000000000000000000e+00	-4.484020785280171673e-01	-2.610911869728252399e-01	-2.037896569268401736e-01	-1.222281198491058790e-01	-2.881865154487490283e-02	-4.536353725991650876e-01	-4.466651394958193189e-01	-3.598390872096691173e-01	-5.697332251134784586e-01	-3.232088285740771783e-01	-1.459992982531992112e-01	2.345456713796961051e-02	-9.351393909391088333e-02	-2.199510303012934195e-02	2.567129999689428052e-02	-2.698366019709735331e-01	-1.929877535012796963e-01	-3.881009968677301969e-01	3.314152648161666215e-01	2.843834021634314979e-01	6.886748601545327197e-01	7.598956653543404993e-01	1.264071339401123262e-01	2.675380827238613701e-01	-5.807287021679378158e-01	-2.280474240561451149e-01	4.372262070932072531e-01	-2.000138283882215151e-01	-1.333404894108679512e-03	-2.893536283264419029e-01	-1.173018592461625292e-01	2.009539348376734313e-01	-1.733576607056857011e-01	-3.089630194235719329e-02	2.092687511246554555e-01	-1.051926623607300770e-02	3.488074224149282365e-01	1.745479994454372519e-01	2.707222274566262188e-01	-5.363878358976005567e-02	-1.119184237243959351e-01	-8.943852627006674411e-03	-6.537456802558201663e-02	1.442358675767465293e-01	-6.391223168583265446e-01	-1.077185261975625447e-01	1.628212092630599434e-02	7.775129248382527392e-01	4.168276406545465967e-02	7.063119213774841088e-01	3.617629947918914457e-01	1.177503300325579705e-01	6.388824469300459219e-01	1.644407192857513800e-02	-8.618155255974156714e-02	-3.411100556709006915e-01	-4.052901087381592937e-01	-2.023557200761721409e-01	-6.010739236893672954e-01	-1.785883520620904497e-01	4.958684568688088712e-01	1.999911057059486630e-01	-4.340602686306251345e-01	-6.446997370625980051e-02	-6.004425495368737042e-01	9.729788178037716839e-02	-5.143482137239068219e-01	-9.935997564231180412e-02	7.109134114265397431e-01	6.625916919321604981e-01	3.443923636856488502e-01	2.037211493027776543e-01	-4.105223876774186653e-01	2.127536311716985151e-01	9.351307476240186545e-02	-2.081400918125921040e-01	4.262929896154279419e-01	-7.816767169137542326e-02	-5.188686046550569086e-01	-3.699271927084055722e-01	-6.826777028540974568e-01	7.231753964229977738e-01	2.808538577705972372e-01	-7.583677491677706661e-02	-2.665639129896086867e-01	-1.638741951211959702e-02	6.732068348972124194e-02	-2.437786255532830015e-01
-1.233903476729937831e-01	-5.447415185340109128e-02	-2.009169037206932212e-02	1.539856141620138119e-01	-3.455958517639305949e-01	-4.753839807624000713e-01	-2.590138458094169427e-01	-2.390278645737869967e-01	1.246548050677916269e-01	-3.112925249251698445e-01	-3.295863599375912223e-01	-3.012274085022895731e-01	3.289015639151297576e-01	6.083114653093515400e-01	3.258601038896292712e-01	4.616512561770418910e-01	6.024556186736135244e-01	3.997422785119274513e-01	3.295732229750176767e-01	1.058625350883066751e-01	9.488965870401135094e-02	1.834650036102697390e-01	1.618382412049708396e-01	1.734033308268165818e-01	3.788723863874125519e-01	3.019336086770713079e-01	-6.068452508043412075e-02	1.962227889878270515e-01	-1.016375371692756213e-01	-1.760373774567486685e-02	1.203728944735069223e-01	-3.256748317344128618e-01	-3.839269903451011934e-01	2.427560056447825299e-01	5.743571540028187261e-01	5.970044235231548591e-01	4.103687047138054877e-01	4.006354443002339005e-01	1.124579521504566471e-02	3.720965782682193468e-01	1.480572438448253259e-01	3.734030969738812988e-01	1.164100495015630982e-01	4.005914798443952624e-02	-1.312563094457097623e-02	1.622705682062264565e-01	5.452396631759501289e-02	-3.662976066532876995e-01	8.198943490148812019e-02	6.004218843354807572e-02	1.370283196097457634e-01	-4.640760540253429517e-02	-2.975138415775013812e-01	-4.225228873724606315e-01	-1.675912029204951470e-01	6.500099104302281550e-02	1.510002445329478860e-01	-2.390739119916562572e-01	2.496112313962756124e-01	6.253733075476630709e-02	-3.925105665730192761e-02	-2.956634083868378560e-01	1.017791669661051307e-01	3.233300118553830704e-01	2.327507415750541542e-01	2.073000698320642543e-01	-1.667656738039141606e-01	1.430583450801170206e-02	-7.531247482481967515e-02	-4.053738935535812493e-02	-4.761376120621372832e-01	-4.224948860216126700e-01	-1.623612182475862864e-01	-1.363612711290969337e-01	-4.184990763179098627e-02	1.007449028210749553e-02	-7.700072162909440965e-02	7.267134572209999616e-03	-2.351586108832084410e-01	-5.874180818187595132e-02	-2.569185313214163990e-01	-1.633275399303719261e-02	5.088082849475544789e-02	-2.144839105217462294e-01	2.666962608062917184e-01	-1.217855210404155536e-01	-2.522158615396139295e-02	-1.986800991467485289e-01	9.768269666923706795e-02	7.349217283012293711e-02	2.273569965114513314e-01	1.950727511525817137e-01	1.189656616205744394e-01	1.128037593996638471e-01	-5.987026336163467355e-02	-2.809145892999474481e-01	-2.203898262872148184e-01	-6.373338243294235329e-04	1.170232726762688164e-01	1.798505629161575858e-02	-2.176006996501901047e-01	2.880232055619966203e-01	-8.721788260851778829e-02	2.506776794403535180e-01	-2.533677035342636885e-01	-4.234611060366803570e-01	-3.608026405709977014e-01	-1.644567642920497230e-01	-3.555468985305554330e-01	-2.822175920958494011e-01	-4.458387795844157564e-01	-4.484020785280171673e-01	1.000000000000000000e+00	2.781401483442623723e-01	2.874923394654042563e-01	5.088298547826498597e-01	4.864604697424332880e-01	4.837768529994345701e-01	6.980759306449231261e-01	5.517783229946199297e-01	3.592848572217875458e-01	3.148668209080074387e-01	2.042976437204772344e-01	-5.907783538185218397e-02	2.530128206571820026e-01	-2.956836670965058700e-02	3.298617115091473373e-02	3.228076249356710559e-01	1.186777229156353759e-02	2.160962529810503407e-02	-1.418049888376631505e-02	7.209533451277884419e-02	-2.400254483576287345e-01	-2.905263273187719819e-01	3.336617877534916454e-01	2.758700770180452788e-01	6.302954304435188781e-01	5.891171212462833484e-01	-7.847583466184143708e-02	5.688313655614659625e-01	1.139048101537189078e-01	3.917061200501655294e-01	2.708853575267763381e-01	-3.643092334920312175e-02	-1.028798459603614823e-01	2.868931841052216880e-01	3.017204658861063482e-01	5.788070176566804947e-02	-1.070562026463247746e-01	1.213579068085132301e-01	1.784017812949341697e-01	-7.629981318012890590e-02	-3.549021517729032682e-02	5.925778314754916176e-02	3.055905276938815640e-01	8.675499884166454345e-02	1.314083167347884218e-01	2.060762034755687921e-01	7.529234038055770961e-02	-3.035451859698736210e-01	1.209065562750596123e-01	-4.225106299794111897e-01	-3.764687740605573429e-01	-1.079201596177634531e-01	-7.378994234343780323e-02	2.963498204002437686e-01	2.948891290694341527e-01	4.525975549180821789e-01	4.149073335164615295e-01	2.851250274231042492e-01	2.515638113730694903e-01	2.003943372218434660e-01	-1.680239305509970971e-01	1.321826934979558055e-01	2.356163572574559995e-01	1.442359791431961913e-01	2.456932613979818658e-01	-4.083550294521875457e-01	1.449024272970794447e-01	7.990454185547124456e-04	-3.643905484848957710e-01	-2.594450284227836079e-01	-7.470908301406334329e-02	3.460025849377709045e-02	2.301423185481845657e-01	-1.300009863281662015e-01	1.136055155550761420e-01	5.300997616649961997e-02	-2.086409583257749223e-01	-1.267565841544847360e-01	3.478069304454398103e-01	4.861631219323870462e-02	3.275762377167553696e-01	-2.759549640796502001e-01	-1.547434951500692157e-01	-6.281691240736740275e-03	2.015017532915120702e-01	7.494153971188763363e-02	2.218244075237298385e-01	3.042952284197072976e-01
-1.691252577250340616e-01	1.623437006476571021e-01	-3.533452552495056770e-02	1.089256808549660116e-01	-9.860870492319369351e-02	-1.840720848614831040e-01	-2.066009162932636312e-01	-4.223436631473133362e-02	1.533163513083621310e-02	-1.202507139776470418e-01	-6.170020313108230681e-02	-2.499385080421906991e-01	2.072312882665826861e-01	1.367851382610475175e-01	1.244398441461484900e-01	1.920587372069441634e-01	2.613857824206853309e-01	-1.088524997561888669e-01	4.627123660930501092e-01	4.675969537573212986e-01	1.648888101346892288e-01	2.336780892041389612e-01	4.008940626235782956e-01	3.222435099116339186e-01	1.534115983111173087e-01	3.201926875355453062e-01	5.738016351919927871e-01	6.419683127538219347e-01	-2.568438355588267830e-01	-8.572023620079631534e-02	1.405381422524751844e-01	-9.787359030338521615e-02	-1.509144714746816773e-01	9.351011448777446500e-02	2.421492852569967769e-01	1.810250269299375492e-01	6.203998811969221872e-02	1.195002510501472492e-01	-2.562776123165237951e-01	1.387780334908249869e-01	1.834582612886843100e-01	2.020425928487450118e-01	1.576098155951653479e-01	9.511593263205674054e-02	-1.703175122282388210e-01	2.653341911541532427e-01	-4.915753463875471851e-02	-3.889521331499788681e-02	2.832036358154349162e-02	1.066341871831637395e-01	5.919826042022167945e-02	9.101542757886742219e-02	-1.967955323296323722e-01	-1.593329635120796783e-01	-1.367741935690625632e-01	1.488055217885341300e-02	4.547025925982756817e-02	-1.854389644706776474e-01	8.955161907819945977e-02	-9.054066328864224245e-02	-1.303211350482658404e-01	-1.368077940251548330e-01	-8.755366048102997123e-02	1.005709893690525519e-01	-1.282184017425170575e-01	-5.456341054612735136e-02	-1.714730182448461204e-01	-1.576827191577330478e-02	-1.310840424277500138e-01	1.677729958537998722e-01	-1.120487588906197013e-01	-2.528154333317435554e-01	-2.389312196517621445e-01	-1.868957957571811268e-01	-2.579942733759020210e-02	-1.011332534646264270e-01	-8.184123954384811550e-02	1.630193324492999751e-01	-2.120290828211065237e-01	-2.886620954357988628e-02	-1.255247013319286606e-02	-1.168024707934672141e-02	-1.754508827809496962e-01	-2.484913495528169591e-01	-1.809704946192631780e-01	-2.049839886036649850e-01	-1.251391200100545331e-01	-3.156473053636463244e-02	-1.591405016344215467e-02	-5.494363356209614607e-02	5.826814445919232394e-02	-7.881947696815763335e-03	1.102205897703426585e-01	1.070533008385605583e-01	-2.339210578305239707e-02	-2.156658639706935943e-01	-6.012746211374985633e-02	-2.294261634313398204e-02	-3.118640292668892200e-01	-1.706551937761003612e-01	-1.054958590748312358e-01	1.780553349959868303e-01	1.060957857424003614e-01	1.529905361259475405e-01	-1.464419583390010604e-01	-2.878863787414359110e-01	-2.177787582966415614e-01	2.492570755649931025e-02	-1.071174553893481096e-01	-8.478327384386663557e-02	-2.257678467608066619e-01	-2.610911869728252399e-01	2.781401483442623723e-01	1.000000000000000000e+00	4.022444608357922946e-01	3.064114675961671086e-01	3.699385498616404866e-01	5.486129532081522875e-01	4.315425662316485500e-01	8.368442630257005854e-02	5.364612017704628588e-01	4.529322071463388610e-01	5.844551660399145421e-01	2.192140472926109585e-01	1.942678265443973651e-01	4.580381932608377227e-01	4.034797214992847381e-01	4.955517677451392600e-01	5.590766756045212338e-01	6.835057279137702890e-01	9.114861517894966292e-02	-9.788031980836288393e-02	-1.691461917040680552e-01	-9.747456080082944618e-02	2.108077997215171695e-01	1.878255754999733074e-01	3.742892074391412360e-01	3.755342691361380769e-01	-1.846589304567761436e-01	3.152164913540473345e-01	3.600157174403754295e-02	3.281596729852958583e-01	2.360662746919286181e-01	6.204107664607058648e-02	9.775007656817619184e-02	2.960016195416084184e-01	1.071123870588990973e-01	2.427629981426435990e-01	-1.419711904524120494e-01	2.272442991065873608e-01	3.481568023035320203e-01	1.395090724537068061e-01	7.758364393172945128e-02	1.947447748010127933e-01	1.934564739515944320e-01	5.764682237267208104e-02	6.671269936967441638e-02	1.988060210250582605e-01	-2.148641499288472465e-02	-5.243884313139755143e-02	6.912129901639714469e-02	-2.118660998604818962e-02	8.968788426252065349e-02	-1.221493845911611198e-01	2.803345520599081001e-02	3.214466478929385307e-01	3.682714788362146524e-02	3.663416926434940879e-01	1.821086351665146819e-01	-3.147616845772469724e-02	1.047922525830372459e-01	1.528342232029678560e-01	7.116341482739159396e-03	2.669383724876386865e-01	1.066853053918596916e-01	2.666813128807033612e-02	1.510445795958265947e-01	-5.313627530247012898e-02	1.975349380898472895e-01	-1.904487631180631635e-01	-2.626697908992698394e-01	-1.717055720414086828e-01	-5.711919728987275430e-02	7.495344964999835213e-02	2.654528754162766013e-02	-2.927787544112852788e-02	3.588640268368063768e-02	-9.096032752090797702e-02	-6.074987316614355315e-02	-9.243017551664865772e-02	-3.559116899234535114e-02	5.299757300864069154e-02	1.999994877274357263e-01	-1.445052382886682918e-01	-4.140615965615913191e-02	-3.163205477566587154e-02	-8.246733417063170646e-02	1.222330574618125665e-01	1.019959500915907924e-01	4.199430920713349558e-01
-2.206431921798143181e-01	-3.507536353442481519e-02	-2.604398864235587530e-01	-2.093825612965158345e-01	-2.283488845404469392e-01	-2.802570038116854456e-01	-1.905474602932263894e-01	-2.345546326396803216e-01	-1.215349493304164995e-02	-3.294028638937235853e-01	-1.534877003410060614e-01	-3.820224640606609823e-01	5.693401054390190286e-01	2.290181989791330308e-01	3.274313999710039003e-01	2.593728993662824389e-01	2.839328637220509544e-01	2.895478992543341623e-01	5.956772155206073727e-01	4.967436769546021980e-01	1.339398739276467798e-01	1.959602743374403155e-01	5.475996297162453175e-01	1.719554696985546027e-01	1.447089758774962043e-01	2.699532768257686399e-01	1.933329311748664958e-01	2.563810588803964174e-01	-6.299697129065730261e-03	-1.377049638884197402e-01	-6.215686716550230390e-02	-1.183928997373848019e-01	-5.731525364851056126e-02	-6.806287380941318521e-02	8.218902497029859089e-02	1.911378951878210941e-01	3.236284392040184588e-01	3.468001092368693250e-01	-1.075155608813350844e-01	-2.112426624939432729e-02	2.676309143092700515e-01	2.737290526755036257e-01	7.153545303539719791e-02	2.756587575320726957e-01	1.362202706126537134e-02	1.829531876463457996e-01	-1.577620980090319314e-01	-6.494683713129584257e-02	-7.313656411184512630e-03	1.658351961011471642e-01	6.996516342521988396e-02	2.544749473833547715e-02	-1.479059224844114090e-02	3.002040503377059050e-02	2.041177517978869094e-02	2.177663523556276348e-01	2.898543806066373324e-02	-1.881823250613991888e-02	-4.466962736104923559e-02	-1.258049199140661156e-01	7.266059742626417017e-02	-1.745705218931939695e-01	-2.696544079606262925e-02	1.143378355847789324e-01	-8.599882210728959642e-02	1.700823165141438637e-02	-5.504902322189464403e-02	-2.626658969180324307e-02	-2.374768749080513608e-01	-9.954712594266457160e-02	-1.083248951902337637e-01	-2.509807397157935993e-01	-9.810979066390869419e-02	-1.312251287800782762e-01	1.595548786499783878e-01	8.857834042264860208e-02	1.673146964399317427e-01	3.293322824270401017e-01	-4.570954648566055017e-02	2.758619964516971224e-01	-8.414768203787441336e-03	2.265964042937070044e-01	1.531293848090616860e-01	-7.964339604212751500e-02	7.478218015643066374e-02	-3.571512337807661308e-02	9.929674539769541008e-02	1.563089288683465194e-01	6.739875720848956253e-02	1.605469691442787949e-01	9.191644264788136065e-02	1.331980263691590616e-01	-5.850293583490307620e-02	9.588641767993738574e-02	-5.466702575170410972e-02	-5.480889292076872310e-02	5.028406103382943027e-02	2.965932891572858887e-01	-4.424814120970065739e-02	4.539373594204321183e-02	-2.322892392171202469e-01	-7.388484538270972783e-03	-2.619793812949450240e-01	-6.552435548246159092e-02	-7.666289555299378444e-02	-4.377725554161775445e-01	-2.514613485501029921e-01	1.654060900293630523e-02	-3.359335199157267859e-01	-2.475765648959434850e-01	-2.140331113756770154e-01	-2.037896569268402014e-01	2.874923394654042563e-01	4.022444608357923501e-01	1.000000000000000000e+00	2.195686658905314503e-01	3.952150237454516435e-01	3.591385677930633569e-01	2.628440533315359318e-01	3.170694319706505726e-01	5.209387390366012616e-01	5.758286869799424945e-01	3.897858450034950017e-01	1.666198931232883984e-01	2.503463946803723417e-01	4.280297650855263147e-01	4.595139634243766702e-01	3.543512509231439567e-01	2.488782812365717412e-01	2.675313187653049485e-01	-1.461713597922383902e-02	8.374739883239472327e-02	3.861107953246204622e-02	-4.173709818241071201e-04	1.494509559145169031e-01	2.273492484162058236e-01	1.414813887810964510e-01	3.693343258350346159e-01	1.472991888623524925e-01	4.713491036889369545e-01	8.212785794842483722e-02	3.306386002347945774e-01	1.771352859370165789e-01	-7.316136424228299184e-02	5.535701274199599647e-02	2.282706934301770574e-01	2.621675265576386971e-01	5.587236328333206048e-01	1.159789477872798097e-01	1.717816013089770166e-01	2.689908879426612387e-01	1.313135830238363472e-02	6.688249448202351899e-02	1.501360282406421220e-01	1.020099168110526755e-01	1.511809658385062094e-01	-4.077890473897104878e-02	2.600023917203625468e-01	3.116357382109904428e-01	5.377040786058037702e-03	2.857771432814447676e-01	9.097733677909425332e-02	8.880249238288173697e-03	2.166493534386802408e-02	1.251080854044182844e-01	2.589162851427522782e-01	7.595351136448251494e-02	2.092508542799446924e-01	1.156910402653682501e-01	5.403246917419599754e-02	2.028789218404985217e-01	3.015787964615743166e-01	9.258751289031827425e-02	1.375770890271746094e-01	2.602736663912440934e-02	-2.701302264582155360e-02	1.628213289678586417e-01	1.241654518419799819e-02	1.217764334505900825e-01	6.906894528487619866e-02	-1.901087085416791889e-01	2.468370110374767945e-02	3.675429636153237922e-02	2.468297572655960281e-01	1.074110378021213424e-01	2.072739861210699253e-01	3.053415189891764414e-01	1.937554880836800109e-01	1.424058556679068388e-01	9.940412137612467114e-02	1.088490722015407058e-01	7.667532429161112717e-02	1.391317743293784270e-01	1.219592211773655732e-01	1.272193079296813356e-01	1.935430273737761830e-01	8.461088743408938517e-02	-2.646661452193403360e-02	1.756424044137255280e-01	3.610253793437939174e-01
-1.329435305255385336e-01	1.687986203796832119e-01	-3.472018157994566367e-02	3.837268111469580543e-03	-2.243491324209379301e-01	-2.312868100952082950e-01	-2.636352063227445641e-01	-1.319162892059249359e-01	1.501241151141124650e-02	-1.274933446684382854e-01	-1.488734841107194062e-01	-1.409580803421101591e-01	1.067899384412606956e-01	3.788174161165568377e-01	3.338724421043917090e-01	3.397869382326811349e-01	3.899289222148819567e-01	1.539666359179754640e-01	1.026066334135130598e-01	1.565379547950384032e-01	1.478470355795805380e-01	4.907029114645122120e-02	1.380882224684099879e-01	1.966662184871379171e-01	4.331643705655546100e-02	2.534163851556694436e-01	-5.679449556438184200e-03	9.740183334538382587e-02	-1.041855732683044378e-01	-8.479438479578921273e-02	8.966343345631208606e-02	-7.838474803204971419e-02	-8.435766949681018645e-02	2.113802513634253366e-01	3.266263187848050809e-01	3.707303243461816389e-01	2.486360857006111313e-01	1.279121989134750503e-01	-4.784939887849843504e-02	2.213086108192740820e-01	-5.967466910851258050e-02	3.581909982006317161e-01	8.308724830030776720e-02	1.848415123154711903e-02	-6.931103329420969239e-02	-4.581893151258112362e-02	-1.582179755911662100e-01	-2.126459723719539840e-01	4.947696174552061038e-02	1.053923876502169989e-02	2.014333170416730545e-01	1.134928282413126682e-01	-1.427279412779383916e-01	-2.605970420883721994e-01	-1.008683676656648223e-02	1.039681124384704836e-01	1.653712945280876867e-01	-1.234731555951161242e-01	1.060845886985238851e-01	5.625747041386685438e-02	-4.794540504620389831e-02	-1.423395185987574030e-01	-3.758047009652513287e-02	1.058559897572661779e-01	4.664427296637580454e-03	4.835874421875174800e-02	-6.725391431727612696e-03	-1.300286398414483291e-01	-8.436210733015401392e-03	1.437703024971943855e-01	-1.050305018686235742e-01	-1.210963458920091829e-01	-1.036110461463890693e-02	-6.115966346819913524e-02	-7.135028762638925826e-02	-1.133314672493521830e-02	-6.824310227457876243e-02	-2.148479854348668561e-02	-6.661727512953935504e-02	7.678230694580281956e-02	6.088717457128676319e-02	-3.666187613533860440e-02	8.808010797736366693e-02	-1.352594421307667105e-01	1.634669171799667808e-01	-1.172292027826965927e-01	-2.339423084985455259e-01	3.990044952654389632e-02	5.592573825958927630e-02	-1.528221803580536164e-01	-4.276457888337126950e-02	2.418198059555336232e-03	3.496374554989939432e-02	3.052761481019103038e-02	-4.319586462881723488e-02	-8.298124776029550120e-02	-9.538705065330221888e-02	4.449253141663567918e-02	-1.531626267562239130e-01	-1.487687952490522048e-01	-2.708749191725792205e-01	-6.314610448253164636e-03	-4.748406676849508540e-02	3.817613888151710766e-02	-3.406273876096211906e-01	-3.376525075474396953e-01	-1.983716968418482995e-01	-1.179398652932146796e-01	-1.930971991559944645e-01	8.361757795407178534e-03	-1.971068537387711816e-01	-1.222281198491058929e-01	5.088298547826498597e-01	3.064114675961670531e-01	2.195686658905314503e-01	1.000000000000000000e+00	5.414402492068891570e-01	6.684232814742600004e-01	4.495677346916228667e-01	3.438685863478034843e-01	2.296782182804096573e-01	7.488045740213528090e-02	3.570051769123979701e-01	-1.899719233994026923e-01	3.453901362855839319e-02	-5.934368011950659494e-02	1.303525034720671438e-01	3.074548044816345915e-01	5.789422707466871515e-02	3.160690328882301975e-02	1.104848664251689289e-01	9.307263842381207838e-03	6.768380840984476732e-02	-5.778785674012981537e-03	3.086366122585167404e-01	3.023511876155345890e-01	3.563114177948524253e-01	3.643675196601704469e-01	-2.110812707833785093e-02	4.123358133466456521e-01	1.647433524264059201e-01	2.612117155589453454e-01	1.273047832396740353e-01	7.417163016650316076e-02	-1.091779825544357957e-01	1.861683143194629020e-01	3.688526952735961539e-01	8.204826382116088557e-02	3.598188516838176504e-02	-6.556135268493303372e-03	2.522841467955789022e-02	-1.013525334142360429e-01	-5.165250421802516922e-02	6.263163160410732677e-02	1.842878029924974181e-01	1.094518556134808224e-01	1.379730991921642447e-01	2.581828736534141355e-01	8.261735935248872009e-02	6.314099855307297310e-03	-5.055365369770085243e-02	-1.225082821370524211e-01	-1.238783709323212079e-01	-1.366187774418927414e-01	1.522092962892784840e-01	2.624475914068882254e-01	1.954605366373422526e-01	2.525299087844852797e-01	7.978632950902513066e-02	1.327898403278058581e-01	-3.023487769707323969e-03	2.651873888698637605e-01	-8.770076157013395601e-02	5.850677993167611828e-03	1.267853287206636426e-01	-4.643647481892255319e-02	-1.623459978634815169e-03	-2.568509842162001733e-01	3.376817267273154316e-02	-7.327479685378539970e-03	-7.691171460838468199e-02	-2.223255191911542236e-02	-1.224798944188961770e-02	-6.373688468559793319e-02	9.319806696503948884e-02	-1.335497377370091845e-02	-3.825407188529520407e-03	-1.261913576125425762e-01	6.496675330415501749e-03	-1.391830852913238936e-01	3.488918875474577436e-02	-1.051241176177921954e-01	1.342893012846738121e-01	1.088410746034194736e-02	-3.100042926237785504e-02	-3.467585000515185922e-02	-7.540140315507294633e-02	-1.425188459080982406e-01	-1.330176801157986581e-02	1.227310521721601544e-01
-2.755565272361722440e-01	3.895163423241623096e-02	-2.707915329630376511e-01	-3.939807893752724777e-01	-2.555662489396152148e-01	-1.236903187216092798e-01	-2.524396492335801989e-01	-1.660552471958841592e-01	7.140073783398789668e-03	-2.286372854289075440e-01	-4.272976229787209257e-02	-1.975609624520113794e-01	2.023703799390240698e-01	1.767276262922313212e-01	1.645141811598666293e-01	6.510973337023885123e-03	2.707167237492043022e-01	8.615253557012798880e-02	2.426872026855274866e-01	2.879460505827984296e-01	2.319550231560512602e-03	7.678312180654343899e-02	1.597559893951767673e-01	2.590537328314468715e-02	2.441861755901202358e-01	1.777264361948750759e-01	7.240427356310337806e-03	9.666514980257236156e-02	-7.974969904386923492e-02	-2.935561853886471950e-01	8.023120278845248532e-02	-4.837012054768695390e-02	8.780238740462983915e-02	1.572629032977375385e-01	1.832427191628878960e-01	2.743288780504397617e-01	4.412456543978317547e-01	7.169252478728024847e-02	-1.708022430763605215e-01	2.901703897961879081e-02	4.761190644602749864e-03	1.812011660973687210e-01	6.756039047794518138e-02	7.363622179429361869e-02	-1.248572346624638174e-01	2.930930504799808198e-02	-1.456447003451766531e-01	-8.897868469711789352e-02	1.666247994753688316e-02	6.050370513863111838e-02	8.482699221280846913e-02	5.608994948715795292e-02	4.192368458372305179e-02	1.219376702594230288e-03	1.925493900670306180e-01	1.534366178435064287e-01	2.246864231092242370e-01	-3.503858090356673505e-02	1.439745693847764851e-01	-5.716064064724860755e-02	-9.309407457743614292e-03	-1.978481737573982782e-02	-1.359155848203210115e-01	1.394671575556793164e-01	-1.230742678683783703e-01	5.576824707256811120e-02	-9.272600126351544791e-02	-1.424658684051325480e-02	-1.002455312342697552e-01	2.142913768897602156e-01	4.396377508114778648e-02	-9.924223433327331034e-02	4.096600522064649391e-02	-1.500561638838847356e-01	1.881673269657102854e-01	6.809718407134084106e-02	1.216624122021907894e-01	5.176533133016111843e-02	5.973689392395412773e-02	2.320554039002453370e-02	2.264384911084541541e-01	-1.305037599285374661e-02	1.141405094112842716e-01	-2.584640616706076338e-02	2.402165167341521052e-02	-2.023857794718667280e-01	-1.139357763376301069e-01	2.824155664336827631e-01	2.578175474517411733e-02	1.054270123465208576e-02	-1.628086956956164427e-02	-6.116572502784406798e-03	-4.931796518489842823e-02	-1.316023993610784468e-02	4.781197080331604093e-02	9.216326017783349478e-02	-1.610934514789644778e-01	1.473844339534410020e-01	-1.713187084523379033e-01	4.921707145821111601e-02	-4.143289370042816389e-01	-2.293141301632485307e-01	-1.897093615687179824e-01	-2.964505639092273048e-01	-3.409056800248854713e-01	-3.357716922133218707e-01	-2.557861693833622940e-01	-5.412445629474646469e-02	-2.727321857335904820e-01	-8.097375250187081874e-02	-1.543862369462196960e-01	-2.881865154487489936e-02	4.864604697424332880e-01	3.699385498616404866e-01	3.952150237454516435e-01	5.414402492068891570e-01	1.000000000000000000e+00	3.895642908058035703e-01	4.499200695278711137e-01	4.167410708653281337e-01	3.477967115359592021e-01	3.128691149601296462e-01	4.625324645385535116e-01	-1.337855171695986334e-01	2.584571419150887839e-01	8.715102446024315663e-02	2.850396242563505433e-01	2.167307514948761948e-01	2.575208270510164280e-02	4.740803691508430756e-02	2.313894055711882281e-01	1.758856709950413211e-01	1.765763470559382486e-01	1.816954931857250044e-01	4.534700010752027444e-01	4.605761311985526740e-01	1.566155308892129283e-01	6.408426252726965311e-01	2.017544312945313556e-01	6.207270797947054275e-01	3.056002376701116852e-01	3.159539454574668560e-01	2.299861251946472285e-01	1.459489821762647854e-01	-1.133435564317122335e-01	1.821187625292647605e-01	2.475245007891374582e-01	1.928542385379869717e-01	7.190793913622377243e-02	1.710694517181098606e-01	3.613972873233249894e-01	1.480601497135427269e-01	6.607644784245523531e-04	8.881955647212023963e-02	2.079212040404457285e-01	1.302757282586022858e-01	-1.372403285932305705e-01	2.877410049355681454e-01	1.859498955870014236e-01	2.107362516191202961e-01	1.600063420790328872e-01	1.249503289630316261e-01	-2.443477959774757735e-02	-2.040727740660946699e-01	3.877978017607645045e-01	5.191070971885820562e-01	3.174374149069058570e-01	3.437364575781912679e-01	1.213112988024074579e-01	1.684891285381891757e-01	6.869727916946954949e-02	3.515663330886353855e-01	2.008172722895535112e-01	2.704563584970637313e-01	9.445922936196710085e-02	1.949647387128446985e-01	-7.097700438625782760e-02	-6.219764365985185756e-02	1.223756161732894726e-01	6.465786199986195415e-02	-9.979101726526433402e-02	1.348241215757522704e-01	-1.867038025593069708e-02	2.386613187337359443e-01	1.425963336134941362e-01	1.010953869586603618e-02	1.117218947398439521e-01	-2.021398018153156007e-01	2.467482385195092776e-01	-2.205702520962057531e-02	3.598775237103046636e-03	3.442941983014495035e-03	1.554359644550343603e-02	2.527645887206860786e-01	-3.410764949349641417e-02	-7.686977960055836612e-02	-7.480187826318600297e-02	-7.709631248825152099e-03	2.242224269774902301e-01	3.853769299924221792e-01
-1.406971878184941349e-01	1.145226363150776278e-01	9.553350038815165701e-02	1.882910754574715906e-01	-4.033029981452399548e-01	-4.537694522668399011e-01	-4.321362295413274102e-01	-2.610869386399978787e-01	-1.706375399515872027e-01	-3.153611127222370469e-01	-4.009780167524651939e-01	-3.427123657019126579e-01	1.348982568565963436e-01	4.574136350104547333e-01	4.139574850841503673e-01	5.466857976086576532e-01	5.705412529128440768e-01	2.465781202439061848e-01	3.864451745599418730e-01	3.729525859465340765e-01	1.309909784116555787e-01	1.763351663743414066e-01	3.455905977967453357e-01	2.969782498587300590e-01	-1.402529005881901839e-02	2.907074503941959875e-01	3.878497308635025509e-01	4.007186371267687508e-01	-2.142139910454797791e-01	-7.133208540067470516e-02	3.186657134728903412e-02	-2.320522465883045338e-01	-2.905757483271181330e-01	2.465460873642086048e-01	3.751488622690534736e-01	4.413972394993201931e-01	1.927689831972822510e-01	3.420292695405706129e-01	-2.405160428450903599e-03	1.203169560905498620e-01	8.822722842514339400e-03	3.253591662228531023e-01	9.179277721853421057e-02	9.145597742803343588e-02	-1.347079974275172398e-01	-1.593114857001570739e-02	-1.991969633883660384e-01	-1.942707885676676904e-01	-8.519624778501906637e-02	4.304797176410009307e-02	3.956064584541723467e-02	1.069457478209370482e-01	-3.065257809466493955e-01	-3.743266648394100726e-01	-2.970639773438463194e-01	1.814755155898706007e-01	3.077451052185130667e-02	-2.441872528416465515e-01	1.735696781797678168e-01	1.546514649791262165e-02	3.691647080570423234e-02	-3.766546281274362751e-01	3.533710577533508840e-02	1.091334973768398053e-01	2.896416121087725531e-02	-3.699327101790940431e-02	-1.312796914203532284e-01	-3.359143274535711376e-02	-3.306788376296428134e-02	1.054396739307308928e-02	-2.850299695485876139e-01	-3.444087537092680451e-01	-8.150903594139835562e-02	-1.871366719310906812e-01	-1.084429973984397666e-01	8.901895678650335875e-02	-8.825494721627887007e-02	4.522021958297725575e-02	-2.159775405373137447e-01	5.976237622436200714e-02	-2.266150673610866362e-01	4.273041591753658219e-02	5.873469871486911367e-03	-2.314465121728732089e-01	1.222911956452473470e-01	-7.464843392528026922e-02	-1.228398662904447158e-01	-1.760426267835682179e-01	1.541028764737920054e-01	-1.452460301779543404e-02	1.135633557643747349e-01	5.193721331114766783e-03	2.178236691948259585e-01	1.572164698678273353e-01	-1.567710532674593260e-01	-2.368535574623147344e-01	-1.319356584063160476e-01	6.204351234391057568e-02	-1.678264671459083479e-01	-1.003947983665795102e-01	-2.561320904085097050e-01	3.091063099767328293e-01	9.932722214897912738e-02	2.782826362585248403e-01	-2.663257122288547052e-01	-5.082371091617974290e-01	-3.176772370625224884e-01	-2.545551353701197006e-01	-2.797746535705118442e-01	-2.327990026597049622e-01	-4.425988858711832341e-01	-4.536353725991650876e-01	4.837768529994345701e-01	5.486129532081522875e-01	3.591385677930633569e-01	6.684232814742600004e-01	3.895642908058035703e-01	1.000000000000000000e+00	5.756343691663415862e-01	3.500423198812743220e-01	4.989839816203874290e-01	3.375365883832207592e-01	4.986087805410603924e-01	-3.723280400268366014e-02	8.263929598477527672e-02	1.100603008673932959e-01	2.382618848437077219e-01	4.493575478313679983e-01	3.539098350005951965e-01	4.483125630427095554e-01	8.062174827004156205e-03	-1.276477736516568318e-01	-2.324610796621387754e-01	-2.648658082032263050e-01	1.661720976790715121e-01	1.388884872498399592e-01	4.941096641821303148e-01	3.689889856318080419e-01	-1.224074984357070156e-01	3.813720967716465737e-01	6.864723794693310122e-02	2.703062025273074154e-01	1.546825410146549784e-01	-2.476932392702951152e-02	4.481396296000384610e-02	1.419956107524040778e-01	2.225399035124145108e-01	2.184954683252454677e-01	-1.650502994116040956e-01	7.890249766821877050e-03	-2.538986607360020631e-02	-7.480255083386186388e-02	5.173885215245725006e-02	6.631200634344132372e-02	1.026279001585112538e-01	2.346723635556957274e-02	3.591395759648859376e-01	1.589286852070433409e-01	5.450174184483088432e-04	-3.025678429760544907e-01	-9.189608159961816514e-03	-2.923285881857054513e-01	-1.346233306747354475e-01	-1.213259276870740228e-01	-1.302719068102188293e-01	1.795383867877504702e-01	1.868378879464297482e-01	3.334312285896781081e-01	1.808467605005278922e-01	5.366964374695214895e-02	1.716593660917131448e-01	2.829117136668976573e-01	-2.499795153562535122e-01	-7.843549477323475891e-03	1.550187303284602525e-01	-2.513384239620742450e-02	2.343549531318192269e-01	-2.222959335622014809e-01	1.806964963100133881e-01	3.687370142608848572e-02	-2.966996105001251105e-01	-2.703281257731173226e-01	-1.190660383860259880e-01	-1.004196218314228478e-01	2.179403789119099266e-01	-6.288882798630604509e-02	1.091589390593081244e-02	-5.468911057680581056e-02	-1.991503328848426846e-01	-1.507428793354310612e-02	1.423300003832502769e-01	8.060228557353855960e-02	2.786117122958260417e-01	-3.091632800876745191e-01	-1.530405839109858779e-01	-9.749510507820706440e-02	5.244038407155244413e-02	-7.075884452043240680e-02	-4.977992866312014840e-03	3.544390086602124401e-01
-3.703950912722604044e-02	4.682905172423688228e-02	1.197095756652484383e-01	2.510098307466052114e-01	-2.905524079215406341e-01	-4.639867698037470900e-01	-1.775293517805353882e-01	-1.675861804268603816e-01	5.479350862494884733e-02	-2.454982321119851263e-01	-2.457872183126968701e-01	-2.526482153359581595e-01	2.295400086833402908e-01	4.737786260752928635e-01	1.641940940654619818e-01	4.119592769662403509e-01	6.082314041156545725e-01	2.989245816905138908e-01	3.498964590719049750e-01	1.092957153090850925e-01	1.321974057503459699e-01	1.503568183816867687e-01	1.073513365300666211e-01	1.863309283914598435e-01	1.224069595199199501e-01	3.076372813208047008e-01	1.363379325797504926e-01	1.795562901119236443e-01	-1.995452122505624593e-01	-5.890335187608513809e-03	1.541528628326302164e-01	-2.629576519144147806e-01	-3.695070292809465862e-01	2.440788726148494514e-01	4.274444529148282435e-01	5.505540694134138935e-01	3.040998283243676603e-01	4.642783646681560850e-01	-5.764438765446557728e-02	2.854232980472355408e-01	5.906212952250229631e-02	3.012523415860611231e-01	2.868664296489702170e-02	1.096689231731108743e-01	-1.054121400316801044e-01	1.332766108252905202e-01	2.831275756808210309e-02	-4.083925534589678552e-01	6.895334852783135265e-03	-2.438460852837967888e-02	4.409834244483645804e-02	-2.060733131745019417e-02	-3.596267898167038179e-01	-4.238813157596653114e-01	-3.106112826248465519e-01	-3.636017713741337976e-02	3.603636805490657152e-02	-3.034888856348066932e-01	2.175582103224112940e-01	7.940929263137126715e-02	-3.900129120002342881e-02	-4.047337908325234768e-01	-3.018289886399929192e-02	1.127984718645499568e-01	1.355202690914097952e-01	4.117735205466719478e-02	-2.976309788594256878e-01	5.775584353996795345e-02	-1.088490297301819704e-01	-8.430485101319047658e-02	-4.842333275668966319e-01	-3.436436040201472641e-01	-6.535911568258440107e-02	-1.097187130086010459e-01	-5.083204984200033472e-02	3.140495327873341069e-02	1.707518659708866585e-02	-3.021714849745075343e-02	-1.559137929741403195e-01	-9.289901460961218216e-02	-3.094386982045566059e-01	-9.025010562675113424e-02	-1.117274721237470486e-01	-3.476040157091606075e-01	1.638629223129683399e-01	-2.226874839969650022e-01	-4.744141472610369920e-02	-3.401898090204029668e-01	9.690867746353326942e-03	-4.280751759382805249e-02	1.192658711642260450e-01	6.051971452411769592e-02	1.516684695587264819e-01	8.173946386844065104e-02	-1.600426149278949550e-01	-2.937916899120356362e-01	-1.380545829451515216e-01	8.212447134261283838e-03	-6.041787030075174147e-02	-5.190187553621092298e-02	-3.490619037367986149e-02	3.868842356781154179e-01	4.146587796783623991e-02	3.867243387607541272e-01	-8.080393538843376466e-02	-3.256854121728007256e-01	-1.948280292624691434e-01	-8.575732324803400641e-02	-2.685591549700857561e-01	-1.741258322548474569e-01	-3.282586733713800942e-01	-4.466651394958193189e-01	6.980759306449231261e-01	4.315425662316486055e-01	2.628440533315359318e-01	4.495677346916228667e-01	4.499200695278711137e-01	5.756343691663414752e-01	1.000000000000000000e+00	4.107840931519520233e-01	3.953780320170987017e-01	3.204291417454822044e-01	2.276806693737334630e-01	3.681484980312457050e-02	1.248953914934209930e-01	9.229882271358451351e-02	1.333847323145829211e-01	3.052176222071916190e-01	1.508108848339327068e-01	2.205989010104830728e-01	-5.371314235554219829e-02	9.978523528447695579e-02	-2.624023050972947857e-01	-3.190187970531419004e-01	2.742319679426120094e-01	1.541149082123782765e-01	4.969014718662705943e-01	4.202302463882584549e-01	-3.809429969818704537e-03	6.003553714364446847e-01	9.055813615456027865e-02	3.845288177785368133e-01	1.488209568685163464e-01	6.465473815055187978e-02	5.722976450910684937e-02	3.116434166258016392e-01	2.171626938241129345e-01	5.727971894457166424e-02	-1.406351158063327000e-01	1.098463491038768197e-01	1.397004696100111742e-01	-9.780865474415487149e-02	-5.740971067544550777e-02	8.186619375871667659e-02	2.432025373751909580e-01	4.104508622036640020e-02	2.480971719745758142e-01	1.574103326638957023e-01	-3.158242106273456001e-02	-3.507046614504930049e-01	8.316867802737133719e-02	-3.984804870317554815e-01	-2.700449901642842931e-01	-1.282282695368508751e-01	-1.561534669583362900e-01	1.912883752895410128e-01	3.176654346810702245e-01	3.363362852208559017e-01	3.072219559665370081e-01	2.145270284595606758e-01	2.314948720052515119e-01	9.673245704232845410e-02	-2.187554194319475676e-01	1.365013445617048737e-01	1.632792944934038926e-01	5.564507651739613453e-02	2.423922615515984591e-01	-3.359614341329023590e-01	9.371904514252557550e-02	-6.184905327407128409e-03	-2.896770931555553985e-01	-2.259186721633283934e-01	-3.688904855995036453e-02	9.067608139615757068e-02	2.296319577056772365e-01	-9.685251117356723227e-02	-1.432684090466916638e-02	-1.408264261007405663e-02	-3.388142133614956975e-01	-1.982022089538188203e-01	2.431987923139609931e-01	-4.366983543857918398e-03	2.767142427453418430e-01	-3.451545274175154554e-01	-4.868718464029859853e-03	8.471020520061413317e-03	1.613409740096262424e-01	4.758626831458287812e-03	1.014003282041556764e-01	3.331044735556157876e-01
-2.268194711472523439e-01	-3.673762775413790677e-02	-2.773039062755499815e-02	-1.555986636273432727e-02	-3.953656078338940172e-01	-3.882488638470752984e-01	-3.493619116356915799e-01	-3.681888049381898953e-01	-1.001178183517171111e-01	-3.129717560164317347e-01	-3.510798123171788854e-01	-2.917677840817885504e-01	2.726785263383468827e-01	4.289667238494475621e-01	2.887541383138914064e-01	3.330536853336991121e-01	3.432910627058555764e-01	4.337785296008103142e-01	2.348176959394764896e-01	1.493888120241860795e-01	8.439923916219549405e-02	9.344368240365616418e-02	1.912505660335768187e-01	1.462138671208217944e-01	1.431000143084473764e-01	1.439518914384753934e-01	-8.665740714914083043e-02	3.715447593912288987e-02	9.194464487193595992e-02	1.157692331458684692e-01	9.460923061130362133e-02	-2.071775571636509938e-01	-2.079279265362977969e-01	3.044903292536416117e-01	4.177976289941204291e-01	4.955310920891984883e-01	4.738134500002791349e-01	4.894468286408773516e-01	1.140684978397870364e-01	2.140471785345511579e-01	3.088781153496655829e-02	3.061137526579011947e-01	1.266131763614066486e-01	-2.308954662960435722e-02	1.813877049640793410e-02	-8.734758532499156680e-02	-8.723497261351678689e-02	-2.747170176573373590e-01	1.615331864064181167e-01	-3.837352523174916187e-03	1.655315746841376848e-02	-2.354035553521517110e-01	-2.909472332694686414e-01	-3.702036055760892230e-01	-2.712697145802324683e-01	6.587335221791218443e-02	1.884001677139746089e-01	-1.384471411120973827e-01	1.665925900204170140e-01	1.756685917905302374e-01	3.315518904720005100e-02	-2.862450717689084545e-01	4.016469049235627670e-02	3.578119234600620757e-01	2.211246806201157544e-01	2.823310257362842690e-01	-1.119688807166743238e-01	-1.642889702080422565e-01	-8.819000590364357850e-02	-1.239248124955647096e-01	-4.041042359469246281e-01	-3.239848767218030390e-01	-2.453399535566584688e-02	-3.990701568567791430e-02	-1.778810899057002015e-01	9.761465363420550323e-02	-6.252013870287674580e-02	-1.287195883471725366e-01	-1.609839658919204053e-01	1.203267575766121950e-01	-3.042218037768286698e-01	4.446752453714042375e-02	-4.604588239046116839e-03	-2.691727500857615807e-01	2.550775604524803675e-01	-1.697483638828577168e-01	-1.085511582227917798e-01	-2.077924256399080738e-01	1.268110694454027965e-01	1.022666892759635376e-01	1.044684006101140455e-01	1.064145635550639013e-01	-8.560377423579250411e-02	2.923192035078478468e-02	-1.051308013379939205e-01	-1.020181285689553269e-01	-6.662198227940058226e-02	1.757875326318389386e-01	1.805117205474485870e-02	5.318628803313107251e-02	-3.458485091344094542e-01	1.731616175312924721e-01	-1.131777927141190687e-01	1.685108580708586934e-01	-2.284203661317250333e-01	-4.560826978757743233e-01	-4.019052223520715450e-01	-1.718462582995206600e-01	-3.322473394466584629e-01	-2.382102748464948183e-01	-3.537343180632588346e-01	-3.598390872096691173e-01	5.517783229946199297e-01	8.368442630257005854e-02	3.170694319706505726e-01	3.438685863478034843e-01	4.167410708653281337e-01	3.500423198812743220e-01	4.107840931519520233e-01	1.000000000000000000e+00	2.678110436025881169e-01	1.939112506218108878e-01	1.789663894068942163e-01	-1.843569311325495008e-01	2.670440496458988400e-01	-6.826177988352941095e-02	2.186183716759877368e-02	2.041133354677062972e-01	-5.364345960495364024e-02	-4.409356663217992370e-03	1.270930496092911310e-01	8.241022010605560111e-02	-7.440010942583703824e-02	-2.257374107106737970e-01	3.450944997539815984e-01	2.435626292703068629e-01	4.008257697063617453e-01	4.326227228953226089e-01	-5.853859404569699415e-02	4.208137891293268207e-01	3.316549796067346789e-01	3.314276804825893041e-01	3.936224045856677178e-01	-6.838365150661640524e-02	-9.917089998606547219e-02	2.267731998393673898e-01	3.842177634168534306e-01	1.360549238334336497e-01	8.335687672929680122e-04	8.526170961482615329e-02	8.360864905288892257e-02	-1.855182140750609096e-02	1.467946756123539032e-01	1.195017283640572442e-02	2.214461660640678065e-01	9.805442576463999083e-02	6.029108405850198971e-02	2.060673885290877638e-01	1.175903026879857594e-01	-3.071509253005003659e-01	9.488901953710496273e-02	-4.162051724128832952e-01	-3.525011760803671845e-01	-1.280529732969816203e-01	-1.052299326398599549e-01	2.420497435708785783e-01	3.588564705520459475e-01	4.250760107305109892e-01	4.193027057715920658e-01	2.543950878768065360e-01	2.297116052262965502e-01	3.794530241325951292e-01	-1.555547420809483272e-01	5.729992088434012441e-03	2.343466005905509852e-01	1.881736655375874367e-01	2.177251191668730101e-01	-3.066656323906774562e-01	2.317264493632772149e-01	2.514562353883491586e-01	-2.401129537343817677e-01	-1.691452484793049549e-01	-3.307769274424711414e-02	6.552027082297876004e-02	4.914878775064158711e-01	-7.679422018983025899e-02	2.089070041652175969e-01	1.419697271739176481e-01	-7.865387329575901365e-02	2.417705981229123502e-02	3.283911832642639750e-01	1.070850722706855052e-01	2.324343061792945309e-01	-1.296930050087774511e-01	-8.915023183269021878e-02	-7.811873917767857278e-02	2.403765950086445558e-01	-1.142577707692812167e-01	9.932944346949901249e-02	1.458517957061274128e-01
-1.878356877628007682e-01	-1.496024500386110845e-01	-2.903804645459032423e-03	1.442407907695571478e-01	-3.007624771198020852e-01	-4.896078911312021775e-01	-2.155086396738845611e-01	-2.115496496562325468e-01	4.777401351452403161e-02	-4.206201144523384339e-01	-3.782024385548123924e-01	-5.756614348450709295e-01	3.038186890655728556e-01	2.814485057030418624e-01	2.020970100339777864e-01	3.385047764717853402e-01	4.053127912105488062e-01	2.281250703275343183e-01	7.215106042799271924e-01	4.974217420572812909e-01	8.427624465608780924e-02	1.867494192441579715e-01	4.316643420964748068e-01	1.010401165188950789e-01	7.011349126247151675e-02	1.109084961787957652e-01	4.326109106122368875e-01	4.527798451813525027e-01	-1.880252497189700833e-01	-5.200605829620580378e-02	-7.820661442794708818e-02	-2.242808665840596016e-01	-3.678902810809508428e-01	3.267177957864058624e-01	3.073503321224310691e-01	4.201237201575792057e-01	3.529072330967374382e-01	5.295222123688547722e-01	5.073888282021732365e-02	1.384981057426875814e-02	7.927672833904497729e-02	7.543391803978251320e-02	1.426183992286598479e-01	1.891141814121932441e-01	-3.107035794594829037e-01	1.052316126282902969e-01	-1.189228837180873743e-01	4.455509163163559778e-03	-1.373701441802183121e-01	6.374109247073946050e-02	-7.893701512033115056e-03	5.950929654306900268e-02	-4.146164711144549875e-01	-3.962669584086284669e-01	-3.365461801961609489e-01	1.332756567319840491e-01	2.306428515213099217e-02	-2.832406562439550649e-02	3.432433893188631124e-01	9.232372745840877748e-02	1.602187543707485340e-01	-2.478101961399135633e-01	8.896341697139384386e-02	1.874685995773898717e-01	1.344340686398436957e-01	9.709658498548938421e-02	-1.776862854789200419e-02	2.544994778541270763e-01	1.334173660793246396e-01	5.393159770211784776e-02	-3.215540627291343934e-01	-5.283839166394108666e-01	-3.012019818675369942e-01	-3.214658145025319769e-01	1.251414541972485917e-01	2.228699203665215067e-01	-7.492510019487791384e-02	1.352242048434299793e-01	-2.655684179683536206e-01	-8.736409763457163302e-02	-3.263704752012071553e-01	2.807320448673622862e-02	4.442015560719114048e-02	-7.382507566121607190e-02	1.484779533605183055e-01	5.285799430484332956e-02	9.186824845021784869e-02	-1.294523518455773237e-01	3.653938174448520537e-01	3.584652170937531190e-01	3.818894363978645456e-01	1.104968825275291222e-01	2.297983388897205936e-01	2.420780164059790907e-01	7.720391751314352458e-02	-3.067543446785041539e-01	-1.571230734560521425e-01	1.362383731454627767e-01	4.030877593532627978e-02	-1.208263246158664851e-02	-1.159785647769630279e-01	2.339707039912277964e-01	9.504911325707911252e-02	2.414877186743564219e-01	-3.372790283893809665e-02	-5.334505760026355681e-01	-4.078570394998159432e-01	-1.489157467887418096e-01	-3.812422315451997612e-01	-4.257918295070741155e-01	-5.122061605569675491e-01	-5.697332251134784586e-01	3.592848572217875458e-01	5.364612017704628588e-01	5.209387390366013726e-01	2.296782182804096295e-01	3.477967115359592021e-01	4.989839816203874290e-01	3.953780320170987017e-01	2.678110436025881169e-01	1.000000000000000000e+00	7.056858328480546394e-01	5.239480165425457470e-01	1.461979113999356539e-01	2.900979265336141588e-01	2.999610394758628895e-01	2.847944335677000116e-01	3.235319021051623056e-01	2.896162352059326595e-01	5.235199964277846840e-01	7.934800527263577083e-03	-1.379715233841598554e-01	-2.874675918141826880e-01	-3.126460594787276448e-01	1.289305798016534277e-01	9.857461254812330265e-02	4.082301881163079016e-01	3.750121814684709287e-01	-1.782233687336325090e-01	4.783981001801139721e-01	1.366069646608730481e-01	2.562353014567363974e-01	2.331756992925663741e-01	-1.790368007469204104e-01	1.169067438383547541e-01	5.645545685366373106e-02	-6.805501294923466116e-02	3.398677173596016399e-01	-7.574279871833877742e-02	3.734086972013969663e-02	5.062005968302042691e-02	1.113827968604716723e-01	1.148398992664705215e-01	1.326872425413173906e-01	4.013317690617159567e-02	-1.251512934777822550e-01	2.512282431073313838e-01	9.294787707386796549e-02	-4.240857448735995544e-02	-3.845513925600753113e-01	-5.039362741351127023e-02	-3.266354173824558838e-01	-1.453764577700876193e-01	1.144879842807700610e-01	-1.520556108069897328e-01	2.521821227893082384e-01	9.255311691287142206e-02	4.467883882917223493e-01	3.773449231840197982e-01	2.601934651250685793e-01	4.167025621083150222e-01	3.314026591772120667e-01	-1.643223938846671561e-01	8.415070025291060407e-02	3.087971906182305215e-01	1.275075088925699540e-01	3.131723392067712886e-01	1.734899520799545319e-02	3.955066384081208364e-01	-3.120359790098804417e-02	-4.913731591686184008e-01	-3.260746492151448406e-01	-2.607129558172205930e-01	9.598516750095993644e-02	3.024072253737435934e-01	-2.791539576364550357e-02	4.670355422688249325e-02	4.048594097104524919e-02	-1.401272954711045571e-01	1.049736913798170884e-01	2.202241261514808479e-01	2.371236945056774958e-01	4.410713822069660672e-01	-3.075566233709300934e-01	-6.848718281385092477e-02	2.029197893438753342e-01	1.713462676492339409e-01	7.410827444741921455e-02	6.614663283001941119e-02	3.878480524843050947e-01
-3.146906867250510720e-01	-4.774382413329978508e-02	-2.731984357652112450e-01	-6.815692706520562472e-02	-1.844541915408408062e-01	-3.239037688435921769e-01	-2.655207325793486062e-01	-3.284150605752140795e-01	-4.211208177006975362e-02	-4.033263633383762370e-01	-2.690085812867303305e-01	-4.254917261089339875e-01	3.645093713314161987e-01	6.622951457501149997e-02	2.379357579349317478e-02	1.591818396956004855e-01	2.128880940907852404e-01	1.499405708879507082e-01	8.803855671465772303e-01	4.819025502388269433e-01	-4.027675526040658954e-02	1.689540204486616459e-01	3.939932142930256953e-01	9.524781116177787510e-05	9.041413742091836125e-02	-1.451070602500030733e-02	3.164534821894900984e-01	3.270685436744367736e-01	-6.804036662981778616e-02	-1.638517493921327894e-01	-3.861580276360576658e-02	-7.696768475190071679e-02	-1.105443510462285617e-01	7.362570660509763776e-02	9.895124893333592797e-02	1.712022305051739968e-01	2.090260202138657930e-01	3.491015089849072162e-01	-5.451139851995813468e-02	-1.938860708407601774e-01	-5.415367484107268953e-02	-3.006836902648169288e-02	-5.251940021056479557e-03	2.116079324014361884e-01	-1.630971574268555713e-01	1.722561872606977185e-01	-1.122147592487045403e-01	4.856369694960659816e-02	-1.825254686601783805e-01	1.797629744654578865e-01	-1.978320238160297395e-01	-5.321606853373737206e-02	-1.917277292087873619e-01	-1.180275284427601962e-01	-8.318824665072993563e-02	1.806178300535715986e-01	-1.315690524974158331e-02	-6.400449382022307954e-02	1.135606421439266517e-01	-3.051736643829340220e-02	1.516392504341636249e-01	-1.294705187508354005e-01	8.013688571877695954e-02	4.669961020038432969e-02	6.461164219830556332e-02	3.770699151388649112e-02	-1.804570053433198207e-01	2.540188553642727110e-01	-4.118190423875311978e-02	-1.257102455393403762e-01	-1.088575989168361069e-01	-2.754438067258211387e-01	-1.211040361241678687e-01	-1.231425570969512384e-01	2.686093723105903441e-01	2.289343588300964405e-01	1.778031571990040527e-01	3.334318488303402161e-01	-5.073799944178622456e-02	5.106598013098617717e-02	-1.046119053158382078e-01	2.489492847987849200e-01	1.351930861698932285e-01	2.614701763346367197e-02	9.410979817913484036e-02	-6.552877921058508637e-02	2.558578831971553003e-01	1.049919763914531068e-01	1.484886329000914551e-01	3.509528530444573913e-01	3.064663258357242515e-01	5.560811391217077015e-02	2.614457504893281589e-02	5.978405502023151352e-02	-8.431288298399700065e-02	5.733476323088253571e-03	1.983000410230466651e-02	2.148103530954945661e-01	2.903971381681122801e-02	3.513966371788377480e-02	-2.179949741710932865e-01	9.593708515931555214e-02	-1.672686099534898829e-01	1.414161511110764886e-02	-1.737120794978413291e-02	-4.598975997754088940e-01	-4.475187819934733913e-01	-1.326389918972568915e-01	-3.893190437630330014e-01	-4.282909618136600538e-01	-3.716792775475713517e-01	-3.232088285740771783e-01	3.148668209080074387e-01	4.529322071463388055e-01	5.758286869799424945e-01	7.488045740213526702e-02	3.128691149601296462e-01	3.375365883832207592e-01	3.204291417454822044e-01	1.939112506218108878e-01	7.056858328480546394e-01	1.000000000000000000e+00	5.110250339721523760e-01	1.586680294580264383e-01	4.460640185772776767e-01	3.209814942745420896e-01	2.892174046330916459e-01	1.365764121441842838e-01	1.553104113350355642e-01	4.048845234067004473e-01	3.251514089788901107e-02	1.172221569094818346e-02	-2.612841709397257725e-02	-8.081692107102739220e-02	1.520964558793369004e-01	2.126780109759554005e-01	2.571380531171685302e-01	4.334180893542640134e-01	-7.863705901434710210e-02	4.147856217018034974e-01	5.289435085458534663e-02	8.575843887117877429e-02	6.519006523774269202e-02	-1.024147278135015687e-01	-3.816074918662312743e-02	3.285326247669123623e-02	-3.963627159203260419e-02	4.922727007587440196e-01	2.394388319409205060e-02	4.835545386689819869e-02	1.861020058270242139e-01	1.485677717389934926e-01	1.454246222113461662e-01	1.625086734726062521e-01	-5.026059889755783022e-02	6.369012567003118352e-02	1.635872409935663560e-02	4.809837823908329896e-02	1.802640614037867850e-01	-1.253328952407368746e-01	1.103874733381364076e-01	-5.342324153730548114e-02	-2.533197419169345294e-02	3.206582964182098927e-02	5.658684661977519958e-02	3.004935090034073775e-01	1.144950613828449315e-01	3.366966692883723855e-01	2.941824471746960490e-01	1.870983388978032791e-01	4.147052358486004175e-01	2.752661216631332453e-01	1.479850059470080026e-01	2.225466842281086377e-01	2.023230857943957572e-01	2.101465537244976423e-01	2.609991380344580669e-01	1.274048745897602142e-01	2.855318788397208096e-01	1.475549222257952209e-01	-2.352972314048736580e-01	-9.130818202153384577e-02	1.231281119862873401e-03	2.601497639446158638e-01	2.702901998401486261e-01	1.744747100337725454e-01	3.621404439979338807e-01	1.086377181954911453e-01	1.625169990602753078e-01	2.529408253475718404e-01	1.762970389761441825e-01	2.746723058232960479e-01	2.055275491152945833e-01	-3.475376751633090042e-03	6.747559677523072563e-02	1.785090215551626280e-01	1.456302328108874944e-01	1.411208221414409214e-01	8.025129098968518393e-02	3.519665950954928291e-01
-3.702338484619884795e-01	-4.133310358004562042e-03	-2.689638594049906795e-01	-2.333601098808131269e-01	-2.122346094387659032e-01	-1.623626034889990299e-01	-2.791513214870526283e-01	-1.694960938819677909e-01	-9.069559276524737090e-02	-2.145249092225272602e-01	-1.397972085305514978e-01	-2.758397900330011310e-01	3.640638421086141996e-01	1.280763163114879422e-01	2.917155968669057908e-01	2.355533049959107339e-01	2.871024061699395946e-01	1.146855406988068343e-01	5.232901836635184267e-01	6.531487061621740198e-01	2.076097336629400270e-01	3.686809072601491821e-01	5.547594198423489997e-01	2.718960983621980798e-01	1.411956054665160498e-01	3.008662902046464471e-01	5.029991381510673376e-01	5.260537127579334449e-01	-3.047498433918104186e-03	-2.499210647785625461e-01	1.555571621692231621e-01	-1.136324413733173777e-01	-3.974796774035004032e-02	-7.515486218831785026e-02	1.015342614185054532e-01	5.498355688937688057e-02	3.331339186171707323e-01	1.056390286384773780e-01	-2.656855635995964970e-01	7.829241622066532291e-02	6.497017012407804715e-02	2.384837192791277871e-01	2.138835145548939262e-02	2.524234567147964348e-01	-1.695317480238590080e-01	3.384572401257882057e-02	-6.542790387233146654e-02	-1.709472201539643729e-02	-1.802457627466430568e-01	9.475616423378542541e-02	6.470373874472001852e-02	5.720506093543960280e-02	2.419415460427216252e-02	7.191719986574944545e-02	3.697046971280911615e-02	2.010602239246047362e-01	1.733800323991175063e-01	-5.796804607477153148e-02	4.071831703117339239e-03	-2.480121656781001660e-01	6.580312857716695552e-02	-5.653916782519591289e-02	2.077290810832104276e-02	6.051980679366567029e-02	-2.097236647013091537e-01	4.371712904998850679e-02	-5.552404828682849791e-02	7.694776183328656816e-02	-6.072062262818195971e-02	8.490870073286192754e-02	7.910051217700032888e-02	-1.203724760158439155e-01	-3.427379738628230643e-02	-1.225667131274834065e-01	2.155536728905283750e-01	1.576114588047233256e-01	2.163230728193386299e-01	1.992823729638193708e-01	4.857263547728795511e-02	1.003246241668547534e-01	1.455081933095923874e-01	1.766342921033055846e-01	2.113660109771426654e-01	1.627932574726703163e-01	1.212774732523904109e-01	3.147961626872869401e-02	1.107267925036709427e-01	2.880014238144989469e-01	1.243085008888975551e-01	1.928064211795224581e-01	6.355148540133000179e-02	5.785837632172996514e-02	1.293301146444365488e-02	1.110203731699085788e-01	8.848299946578849773e-02	7.217747745262854953e-02	9.733006358398728353e-02	2.891876069327650733e-01	-1.287463089400460170e-01	1.701340890211794077e-01	-3.156420264363212769e-01	-9.009395734699431058e-02	-1.168631966111026432e-01	-2.298125537500891047e-01	-3.513062473366317939e-01	-3.958561128527522954e-01	-3.186916198573734871e-01	-7.602783721087437441e-02	-2.321570317196155198e-01	-1.958303601929334281e-01	-1.959680308779835900e-01	-1.459992982531992112e-01	2.042976437204772067e-01	5.844551660399146531e-01	3.897858450034949462e-01	3.570051769123979701e-01	4.625324645385535671e-01	4.986087805410603369e-01	2.276806693737334353e-01	1.789663894068942163e-01	5.239480165425456359e-01	5.110250339721523760e-01	1.000000000000000000e+00	2.727686653651896775e-01	3.300553782646771239e-01	4.142658872142838677e-01	5.822511193746360281e-01	3.933538502293457140e-01	4.622635495625442292e-01	5.152162379006020032e-01	1.997904926682636528e-01	9.652805377817696986e-02	2.798608796460422266e-02	5.295823833467620118e-02	-5.885059875344769015e-02	1.353124155400780571e-01	2.770762280463028304e-01	3.392954036091144765e-01	-1.236856716198554695e-02	3.727488017718042501e-01	-4.824208965514273362e-02	3.626366734979551421e-01	1.089840040521625891e-01	1.614456841404353915e-01	1.598482339104020655e-01	1.586983471023580006e-01	1.080353377702377576e-01	2.727104630110441241e-01	-2.267568374330739683e-02	-1.124971471743480521e-02	2.118383486050273712e-01	-1.648342010633011305e-03	-3.643707040065381764e-02	7.859825824048555926e-03	-4.126178586208755633e-02	5.927118209013439165e-02	9.309524956730427098e-03	1.624004456679374597e-01	1.771459289247684643e-01	1.122075677846268854e-01	1.507023996968235302e-01	1.899317083511743998e-01	1.986882100757077219e-01	1.828920561055534522e-02	1.222120180832155234e-01	2.030115518351073012e-01	-1.050998099180009832e-01	2.105050393349875704e-01	1.293825818230649183e-01	7.384046432331557719e-02	1.322241887428253493e-01	1.681425893570712427e-01	9.474626968356611445e-02	6.532211361679138295e-02	-5.922086029990598216e-02	2.528722146583515726e-02	-6.296791357795963884e-02	1.522838647307840354e-01	1.407897382306790846e-01	-4.004461203297442901e-02	-1.604719498545736645e-01	-3.508390214993135914e-02	-8.076684870595075838e-02	1.535406721639724914e-01	6.201263462355825762e-02	5.915731472606913094e-02	1.724603747101595974e-01	-4.886409703735799387e-02	2.576184432974606975e-01	2.008584093039595675e-01	-1.804835015202913354e-02	3.883181062164464681e-02	1.059969779620315994e-01	1.290044962007813600e-01	1.794883249471327866e-02	3.315587497020765911e-02	8.913865293762576747e-02	1.152991242881445805e-01	1.914449379584024225e-01	2.630931259554702972e-01
1.910062397265818446e-01	-1.232511833850029742e-01	4.783215372551434530e-02	5.710012505095169236e-03	2.037270670105252035e-01	1.273979129143890943e-01	2.442913046291306511e-01	3.263975763137953456e-01	1.261789782225955503e-01	1.670232902339054970e-01	2.053059943019965583e-01	5.672712586530682249e-02	2.797194187721845360e-01	-6.168355514647164139e-02	4.484580272053297761e-02	-3.972034806949120526e-03	5.317537531343328322e-02	4.087732457331818420e-02	2.496864452875443008e-01	1.968279298533743282e-01	2.558225108383613278e-01	6.113515329096657069e-01	3.174867877425983087e-01	1.991618228222456488e-01	2.032367605527416188e-01	2.441184330279403958e-01	2.323413020803010709e-01	3.049096464804998408e-01	3.017501262504593273e-02	1.645021061719965094e-01	2.630700898341379879e-01	1.299149076368584510e-02	2.586965312741432502e-02	-3.260224777967724585e-01	-2.029667233628815182e-01	-2.649928347608914714e-01	-3.394150756260867763e-02	6.585413642026700931e-02	-2.101316470548573456e-01	7.696802588743557882e-02	3.477385482771497838e-01	-2.616031657356018489e-02	-2.430949786734686868e-01	3.138167004325403409e-01	9.266401147282873896e-02	2.596562318933867131e-01	1.790310414177536920e-03	-7.526629163810322209e-02	-2.773469197160692290e-01	1.788038019132237588e-01	-1.186621404259448481e-01	-5.229427940765021821e-02	1.036687634344679726e-01	2.476236020295790596e-01	-9.107506297786598093e-02	1.300961335005756392e-01	5.778851528534258847e-02	-2.705845181999960158e-01	-2.833916568240422706e-01	-3.155916731317878754e-01	-1.358529303301243656e-02	-1.222769909770716340e-01	-1.534596806132761670e-01	-6.699094978205977213e-02	-2.612160104720893106e-01	-3.331244409165704662e-02	-1.851317430545730558e-01	-1.761579976009175486e-01	-2.865554725221824972e-01	-2.791966865623681238e-01	3.391952711775141072e-02	-2.529178103239378139e-02	-5.618946266430107500e-02	-1.295709184191450591e-01	-5.824381103672411630e-02	-1.695040729623735476e-01	5.006058490885748058e-02	6.881209162322705908e-02	-8.047362518032334655e-02	-3.527188391416389429e-02	5.795654305602253482e-03	1.593455504504429354e-01	-1.581447319760425629e-01	1.432769891288366015e-01	-7.042893953973286547e-02	-2.665269180768425786e-04	2.812828805545932245e-02	-1.743469395135276850e-02	-1.867774579344084751e-01	-3.355923619788690054e-02	-1.391601382519330188e-01	-1.407668058232777464e-01	-1.342350558717084197e-01	-1.470318510616087648e-01	-1.805725414705301179e-01	1.082114887062474162e-02	1.728444329220787390e-01	1.511225248279618738e-01	-8.435988076391874591e-02	4.560967932350425136e-03	2.732120796840449839e-01	8.758196441031589063e-02	1.328081973656722037e-01	-7.107180096305944217e-02	1.741601416023502713e-01	1.099236484919038498e-01	1.939803553926708335e-01	3.078079914405958961e-01	1.140235940609031356e-01	1.125793179555608370e-01	1.431739346022604664e-01	2.345456713796961051e-02	-5.907783538185218397e-02	2.192140472926109585e-01	1.666198931232884262e-01	-1.899719233994026646e-01	-1.337855171695986334e-01	-3.723280400268366014e-02	3.681484980312457050e-02	-1.843569311325495008e-01	1.461979113999356539e-01	1.586680294580264383e-01	2.727686653651896775e-01	1.000000000000000000e+00	3.481439313345217612e-01	5.327612215734924828e-01	4.719014669454895117e-01	3.045387330688031913e-01	4.784861808592405508e-01	2.570492409807437761e-01	7.008924875081805339e-02	7.080222017481496710e-02	-9.825667825776128461e-02	2.895169388621646536e-02	-2.855818829284970106e-01	-9.715692256441080255e-02	1.613064248732032913e-01	-4.641011890401779139e-02	1.671598222628586580e-02	1.374819755219124431e-03	-2.938178403720910215e-01	2.781788136684640311e-01	-2.307930321129807866e-02	3.676362031822609511e-02	3.879618616638236817e-01	1.961203521099023905e-01	-4.039330854532908327e-02	8.959981243872158774e-02	4.564182548970371726e-03	1.217547362054538784e-01	1.028304337823726100e-01	-9.445825544248771799e-02	-1.295161912122402559e-01	-5.974727016410186220e-02	-6.901641930784449541e-02	-1.694211933467885955e-02	-6.616623718780965946e-02	-1.153618967719921146e-01	-1.647895656324954369e-02	4.763590648686940460e-02	1.945622626428785695e-01	2.058830031267335214e-01	3.150598996783453565e-01	3.385037331795714977e-01	-1.260291364342243925e-01	-9.421375564872283559e-02	-1.623208529331194305e-01	-1.149700489362819600e-01	-1.422402373441431500e-01	4.330915837753605141e-02	4.516360927311471180e-03	-1.793994375453314416e-01	-4.496638468185531340e-02	3.758914929847990971e-02	-2.942198596382358255e-01	-2.530999488325272329e-01	-1.226643049866258939e-01	9.507729431498392059e-02	-1.861813166002958264e-01	-2.011283314384114396e-01	-1.127761469474445888e-01	-1.618124122710111190e-01	-2.058607729126767094e-01	-3.430416707566463080e-02	-2.588599932338801479e-01	-1.553897341154858169e-01	6.968878639658686314e-02	1.293689959132288403e-01	-4.568267215462306491e-02	1.019656492137706490e-02	-2.213143690339128000e-01	-1.073465903831595375e-01	-1.726866108677775069e-01	-3.598772764260173979e-02	1.014898719665432991e-01	2.429104715608493004e-01	1.861735409692442944e-02	1.761201198552005409e-01	6.043414708715283412e-02	9.063244895270748669e-02
-2.586114224947896282e-03	7.881911051186034356e-02	-1.161496281577142353e-01	-4.408934691126818739e-02	6.859343634932337994e-03	-7.537822214220341044e-02	-8.290718582872237674e-02	-6.358282645006148315e-02	-1.304444749570690155e-02	-7.930108990386075529e-02	-1.718884770901528414e-02	-5.680439076698663714e-02	1.978854997421743145e-01	-8.854403125446046185e-03	-5.026049653344624724e-02	-2.202175909007791921e-02	1.772699954066825692e-02	-3.523928912269356367e-03	4.461702054328956502e-01	2.661768146544584157e-01	1.132352945699506043e-02	3.230505250979670007e-01	1.992078039580395254e-01	1.642854129697690971e-02	3.050301584099721630e-01	1.937102136385993392e-02	6.085601295717894561e-04	1.085148730893418650e-01	1.996429587268485836e-02	6.781856205133461601e-02	3.482702514112623327e-01	-4.023810877852792428e-02	-5.284174646991517121e-02	-7.116460618477118971e-02	2.759362764628005282e-02	-4.636866097324001540e-02	1.127131403757271472e-01	1.568112614315166631e-01	-2.754025422049559135e-01	-9.236069586353928829e-02	-1.303532115529060509e-01	-3.902035878792378676e-02	-2.692663745251870355e-01	1.313513526732392189e-01	-7.670369970490681366e-02	-1.703733211604826006e-02	-9.537579739757151565e-02	-9.752491984581779239e-02	-3.092951826435168527e-01	1.340057256971868838e-01	-2.054833682263899619e-01	-1.840367346651274050e-01	-7.538114885482094518e-02	7.218452601736102987e-03	-8.781269323201137955e-02	1.469637734720239119e-01	2.862631982914267889e-02	-2.330116434709962880e-01	-1.271428834592196744e-01	-1.007105708331787475e-01	7.264248392588509851e-02	-1.813259689488574411e-01	-1.636603462682632570e-01	-6.416722460552570784e-02	-1.514575419590443173e-01	5.168957907295693502e-03	-1.147060613779129906e-01	1.961542917788543922e-02	-2.531244520432837652e-01	-1.174699840775865617e-01	-9.028838180685429260e-02	-1.128864748760880637e-01	-5.420981776443493938e-02	-2.452753221323385191e-02	9.851456653760364002e-02	9.376192676667287340e-02	1.432996401519036345e-01	1.763451708962831821e-01	-7.433167361368948900e-02	5.247111722829293085e-02	-2.236947654637190530e-02	1.312426794732352298e-01	-3.289457341820033187e-02	1.337055376068636003e-01	2.466821511629451943e-02	-1.097963890029489270e-01	1.343124797480570176e-01	5.497940281746156732e-02	2.840524133049147568e-02	9.589055502331657321e-02	7.687202975777029934e-02	-1.403216980326958685e-01	-1.727241404559152760e-01	-2.068947187236271357e-01	-3.494751139296237152e-01	9.457169123354478013e-02	1.078873740171720774e-01	1.601885664860029368e-01	-6.647301373467008612e-02	7.947674239615341862e-02	-1.165804057717417658e-01	1.100822068294832201e-01	-4.970256419972553241e-02	-2.376572680222596018e-02	-5.665455302289687523e-02	-1.848543937853141805e-01	-1.779100410550093769e-01	3.602010570895818747e-02	-1.080801821754297648e-01	-8.389352545444786480e-02	-7.412455866400927129e-02	-9.351393909391088333e-02	2.530128206571820026e-01	1.942678265443973651e-01	2.503463946803723417e-01	3.453901362855839319e-02	2.584571419150887839e-01	8.263929598477527672e-02	1.248953914934209930e-01	2.670440496458988400e-01	2.900979265336142143e-01	4.460640185772777322e-01	3.300553782646771239e-01	3.481439313345217612e-01	1.000000000000000000e+00	1.851073372795812022e-01	1.488989521942544747e-01	2.208173452277165105e-01	7.978128934145377327e-02	9.544251120046226555e-02	7.766102311790690216e-02	1.460944707567560508e-01	-3.503265001429534120e-02	-8.777213829369472087e-02	7.912305508315470304e-02	4.872260653657075474e-02	1.544897490197046641e-01	3.267698930609696517e-01	-1.300210018095995235e-01	1.280687923368972470e-01	-2.658835148799005080e-02	1.616315644452152311e-01	1.503214361727562565e-01	3.441812248923574458e-02	-3.518095210425977587e-02	1.359965928862469087e-01	-1.049907586538960033e-02	3.651280672352324452e-01	1.116126717244825123e-01	9.194280370206812936e-02	2.751101036860630900e-01	1.257563313492004731e-01	1.941762926852829418e-01	1.592582829043583670e-01	9.629787830012641325e-02	1.970923858395018102e-01	-1.912059116540184012e-01	-1.294509092231389304e-02	1.943961564805477688e-02	-2.188654810961872255e-02	2.545535530988872128e-02	-1.928458790377700436e-03	-7.444304178120198824e-03	2.127933604164241460e-02	4.888188325328109846e-02	2.992171848128429845e-01	5.674163887648994015e-02	1.819325980510023699e-01	8.621008960079737382e-02	1.543676973356039317e-01	3.279328199377469222e-01	8.820593194171892637e-02	2.755423846822795397e-01	2.800557890143715034e-01	1.016541955388540752e-01	1.122993057652559995e-01	1.117283503135284989e-01	-7.438291222521959713e-03	1.447264921906967761e-01	1.345760826025197143e-01	-1.290794206995508342e-01	-9.837300826523960595e-02	4.627461361879648544e-02	2.344199526568686576e-01	2.114335994692352338e-01	5.438406204895489954e-02	3.541136073797738759e-01	5.608911369570050015e-02	1.012682887611571769e-01	2.535571351634387516e-01	2.683702116980315328e-02	1.788970467253956365e-01	-5.515001271225311585e-03	4.398432867497701487e-02	4.051773771663851748e-02	-2.974933483667903042e-02	2.552056098641347082e-01	2.868207042372944438e-01	2.016307152530868729e-01	2.858746561410229758e-01
-1.536525458536026900e-01	-5.087693326519092396e-02	-7.672442908401068407e-02	-1.059973006572754173e-01	3.599456484437280057e-02	2.653266649103862632e-02	1.109706383190881829e-01	1.466621973051479011e-01	7.752809502040454437e-02	-1.228196958250931184e-02	1.605069869009282668e-01	-1.157820342179659290e-01	4.300588587480835834e-01	1.560506461569787298e-02	8.145077945205064784e-02	1.075662127962268011e-02	9.957933455195508432e-02	1.894023687246647672e-02	3.766941528193170075e-01	4.342102815715564446e-01	3.674493116353826361e-01	5.001660366330612506e-01	5.411687931419665309e-01	4.677815267652373210e-01	2.041358125834558945e-01	4.081566374488883597e-01	5.437464704351883116e-01	4.112502546905731915e-01	-5.471800105896343358e-02	-1.072205576840387087e-01	1.895409082561280434e-01	3.740880035884369507e-03	6.002270340787049102e-02	-2.717747134922046670e-01	-1.450915700610192205e-01	-1.479833129086960408e-01	1.162765788541975237e-01	8.035298068411873829e-02	-3.644825219456306331e-01	1.663200876991229871e-01	3.412389485305457049e-01	1.144233092614077296e-01	-1.696506272226428191e-01	3.869829270986898662e-01	-9.268154526662804316e-03	2.191446882290128823e-02	1.006370466198267671e-01	-1.218779600997126622e-01	-5.054943450659087067e-02	1.793267339670950866e-01	1.552701967673291439e-01	1.526905971726572886e-01	1.444592638812287611e-01	2.611176629369479363e-01	-3.578894424147732733e-02	3.312712092536274772e-02	5.825335193750287577e-02	-6.336919978552769950e-02	-1.822631599457005813e-01	-2.568520558158057243e-01	3.761646372919279918e-02	-1.288656798117831237e-01	-2.333383870480894573e-01	-1.444788587842048555e-01	-3.476314275072779347e-01	9.410131096165447531e-03	-5.412180758365849748e-02	-1.650228908807262890e-02	-2.072752725698640275e-01	-7.619718284143775500e-02	7.433029056765699805e-02	-6.246312279364411336e-03	8.715892681014485166e-02	-2.929794749378131918e-02	7.815144194735326733e-02	-1.464302542206369351e-01	1.568483792372891983e-01	2.707461324611776243e-01	8.236966183663896324e-02	2.097983466080749482e-01	1.062709471676089035e-01	1.148213353264014719e-01	-1.377688131372836744e-01	9.729519540695884608e-03	-1.753349530541672974e-01	-1.283642480470778280e-01	5.540067823198970703e-02	9.874367398393833761e-02	-1.748491328533987310e-01	-8.280183178680820821e-02	-1.980173265776765390e-01	-3.739390274610088910e-02	-1.198051394070733799e-01	-2.645666845663500327e-02	-1.118738154513781030e-01	1.264689647017477325e-01	2.083684489421238906e-01	2.943779171513819515e-01	-2.585458601616870133e-01	1.469765680530737417e-01	3.193515058495330350e-02	5.085852594636917044e-03	-2.916933743996343725e-02	-7.227107478881070191e-02	2.218834340805284078e-02	-8.522663099528847430e-02	-1.954371237393587660e-02	1.687076516969411299e-01	-8.310231886746891061e-02	-2.072558880645954810e-02	5.264081967686085745e-02	-2.199510303012934195e-02	-2.956836670965058700e-02	4.580381932608377227e-01	4.280297650855262592e-01	-5.934368011950658800e-02	8.715102446024315663e-02	1.100603008673932959e-01	9.229882271358451351e-02	-6.826177988352941095e-02	2.999610394758628895e-01	3.209814942745420896e-01	4.142658872142838677e-01	5.327612215734925938e-01	1.851073372795812022e-01	1.000000000000000000e+00	6.914172195636361096e-01	3.000644361937317983e-01	6.682077995868910270e-01	4.534797928879532591e-01	-4.456006957915685518e-02	1.700733281493926607e-01	1.632383312683068424e-02	5.101597301663766959e-02	-2.232726123662908957e-01	-5.738023648124448289e-02	1.713525299773268062e-01	-2.715255582876220652e-02	1.412213821552255888e-01	2.137322170971359958e-01	-2.823747323802519582e-01	4.219187595637396426e-01	2.151037682802331430e-02	2.222094419183395786e-01	2.560776520884301410e-01	1.551875649289103376e-01	-2.883557687344281625e-02	3.628738634906915062e-01	6.629465216838502373e-02	4.951966522653478142e-02	2.095433891007954241e-01	-1.219428544862661556e-01	-2.032132861386942435e-01	1.336128375888061791e-02	-8.192195850503963817e-02	-1.890048628287650107e-02	-8.471130002319174693e-03	7.983848171717630726e-02	8.694068328700829684e-02	1.306194061652036498e-01	2.718906549548357199e-01	2.609027953561924296e-01	3.687110199953856915e-01	1.574277966216308666e-01	-2.869577457489220704e-02	-7.309639019772903867e-02	-2.631226349727641134e-01	-1.791256776394077044e-01	-1.837386854770166611e-01	3.669185242733979946e-02	-6.848158348689487029e-02	-1.268525457167957449e-01	4.136636934694710999e-02	1.704768586232960348e-02	-3.364781330338360577e-01	-2.898771421480431654e-01	-4.527121009575684613e-02	1.036358635824039393e-01	-1.994829609272500692e-01	-2.195319195123842937e-01	-5.299764358581095930e-02	7.476082967719617500e-02	-4.753985652251340246e-03	1.351816490160574202e-01	-2.384299938272334274e-01	5.738965560807430394e-02	1.195979290458495103e-01	2.014870412284927859e-01	4.516702418862263840e-02	6.723764717109553812e-02	-1.728602078686310994e-01	-1.727020416073815068e-01	-1.777645593421945114e-01	8.038923157019628452e-02	2.006616461901988557e-01	1.601004843800448718e-01	-9.072689973327260904e-02	6.853989159132338471e-02	2.763671212833890833e-01	2.515694653526073798e-01
-3.460312388386988514e-01	-3.852385765551158414e-02	-3.063681130110122441e-01	-3.104973422460501342e-01	-6.138292251575235697e-02	-3.519120109116937421e-03	-5.251453801580453079e-02	-3.559641739671363242e-02	-3.852085550152851978e-02	-1.286715797229918690e-01	8.973413342654629199e-02	-1.663181419785312865e-01	5.847216798695785700e-01	1.303731223523633409e-01	3.336910915715720072e-01	1.560756548301620583e-01	1.917730903912008844e-01	1.219659686427636697e-01	3.517905246678832976e-01	5.737093191676850834e-01	4.267223662136837015e-01	5.754186277037194319e-01	7.183395105402603509e-01	4.491052353294588406e-01	1.936399320746839403e-01	5.651272964896786322e-01	4.328392162036715507e-01	4.088486782333828340e-01	-4.136700073313315934e-02	-2.603248961627901981e-01	9.799414386492015516e-02	-1.542761246881394800e-02	1.845750548191548157e-01	-3.144832724148112768e-01	-1.296924056727756513e-01	-1.282486906077935362e-01	2.674871690053048923e-01	6.046444768769091566e-02	-3.428261810890386729e-01	1.600235407977550206e-01	3.822063370004692984e-01	2.827698449401025993e-01	-1.220808135300175401e-01	3.699636611874009273e-01	-5.599426554510181231e-02	1.815817478222423939e-02	1.761696697614042800e-03	-2.102967932165844822e-01	-7.954617931355448257e-02	1.230377447517663064e-01	1.641404618930487058e-01	1.345612392099789500e-01	1.407928914366062267e-01	2.571204839503988815e-01	1.252292234771244517e-01	1.414462188935617926e-01	5.570209954178774459e-02	-2.583282525002032412e-02	-2.491464986128895109e-01	-3.183082686796330218e-01	2.189709068356711016e-02	-1.636401506746796852e-01	-1.646903651213949826e-01	-1.420282710252909752e-01	-3.653500353468976392e-01	-9.073619928302692483e-02	-5.955375062524518454e-02	3.737390569877060975e-02	-2.008294364909091190e-01	-2.306328315485318969e-02	1.319579630109480595e-01	8.002703056808797843e-02	1.741828916558413320e-01	-1.628571295348975323e-02	2.512957860960346457e-01	-7.095311744886036165e-02	3.030265813777568984e-01	2.043889110529912012e-01	2.421194299338157441e-01	2.916700202404261533e-01	2.187327794026760197e-01	1.395877765085107303e-01	7.780532029113901293e-02	4.143238954090378012e-02	2.425252053561992652e-02	-2.597159765676874260e-02	1.478311211110377721e-01	2.542742468289412860e-01	-1.635513767028870802e-01	-7.395930950755151556e-02	-2.309214528936975042e-01	4.213513987908358571e-02	-1.233989163815629175e-01	2.269069244712919320e-02	7.939448436018289174e-03	1.823103169470639828e-01	2.238307967248011898e-01	3.034460591000127661e-01	-1.652294029638896322e-01	2.306196973083790847e-01	-2.053837972369197962e-01	-1.881937553559216991e-01	-2.795573217811566646e-01	-2.591700556403409572e-01	-1.098536719089244357e-01	-2.154739131711505273e-01	-9.939518215337261875e-02	1.184015003692753254e-01	-2.083337478583908442e-01	-9.398758108660006105e-02	5.380000515260264377e-02	2.567129999689428052e-02	3.298617115091473373e-02	4.034797214992847381e-01	4.595139634243766702e-01	1.303525034720671161e-01	2.850396242563505433e-01	2.382618848437077219e-01	1.333847323145829211e-01	2.186183716759877368e-02	2.847944335677000116e-01	2.892174046330916459e-01	5.822511193746361391e-01	4.719014669454895117e-01	1.488989521942544747e-01	6.914172195636359985e-01	1.000000000000000000e+00	4.466218159274625288e-01	6.308885748788248815e-01	4.019324494616307031e-01	3.188782374745455922e-02	2.572608637840240187e-01	1.320017703995857994e-01	2.181384312965864158e-01	-1.446286417558102499e-01	9.252426458239129681e-02	1.809716678323200767e-01	6.759198523372000889e-02	2.728855223561217902e-01	3.394383902409597864e-01	-1.961968443483531332e-01	5.838575217619985658e-01	3.432146789739325132e-02	1.962977237379980588e-01	2.686789315573764880e-01	2.753653454816410440e-01	1.687423091019670807e-01	3.262197321122109472e-01	9.382883785684574540e-02	-1.175070644018701149e-02	1.996555246031353481e-01	-2.372383916421340333e-01	-2.715897278029838491e-01	-7.599356235300949725e-02	-1.181213236649476805e-01	-5.597622772757783124e-03	-6.400914240803932953e-02	2.145576411984168042e-01	2.115793311462444981e-01	2.466621338056854129e-01	3.428072903592054299e-01	3.506149204878490355e-01	1.999343137926270220e-01	7.397152164455608747e-02	1.187113785928750609e-01	-3.062413438679505856e-02	-2.059074594315200568e-01	-1.095285596631964814e-01	-1.443624343610485083e-01	-1.001286689653644729e-01	-9.063504956640483501e-02	9.574962728272887538e-03	1.085826769931882707e-01	-1.242702991780695633e-02	-3.897607258202160918e-01	-1.885251606077801012e-01	-1.367501740510547459e-01	5.347974784303693302e-02	-2.372075494085705005e-01	-1.421526743873895438e-01	-1.280715135992778811e-04	1.987201651058859986e-01	-2.510142569260015444e-02	2.107623576373880148e-01	-2.248378011863899628e-01	1.138783274922010036e-01	1.300424954812433309e-01	1.014858420416809015e-01	1.957232211037289449e-01	9.908886492850275951e-02	-1.831287627316361688e-01	-2.266439390050741798e-01	-1.352135693236353742e-01	2.771707597903909082e-01	1.715068282548835310e-01	4.019925625689261400e-02	-5.980519718405598144e-03	7.176675136801527119e-03	2.478270861169755979e-01	2.145207944866886207e-01
-5.739064311978157168e-02	5.408006966839422336e-02	8.784778231442523511e-02	1.910814810290337451e-01	-1.002265529414702872e-01	-2.140637462658026569e-01	-8.756061394165887135e-02	8.692552422336996543e-02	-3.637977294239157222e-02	-2.321970396631863401e-02	-1.092092321902977808e-01	-1.358286569579809921e-01	3.509224516851797149e-01	4.577046200524352848e-01	4.598597970768549814e-01	4.526743173095648110e-01	4.322771576275976080e-01	2.178328230528523146e-01	2.578602494635158227e-01	3.238188126872819650e-01	2.141963368662468670e-01	4.395711917087649079e-01	5.077076710781555091e-01	4.857526354771809496e-01	2.310861243858493563e-01	6.318493021925891684e-01	2.614317204386223392e-01	4.165658033951932238e-01	-2.979071957715844765e-01	-1.433871632340478486e-01	1.509935413692747863e-01	-2.492584912501701333e-01	-2.017290467193015302e-01	-1.181395530435340319e-01	3.278407399873091155e-01	2.535321772624026804e-01	2.225735546920672714e-01	2.079473575474569680e-01	-3.245013894126874132e-01	4.054089829424000202e-01	3.951527085715659804e-01	5.517866032795244458e-01	5.726495122305414603e-02	7.329938221997060743e-02	-5.737593753179270201e-02	2.068547004640345077e-01	-4.429113442673185408e-02	-2.670588780648295857e-01	-8.593558838388271059e-02	1.100329898319347688e-01	1.110340974009046411e-01	3.855579863745196845e-02	-3.428814526655660777e-01	-2.549113979981947331e-01	-1.344821386326452983e-01	1.221730608936514861e-01	-9.277165360221346913e-02	-2.673982523705116798e-01	-5.952286044872581727e-02	-1.849180834842548138e-01	-1.774628721695085121e-01	-4.307395154486343136e-01	-2.451661229298527922e-01	6.798030233541985101e-02	-3.540515472306249301e-01	-1.874168381780602355e-01	-1.338258696021334959e-01	-1.341753879302984634e-02	-3.249466978206950185e-01	8.505764728419450138e-02	-2.477889140565150694e-01	-2.383880703749351182e-01	-1.493178030411390633e-01	-2.291246066297735473e-01	-1.931593816463308966e-02	-2.176960980804963641e-01	-5.590228593886961000e-02	1.744504709079850585e-02	-2.164734499260290435e-01	4.786073734364852846e-03	-9.077318831839824298e-02	5.249221894564343183e-02	-9.725073519107432785e-02	-2.532413704064550575e-01	1.148301172375253490e-02	-9.585673728615519418e-02	-1.343764893960665008e-01	-1.998453260320018354e-01	-9.138825643131809340e-02	-2.193939695822074709e-01	-1.436894322520654819e-02	5.403216600047292678e-02	3.355580356526868813e-02	1.019206257418012185e-01	-2.172118195879136071e-01	-3.255125009324368879e-01	-3.393740717970488568e-02	-5.002997317471975097e-02	-2.590115873087500131e-01	-1.275055897843534181e-01	-4.076464255742843351e-02	1.905606440314155103e-01	6.684528944943234074e-02	2.116906905754359081e-01	-7.628377174560649343e-02	-1.741470820790055885e-01	-4.435487266591339045e-02	8.794815761046548275e-02	-6.829393728053813339e-02	2.838339477614965078e-02	-1.214083623222991098e-01	-2.698366019709735331e-01	3.228076249356710004e-01	4.955517677451392045e-01	3.543512509231439567e-01	3.074548044816345915e-01	2.167307514948761948e-01	4.493575478313679983e-01	3.052176222071916745e-01	2.041133354677062972e-01	3.235319021051623056e-01	1.365764121441842838e-01	3.933538502293457140e-01	3.045387330688031913e-01	2.208173452277165105e-01	3.000644361937317983e-01	4.466218159274624733e-01	1.000000000000000000e+00	6.061627391505139961e-01	4.040696389369260455e-01	-1.054563199105216093e-01	-2.504033487366292068e-02	-2.607563459243737447e-01	-2.113860045754809569e-01	4.982666096202308451e-03	-6.900416325610340268e-03	3.551528219124103214e-01	1.369459450607005691e-01	-8.482698029589770539e-02	2.902553700310133156e-01	-1.669145891700530293e-01	5.565456281804944672e-01	1.456815454424800205e-01	-7.893886919817524883e-02	1.995452017148856005e-01	4.811494135948120587e-01	2.337535189801460134e-01	1.792543185971552100e-01	-1.084672239970944779e-01	1.116737572652491128e-01	2.569770415533483288e-01	-8.516583723625646696e-02	-1.084370543269774362e-01	7.854664279120839032e-02	1.326671106810252410e-01	1.208570898037931952e-03	1.485907429061797957e-01	3.434768689876132597e-01	-3.074250346040779264e-02	-1.114964136218306728e-01	2.247975167594741183e-02	-9.965237545083477366e-02	-2.576006724043081730e-01	-5.584092938317721661e-02	-9.949604639084391744e-02	1.202975123902780413e-01	-2.918237269179198637e-02	1.877298461786015282e-01	4.086010828026936936e-02	-1.629853422622430104e-01	1.204339430332522221e-01	2.519264757780288744e-02	-2.102905487302406465e-02	1.442720159023755944e-01	-4.473870515444837437e-02	-1.352441388609183781e-01	2.088680308333160096e-01	-1.751196308475234109e-01	6.008423158781835832e-02	-9.804257849781269907e-02	-2.755175774638696784e-01	-1.759376540024666091e-01	-1.404609583762194691e-01	3.658460208440560135e-02	-2.391659636797089511e-02	-5.090547434820338890e-02	4.635776083406085296e-03	-4.468225049446575281e-02	-2.006780885953115268e-01	-4.184984219854915449e-02	1.672134633531980122e-02	3.300900812699768261e-02	2.268757010648339012e-01	-1.608258152328250479e-01	-4.292624040420824766e-02	-4.669532243162994450e-02	1.895863198979147179e-01	-2.343234525726970580e-02	1.015837766945485443e-01	2.578099433179524280e-01
-7.205442667306849458e-02	-6.094542417362238534e-02	1.489372275405227153e-01	1.596557881389352174e-01	-1.418314930622410069e-02	-7.069875122781783816e-02	1.109280378711771826e-03	1.733237404725377073e-01	5.321427888013147145e-02	6.822084043520595074e-03	-2.529572151115081977e-02	-1.115944690075773571e-01	3.386593117057549174e-01	1.913348871752701130e-01	3.440360051828454391e-01	3.228641876696074497e-01	3.038769791903664919e-01	1.237010102209467055e-01	2.548010693004585936e-01	4.372095942977082816e-01	3.776215504466798878e-01	6.007945031857150342e-01	5.424431438694899965e-01	5.277275122491279502e-01	1.723497403425240659e-01	5.487085588373722400e-01	6.807022233536319522e-01	5.626632697075092393e-01	-1.822707651254186767e-01	-7.155827600677279465e-02	1.656456907263674783e-01	-1.054928027850065841e-01	-1.019112537876657315e-01	-1.588174163154637275e-01	4.691879597044860267e-02	4.114575309053964368e-03	1.108089324085207578e-01	1.238385031937157543e-01	-2.897739967324464705e-01	3.363328323093244254e-01	4.175194552670126180e-01	2.338270561930373970e-01	-6.146044460364036288e-02	1.779803285935176449e-01	-2.366993315122616903e-01	4.590434986565637698e-02	-5.137255773977818241e-02	-2.768167193545208460e-01	-2.088572005484881089e-01	-1.575319733147003201e-02	5.914698537315236926e-02	1.634965119153004576e-01	-1.209440955403661422e-01	2.727468116248158575e-02	-1.274827144666597079e-01	6.022081303303120081e-02	6.278259611573051846e-02	-2.097689643284107452e-01	-1.054067046587875561e-01	-3.127636058810727704e-01	-5.384646586449447908e-02	-3.151695855762616794e-01	-1.959680430132461071e-01	-3.446485061344304462e-02	-3.765203505078122403e-01	-1.527288396418939043e-01	-6.955652386610369775e-02	-1.049742612948927484e-01	-1.870828191742640034e-01	-5.475442690325682538e-02	-9.453280584996223701e-02	-1.510782729737479013e-01	1.431025387045329646e-02	-2.427269213667066217e-01	-9.275526689002575043e-02	-1.827080332028581111e-01	4.696941116245673120e-02	-1.683814034249213332e-02	-6.122942660283928196e-02	-7.383703790562174026e-03	-7.778619683718572542e-02	-7.209674650492729764e-02	-1.848469163093427181e-01	-1.423497065269789807e-01	-1.336365422937382808e-01	-1.224758417672386773e-01	-1.035317210532901988e-01	-1.190121160013698220e-01	-1.321725607430395411e-01	-2.448924645720575166e-01	-2.071702976057165357e-01	-1.047144761835205606e-01	3.434775216960100214e-02	3.376430288891468096e-02	-1.624735468781154102e-01	-9.119135990593035812e-02	1.480169186143764082e-01	1.154314801762241632e-01	-3.324667293251566957e-01	7.849454161623128923e-02	6.228978797841219772e-02	1.350175487672550523e-01	2.113676510454718105e-01	1.186809485740057540e-01	2.090519597523550488e-02	-4.053265771026739323e-02	7.152798736569511429e-02	1.822413637197569658e-01	-3.280836574478573214e-02	-4.713187690048334204e-03	-1.999673176245627543e-02	-1.929877535012796685e-01	1.186777229156353759e-02	5.590766756045212338e-01	2.488782812365717412e-01	5.789422707466871515e-02	2.575208270510164280e-02	3.539098350005951965e-01	1.508108848339327068e-01	-5.364345960495363330e-02	2.896162352059326595e-01	1.553104113350355642e-01	4.622635495625441737e-01	4.784861808592405508e-01	7.978128934145377327e-02	6.682077995868910270e-01	6.308885748788248815e-01	6.061627391505139961e-01	1.000000000000000000e+00	6.744693144689091202e-01	-8.429022173299469817e-04	3.710966289117823697e-02	-1.594049974066414910e-01	-9.448614859519993692e-02	-2.590850080525634036e-01	-1.330927854586521075e-01	3.505545635889232847e-01	-7.696871992939138818e-02	3.915210414635061920e-02	1.486707384401417531e-01	-3.318081038551837225e-01	4.881320097965511362e-01	-4.647483097196973556e-03	7.502217201241076494e-02	2.652368061216401895e-01	1.281357812526013606e-01	-1.432968415244362248e-01	8.104944158433570467e-02	-1.504419381374993703e-01	-7.635492940331488343e-02	6.344240008935796149e-02	-1.708396190056618580e-01	-2.790436403473666727e-01	-2.200235674258041729e-01	-1.261288622723855390e-01	-2.070565092979166633e-01	1.923993076400985214e-01	7.758896395478266650e-02	-1.152327202817866464e-01	-6.661276207050743914e-02	1.430231117463373613e-01	7.418256901661167413e-02	1.529777270826309377e-01	1.475708401851397455e-01	-1.818216814910741663e-01	-1.313429292345343058e-01	-1.667832672515321690e-01	-9.770243344684276243e-02	-6.933290280046500165e-02	-2.138932582495586543e-01	1.669530222147347365e-02	-7.282871792511201592e-02	-1.889384989078166655e-01	-1.008595527471634334e-01	-2.677145052459715679e-01	-3.336048755118767861e-01	5.008064184519525619e-02	1.051945725943689673e-02	-1.682181507490652927e-01	-2.679162883018991748e-01	-2.002107887926859731e-01	-7.069048733053913403e-02	-2.338089640170094297e-01	-3.235594815037191874e-02	-2.601888684758837944e-01	-8.669389274305436266e-02	-1.904725385595262832e-01	1.510795091765862290e-02	-1.607570120814395820e-01	-5.650482775273490965e-02	-1.911304713391545618e-01	-1.497637844093353265e-01	-2.087424382160618305e-02	-1.198610057749489172e-01	1.429397963765880741e-01	1.416471601122236135e-01	-2.498199501636515305e-03	-2.835455417107011003e-02	1.610570814388860295e-01	2.288447699104251831e-01
-1.750541780751827814e-01	-7.558851099609447538e-03	9.939668374708117426e-02	2.434106240719255687e-01	-1.377965379546957914e-01	-2.677400193302614251e-01	-2.227572287824076958e-01	-8.890446555236065918e-02	-8.410385980296314345e-02	-1.796694826643503995e-01	-2.608466344156068484e-01	-2.924708726743749931e-01	1.371734000304455359e-01	1.185284182737113695e-01	1.635787525021269451e-01	3.091206227963219644e-01	2.428400120706672438e-01	-3.357413140797437141e-03	4.863571548531296918e-01	5.218677878181746665e-01	1.877409866551358053e-01	3.047881742163170427e-01	4.824540004553898309e-01	2.137859131640073018e-01	-2.373722028511588214e-02	2.619755711770310747e-01	8.401840345328120963e-01	5.448837586371279018e-01	-2.016810300915914955e-01	-4.435030104838200843e-02	-7.689877525543551730e-03	-8.957106157527476575e-02	-2.058757800049242914e-01	8.206279822696270487e-02	1.217945426676374093e-01	1.231188025691162813e-01	-3.584205717145579062e-03	2.610363406488586668e-01	-9.894042546137316041e-02	5.667840765830345351e-02	1.660143092806873333e-01	6.602584584906381893e-02	1.080882815433190647e-01	7.013942809573904535e-02	-3.100161940047393427e-01	2.307492228039882687e-02	-2.068526222575709783e-01	-1.102556542187780597e-01	-2.383624493802081468e-01	5.089304668604813925e-02	-6.362914001848707368e-02	7.339833028705169959e-02	-3.170840274549018289e-01	-2.210252784862632436e-01	-2.431976746759824115e-01	8.959693201957753816e-02	-4.948011877988389012e-02	-8.077067818710061131e-02	5.386533992351653921e-02	-7.966933613864836394e-02	5.902823201897794414e-02	-2.490573928828757611e-01	1.194191870176232323e-01	8.712646862150576210e-02	-1.171659313638590168e-02	-1.716593231798214936e-01	-9.197772241070026333e-02	4.504760907762193206e-02	4.454294588748955452e-02	-1.174115833575442303e-01	-1.746589460508229941e-01	-2.496433302712251501e-01	-9.944262644979492971e-02	-2.408233904598410802e-01	6.340331805390028372e-03	1.488339793560965463e-01	8.250075820898614132e-02	1.278326208444098833e-01	-8.073595108664118059e-02	6.133769528958650519e-02	-2.799091339493378072e-01	6.755076437257598321e-02	-4.311043668408407609e-02	-2.197928556380860932e-01	1.892117069430992657e-02	2.501173358496899118e-02	5.971334947896959205e-02	-1.516164083775401183e-01	1.799627211083272282e-01	1.329022901369393550e-01	8.585347250585750878e-02	2.184164613813533579e-02	1.314545853800025976e-01	1.864522093178424822e-01	-5.272071113678863247e-02	-1.894454258799525004e-01	1.199535194197084154e-01	5.217812033407661504e-02	-1.705878081193890061e-01	2.279473114727493047e-02	-5.379463935438501265e-02	2.479984609717975075e-01	2.199154457763189685e-01	2.731904652390940158e-01	2.582391189929095915e-02	-2.396847087578784785e-01	-1.502660121316311270e-01	-9.854635565753373794e-02	-8.751210988440588645e-02	-2.389800272905206469e-01	-2.505266810863019944e-01	-3.881009968677301969e-01	2.160962529810503407e-02	6.835057279137702890e-01	2.675313187653049485e-01	3.160690328882301975e-02	4.740803691508430756e-02	4.483125630427095554e-01	2.205989010104831005e-01	-4.409356663217992370e-03	5.235199964277846840e-01	4.048845234067003918e-01	5.152162379006020032e-01	2.570492409807437761e-01	9.544251120046226555e-02	4.534797928879532591e-01	4.019324494616307031e-01	4.040696389369260455e-01	6.744693144689091202e-01	1.000000000000000000e+00	2.257696089651494917e-02	-1.598624262614100344e-01	-2.405301584496165601e-01	-2.343369577383523639e-01	-1.452627292975359752e-01	-1.057557835933259222e-01	3.460122822967174328e-01	3.306919851109113573e-02	-2.176504967026773041e-01	1.377366495616439424e-01	-1.271991129932872333e-01	1.853597008731588947e-01	3.168291044190776201e-02	-1.080831107815951632e-02	1.233794308330470602e-01	-5.683860676655431987e-02	-2.082816326297334542e-01	2.090665333926954861e-01	-1.595608104268867733e-01	-1.382997018566446967e-01	-1.034370409139895447e-01	-8.895655452134187957e-02	-5.853165504761898008e-02	-3.787950599551019593e-02	-7.345212367632499018e-02	-1.593370014126039846e-01	2.419196405952519502e-01	3.011414433884620004e-02	-8.477996094033504737e-02	-2.951651137739810804e-01	6.003530475579186426e-02	-1.425265606275123442e-01	8.876805815034492786e-03	8.938615956070269930e-02	-2.783496285899006439e-01	-2.431691694673404625e-02	-6.267444943066481644e-02	1.281742708951250087e-01	1.599927606000526026e-01	-9.554676257714696253e-02	2.479785975113393826e-01	8.839336042027946816e-02	-2.396883443363924948e-01	-1.004536374214246575e-01	1.371180343596357237e-02	-8.896974309034394457e-02	1.567500340827247540e-01	1.661445704321526662e-01	1.650274230336387926e-01	-1.171892791126755290e-01	-2.510799020902363399e-01	-2.032748443339337241e-01	-1.517381975668767591e-01	-2.841488224794614867e-02	1.690533367339928364e-03	3.204798199015296972e-02	-2.831921334941410462e-02	-1.345770677083707803e-02	-2.025307782374921595e-01	7.005997782828640719e-02	4.585712907625953683e-02	3.646946751722119490e-02	2.818498769723704611e-01	-2.853182474196086504e-01	8.118409840039375602e-02	1.064658317964071038e-01	1.170015345157235237e-01	-1.440639776013516969e-03	-4.550883917336730894e-02	1.927083750626533976e-01
-3.934834161937228458e-02	1.886564292396782638e-01	-2.120168512805889194e-01	-2.683541744119458117e-01	3.269803916123699139e-01	3.827477329331025468e-01	8.230473038274382924e-02	1.166330435946046351e-01	2.912008607375629610e-01	1.758975355286594155e-01	2.565218241299763724e-01	1.134600944162363206e-01	-8.811389261493858538e-02	-1.937419320617289886e-01	-9.533726821959728759e-02	-1.725450862762881732e-01	-1.391269384758826166e-01	-5.389452131988508449e-02	-1.624759091710738235e-02	4.802915234728483140e-02	4.390017909893361575e-03	4.529780402627982348e-04	-5.316358398486447506e-02	-1.611357064931120131e-01	4.480876325910024965e-02	-2.126682114373114052e-01	-1.113036114673150723e-02	1.977848183183730513e-01	5.290200270522121828e-01	4.361431842956967064e-01	3.839274537841012580e-01	4.013175683293215279e-01	4.267898767017014316e-01	1.055210495865122333e-01	-9.729615353160599167e-02	-1.059537293859223461e-01	4.597456287394469793e-02	-1.058320317860235310e-01	1.878959046454223292e-01	-1.147891078622227529e-01	-1.669245173021046968e-01	-1.602829063320676262e-01	-8.271342924678791453e-02	3.420644204943568828e-02	-5.932815557878216156e-02	8.855407123455487362e-02	-4.741791914391547264e-02	8.141034473803263061e-02	-2.988975066183306994e-01	3.952803989038061044e-02	-1.000086351513825439e-01	-1.540505914687350653e-01	9.299503406935762106e-02	1.692939760580610964e-01	3.331733100911688505e-01	4.533904521724243381e-02	5.348412146769787601e-01	1.337908671767268076e-01	1.203507435295280981e-01	-1.090904668658009349e-02	1.039168166871158039e-01	3.203462612826399880e-01	1.992879773874433047e-01	1.968932785703763344e-01	1.187873624558137831e-01	4.094555035066529264e-02	1.951073630198720266e-01	-1.790795259282880192e-01	2.148736576087434680e-01	-7.981189553736996178e-02	3.874351217418366411e-01	1.068906382561794211e-01	1.542147394488392045e-03	-7.073361570665925857e-02	-4.158645292235051139e-02	-4.221685703408941531e-02	-1.091309422407032645e-02	-1.812617439266303587e-01	1.280940545675960662e-01	-7.668034956674545100e-02	1.844162046264539445e-01	-3.103357951771472042e-02	1.185847913622103400e-01	2.761398199781146534e-01	5.915146021907367879e-02	1.689853741331039660e-01	9.667381472231895579e-04	3.621179858785770755e-01	-5.422764893788146849e-03	-1.189410124207638565e-02	-1.153226806948005750e-01	-1.286273121629090133e-01	-1.127327938334542895e-01	-1.896570670267053449e-01	2.597364214799281479e-01	2.667031986263765919e-01	4.480430804451647486e-02	2.613355261809675589e-01	1.253572995700269754e-01	1.797974353352926047e-01	-1.107463407727891508e-01	-2.423926603188773232e-01	-1.823445616722361648e-02	-3.116176802424630576e-01	1.878569676827612431e-02	1.306043353463639811e-01	-1.451114376537830652e-02	2.292132720799342771e-01	1.031139361507648206e-01	1.465462756415230883e-01	1.940564443910723080e-01	3.314152648161666215e-01	-1.418049888376631505e-02	9.114861517894966292e-02	-1.461713597922383902e-02	1.104848664251689289e-01	2.313894055711882281e-01	8.062174827004156205e-03	-5.371314235554220523e-02	1.270930496092911310e-01	7.934800527263577083e-03	3.251514089788901107e-02	1.997904926682636528e-01	7.008924875081805339e-02	7.766102311790690216e-02	-4.456006957915685518e-02	3.188782374745455922e-02	-1.054563199105216231e-01	-8.429022173299469817e-04	2.257696089651494917e-02	1.000000000000000000e+00	1.580738950203927073e-01	3.567643989057112663e-01	4.976303257644011935e-01	2.799449086136124309e-01	5.345481160031901879e-01	8.221782464630628118e-02	3.022580134080065650e-01	1.230628191448442932e-01	1.555713992610907870e-01	1.175485672983381108e-01	-4.913847499316739698e-02	3.119057279919449366e-01	1.088591045996271239e-01	-5.822555984794886702e-02	-3.989535752194624946e-02	7.450817320493133278e-02	-1.780249718349777022e-01	-5.707653526826160506e-02	6.487500375010032960e-02	1.363220640474725742e-01	-9.757509295007935068e-02	-1.256969787284444029e-01	-2.533505996068816657e-01	-1.451506744540365101e-01	-1.499556992058585503e-01	-4.829892449685410649e-01	-1.165489244445831740e-01	-8.924633508076640354e-02	2.567552110196468784e-01	9.191336729148093243e-02	1.984521348584901423e-01	1.083224318212848425e-01	4.156710651021682801e-01	3.337893545920378457e-01	3.270414197055585559e-01	1.997252796992972368e-01	2.072580543086374183e-01	1.757798975347135972e-01	-2.748791939090100209e-02	-2.832078240214689346e-01	3.260545975433975507e-01	-2.267155292091392604e-03	1.892800213687118038e-02	-2.103705674850416263e-01	-2.058538511877428326e-02	-5.380589989119753946e-01	2.279948491514844494e-02	-1.218289906366471498e-01	-1.809538699888953994e-01	2.357623848183442242e-02	1.398740050061889895e-01	-1.842658005082020989e-01	9.774603600041964491e-02	-1.064212681153866163e-01	-1.654951056478053961e-01	-4.439751314102797358e-02	-2.558238646064103228e-01	2.012036251195662706e-01	-5.140976922697881174e-02	-1.856203553452239474e-01	-2.754118843457151189e-01	-2.728655941483391079e-01	2.755194922131236068e-01	3.078760900707353670e-02	4.192936074200905028e-02	-8.905969871612501310e-02	1.783560791684981051e-01	1.632666536199679219e-01	4.384164687345427219e-02
-3.329896344164720579e-01	2.366850691158217945e-01	-4.653090539402006676e-01	-2.722342462973798560e-01	9.021329908662691077e-02	5.646773531986997580e-02	-5.102365211388009553e-02	-1.157715452912343040e-01	4.678699275858549250e-03	-4.682122861494717597e-02	2.589494054757457420e-01	4.050025187888052491e-02	3.604137610382520673e-01	-7.974881657121058592e-03	-1.167961977563662518e-01	-1.456421679018432558e-01	2.969542104141580704e-03	1.504260246156262082e-01	2.546691125917610664e-04	3.427124556183399479e-02	9.209563549298044327e-02	1.913879395625880664e-01	5.079373946499625425e-02	1.332168021414298353e-01	1.149453673342500371e-01	1.406342784095784559e-01	-5.949674493990342317e-02	-1.604204731562357544e-01	2.649841292215663335e-01	-1.138818902432579688e-01	4.505128091170766957e-01	2.176310843434313136e-01	2.673373586442976402e-01	-3.080150844339179517e-01	-1.544122910847693098e-01	-1.453169431449319593e-01	2.455185517169619080e-01	3.835025638109102169e-03	-3.113303587643094783e-01	1.768772579503057885e-01	-2.139051590812388742e-02	2.883824260779618842e-02	-5.265213949371441160e-01	4.764211268289245682e-01	6.467375557966495436e-02	-2.063611473539755381e-01	2.722394740049985384e-01	-2.651876384845324175e-01	-1.638788404483117744e-01	-2.499157567426883372e-03	1.496894387008849414e-01	-5.843857543842242985e-02	1.417834003452293767e-01	2.606563808517068925e-01	3.627796719250228619e-01	-1.349944760140656119e-01	1.314804606312294233e-01	-4.543616383261878111e-02	-2.422046362548008480e-01	-1.711970247292446956e-01	5.646044693435032374e-02	-1.543337969947909671e-01	-2.641108364783724127e-01	-3.936899571554395849e-01	-3.593315427561020181e-01	-4.100405487204185351e-02	-2.831841138317296031e-02	-1.970219178337236955e-03	-1.650027958568891784e-01	-1.498128432348231065e-01	7.073153563813214251e-02	3.693015525560068846e-01	5.798984210104878301e-01	3.753456018826022977e-01	2.080530894779943352e-01	-3.239515280821009258e-02	6.024080917371049670e-01	2.392014547912783284e-01	6.160602636817845701e-01	2.455725053506977451e-01	2.085378227258061212e-01	7.264019045755230886e-02	1.308156072851515972e-01	-3.494253981725266300e-02	1.026630443600446280e-01	-1.459755523322046888e-01	3.520112485972622940e-01	2.656405189403438505e-01	-8.109258381770034774e-02	-2.026531627771285538e-01	-3.966375673025290816e-01	-1.963397179683031707e-02	-3.963808146949658884e-01	-3.599655708731738235e-01	-1.607004060237586240e-01	5.453292972911559788e-01	4.685052255732292115e-01	2.519354009239523351e-01	-1.112240233775764753e-01	6.121991006942479885e-01	-1.965205276363457820e-01	-1.701459309108226473e-02	-4.998971476082894605e-01	-1.366090179952339778e-01	7.607212327827603260e-02	-4.951012914279580290e-02	-8.874545112634654731e-02	4.948857664067632389e-02	-1.755131828351996492e-01	9.058408398165400388e-03	2.700615677807186032e-01	2.843834021634314979e-01	7.209533451277884419e-02	-9.788031980836288393e-02	8.374739883239472327e-02	9.307263842381207838e-03	1.758856709950413211e-01	-1.276477736516568318e-01	9.978523528447695579e-02	8.241022010605560111e-02	-1.379715233841598832e-01	1.172221569094818346e-02	9.652805377817696986e-02	7.080222017481496710e-02	1.460944707567560508e-01	1.700733281493926607e-01	2.572608637840240187e-01	-2.504033487366292068e-02	3.710966289117823697e-02	-1.598624262614100344e-01	1.580738950203927073e-01	1.000000000000000000e+00	4.062795262826554010e-01	2.711803418461974924e-01	-2.429381618594030068e-02	1.301085192720352335e-01	4.016323770035445592e-03	-3.814278688730503991e-02	6.513752814317281814e-01	3.021552591697506673e-01	-2.261563894808213127e-01	2.973995816948646898e-01	3.417959617496499347e-02	1.336367773556720318e-01	-1.923628573113601858e-01	-7.647315226769804339e-03	1.426117440663702274e-01	2.440427286180148758e-01	3.791625127912208182e-01	-8.716032557557681915e-02	1.794380316841100442e-01	-4.274384402153393880e-01	-1.871544965129094684e-01	-1.279098873071718989e-01	4.239634409958161973e-03	1.543453638370906322e-01	-2.996736015972706890e-01	4.756747378864532860e-02	2.371684264912054807e-01	2.472846279872341624e-01	3.970844728059190476e-02	2.122473781670043136e-01	-4.865309904643968369e-02	1.744151645528892181e-01	1.089599538225984043e-01	-1.220490578362602718e-01	-1.571378256961164788e-01	-3.146430629292022441e-01	-1.235373626724232121e-01	-2.113922687172540768e-02	-1.574576729621423310e-01	-3.621917707968160816e-01	2.192842698309629967e-01	6.486488898034783145e-03	-4.476928960567200799e-01	-1.637057607153656891e-01	-3.986335698330765731e-01	-5.382859056659178298e-02	-4.139550379981503658e-01	2.364082507565604119e-01	3.552199454510843735e-01	5.588028285032849984e-01	2.697018538046490610e-01	6.929945391591590953e-01	-1.550433640927627310e-01	4.246027810313653950e-01	1.636387736562424089e-01	8.797577922054371224e-02	3.249460278449367578e-01	8.956320615344477709e-02	1.272474231122174004e-01	-1.899567281406810970e-01	-3.570300320585151344e-01	4.937514629075775985e-01	5.275232233954209038e-01	1.115968836152296390e-01	3.515021452771429633e-01	-5.105314874946283166e-02	5.517576592563048221e-01	3.825443145324756988e-03
-1.391904765798705201e-01	3.155941456427963088e-01	-3.755891366083004557e-01	-4.444225596737187978e-01	2.815405324202391313e-01	4.922922798729736926e-01	6.814521018517954998e-02	8.101787057346086784e-02	5.888232439341224006e-02	2.383399775499782658e-01	4.482578500010643840e-01	3.293220911184133737e-01	2.934227278033730343e-03	-3.460067820353868173e-01	-2.813675833637238055e-01	-4.417408861974960188e-01	-3.884667755610497486e-01	-1.826929405077498958e-01	-1.065242159390397125e-01	-9.823301709320436670e-02	-1.302957656765228733e-01	-5.061789084572602265e-02	-5.090965942499058039e-02	-1.342087668980790349e-01	-4.370845226507891895e-02	-1.376244590393618517e-01	-1.436955265566763618e-01	-2.172145738906033630e-01	4.607394919040172510e-01	-5.856468715786329604e-02	9.964192566989495126e-02	6.937808664919833390e-01	7.100438457379724122e-01	-1.443921604282517590e-01	-3.934810362590338562e-01	-3.219550585872616444e-01	-1.186678531244268475e-01	-4.010917487970793727e-01	-6.936681008751326150e-02	-2.080180637488071305e-01	-2.480120905182932323e-01	-1.654249384544415336e-01	-2.934913063668078692e-01	3.631999929363836227e-02	1.449057217170545697e-01	-1.049599792954537675e-01	-2.037876131384369280e-02	-8.928642856867768929e-02	-1.325231257625421877e-01	-4.917978470182605977e-02	3.305142817759044137e-03	-1.301633726179478034e-01	2.599937969573181129e-01	4.051168317754152426e-01	6.142934243223251434e-01	-3.714493079622772226e-02	1.726205273554315411e-01	4.042994717984657593e-01	-9.139099894831680115e-02	1.644864262969956414e-01	1.870171632880012480e-01	3.153881335330827596e-01	-1.256708465357977977e-01	-3.500637417380862981e-01	-1.752886765484441556e-01	-7.030436023023851899e-02	1.527503373668151476e-01	-1.866776163574261072e-01	5.435469712594869635e-02	-7.862441735190350833e-02	5.437794987847142103e-01	6.371405310139982570e-01	5.251105790883774382e-01	3.613417563316668746e-01	1.663778430682872900e-01	-1.953475008325779860e-01	3.098631414020667219e-01	1.792323252059192240e-01	6.335461676496977335e-01	8.875054411644822672e-02	5.210472566523854931e-01	-7.908418973864550158e-03	3.814296685907356266e-02	1.038962045955004326e-01	-8.113961525960648735e-02	-1.250502665079951947e-01	1.052047101318748928e-01	4.766747286950515639e-01	-4.240494555425064482e-01	-2.796544416158282531e-01	-5.643418964418627226e-01	-3.303799131262397104e-01	-4.718453275291198401e-01	-5.230532213960001897e-01	-2.718728810513136585e-02	7.391636146237030580e-01	4.733518122061295963e-01	1.568639161203678190e-01	-4.008309849629379529e-02	2.394259587271767020e-01	-1.906165060056924376e-01	-5.931803999615971046e-01	-2.461201854615075735e-01	-4.880677041901201330e-01	-6.021519529052677538e-02	2.316253221801461981e-01	1.425995696907974564e-01	1.916259817780812669e-01	2.127464059999800150e-01	2.950475187741017913e-01	5.256956714594238633e-01	6.886748601545327197e-01	-2.400254483576287345e-01	-1.691461917040680552e-01	3.861107953246204622e-02	6.768380840984476732e-02	1.765763470559382486e-01	-2.324610796621387754e-01	-2.624023050972947857e-01	-7.440010942583703824e-02	-2.874675918141826880e-01	-2.612841709397257725e-02	2.798608796460421919e-02	-9.825667825776127073e-02	-3.503265001429534814e-02	1.632383312683068424e-02	1.320017703995857994e-01	-2.607563459243737447e-01	-1.594049974066414910e-01	-2.405301584496165601e-01	3.567643989057112663e-01	4.062795262826554010e-01	1.000000000000000000e+00	7.268132072762318874e-01	3.295789730371149751e-01	4.528581229527098295e-01	-3.601975115598843868e-01	-3.693155719869804093e-02	4.834326746347211712e-01	8.445937424645995339e-02	2.509565537991630402e-01	-1.986385636996687298e-01	-1.388747055588576695e-01	-5.425143936596114186e-02	-3.351949708575756581e-01	-1.841015754629536649e-01	2.066682214367301651e-01	1.007477007979884487e-01	5.180226400387514252e-01	-5.358080104330213700e-02	5.353220553566171575e-02	-1.226853564763941418e-01	-1.648696713669192959e-01	-4.107817179294460941e-02	-1.232051743282121942e-01	1.046183981645720934e-01	-4.660107291374349647e-01	-3.310171725847193408e-02	1.385409557972074879e-01	6.150110532443955336e-01	-6.901064991709514318e-02	5.161156247539525621e-01	1.333407432568796958e-01	6.681396255167994236e-02	7.059660599783265100e-01	2.269202881439926489e-01	1.657672856718537813e-01	-1.908721478956820761e-01	-2.132063673669400139e-01	-5.380586389550405524e-02	-4.598620018879261417e-01	1.581037214535019886e-01	4.055415679388811312e-01	1.792469807663159831e-01	-2.404039403823477750e-01	4.124962683554013465e-02	-4.626539738236170041e-01	2.586632270894175661e-02	-4.355944321395989194e-01	1.145501199566296424e-01	6.738054372038161377e-01	7.889825763660486269e-01	3.011138632177524643e-01	3.247363945357682469e-01	-1.573864580139676117e-01	3.949246190089854003e-01	1.541810626859829447e-01	-1.725221821208203776e-01	4.348378366891527680e-01	2.340029897758174465e-02	-4.244787074827160445e-01	-4.089770702665975755e-01	-5.976876889974502838e-01	7.847856992544618437e-01	5.017704110070827506e-01	9.593869666248081018e-02	-1.349144703812909796e-01	-1.843046624930088084e-01	4.007138954859278124e-02	-2.412329443145193597e-01
-2.037677841378212340e-01	2.767030361046152187e-01	-4.895793191839383218e-01	-6.191157126331596761e-01	3.879149709253599254e-01	6.310725107167998171e-01	1.409433785888233037e-01	1.299210601822227973e-01	1.178010462084363719e-01	2.636901700357367484e-01	5.297941814477327149e-01	3.328499814457555606e-01	-8.934662172377013170e-03	-3.996035003268090247e-01	-2.340194136243038403e-01	-4.273963971611652313e-01	-4.214423433837437560e-01	-3.266203833124999845e-01	-1.888352687211195535e-01	-3.785130511574001655e-02	5.204032811375833290e-02	4.857692307270154025e-02	-8.782564999297602648e-03	-6.216147919493849455e-02	5.928632035939672418e-02	-1.259409395081629579e-01	-1.194122342013267946e-01	-3.849775052388045710e-02	3.842443619682860967e-01	-1.889071454929413044e-02	1.225553451362663276e-01	6.436741565198316195e-01	8.400632763207064313e-01	-1.622367036070773150e-01	-3.786528858664490182e-01	-4.005050870142487507e-01	-1.829083626283579678e-01	-5.147330917250130256e-01	-1.295774524993402177e-01	-1.690316213802967871e-01	-6.533536499031049327e-02	-1.168858841942728849e-01	-1.410789987890347652e-01	1.354131202153327019e-03	5.816185898830414369e-02	9.446218079880266179e-04	1.241483335425756507e-01	1.300952539450756229e-01	-1.144393142362072069e-01	-5.387992805763821419e-03	1.497682130982333493e-01	1.106340794447286807e-01	4.677730254726296666e-01	5.403720403801856031e-01	7.498842083556503946e-01	5.881802282294639611e-02	3.114595840565380636e-01	3.559436181696575829e-01	-1.210149072361538791e-01	4.455331045176760818e-02	-1.978442332957796104e-02	5.105861964013516108e-01	-3.512417156060422541e-02	-2.045197037763351600e-01	-2.423380216835241130e-01	-5.433609274361458907e-02	1.976111124401840058e-01	-1.107236441329313981e-01	8.757452642347547667e-02	9.577602554771458276e-02	7.324220906677610943e-01	6.167588264469407999e-01	3.580845445705567731e-01	1.767146587460916574e-01	2.575019816905652070e-01	-2.466667437177619271e-01	2.130352741762748248e-01	7.331858564498073411e-03	4.662597998481847195e-01	7.831232221409323291e-02	6.762010332179210215e-01	-1.885231258991066153e-02	1.280871916719488190e-01	2.765739430415740108e-01	-1.529512182645680618e-01	1.784521418892192138e-02	8.392228342770050031e-02	6.568997023913339950e-01	-3.488666230821312886e-01	-2.418648148732581715e-01	-4.436681509462913620e-01	-8.592464361139168227e-02	-1.876737486929190568e-01	-2.426354887994085219e-01	2.875050881832084682e-01	5.569018067589032173e-01	1.959389715180459568e-01	1.049115568145228411e-01	-3.778040215868227331e-02	1.447842283675847275e-01	-1.800250151324078174e-01	-6.700726489484185588e-01	-3.088394625992679221e-01	-6.449396796059297943e-01	-4.862686834993971280e-02	3.116194342082633240e-01	1.427891048250704842e-01	2.427802857001852554e-01	1.760766555123889354e-01	2.870467313034629764e-01	5.069509268976987171e-01	7.598956653543404993e-01	-2.905263273187719819e-01	-9.747456080082944618e-02	-4.173709818241071743e-04	-5.778785674012981537e-03	1.816954931857250044e-01	-2.648658082032263050e-01	-3.190187970531419559e-01	-2.257374107106738248e-01	-3.126460594787277003e-01	-8.081692107102739220e-02	5.295823833467619424e-02	2.895169388621646189e-02	-8.777213829369472087e-02	5.101597301663766959e-02	2.181384312965864158e-01	-2.113860045754809569e-01	-9.448614859519993692e-02	-2.343369577383523639e-01	4.976303257644011935e-01	2.711803418461974924e-01	7.268132072762318874e-01	1.000000000000000000e+00	2.768534796648026708e-01	6.299798593976128069e-01	-3.152610767441620943e-01	7.162067418298695420e-02	4.908463253346377897e-01	2.876496463706246925e-02	2.098416793969828248e-02	-1.260486128643146242e-01	5.223583666105473255e-03	1.314041191691190102e-01	-9.864246874766198492e-02	2.478986037212043206e-02	1.090296655935473896e-01	-2.946991884065052955e-02	1.606596040191849428e-01	1.403363398741731272e-01	2.796211776152965345e-01	-2.674660858944447397e-02	-2.213046739106694638e-01	-1.340033509022122704e-01	-2.240341207379258903e-01	-2.025524792399464868e-02	-4.873287309246224774e-01	1.289864203559509814e-01	1.667986671018306666e-01	7.749881300239837012e-01	1.011120395238991054e-01	6.652794804874213597e-01	3.072270655005344686e-01	9.824076111600646422e-02	7.083484268463838829e-01	2.229867504241139498e-01	-1.177575085613203482e-02	-1.417260932205012536e-01	-2.696812057637220095e-01	-2.170454831292178699e-01	-6.175830473969692314e-01	4.237679059079708932e-02	4.390662124386375265e-01	1.454425408854741197e-01	-4.468937923929421907e-01	-3.744638612839266273e-02	-6.006910587485748687e-01	1.647732119702372822e-01	-4.247278178549895311e-01	-1.677642591702035169e-01	5.253592122506255402e-01	6.682389204979939379e-01	1.149412966869484687e-01	2.635979455606512478e-01	-4.227589424279402097e-01	1.235446515233527137e-01	-1.083126116694651392e-02	-3.372258229542084984e-01	5.306194414585712060e-01	-6.165145522080026086e-02	-4.706309540588090035e-01	-3.412753218705246172e-01	-5.616872305365036011e-01	7.455571890112182576e-01	1.362786512763944913e-01	-9.036956385592169461e-02	-3.150267276776583247e-01	-2.065324306981562372e-02	1.103995186331388489e-01	-5.623510196610782136e-02
-5.463643354961286724e-02	2.859751970891319384e-01	-1.698940575047422075e-01	-7.402065655137916866e-02	4.284067224351466308e-02	1.089217173794791160e-01	-1.001521498418070227e-01	-1.285175663095283055e-02	1.085239180020949185e-01	6.999377923040923932e-02	1.185670447145205503e-01	4.437477440349226615e-02	-1.338778082303269668e-01	-1.686540936029309531e-02	-1.829956344756215325e-01	-1.573138786568992198e-01	-2.431917091908913919e-02	-1.970836180841140650e-01	3.114050946444139184e-02	-2.206642185413882351e-01	-2.378343829370883622e-01	-2.458900185903768465e-01	-1.581199512070446123e-01	-1.786321786124491218e-01	2.914375067223750476e-02	-1.970185088000217244e-01	-2.927451039603575778e-01	-6.596852447702937494e-03	5.062338431307142339e-02	1.738587971206573546e-01	7.366593489967625252e-02	3.481831944523310907e-01	2.894451039005158099e-01	4.355458285677302754e-01	1.975972136593378281e-01	2.903110872832134204e-01	-3.137772213155388956e-02	1.494844296223789368e-03	1.592610439289407209e-01	-1.336419916097589811e-01	-1.667395455412611360e-01	1.769059322417036121e-03	1.023368750450762282e-01	-1.921590836120046220e-01	-1.412003317378405197e-02	1.573765333837845448e-01	-4.622671365834161994e-02	-3.946848911624172701e-02	1.712980433708479744e-01	-1.136341568368492982e-01	-1.252751927663580955e-01	-2.420929366379420133e-01	-2.673521698720737749e-01	-2.969636903801504690e-01	1.260037441078274423e-01	-8.081212962246184239e-02	1.404938606455102823e-01	5.536680798620609995e-02	3.429663068228824274e-01	5.126257866394662299e-01	-2.749966772620072650e-02	8.700707048572105251e-02	-1.074551429257889629e-01	2.193644731901644301e-02	1.689829683617582734e-01	7.784912326603340982e-02	-9.753380968589235589e-02	-3.984095199402368920e-02	1.020529103838434398e-01	4.933549774592500825e-02	-1.205201263065583395e-02	6.443328875921135179e-02	9.328782913399591079e-03	2.134240422017650782e-02	-2.672951379611913231e-02	-2.295323195666450766e-01	-2.286219766591003066e-01	-1.007063528909577371e-01	-1.039510685095974309e-03	-2.686822317481757927e-01	5.261900019464479938e-02	-2.071240457849117256e-01	-2.013788820672496871e-01	-2.931456736794740281e-01	-1.204770390940364533e-01	-2.600718889894289010e-01	-9.296001554818185408e-02	-4.816181265643271203e-02	-1.925157544984929248e-01	-1.857707981778485840e-01	-6.511963775235798946e-02	-1.155478187225819353e-01	-1.709401092757665830e-01	-2.283745964673495610e-01	4.571036127589464537e-02	2.933505595157978249e-02	-1.356585689649773552e-01	-1.599570036454765753e-01	-3.148448723434833611e-03	-1.649832803282250404e-01	-1.917197703491389238e-01	-1.057794443415596558e-01	-5.657888829929934305e-02	1.932230863349999189e-02	-2.245802473729061055e-02	-7.859042607171881634e-02	-1.603473223351998544e-01	1.039784286562331767e-01	9.791234934097749198e-02	1.814317334298038709e-01	-9.158399276249142712e-03	1.264071339401123262e-01	3.336617877534915899e-01	2.108077997215171695e-01	1.494509559145169031e-01	3.086366122585167404e-01	4.534700010752027444e-01	1.661720976790715121e-01	2.742319679426119539e-01	3.450944997539815984e-01	1.289305798016534277e-01	1.520964558793368726e-01	-5.885059875344769015e-02	-2.855818829284970106e-01	7.912305508315471692e-02	-2.232726123662909234e-01	-1.446286417558102499e-01	4.982666096202309318e-03	-2.590850080525634036e-01	-1.452627292975359752e-01	2.799449086136124309e-01	-2.429381618594030068e-02	3.295789730371149751e-01	2.768534796648026708e-01	1.000000000000000000e+00	7.001234680942769462e-01	1.260253349866386971e-02	5.178258715467327633e-01	9.004280166216155346e-02	3.143950816772980161e-01	5.698795780556421553e-01	-5.746385576422746028e-02	3.473055669358242614e-01	-3.072892487160773789e-01	-3.350560028875423368e-01	1.964883592846649041e-01	3.312878765711415596e-01	1.957995092154928701e-02	1.404485015152188709e-01	3.594965517128497212e-01	3.196975200194557276e-01	2.705020183408254342e-01	2.377913958280870321e-01	2.678369315772384240e-01	2.750622152125543618e-01	-5.932314514154175778e-04	-2.021836350873862931e-01	1.140355661161103762e-01	-1.566739177669420613e-01	9.361711612549575290e-02	-1.879935687590683357e-01	-1.443563938768226973e-01	-3.221654190240538229e-01	-2.461175523763088346e-01	5.050413649225609092e-01	6.844518774616763501e-01	5.621103733136806335e-01	5.847494324869285665e-01	2.466578739747757876e-01	-3.335623878406120124e-02	-1.143035010506466553e-01	4.893261889515703178e-01	2.866455527991576546e-01	5.496432831625454041e-01	3.733820850668354563e-01	4.215082099892918932e-01	2.048506817690868773e-02	-2.967606432520293880e-01	1.083146219688422840e-01	9.254884913872160612e-02	1.461424278524998122e-01	1.973153250274014281e-01	7.086642386752936562e-02	2.661668425878209177e-01	2.488423160687478208e-01	5.534504976388475439e-02	-1.403713620362943837e-02	-3.301070503383400356e-01	-1.407917208689085133e-02	-1.936887071120823034e-01	-1.192226068106252701e-01	1.190306807116263237e-02	-2.301233020117703088e-02	1.708721827558417061e-01	-2.474204178949892044e-02	-1.544100751721667053e-01	-1.697205358752732762e-01	-8.224373014156902140e-02	-1.045681521754293908e-01	1.319780050620307787e-01
-2.830861610506027470e-01	2.732806363665112315e-01	-4.438080345309686203e-01	-3.800262287634826319e-01	8.608620176162387616e-02	1.956172319947891980e-01	-9.534080995660432212e-02	-9.597397104370393450e-02	1.279478446430996341e-01	-2.773521659862401151e-02	1.579098111577971197e-01	-4.413431332887455399e-02	1.243434948026779924e-01	-4.324702131885439782e-02	-6.895071699164748158e-02	-1.204459375296379892e-01	-3.275220594366822641e-02	-1.030221583063696406e-01	1.001001860175123048e-01	-6.940601008241705514e-04	-5.648959382941120058e-03	2.073618572065670605e-03	3.022976423946893698e-02	-6.871614348570574161e-03	1.678887872932798009e-01	-7.932822625376879933e-02	-1.276430736313620973e-01	1.381455246158117267e-01	2.387385636611515094e-01	1.184404613449107219e-01	1.254300074852346958e-01	4.514208699767886523e-01	5.116869276974597147e-01	2.843524529509511845e-01	1.337928753532879877e-01	1.798845412178392833e-01	8.093697313036901653e-02	-5.712234544496763711e-02	8.621601290243680049e-02	2.984223100736208261e-03	-5.867252416725196595e-02	5.193582806249787132e-02	1.105364063610939501e-01	-6.174734066267411475e-02	-1.205539674037580354e-02	1.634618023805835818e-01	4.726849325228801857e-02	3.556590530768353846e-03	4.892934848886076882e-02	-6.699064834027451502e-03	1.591283179147048865e-01	1.737043876987956828e-02	6.201560156546317287e-02	2.682787148676620340e-02	4.345878327253147599e-01	1.836185494715224936e-02	4.821147548878875200e-01	1.724509109534586582e-01	2.467863934814083504e-01	2.905705082202999501e-01	-2.577203859098158197e-03	2.659684688680268860e-01	3.593234294076286944e-02	1.363071424927851660e-01	6.832275294044122538e-02	1.448161230456047333e-01	9.215589606127214117e-02	-7.960939979060860372e-02	1.416464909318425058e-01	1.202847556812940977e-01	2.650020397915063830e-01	1.383368509027398108e-01	5.194234493892289223e-02	-4.153106032543625592e-02	1.062914694783788500e-01	-2.205255755752379976e-01	-8.291912140095208938e-02	-6.144932808445508626e-02	9.503979210934770938e-02	-8.918335222044727895e-02	3.195853110510055162e-01	-1.000742029888943702e-01	5.774422856819357713e-02	2.819191016410585969e-03	-5.022023194890749137e-02	-6.827815537249934397e-02	-1.154722797771696476e-04	3.422867295387461151e-01	-1.763085889372648929e-01	-9.631040767622091325e-02	-1.001379454739113883e-01	5.335500510978268690e-02	-4.483364691765417270e-02	-9.576233136705393501e-02	2.627091756784660226e-01	1.799566930260528552e-01	-9.855119108960348762e-02	4.620774516989210184e-02	2.933926638262096195e-02	-2.272670283149653622e-02	-3.177085173602442469e-01	-3.066408428594964986e-01	-2.774469667469010026e-01	-2.703170321717989211e-01	-1.031164433672912412e-01	-1.133939912019069074e-01	-2.298049835686530595e-01	6.384367869542910412e-02	-9.197140174797963086e-02	3.576713524104249003e-02	1.211930011297383467e-02	2.675380827238613701e-01	2.758700770180452788e-01	1.878255754999733074e-01	2.273492484162058513e-01	3.023511876155345890e-01	4.605761311985526740e-01	1.388884872498399592e-01	1.541149082123783043e-01	2.435626292703068629e-01	9.857461254812330265e-02	2.126780109759554005e-01	1.353124155400780571e-01	-9.715692256441081642e-02	4.872260653657075474e-02	-5.738023648124448289e-02	9.252426458239129681e-02	-6.900416325610339401e-03	-1.330927854586521075e-01	-1.057557835933259222e-01	5.345481160031901879e-01	1.301085192720352335e-01	4.528581229527098295e-01	6.299798593976129180e-01	7.001234680942769462e-01	1.000000000000000000e+00	1.314416816138415101e-01	5.957288167456760153e-01	2.563771863732473011e-01	4.430634244045233427e-01	2.774417209743793578e-01	4.053735574199764796e-02	3.091549199553398908e-01	-1.355726235897573573e-01	-1.979758028446539087e-01	2.211066380343414683e-01	2.817010074923606555e-01	3.239514326366847025e-02	-1.659604677769015157e-02	3.035331053861080042e-01	3.404431099676459294e-01	1.035058065250181042e-01	-6.209715695752980602e-02	7.662618322129549110e-03	-1.874073989919064487e-02	-4.826381717238385077e-02	-2.595361025673864619e-01	2.316030993356580081e-01	8.225880664603853198e-02	3.669108113938385207e-01	2.936142320859144728e-02	1.604616633740987008e-01	-5.718623640264242081e-02	-4.788132014428223004e-03	5.787104563230341947e-01	6.112571698866263725e-01	3.352302304842889047e-01	4.183654852659802192e-01	1.195904899012177197e-01	-1.182805839661515111e-02	-3.617176909902750648e-01	3.700276706776878255e-01	2.609028114681631871e-01	3.247976685442417466e-01	-4.387355810470992823e-02	1.738200074206146251e-01	-2.794604520376925416e-01	-1.348515220538406556e-01	-9.561661626406116332e-02	-1.348747346587257367e-01	1.183375096034205154e-01	3.177326264188026772e-01	-7.955501927185197608e-02	2.592519995648436271e-01	-1.011937235654534889e-01	-5.722369890030769984e-02	-1.775720035372335692e-02	-3.375769620148396655e-01	2.510417956775456427e-01	-1.540687744005278248e-01	-1.759537646113498999e-01	-1.767352256590598025e-01	-1.819230083812674870e-01	3.724027682243722936e-01	-7.035128928727694964e-02	-7.816686454450420818e-02	-2.353628447330583517e-01	-4.401763468348345726e-02	7.786268743076496524e-02	1.848093674544322995e-01
-1.858607833007473176e-01	-6.382776511638801886e-02	4.339216426838914120e-02	3.146839446895434156e-01	-3.397630040590895462e-01	-5.281417354235641293e-01	-2.561511101021251013e-01	-2.541167988015232693e-01	6.875192029637332281e-02	-3.977990426537498236e-01	-4.806681838079910896e-01	-4.630710982409316223e-01	3.339602915684186102e-01	5.155605584284267406e-01	3.588850789408973285e-01	5.564490948927959257e-01	5.377993196041671586e-01	3.613788340957300727e-01	3.356421583590663005e-01	2.160558735028570987e-01	3.427467632808426923e-01	3.893286599883655219e-01	3.066488085250455020e-01	4.226721721970878032e-01	2.625869462790516584e-01	3.827513265502349160e-01	3.194876532362711519e-01	4.699960057653132517e-01	-7.184051698490408200e-02	1.640657956245024640e-01	1.571166744227933398e-01	-2.680693859343566965e-01	-4.140503551331555787e-01	2.674936174495871621e-01	6.058659261680560126e-01	5.005563741516100285e-01	2.568990658528658155e-01	4.323561804373936557e-01	1.372679749054775689e-01	4.954651068851742557e-01	1.302917096389405727e-01	3.191764884269346347e-01	1.807433298232330177e-01	2.170387856961151010e-02	-2.061071751507353722e-01	6.916970968734129088e-02	6.615761181474054918e-03	-3.603475331003218596e-01	3.521840477016677934e-02	-2.349357312500873624e-02	1.770053897823383460e-01	1.484979252070061373e-01	-3.056132073587194409e-01	-4.563599139673826244e-01	-3.533877042524168899e-01	-6.172859326965240284e-02	2.633033668817784667e-01	-2.508908689382279289e-01	2.227911657222516884e-01	2.211716048701591400e-02	2.705862551411563482e-02	-3.463274657390063571e-01	2.695718095872160491e-01	4.410317742845634159e-01	3.115919706799560873e-01	1.639578294801552483e-01	-4.927674839152648006e-02	-1.494714528231269879e-01	1.139784921307505083e-01	-1.145236251810670125e-01	-4.779821332755093133e-01	-5.166440015327699031e-01	-1.739262161790385841e-01	-2.453580509886184313e-01	-2.178391675358904434e-01	4.275332137015039335e-02	-1.090925822937958284e-01	-1.058447465845075153e-01	-3.004329447369064043e-01	3.846973824864903524e-02	-4.090073689165644732e-01	-9.221155059040908597e-02	5.213515535856054484e-02	-2.240259751282454859e-01	3.108445197429753337e-01	1.405449198281780339e-02	-7.972953988061076691e-02	-2.521366765695264855e-01	2.461148355041137270e-01	1.085074302504010768e-01	2.196468600860317921e-01	2.133791680747325059e-01	2.683736160508934376e-01	2.472585148746273553e-01	3.851434641285915450e-02	-3.194889761779615145e-01	-1.439356099271457134e-01	4.828973715296484143e-02	1.100214641238511093e-01	2.936078689968142988e-02	-9.777556506865378583e-02	4.565682601691306575e-01	3.034301603927620425e-02	4.271717022628479521e-01	-1.111212295394586186e-01	-4.480208306670883656e-01	-3.898022811719064618e-01	-2.565347761785511382e-01	-4.494459921074587805e-01	-4.423824392104375725e-01	-5.489823491040146664e-01	-5.807287021679378158e-01	6.302954304435189892e-01	3.742892074391412360e-01	1.414813887810964510e-01	3.563114177948524253e-01	1.566155308892129283e-01	4.941096641821302593e-01	4.969014718662705943e-01	4.008257697063617453e-01	4.082301881163079571e-01	2.571380531171685302e-01	2.770762280463028304e-01	1.613064248732032913e-01	1.544897490197046641e-01	1.713525299773268062e-01	1.809716678323200767e-01	3.551528219124103214e-01	3.505545635889232847e-01	3.460122822967174328e-01	8.221782464630626730e-02	4.016323770035445592e-03	-3.601975115598843868e-01	-3.152610767441620387e-01	1.260253349866386971e-02	1.314416816138415101e-01	1.000000000000000000e+00	3.823303658724607201e-01	-1.981138025768435229e-01	3.497479921360553412e-01	-1.173292983917422622e-01	4.547271519126408479e-01	2.825803841405953309e-01	2.272346462130488826e-02	1.196237500690054967e-01	1.847419084535391887e-01	2.800481386509164755e-02	-5.817018652692565461e-02	-3.347748338988282280e-01	-6.931957117847337146e-02	-5.114647872077673213e-02	-2.610963917141715940e-01	-2.462113185156639128e-01	-2.462704563649662504e-01	9.689319196778569190e-03	-2.197007674870919691e-01	3.211939365707147664e-01	7.068850173742741161e-02	1.723037677016149571e-02	-4.605628198532087936e-01	1.318423453842870463e-01	-4.971017274198785696e-01	-2.403971170524825673e-01	1.361283692248638211e-01	-3.951059195088268972e-01	9.508536753270306618e-02	9.134549977183079039e-02	3.453502150887393096e-01	3.816876383912229942e-01	1.793178164487518877e-01	1.720731581472169647e-01	6.157290462864851988e-02	-5.153825912214424765e-01	-2.336677310199019031e-01	3.545165110336942482e-02	-1.610729246357575639e-01	1.564788650181803964e-01	-2.913720638725839085e-01	7.759766037180709786e-02	-1.729781886309454120e-01	-5.123982059692260282e-01	-4.021014970504254715e-01	-3.444004322419031427e-01	-1.540459222739265222e-01	6.061941255695204450e-02	-3.096533909423176412e-01	-9.629643740612051084e-02	5.380998614190256324e-02	-3.268904764920340100e-01	-1.919898762344702525e-01	3.175122462477295571e-01	-8.051466221665018463e-02	3.194479429491832723e-01	-4.480131210704202394e-01	-1.852897093440969145e-01	1.318042835938081081e-01	1.765689909380948608e-01	5.613181953028350407e-02	1.670272022086340680e-01	2.689214748964116053e-01
-2.295046659587536286e-01	5.912683806454632068e-02	-3.120075018645464549e-01	-2.172368976633121118e-01	-2.879958892714636343e-01	-2.479839174484020081e-01	-3.446132489670665766e-01	-2.978117763964266973e-01	-2.985607715015683658e-02	-3.521691491320020906e-01	-2.642952328113810645e-01	-3.727818424206544856e-01	2.210542635231097508e-01	1.633218471934455018e-01	1.509359060926804552e-01	7.655886942188214195e-02	2.984326824353485397e-01	1.316543673315306862e-01	3.360711793907633083e-01	1.612351417590532077e-01	-9.834181308829284540e-02	-1.914535804532793706e-02	7.333542301362482030e-02	-4.352278021746238540e-02	2.057332568752117952e-01	-5.053651820069510886e-02	-5.201412878539372203e-02	2.368170258368507974e-01	-2.432512252647647463e-02	-3.491530164661874741e-02	5.848563154378078749e-02	-1.246563853227742463e-01	-6.026940815890005632e-02	3.023101523150862335e-01	3.731320804039536254e-01	3.944064250969108731e-01	2.782043367669229106e-01	1.921141345788506261e-01	9.724612920200641220e-02	-1.931109411689983443e-02	-4.885699976349922730e-02	6.495506727760153032e-02	1.682146600547353155e-01	-6.207601302122482678e-02	-1.170922203271282103e-01	1.605935412103301485e-01	-1.115614982092096585e-01	5.959314456905086266e-02	6.705255187159316066e-02	1.083536047783531381e-01	-1.382269626664333999e-02	-7.685760340844173533e-02	7.819950323834192960e-03	-1.026126079153963921e-01	2.427834108588698692e-02	1.692469777403185494e-01	3.655209610595677727e-01	-1.888457049213990990e-01	2.803445851765296037e-01	3.443517975481136251e-02	3.809790482974697440e-02	4.518179026710930635e-02	7.169955962492742529e-02	3.678945736507054920e-01	1.793387283373752139e-01	1.944859411873818278e-01	-1.611939406235016470e-01	2.959067196765944111e-02	-1.103041305799266902e-02	2.243742926094471346e-01	-8.259206904362627333e-02	-3.376447707244993879e-01	-2.869476225318626228e-01	-3.065948353958147243e-01	6.515504343712159863e-02	6.438820105775269753e-02	-1.511765456449850609e-01	-2.362001966684923807e-02	-2.382533223688032276e-01	-8.343731330297735060e-02	1.104352705509805549e-01	5.405450711712469353e-02	1.433725326352413565e-01	1.072865689127030231e-01	5.830745259849467316e-02	-6.958604860091531508e-02	-1.779775300464762899e-02	1.974011278179759743e-01	9.148852738876275814e-02	2.411059738386943929e-01	2.863204839465084972e-01	1.557176707686744599e-01	7.462752348540295511e-02	1.144377685183320531e-01	1.485428470240720833e-01	-1.172901925227866904e-01	-3.340015494714194677e-01	7.119867254325659700e-02	4.122001732853879802e-02	-1.047826484500266747e-01	-3.737879336384651863e-01	-4.341007596154701151e-03	-1.824437477329351742e-01	-1.443388422669038551e-01	-2.964632248047731622e-01	-4.668145869091345768e-01	-4.277967419701307894e-01	-1.715997489538139409e-01	-3.398011687166664352e-01	-2.727869328726842957e-01	-4.218854387301747000e-01	-2.280474240561451149e-01	5.891171212462833484e-01	3.755342691361380769e-01	3.693343258350346159e-01	3.643675196601704469e-01	6.408426252726965311e-01	3.689889856318080419e-01	4.202302463882584549e-01	4.326227228953226089e-01	3.750121814684709287e-01	4.334180893542640134e-01	3.392954036091144765e-01	-4.641011890401778445e-02	3.267698930609697072e-01	-2.715255582876220652e-02	6.759198523372000889e-02	1.369459450607005691e-01	-7.696871992939138818e-02	3.306919851109113573e-02	3.022580134080065095e-01	-3.814278688730503991e-02	-3.693155719869804787e-02	7.162067418298695420e-02	5.178258715467327633e-01	5.957288167456759043e-01	3.823303658724607756e-01	1.000000000000000000e+00	-9.114203660450254096e-02	5.388466792887404155e-01	2.679530506980113413e-01	1.836456801997870536e-01	4.105091251195093771e-01	-3.714738000277996444e-02	-1.489006071919978524e-01	2.367267313604365375e-01	2.134290334304723979e-01	1.230759103898969725e-01	-2.369168661837038337e-01	2.629592484251374596e-01	3.643842809984297881e-01	2.629178927206466398e-01	1.586288872086900059e-01	1.414450438553702671e-01	1.188928615387144921e-01	1.082853856680252719e-01	-7.827753622458777372e-02	2.168194368639284886e-01	1.710329539343712346e-01	5.226057234673119750e-02	2.018589558628329228e-01	-5.015329395352068759e-02	-6.673562673082635011e-02	-1.924931837174509719e-01	2.563017298864713744e-01	7.043218460898926780e-01	4.324301959914779170e-01	6.702265601202486156e-01	3.548603225632671609e-01	2.507311074359199754e-01	1.323857802356013524e-01	4.516492446633372237e-01	1.355640403881261391e-01	3.712498902698171954e-01	2.573959379465407538e-01	3.459897965191620628e-01	9.075543437791785961e-02	-8.886031698869516215e-02	3.409875685555832092e-01	-1.818078374183059245e-02	-3.621212087172033800e-01	-1.964831238335291996e-01	-2.260842648246035036e-01	1.217652236163498936e-01	2.266309834099664022e-01	-2.094276343188559431e-01	1.056699316664681115e-01	-1.172120733925137576e-01	1.869380271149597983e-01	-1.552061112432393843e-02	1.099361106590784204e-01	1.592489818796094247e-01	2.119106230462154961e-01	1.488410924872573399e-03	-2.818032394418346631e-01	-9.284476818589595948e-02	-1.355161338675601179e-01	1.209541296233249685e-01	1.215009886270202455e-01	3.812687276879936360e-01
-2.030689959734602590e-01	1.077662633989208557e-01	-3.672576688560885705e-01	-3.830128441888138169e-01	1.417465471738417471e-01	2.762919256673763146e-01	5.080661205310350176e-02	-1.290447657668865669e-02	6.368349282050780880e-02	7.004468614061548637e-02	3.439484367357625305e-01	1.872230575385173679e-01	2.248874881285705674e-01	-8.299151205540077070e-02	-8.762727696449466863e-02	-1.759487768866637158e-01	-7.182387689296716726e-02	7.047313378246218563e-02	-1.241201336862308852e-01	-4.681941588063998766e-02	6.762518958932517421e-02	9.448754443398299507e-02	6.316556713156955272e-02	3.006134974594386680e-02	2.091869144608547032e-02	5.076162584382346715e-02	-8.289236006177087834e-02	-1.807644121951470506e-01	2.785146543139996878e-01	-1.371004576715195156e-01	2.021339637174228154e-01	3.763097617445896881e-01	4.831103089453528399e-01	-2.171762733496083730e-01	-2.207090204657415899e-01	-1.614953592568506846e-01	1.226942069171175209e-01	-7.174914066811041713e-02	-1.688893822218629492e-01	6.051819549372873530e-02	1.289184860439523961e-01	-1.866765873175559032e-02	-3.574514118285638253e-01	3.752744357666186747e-01	1.778759880704790797e-01	-1.460912794981263085e-01	2.497372913441415487e-01	-1.566280281066661506e-01	-6.023917666865562237e-02	3.926000420995578478e-03	1.460956790263369665e-01	7.613672544247693241e-02	3.008862180355314497e-01	3.751271683395537848e-01	4.495767252499047739e-01	-5.251016209189432460e-02	9.923340391286941675e-02	1.145601422944864389e-01	-1.310207958948285678e-01	-3.805182317570573319e-02	8.218362626733247134e-02	5.680517651548391833e-02	-2.693216875100851726e-01	-3.497936943186060743e-01	-3.645619811644272290e-01	7.440411000067750913e-02	2.085918501435594583e-02	-6.346512558439336427e-02	-1.215630333788195738e-01	-7.628254058030567442e-02	2.595553654501612795e-01	4.344462951269847384e-01	6.694947450115320553e-01	2.549848965863084627e-01	1.109849441592257735e-01	-1.061285833331220702e-01	4.529980107935779876e-01	1.498050900973912636e-01	5.909083314563743361e-01	1.559844993871792873e-01	2.646450605585087268e-01	1.259244477002635990e-02	-3.007484321029749857e-02	-8.657833525350565329e-02	-1.362490362816133616e-01	-2.434885462905301279e-01	1.539400724936357823e-01	2.729035686572480746e-01	-2.334835302051347927e-01	-2.641410405512117920e-01	-4.921144018432453415e-01	-2.303557820447302285e-02	-2.077330889698365546e-01	-2.538467408775682554e-01	-4.972763724443542317e-03	5.158804620297904320e-01	3.770593019250045863e-01	2.271177791368365895e-01	-2.110543074020615473e-01	4.345789834368768978e-01	-1.616672337781385471e-01	-2.232916140043581521e-01	-3.767273950857464304e-01	-2.992108547230552529e-01	1.430021321836429105e-01	1.544189950308920700e-01	1.104396471136935287e-01	1.973111825118188112e-01	-1.290204774415087269e-02	1.572236971896738555e-01	3.676624765102733394e-01	4.372262070932072531e-01	-7.847583466184143708e-02	-1.846589304567761436e-01	1.472991888623524925e-01	-2.110812707833785093e-02	2.017544312945313278e-01	-1.224074984357070156e-01	-3.809429969818704537e-03	-5.853859404569699415e-02	-1.782233687336324812e-01	-7.863705901434710210e-02	-1.236856716198554695e-02	1.671598222628586580e-02	-1.300210018095995235e-01	1.412213821552255888e-01	2.728855223561217902e-01	-8.482698029589770539e-02	3.915210414635061920e-02	-2.176504967026773041e-01	1.230628191448442932e-01	6.513752814317280704e-01	4.834326746347211712e-01	4.908463253346377897e-01	9.004280166216155346e-02	2.563771863732473011e-01	-1.981138025768435507e-01	-9.114203660450254096e-02	1.000000000000000000e+00	2.711967317266899546e-01	-1.141090042216230255e-01	1.533011653285325515e-01	-2.726264679888354414e-02	9.169709330556864713e-02	-5.205158599588542538e-03	2.481267360566473054e-02	1.493537580930909825e-01	1.402756841072516358e-01	3.608178163108430314e-01	7.439706814281149549e-02	1.774804295735581683e-01	-2.710023665176117813e-01	-2.313205441508251192e-01	-9.404900352876437164e-02	2.511508264969515222e-02	8.161626297934514163e-02	-2.191346767509914362e-01	6.982062992260312795e-02	1.798953671128000475e-01	3.468632844859255715e-01	8.096337662607680508e-02	3.438206837913891922e-01	1.020068433241076572e-01	1.573756569158195340e-01	2.665639847582902400e-01	-1.194928503184653490e-01	-3.548374489206139459e-02	-2.848934466297869395e-01	-2.387890577687042659e-01	-4.476642727569325741e-02	-3.827807970361674084e-01	-2.761955241305073527e-01	1.946636789213891383e-01	2.620627462895811291e-02	-4.678353467332618809e-01	-1.948733299613676362e-01	-3.618627872227905828e-01	-2.389450646013642834e-02	-4.876591950944481058e-01	6.188649060050059603e-02	4.339150969386456058e-01	6.359130997387271167e-01	1.643687506213150351e-01	5.011082105941057074e-01	-2.511813824203553147e-01	2.739843362263957305e-01	3.727403332385275520e-02	4.180983236685692495e-02	2.354291628716277951e-01	-1.937939276080010986e-01	-1.602428040243205898e-01	-2.663765456409603605e-01	-4.133374274613929589e-01	4.965223242403057902e-01	4.213771802942875566e-01	1.279264118390425753e-01	-4.904873777012920446e-05	-2.492743518912217682e-01	2.849590889804067828e-01	7.070554366993474227e-02
-2.725354853029110513e-01	-2.884318883788120763e-02	-2.450709399952640810e-01	-1.968879382844330728e-01	-2.539096417618413315e-01	-3.076413371262748941e-01	-1.245169777539784361e-01	-1.693324418521556241e-01	1.032436779973622820e-01	-2.691246946227986436e-01	-7.818329949781632759e-02	-3.277524984089928983e-01	4.833188456345858808e-01	3.324505284219911871e-01	2.193797340383131234e-01	2.370369524051726962e-01	4.493948562582006923e-01	3.860704821905588946e-01	4.108088711688965833e-01	2.625993314373059606e-01	6.819289331625512374e-02	1.466372918248054769e-01	2.353462745156902347e-01	1.765144477518211519e-01	1.734067280255609245e-01	2.704004888419994646e-01	1.199881628210664880e-01	1.262714207507196762e-01	1.407261699400083783e-02	-1.911752193615298967e-01	1.431800859584176355e-01	-7.897019186920377354e-02	-7.274826661485998824e-02	1.660980087907568126e-01	2.590346204061645952e-01	4.357182696751624174e-01	5.602462073084591987e-01	3.998772673711294412e-01	-1.005643326812600963e-01	2.454601633908858049e-01	1.234260476783363703e-01	2.053630545831575671e-01	5.520176045453246277e-02	2.936777386215969621e-01	-7.134653106198815542e-02	9.302634278729270123e-02	6.392073275060779214e-02	-2.789418891921454091e-01	-3.994155059870779095e-02	2.424142878485215438e-02	2.243603201784432621e-01	6.016743286811440661e-02	-9.139877384903920265e-02	-9.971178531354282781e-02	6.449183439067122936e-02	5.957367569780643024e-02	3.005428477883944627e-01	2.191923188385290489e-02	2.488357816987873117e-01	2.317899551567064245e-02	1.112169221922833934e-01	-1.906806665234753173e-01	-9.634970922836322282e-02	1.717842168732683084e-01	-7.693285144200956091e-03	1.300200855929242449e-01	1.303685469515284030e-03	1.330239224230556072e-01	-7.210882093077047861e-02	1.347450470601529449e-01	-1.728003795969053902e-01	-2.228799953803187461e-01	3.984668210271096606e-02	-1.467173890082481835e-01	1.428033782379302952e-01	1.744211905066895066e-02	1.238543993137796451e-01	1.001210520664151254e-01	8.970446913316876270e-02	-1.474054917697244921e-02	2.787328524883256678e-02	-2.154840103918117741e-02	3.029431792541596030e-02	-6.540448666556347712e-02	1.295641102049453763e-01	-1.500342032949933679e-01	5.748356082100146425e-02	6.064822654006525593e-02	-1.432464921912433679e-02	2.546764859052778884e-02	3.030899863777997832e-02	6.702804524457686708e-02	3.439846692103794290e-02	1.967877308537356248e-02	9.208413003737618216e-03	-1.596899732484818521e-02	-3.847626994673028489e-02	2.479949893482989998e-01	-6.181262960257904310e-02	1.939851419092676610e-01	-2.645213307219909105e-01	-4.470184806962589075e-02	-2.645114893134516421e-01	-6.125188501797125540e-02	-1.588346334700860285e-01	-4.022409244584936316e-01	-2.580213425023960006e-01	-8.520431459401357419e-03	-3.397295296760806105e-01	-1.777195659556438934e-01	-1.975317990195350204e-01	-2.000138283882214874e-01	5.688313655614660735e-01	3.152164913540473901e-01	4.713491036889369545e-01	4.123358133466456521e-01	6.207270797947054275e-01	3.813720967716465737e-01	6.003553714364446847e-01	4.208137891293268762e-01	4.783981001801139721e-01	4.147856217018035530e-01	3.727488017718042501e-01	1.374819755219124215e-03	1.280687923368972470e-01	2.137322170971359958e-01	3.394383902409597864e-01	2.902553700310132601e-01	1.486707384401417531e-01	1.377366495616439146e-01	1.555713992610908147e-01	3.021552591697506673e-01	8.445937424645995339e-02	2.876496463706246925e-02	3.143950816772980716e-01	4.430634244045232872e-01	3.497479921360553412e-01	5.388466792887404155e-01	2.711967317266899546e-01	1.000000000000000000e+00	1.553058759313025727e-01	4.376134690433051144e-01	2.507282953668756309e-01	1.047920989918918293e-02	-3.967228647440123462e-02	2.539801611807797066e-01	2.743209177762261919e-01	2.791441109010661670e-01	3.994629702700285695e-02	1.531711922217609823e-01	2.475094200265514355e-01	-8.991424382568487250e-02	-1.229061229104546904e-01	1.824576074647055179e-02	2.520811473826447754e-02	4.755531959680917020e-02	2.089168462598607265e-02	2.621402488992730651e-01	1.437719257643772508e-01	6.190763417800539126e-03	2.154701699285705707e-01	-3.750165993373397871e-02	-1.163040543259915155e-01	9.544368026659473536e-02	1.909768121411406505e-01	3.299349247155350384e-01	2.744837031090655022e-01	2.882155015969951606e-01	2.049237539832098609e-01	2.731734272764807514e-01	1.307007737880946374e-01	2.528761539956080884e-01	1.397189277680999965e-02	1.824616005903690885e-01	3.849341933795908700e-03	5.456360457938723429e-02	2.085951873348788552e-02	-1.836475341644959458e-01	1.062217078088139449e-02	-1.860811490033861121e-02	-2.228504833939030094e-01	8.662239922430016448e-02	-1.180200575706106259e-01	2.617703090961833734e-01	1.308184768701982914e-01	1.013014903404165640e-02	4.416765398918922475e-02	-3.677171964122585845e-02	3.146973269516684796e-02	-3.292613429878133574e-02	1.128588674721730661e-01	-1.063030147884000687e-01	1.096338070215613636e-01	8.221695632763779960e-02	1.312673537143308200e-01	1.866346855582295128e-01	1.075040982642660459e-01	-9.011248070290203693e-02	2.518451083646243704e-01	3.037080379872290070e-01
1.015435652776342373e-01	-3.432409772737265996e-02	5.177716018785930713e-02	-5.464265308256077832e-04	-9.944450062054582817e-02	3.459803268851378844e-02	-5.782918633688626658e-02	-5.610432854840960437e-02	-1.591612733264723828e-02	-1.400623470286621770e-02	-4.113876924657449557e-02	-5.431940741028649239e-02	-2.374418210867045020e-01	-7.104105260911174058e-02	-1.534643308912684578e-01	-1.887991328466128993e-01	-5.977491500471931313e-02	-6.064845734282811596e-02	-3.871895127784678176e-02	-1.360592197407179405e-01	-3.485064990359787451e-01	-3.546306182597465106e-01	-1.809863869463247954e-01	-2.901282991832598301e-01	-2.198953724190445269e-01	-3.014118890887575453e-01	-2.394011256847980162e-01	-1.184523607523490646e-01	1.780253266268430334e-01	1.439073120649103921e-01	-2.159441895983865434e-01	2.184145697078425929e-01	6.490089747653245145e-02	5.242084440447061233e-01	1.353675068655322555e-01	2.600982936976422577e-01	2.518081559516150564e-02	-3.465276096365642322e-02	3.733777777817182675e-01	-2.125682919449936592e-01	-2.102163710412312259e-01	-1.358164037066700858e-01	1.584503998468536901e-01	-2.155368282922449086e-01	4.734897110185890684e-02	1.200016866730119029e-02	-1.955900710077056182e-01	9.473877159555367522e-02	1.726758268979389499e-01	-7.433435796609125235e-02	-1.075271373984407058e-01	-3.306939406876291954e-01	-2.054127963146645530e-01	-2.146212994354914361e-01	-1.107106985713857128e-01	-1.121514649244822887e-01	1.341248066686605567e-01	2.377586837170762857e-01	4.418514846749818092e-01	4.909028315121022890e-01	3.278810507244240280e-01	1.909372316305964212e-01	9.074324244605246059e-02	1.462846859209688544e-01	3.614527515248194267e-01	2.153180000638012792e-01	6.096551546439141211e-02	-7.272418625387302993e-02	2.732736699758449572e-01	5.868577496402414828e-02	-3.361750968609815340e-03	-4.926100272906793615e-02	-1.075545447449440112e-01	-2.532134267301907812e-02	-2.056035827504054669e-01	1.035961155268003142e-01	-3.415243227721839192e-01	-1.637887857351851273e-01	-5.883775308885132171e-02	-2.872072318480966002e-01	-7.510410393174271615e-02	-1.431576190921332870e-01	-2.184665684247991957e-01	-1.493689107721445086e-01	-1.552080280048240002e-01	-1.902028599177545964e-01	-2.264554582692895612e-01	-9.866940951884177469e-02	-6.857724848260028649e-02	8.575976338043973801e-02	7.364152359691741867e-02	-2.471089353476862982e-01	-1.401361414394679816e-01	-1.683719386315942201e-01	4.307174883257373216e-02	1.561550714535548702e-02	-1.620593330858030867e-01	-1.223329300422711791e-01	4.542666830511531140e-02	-2.264172705763504712e-01	-7.660417980033308594e-02	-2.369295834147101820e-01	2.108532192550381101e-01	-2.775290192551982046e-02	-1.409359931505644592e-01	-1.392309250200436666e-01	-9.951605786506834139e-02	-5.180627051152290191e-02	1.142411844282676808e-01	4.082245598715292245e-02	-8.566853390678880187e-02	-1.333404894108679512e-03	1.139048101537188940e-01	3.600157174403754295e-02	8.212785794842483722e-02	1.647433524264059201e-01	3.056002376701116852e-01	6.864723794693310122e-02	9.055813615456027865e-02	3.316549796067346789e-01	1.366069646608730759e-01	5.289435085458535357e-02	-4.824208965514273362e-02	-2.938178403720910215e-01	-2.658835148799005080e-02	-2.823747323802519582e-01	-1.961968443483531332e-01	-1.669145891700530293e-01	-3.318081038551837780e-01	-1.271991129932872333e-01	1.175485672983381108e-01	-2.261563894808213127e-01	2.509565537991629847e-01	2.098416793969827901e-02	5.698795780556421553e-01	2.774417209743793578e-01	-1.173292983917422622e-01	2.679530506980113413e-01	-1.141090042216230255e-01	1.553058759313025727e-01	1.000000000000000000e+00	-1.720476109921346697e-01	3.315940292237443687e-01	-3.072697502540034931e-01	-2.462412552316422254e-01	-5.665974634837215446e-02	2.833138459857161839e-01	-5.593911739432835296e-03	2.561007024883541483e-01	2.620808054089583949e-01	-1.471504182896268137e-02	3.210691479552356120e-01	3.715769988277502489e-01	2.628638941177512955e-01	2.431480303616140592e-01	1.048253227180881431e-01	-7.065546251089172003e-02	-5.695993534510131878e-02	-1.641936273352546938e-01	-4.847842979378157863e-02	-1.549087289148804170e-01	-1.712557888072430978e-01	-1.795362639608684419e-01	-1.753903056464562460e-01	3.097566897439156808e-01	4.520878216785834125e-01	6.437577700677176162e-01	4.831820481615266560e-01	4.032934301275354350e-01	2.420571370515746390e-01	5.029210288893549985e-02	5.481140344350671212e-01	4.098776956653714387e-02	3.067190523149125325e-01	5.543757208824070526e-01	5.411680917413195235e-01	6.062861908394959198e-02	-1.727609376075065484e-01	3.205228435212932880e-01	3.177117802488438336e-01	6.420619870544651275e-02	1.044102642762637090e-02	-3.378190295141396404e-02	-8.615913319743645493e-02	5.686324357378799155e-01	-7.112985330183550781e-02	5.470743089616289523e-02	-1.182908385547899593e-01	-2.254843257338576962e-02	-6.776673553711225206e-02	-1.326829422046528761e-01	9.697810611647993129e-02	1.170374024242462480e-01	1.702817637307266901e-02	-6.381515340183085971e-02	-1.687625172379933480e-02	-1.403204122550336386e-01	-1.000176175422170105e-01	-1.684776508166467013e-01	4.030043048238273265e-03
-2.907420306121006326e-01	-5.238822236035915042e-02	-1.309414798874217467e-01	-6.916290929788060371e-02	-2.727072598954691784e-01	-3.413164352320705031e-01	-1.371152682448836813e-01	-8.255716844779456554e-02	9.080740866520572996e-02	-2.104309980523365875e-01	-1.141566874967674672e-01	-3.279074405401065651e-01	5.848994894853998261e-01	4.464914496858546911e-01	4.587981649405519780e-01	3.651880991591571202e-01	4.555700374991664137e-01	3.696141056516887846e-01	1.747353297142565098e-01	3.304633452731693399e-01	4.679898727786855894e-01	5.410767650521373096e-01	4.758276334609873870e-01	5.218706392275936912e-01	2.861151483490029790e-01	6.655197186678949439e-01	1.505366343876043400e-01	3.852748345017998899e-01	-2.370617390481752906e-01	-1.094131303550626433e-01	2.029117877073229048e-01	-2.807873624016935521e-01	-1.936919916731946467e-01	-8.550637343289647918e-02	2.673655600482635619e-01	2.905822794518937990e-01	4.796722485474000375e-01	3.332452699088320203e-01	-2.188431065668896836e-01	5.846817709160747611e-01	4.137777630824451824e-01	4.405018177196687312e-01	7.525720335728988686e-02	2.903720874059155244e-01	-7.028740359212620747e-02	1.609433408679021016e-01	1.757376393533507108e-01	-2.892837548098115552e-01	1.818133534727950362e-01	-7.771025250219695812e-02	2.670586166630197211e-01	7.662587941312555551e-02	-1.450543717805292121e-01	-1.434659346754043330e-01	-1.672539165366412894e-01	-7.307727677806430400e-02	1.795286891516850447e-01	-2.594541924018064494e-01	-5.891530977576527051e-02	-1.998170209398600350e-01	-8.927044519080744311e-02	-3.190250557978291379e-01	-1.403219440747794367e-01	1.337766414417130012e-01	-2.469307280934128490e-01	1.149418621002268187e-01	-9.709558419431944809e-02	1.146753109005708461e-03	-2.162754099025316623e-01	1.345382656941479793e-01	-2.915722486913072675e-01	-2.150539676323141858e-01	3.673169364487177679e-02	-3.525479012835235071e-02	4.901860697247038823e-02	-5.406994489075946791e-02	1.300315068851303490e-01	-9.737448628860731481e-02	1.777572310190129708e-03	1.349696242146253278e-01	-1.716726446767325581e-02	-9.129648938751425136e-02	4.573335708844604441e-02	-1.394469427937260475e-01	2.011413913868871639e-01	-6.945746521261522699e-02	4.355074828139456067e-02	-3.004237188586433849e-02	5.490131607912009798e-02	-5.973765003623992403e-02	3.809095644152503228e-03	1.750795203338455508e-01	-3.780957696631373488e-02	2.204906440732698758e-01	6.785234134226302005e-02	-1.622377806552326440e-01	1.043407011415244069e-03	1.946616143137767929e-02	-9.283100293561602490e-02	1.804485340637199675e-01	-1.304660053207589154e-01	1.590520573540096239e-01	-2.037622007862009144e-01	7.961508998055519259e-02	-1.647670893051010887e-01	-3.472993507898966548e-01	-1.926553394527124319e-01	1.445978234755155439e-02	-3.207521483672379770e-01	-1.189504442341265816e-01	-1.928565152810633732e-01	-2.893536283264419029e-01	3.917061200501655849e-01	3.281596729852958583e-01	3.306386002347946329e-01	2.612117155589453454e-01	3.159539454574669115e-01	2.703062025273074154e-01	3.845288177785368133e-01	3.314276804825893041e-01	2.562353014567363974e-01	8.575843887117877429e-02	3.626366734979551421e-01	2.781788136684640866e-01	1.616315644452152589e-01	4.219187595637396426e-01	5.838575217619985658e-01	5.565456281804944672e-01	4.881320097965511362e-01	1.853597008731588947e-01	-4.913847499316739698e-02	2.973995816948646898e-01	-1.986385636996687298e-01	-1.260486128643145964e-01	-5.746385576422746028e-02	4.053735574199764796e-02	4.547271519126408479e-01	1.836456801997870536e-01	1.533011653285325515e-01	4.376134690433051144e-01	-1.720476109921346697e-01	1.000000000000000000e+00	2.668461146434396025e-01	1.321468607204074053e-01	1.795381078401252217e-01	4.427646007742129797e-01	2.083197473155749546e-01	8.436622399648663340e-02	-2.896145017464545057e-02	1.629191350656731541e-01	3.075366088097992168e-01	-2.508104074857879229e-01	-1.840838719956479352e-01	-8.639563613140163745e-02	6.362706978835262761e-02	-1.297703474210850586e-03	7.161394093294097540e-02	2.533271169245175369e-01	1.672968895676809134e-02	-5.238449907179446724e-02	2.059348160341529788e-01	-8.223093846297134524e-02	-1.402711078586356686e-01	-7.797483262214795208e-02	-1.574057172832792062e-01	-1.911604819010286754e-02	-9.660445250272878259e-02	7.508692138392714099e-02	2.339490943817450555e-02	-1.198466760319478672e-02	8.487385682816189769e-02	-4.739514308261529030e-02	-8.453401595823546721e-02	-2.233011315594895033e-02	-2.137572033950784212e-01	-2.441826775898569835e-01	-3.171193973703063159e-03	-2.839336345903811232e-01	-6.652977875894997006e-02	-1.308289074170349564e-01	-2.500757120282751655e-01	-3.640064170131022958e-02	-5.743061935258634426e-02	1.473948589364041939e-01	-4.347015852127526087e-02	-8.847382042497232979e-02	-1.393310903408448431e-01	1.112493410733519927e-01	-4.092326388905206253e-02	-4.358183135095676508e-02	8.858089527115042827e-02	-1.012488910193128366e-01	1.091159497350672192e-01	-3.607956725237079082e-02	5.171384641518016884e-02	-1.472329099807448589e-02	1.887299813718242569e-01	1.107886704307689818e-01	3.034485644634286050e-01	2.378877285545331899e-01
-1.987282421032198210e-01	9.874947704670793136e-02	-2.434722902697493419e-01	-2.714386344840812038e-02	-1.061796107242214127e-01	-8.778448005707231716e-02	-2.477424029437591269e-01	-1.845773145830074957e-01	-1.694846094644290868e-02	-1.652246976038168613e-01	-9.871202461800254735e-02	-2.572238819907292640e-01	1.263718539556645259e-01	8.752067558761890409e-02	-1.030357766321388611e-02	5.844143502212465618e-02	1.609226205872730242e-01	4.677744087610128526e-02	-1.208204283493348637e-02	-3.325069395811287160e-02	1.066341832465347861e-01	-3.796317170369992167e-02	9.708637005054637781e-02	1.617518074572228126e-01	1.230941407168384925e-02	-6.328165098084947982e-02	-6.301201334811352972e-02	2.402695644741406622e-01	1.864848034081607597e-01	3.094794579755067443e-01	1.879813264752997759e-01	6.084104403341510092e-02	2.017727448999993498e-02	3.490592939168607467e-01	3.754038031876234527e-01	2.807354132556841853e-01	1.816317577646653914e-01	1.499471051629414076e-01	1.801160601932302319e-01	1.503213525902759584e-01	1.334228745693136165e-03	1.201728914214288124e-01	8.287356405022341943e-02	-3.907278364328133774e-02	-9.436606644330822191e-02	1.334512211527557335e-01	2.524471634810093179e-01	1.174772319098592588e-01	4.584788185661969190e-02	-3.465682194257325988e-02	3.920762322639947256e-02	-2.621939656952964048e-01	-4.727271984058584869e-02	-1.472627940497343024e-01	-1.492703794500425118e-01	-6.232453151381495138e-02	3.672437339385233868e-01	-1.082708974756032977e-01	2.577409127851318926e-01	2.224032866583526280e-01	4.348763598360676913e-02	9.681556030319730943e-02	1.524362740320895082e-01	3.433398604332173476e-01	2.186136009193961893e-01	2.874995207264092190e-01	-1.309318773097213270e-02	2.955793500000345950e-02	1.257396899265859624e-01	1.224383846825803229e-01	-5.860860927630034967e-02	-1.569166902082763382e-01	-1.110411838414923358e-01	-6.947657992586882270e-02	-1.912827714199515361e-01	5.020495828513568681e-02	-2.159341602042119945e-01	-1.847351459281837971e-01	-1.177120566317205602e-01	-3.901378561881006096e-02	-4.646752701964084603e-02	-6.787869635477003505e-02	-8.842299487478909314e-02	-3.710983135945009059e-02	1.076366113793465057e-02	-5.144203429159339286e-02	1.789594271885924792e-02	-1.287260164103232012e-02	1.182905740732068944e-01	8.829635026970761302e-02	1.802870687606035471e-01	1.283168411696480049e-01	3.531295999462663593e-02	1.171636036748627263e-01	2.568665059856556909e-01	-1.211022182547645126e-01	-2.073627700068577384e-01	5.815618883304085607e-02	2.540686716997549513e-02	4.749458561947857843e-02	-2.709908762125943227e-01	6.606408717849569789e-02	-8.083298623185647402e-02	6.115691287206204141e-02	-1.153281369930454631e-01	-2.993562511083288080e-01	-4.085655816656580952e-01	-1.047987841252026181e-01	-1.716581626816535422e-01	-1.599171416866209949e-01	-2.586790266515124337e-01	-1.173018592461625292e-01	2.708853575267763381e-01	2.360662746919286459e-01	1.771352859370165789e-01	1.273047832396740353e-01	2.299861251946472007e-01	1.546825410146549784e-01	1.488209568685163742e-01	3.936224045856677178e-01	2.331756992925664018e-01	6.519006523774269202e-02	1.089840040521625891e-01	-2.307930321129807866e-02	1.503214361727562565e-01	2.151037682802331430e-02	3.432146789739325132e-02	1.456815454424800205e-01	-4.647483097196973556e-03	3.168291044190776201e-02	3.119057279919449366e-01	3.417959617496499347e-02	-1.388747055588576695e-01	5.223583666105473255e-03	3.473055669358242614e-01	3.091549199553399463e-01	2.825803841405953309e-01	4.105091251195093771e-01	-2.726264679888354067e-02	2.507282953668756309e-01	3.315940292237444242e-01	2.668461146434396580e-01	1.000000000000000000e+00	7.576964609625419511e-02	-1.709068546164336025e-02	3.125422414083184885e-01	1.888206843047475214e-01	1.201233750945572831e-01	-1.783363284152056083e-01	4.352469033992112379e-01	4.275706144886241011e-01	1.216967028775495230e-01	2.655777123456812827e-01	1.149552226128531911e-02	8.087265806697101211e-02	-7.228780107006045619e-02	-1.500230247732693423e-01	1.283205114090278098e-01	-7.698106897075880639e-02	-4.448872785450545125e-02	1.419455613944493322e-01	-1.689489310805432076e-01	-1.176870114894662811e-01	-7.176792319827557430e-04	6.574627039142589549e-04	3.276555256757593404e-01	2.312411166940412377e-01	5.487453032412608067e-01	5.473945274827878293e-01	1.211073328374973612e-01	-4.265799296338885355e-02	1.984180896981727615e-01	-4.511941821244253720e-02	1.582823006010273537e-01	1.431698950486169353e-01	2.735377800145366023e-01	-9.515103893902891741e-02	-1.807625960142541510e-01	2.834552533954246556e-01	8.271837699363279728e-02	-1.984693582024925074e-01	-1.532749805175005475e-01	-1.026079728038422761e-01	1.470226458322176633e-01	2.862407279131339299e-01	-2.011855855120295855e-01	-7.384271259170410717e-02	-5.465558282616762853e-02	2.522141031726821137e-02	-5.832476242885501622e-02	1.128878521628280257e-01	1.598227812139084159e-01	2.298375704772441797e-01	-1.079512727762287905e-01	-2.685044342587828425e-01	-2.428018943881537495e-01	1.015747175743230146e-01	2.052341919670522818e-01	3.281022321490931759e-01	2.284559414761687390e-01
-1.168357182770230762e-01	-6.158385896420123622e-03	-1.129790049445270617e-01	-2.326997520590295410e-01	5.427961490244771758e-02	1.699087551906367233e-01	2.393551478086134235e-02	-2.929722893325441627e-02	4.390406537223647682e-02	4.499627579830511176e-02	1.654046400040174447e-01	1.437721384066002472e-01	4.173598084701930777e-02	-8.289163411964742267e-02	-3.213601955387018760e-02	-2.542875862711996629e-02	-4.507531072119115578e-02	-5.193936372938860735e-02	-8.035449189598256603e-02	1.232878907517463707e-01	3.531774469436233521e-01	1.425728157136784136e-01	6.379902430466617702e-02	1.649058385277052674e-01	1.085915384467313061e-01	1.358504382990173287e-01	8.758743086223008678e-02	-4.852866240853727364e-02	8.898666027821644509e-02	-4.624316762999247654e-02	2.707981026992538065e-01	-7.053210411053388584e-02	9.133912195947498092e-02	-2.762939089015485905e-01	-1.592826405338715057e-01	-2.561868292116356582e-01	-8.359638835567527460e-03	-1.951663666591936519e-01	-2.969744862745484770e-01	5.633326843805720047e-02	-6.348633127208207737e-03	7.072183466954441722e-02	-8.341790941279410287e-02	1.035419132371031142e-01	-2.050170210793163944e-02	-1.507752699900652138e-01	1.666676628108496871e-01	-2.337667591684958884e-02	-2.248696744321364641e-02	2.913272215455886202e-02	1.359466288282969448e-01	2.085358639622149624e-01	4.827126949916816234e-01	3.617503015476660200e-01	1.235699955853570009e-01	3.951204889297622869e-02	5.309339361056655132e-02	1.203020608897307012e-02	-3.069573465576606042e-01	-2.622870534866118541e-01	-1.697443795599637428e-01	2.419822043901362907e-01	9.089799715430033761e-03	-1.252264424383559352e-02	-1.024343170082528814e-01	-7.591108135120478231e-03	-1.251611569952016528e-02	5.416875303003120673e-02	-8.939328162094309360e-02	1.251369421506062507e-01	2.860483819023660890e-01	1.888890646404887130e-01	6.479649156926352294e-02	1.030247066027266956e-01	5.224997907964019223e-02	1.539077052093255210e-02	2.054090816985934542e-01	-3.678711887943144493e-02	7.327666048490595607e-02	2.856608316841632855e-01	2.685829356649109823e-01	2.954366059020326757e-02	7.526271147965547803e-02	1.630432926340521504e-01	-1.348385995662806057e-02	1.617068154625325715e-02	-9.145441937618721540e-02	2.634536688889832501e-01	-1.265378133396767302e-01	-1.045218837722739630e-01	-1.645840181168081173e-01	5.607216122686968507e-02	1.341951851850591848e-01	8.376790696615710186e-02	1.561275912249107667e-01	1.495863520926299095e-01	9.580174242283891195e-02	2.896637576283807025e-01	-1.222949218819369410e-01	1.158352488646940820e-01	-1.155388858928836221e-01	-1.261170978824347755e-01	-1.773935353248171365e-01	-2.782887661044148309e-01	-2.209194717307568778e-01	1.327631682669786761e-01	3.189832081873638508e-02	7.162335615146953050e-02	-8.752725835512852048e-02	4.728162168474188409e-02	1.564485578948361932e-01	2.009539348376734313e-01	-3.643092334920312175e-02	6.204107664607058648e-02	-7.316136424228297797e-02	7.417163016650316076e-02	1.459489821762647854e-01	-2.476932392702951152e-02	6.465473815055186591e-02	-6.838365150661640524e-02	-1.790368007469204104e-01	-1.024147278135015687e-01	1.614456841404353638e-01	3.676362031822609511e-02	3.441812248923575152e-02	2.222094419183395508e-01	1.962977237379980588e-01	-7.893886919817524883e-02	7.502217201241076494e-02	-1.080831107815951632e-02	1.088591045996271239e-01	1.336367773556720318e-01	-5.425143936596114186e-02	1.314041191691190102e-01	-3.072892487160773789e-01	-1.355726235897573573e-01	2.272346462130488826e-02	-3.714738000277995750e-02	9.169709330556864713e-02	1.047920989918918293e-02	-3.072697502540034376e-01	1.321468607204074053e-01	7.576964609625418123e-02	1.000000000000000000e+00	2.341668607312035744e-01	2.126020119952523324e-01	6.300474425440857375e-03	-5.539318567917026620e-02	-1.500133256279893579e-01	-7.897651579480766126e-02	1.978772742921059702e-01	-1.379503854100005977e-01	-1.828900081304875858e-01	-1.422984649305104599e-01	-5.843457726163023280e-02	7.843510144172420595e-02	-1.396731376962531690e-01	3.903216181237929849e-02	2.007170729578558188e-01	2.735395576941298534e-01	4.473055604376642291e-01	3.105935344899971029e-01	4.257292451607729844e-01	2.094628413080564661e-02	-1.611162662314094898e-02	-2.598627136939813953e-01	-3.489409447134126374e-01	-1.987042331581923560e-01	-1.139199582711089703e-01	2.198773567248444791e-02	-1.511648767873636501e-01	-3.182331737262194538e-01	4.760782416579549536e-02	-2.528675770751738217e-01	-3.533286325511072468e-01	-2.010758513534298964e-01	-2.394003402704629746e-01	8.224427586979145277e-02	-1.797109762055408844e-01	-2.210184480721221201e-01	7.298758144043815399e-02	2.223603662455756608e-02	1.598951724371549532e-01	-1.072883276091729648e-01	-2.445766405612294636e-01	-1.317605011250459479e-01	3.585985082603231761e-02	7.230058860142546395e-02	1.622001322500485898e-01	-5.278930673419569147e-02	-4.574465001119355084e-02	-2.211321232353322952e-01	-1.371449912589130793e-01	1.176328541093959734e-01	-7.285232741127792289e-02	-1.848289046346461850e-01	-5.650372988040798516e-02	1.945952009785250347e-01	2.454134910400761482e-01	9.539447549306005747e-02
8.143785904816855381e-02	-3.211934699607131849e-01	2.353504320224573121e-01	1.706142368768080037e-02	-1.244562820389983476e-02	-2.737166463036848699e-02	1.319491026567588821e-01	7.447096895727910171e-02	8.862548893616280232e-02	-5.656652319679732893e-02	-1.087159718265883791e-02	-6.975244720060658210e-02	1.357977073304170446e-01	1.732372727565201498e-01	2.746571920675235923e-01	2.714908412382682212e-01	1.613083991505876447e-01	1.183678953023889618e-01	7.290735417796687101e-02	2.399214211980691125e-01	5.664798665722574622e-01	3.352090419050315906e-01	1.894241073846016643e-01	3.393123897311519643e-01	5.307385308455156436e-02	2.411182400949379578e-01	1.628882649830828977e-01	2.036482899425791082e-01	-1.688238424911906177e-01	4.358301746160809370e-02	-1.804138460816473791e-03	-1.838954409646342547e-01	-8.991375585551443506e-02	-1.712592491067739808e-01	-5.065599583862660099e-02	-1.136604612258668573e-01	1.922300277225941767e-01	1.896610048281555383e-01	-1.452237560952593654e-01	1.440979803290502737e-01	4.204414663689841070e-01	1.694454744740503116e-01	1.470821055635337382e-01	1.227928617023007485e-01	3.103739263337233767e-02	1.517540409376563759e-01	4.074586188906108991e-02	3.790367212869107799e-02	8.220261010914832467e-02	6.093702429621782740e-02	1.264413489094191045e-01	3.100032967219565894e-01	7.216401154305250587e-02	3.316816945538433176e-02	-1.963789934234789203e-01	1.376792893917236082e-01	-9.470813527890126204e-02	-1.798629818540883191e-02	-1.604067694209057315e-01	-2.718521226512181088e-01	-2.670317221142533004e-01	2.101412855672726496e-02	-4.603629113632212028e-02	2.306931326450450959e-02	-1.356836203375636485e-01	2.104813196955255539e-01	-8.899186095370233140e-02	-4.574132459316668925e-02	-1.438578250248987167e-01	-1.867332872626999846e-02	-5.932890574626220603e-02	-1.937045839590348650e-01	-1.442102994207272171e-01	-1.732529562451032845e-01	-1.726861450003896181e-01	-1.005915368442852897e-01	-8.104593125803793985e-02	-2.045604587137208816e-02	-2.535877517383300916e-01	2.542389871672334420e-02	-2.071282203040915038e-01	-1.331904174398313052e-02	-1.978658211515171017e-01	-2.093696582883872864e-02	-8.305576422526664282e-02	-3.441890868762254724e-02	-2.633352708374802065e-01	-2.051747552502180272e-01	-2.596551918610999835e-02	7.129079415997521818e-02	4.161459445529578499e-02	1.046592407488535492e-01	4.699370514690978107e-01	3.437619486373654776e-01	1.122722642838299978e-01	-2.394328337680280139e-01	-5.924192535539111321e-02	1.121275805545534077e-01	-1.493868718973030696e-01	-1.872288678612311075e-01	1.315534746014491441e-01	1.457300359922052979e-01	1.387804843139617827e-01	2.849962306189167058e-02	1.563276298023188182e-01	4.783057826762682901e-02	5.644972451235191757e-02	1.565443166810567277e-01	-1.382763417270413964e-01	-6.147015353205769611e-02	-6.924299150044613271e-02	-1.733576607056857011e-01	-1.028798459603614684e-01	9.775007656817617796e-02	5.535701274199600341e-02	-1.091779825544357957e-01	-1.133435564317122335e-01	4.481396296000384610e-02	5.722976450910684937e-02	-9.917089998606547219e-02	1.169067438383547680e-01	-3.816074918662313437e-02	1.598482339104020655e-01	3.879618616638236261e-01	-3.518095210425977587e-02	2.560776520884301410e-01	2.686789315573764880e-01	1.995452017148856005e-01	2.652368061216401895e-01	1.233794308330470602e-01	-5.822555984794886702e-02	-1.923628573113601858e-01	-3.351949708575756581e-01	-9.864246874766199880e-02	-3.350560028875423368e-01	-1.979758028446539087e-01	1.196237500690054967e-01	-1.489006071919978524e-01	-5.205158599588542538e-03	-3.967228647440123462e-02	-2.462412552316422254e-01	1.795381078401252217e-01	-1.709068546164336025e-02	2.341668607312036021e-01	1.000000000000000000e+00	3.154174547322895483e-01	-1.574173758706094717e-01	-1.371066147833592819e-01	-1.663777853134940643e-01	1.047279898931007397e-01	2.665394155585952898e-02	1.617465156978516172e-01	-7.116870807399756915e-02	-1.961415734237561062e-02	3.700246319867841333e-02	-6.841018697416291483e-02	3.732468414424326975e-01	1.993561575197140556e-01	5.653805336475416915e-02	-1.755038978912798475e-01	1.170524934829776653e-01	-4.834005969644288719e-02	3.072722823556882643e-01	1.700582939091705992e-01	-2.992707540099382446e-01	-3.076118838501080144e-01	-2.618384347190762518e-01	-1.479028663224650486e-01	-2.349627458742926597e-02	-2.833538109769053598e-02	-5.125699956352430808e-02	-1.799570738190471308e-01	-2.359431951262421223e-01	-2.575591982609579667e-01	-1.565985245137399562e-01	-2.578948053064816781e-01	1.892656168256326987e-01	7.170433179271859525e-02	-1.110916076228961324e-02	-2.698220836630523811e-01	-2.462760528381776892e-01	-3.180110404525562928e-01	-2.224130042511956173e-01	-2.362172279255110863e-01	-9.131097809988551750e-02	-3.134868661200995166e-01	-1.291491492697762478e-01	1.121908574994941038e-01	-2.242469146898734556e-01	-7.285512691221233961e-02	-8.519020685734111920e-02	5.716897503821833509e-02	1.501093105463361110e-01	-2.815054042559697600e-01	-1.836880523086177053e-01	5.418537551457533463e-02	-7.490769873093680586e-02	9.208778101139515615e-02	3.458933288200628266e-03	1.639892933884573023e-01
-5.099991066064401418e-02	1.088704641820455593e-01	-1.257571459384773105e-01	5.469129234280078501e-03	7.750044859693203114e-02	-1.530995936082217568e-02	2.016364925166812955e-02	5.214865093023488170e-03	8.972442793488267024e-03	6.987079480911682905e-02	9.400874068812449524e-02	3.498176517433305294e-02	3.562756799163510624e-01	2.542402259243898843e-01	1.720642962600864856e-01	2.283447065974655854e-01	2.462168816606529753e-01	1.162405584444307499e-01	6.862822557669390200e-02	3.819892031100736302e-02	3.506756134434622640e-01	1.963381480253119649e-01	2.687666018391667855e-01	4.178490416941591512e-01	3.020457203076803987e-01	4.216534210637649660e-01	-1.433689125097891148e-01	1.932972029395508828e-01	-9.987107101762821015e-02	4.774188844770850537e-02	3.043114902840567404e-01	-1.272769327124859962e-01	-2.712738244558794351e-02	-1.221605670830663293e-01	2.968707125143084657e-01	1.945555179960113124e-01	2.009535272958528906e-01	1.420885668908611621e-01	-2.110982987219334750e-01	3.899434284116270466e-01	3.183305582366385278e-01	4.912502158383629247e-01	1.787400845678097927e-01	7.316158020902240045e-02	2.111072937128620486e-01	3.767259473494380395e-01	2.978462063732185694e-01	-1.189940206705771136e-01	3.623996265956063723e-01	4.735519030785949324e-02	1.794913696230085731e-01	3.004502409781672286e-04	4.482912618026919233e-02	-2.508994399963985003e-02	-9.971659984217046135e-02	-1.626440425828101777e-01	3.665660513577109064e-02	-2.518070856908890542e-01	-1.083281937944993029e-01	-5.816137730377029386e-02	-2.793932467991652180e-01	-7.757467139882542884e-02	-2.292620295323319068e-01	1.526323376522498443e-01	-1.642264580681655761e-01	1.246485012298646639e-01	-2.369862760946881419e-01	-7.616257365268196133e-02	-3.641587410378198109e-01	2.010024361439657348e-01	-1.227725648281607490e-01	-9.226221941785638092e-02	-1.652561178709824052e-01	5.390439704301496805e-03	-6.625890847323329114e-02	-2.856512499760424095e-01	-1.407562764737137762e-01	-8.650309388752665252e-02	-2.562185852105018369e-01	5.239304629611898217e-02	1.203170243316119548e-01	4.367570690815440531e-04	-2.177555576522601510e-01	-1.945229577551917666e-01	-8.504559676672787671e-02	-1.981047075912994448e-01	-1.185473844367912200e-01	-9.117660793776967421e-02	-2.713024039467110127e-01	-1.642752684634523619e-01	6.202129968855297354e-02	2.585897997351873090e-01	1.171661972268687874e-01	2.057940470966606872e-01	9.398212912223916082e-02	-2.458818018620499424e-01	-8.634568443025852913e-02	1.305769057394598476e-01	-1.489521094383492728e-01	-2.313512571123319261e-01	1.538598404904298854e-02	1.321068035554252562e-01	-2.012800158158930819e-01	5.529958057622640089e-02	-8.405088375005748472e-03	-4.448221482314750758e-02	-6.601632673521326544e-02	1.730121908917646723e-01	-1.788243133050004818e-02	1.530601460105854850e-01	-2.976195657230823466e-02	-3.089630194235719329e-02	2.868931841052216880e-01	2.960016195416084184e-01	2.282706934301770574e-01	1.861683143194629020e-01	1.821187625292647605e-01	1.419956107524040778e-01	3.116434166258016392e-01	2.267731998393673898e-01	5.645545685366372413e-02	3.285326247669123623e-02	1.586983471023579728e-01	1.961203521099024183e-01	1.359965928862469087e-01	1.551875649289103376e-01	2.753653454816410995e-01	4.811494135948121142e-01	1.281357812526013606e-01	-5.683860676655431293e-02	-3.989535752194624252e-02	-7.647315226769804339e-03	-1.841015754629536649e-01	2.478986037212043206e-02	1.964883592846649041e-01	2.211066380343414683e-01	1.847419084535391887e-01	2.367267313604365098e-01	2.481267360566473054e-02	2.539801611807797066e-01	-5.665974634837215446e-02	4.427646007742129797e-01	3.125422414083185441e-01	2.126020119952523324e-01	3.154174547322894928e-01	1.000000000000000000e+00	4.492655086160218247e-01	-1.233918082965113940e-02	-1.456459347142778360e-01	4.269291141248851562e-01	4.966057768877230605e-01	1.051666018075761572e-01	1.776896422384726532e-02	2.179967992529333876e-01	2.608269957852935583e-01	1.630527220534094268e-01	-6.264726437743266957e-03	3.557808389995746334e-01	4.522090772736309106e-02	1.075787815708912076e-01	1.737813304968214567e-01	3.970122808821354571e-02	-1.292902845827884582e-02	-1.406332209191833160e-01	6.220679681507574471e-02	1.976056329983200965e-01	-5.988078839991463342e-02	3.301970895317428156e-01	5.738031539078362886e-02	-5.807224060066061566e-02	-1.066141697047346959e-01	-9.384107876227019973e-02	1.577123018205835725e-01	2.620841949436282237e-01	-6.892784175165661553e-02	-2.779314701372695429e-02	1.218988508802465592e-01	-3.145480681595564376e-01	4.716743282564116180e-02	-1.719995857871119416e-01	-1.183552152650842043e-01	-1.640869959038642190e-01	3.202571284630813253e-02	8.182956891607477690e-02	6.162634908354414423e-03	-2.182882166584401429e-01	6.712736685335753128e-02	4.383707613631342148e-02	-7.551373858606336142e-02	-2.209809765123161573e-01	-8.147837235911405129e-02	-2.424292998580756739e-02	1.523883016294141357e-01	-4.515227390811456243e-02	-1.945420125817582113e-01	-1.818085005645121988e-01	-5.644462608688022298e-02	1.633529500524588951e-01	1.048711913206524793e-01	2.158466325323012414e-01
-2.602837317759169183e-02	2.210679577305899590e-01	-1.843571360864001973e-01	-1.206650724403612873e-01	3.332778784082335299e-02	1.086585613398713263e-01	2.705109730866981851e-02	-2.972138443844780844e-03	-4.686986802077805947e-04	1.530317805487549088e-01	2.143010589488471285e-01	1.268851084546007979e-01	2.217702571814505474e-01	1.470968705354908368e-01	3.991012050054118521e-02	2.705498661834801130e-02	7.070284475563720639e-02	1.554478336864132948e-01	-3.026943241203490162e-03	7.543493603384128325e-03	-7.178831329789837901e-02	-6.772618694318169319e-02	2.309241794455818564e-01	1.443978933743267912e-01	9.903171319146843177e-03	2.355411292878915319e-01	-2.361687330619078318e-01	-3.232441430547682536e-03	2.509041529104176771e-01	8.582549600140298995e-02	2.126955979361631333e-01	6.867470720492080405e-02	1.296151462524542941e-01	-6.649365409393992454e-02	1.698655826217696230e-01	1.733914807317566142e-01	7.298430523227197875e-02	1.708354713397903027e-02	1.105455083942601764e-03	1.271101829586520626e-01	9.313459242825461448e-02	3.963370032363911499e-01	-1.709693835104772117e-02	2.556317042775861359e-01	5.936491150011029561e-01	1.541249972761975506e-01	1.675991676222262916e-01	-1.150518339706281812e-01	3.150457572867145783e-01	3.008475456794942327e-01	6.125713333416375750e-02	-2.724024183136961597e-01	6.027873350369059718e-02	3.017820223545963562e-02	1.609268788440926246e-02	-7.303226379110440425e-02	1.110403873516530027e-01	-1.490485846196755969e-02	1.823107343679264761e-02	1.478291952554996458e-01	3.604619697039249115e-02	-1.022887905760664629e-01	-1.581819613245791234e-01	6.021818090939481949e-02	1.604106680605006316e-02	1.711514048595879911e-01	-2.358360478711577293e-02	-1.337127010111008318e-01	-2.816137821537688657e-01	2.602004184678242960e-02	-2.013629438558153448e-02	1.332938718538572154e-01	8.083831875084099283e-02	2.759262852193476445e-01	-9.010364811293411491e-02	-2.408124884618010331e-01	-7.843308235893192704e-02	1.558919719401482828e-01	5.363161808386652379e-02	1.634637151891971396e-01	1.648345132028585791e-01	2.392414453751812720e-01	-8.646786071961769238e-02	-1.226140991071510145e-01	-5.069555245425364648e-02	-1.573179112658344703e-01	-2.650995944275687244e-02	1.692622760490864256e-02	-3.196677722105772390e-01	-1.663815676392475518e-01	-1.421889552857805716e-01	-5.485550505022333129e-02	-3.202271404065334948e-01	-2.288822015231795626e-01	-1.427032513854622764e-01	1.259020153601727032e-01	9.521269468849671846e-02	1.664237495938799549e-01	-7.066685203170489094e-02	-5.929868362197258935e-02	-1.552844559552648551e-01	-2.543808912715346190e-02	-2.537244382220920080e-01	-5.685060586446432501e-02	-1.183731273882702162e-01	-9.511368013629042939e-02	-4.762009948238092594e-02	1.145386598115542970e-01	1.137629268427155227e-01	2.360048312687952898e-01	1.452613805555346416e-01	2.092687511246554555e-01	3.017204658861062927e-01	1.071123870588990973e-01	2.621675265576386971e-01	3.688526952735961539e-01	2.475245007891374582e-01	2.225399035124145108e-01	2.171626938241129623e-01	3.842177634168534306e-01	-6.805501294923466116e-02	-3.963627159203260419e-02	1.080353377702377438e-01	-4.039330854532907633e-02	-1.049907586538960033e-02	-2.883557687344281625e-02	1.687423091019670807e-01	2.337535189801460134e-01	-1.432968415244362248e-01	-2.082816326297334542e-01	7.450817320493133278e-02	1.426117440663702274e-01	2.066682214367301651e-01	1.090296655935473896e-01	3.312878765711415596e-01	2.817010074923606555e-01	2.800481386509165102e-02	2.134290334304723979e-01	1.493537580930909825e-01	2.743209177762261919e-01	2.833138459857161839e-01	2.083197473155749546e-01	1.888206843047475214e-01	6.300474425440857375e-03	-1.574173758706094717e-01	4.492655086160218247e-01	1.000000000000000000e+00	2.510655816253141714e-01	2.827159579444779580e-01	3.028180035539342896e-01	2.270915880797973740e-01	-2.066174671757768089e-01	8.664931061042045746e-02	3.017423138392736903e-01	3.712784671528926994e-01	4.051508102910280629e-01	-2.997071236801148730e-01	5.851649676277591305e-02	8.609825147971861270e-02	1.566296922694083715e-01	1.078814456821328427e-01	6.659742981630346892e-02	-1.195188253618070517e-01	-1.040201491249174298e-01	2.278396788202577405e-01	2.213871616236663675e-01	2.143803268234963921e-01	2.140961082512216618e-01	-4.524652755081475658e-02	2.194474458349459089e-01	-2.276275268916967409e-01	1.201655650341361958e-01	1.309861399492324996e-01	2.546733849789610260e-01	-7.126722565883066018e-02	2.071429990564910978e-02	-1.088708217445350512e-01	-4.354032829344847699e-01	-1.230808931315852950e-01	7.378991986738910047e-02	1.717854125333422299e-01	9.645010994528094295e-02	2.758727431377238082e-01	9.638304502214847802e-02	1.431569217328128862e-01	7.377104915818936959e-02	4.189026571303759439e-01	1.676214938980007951e-01	2.292453803967883091e-02	-1.726314275485507366e-01	-2.496744013534302545e-02	-2.388527376888384679e-01	-1.441600799203103800e-01	1.710674776972048450e-01	4.667337333524029797e-02	-1.499995868405147315e-01	-6.470271046807060666e-02	-1.654042053815116819e-01	-3.483190675916638529e-02	-1.727910770406194604e-02
-3.377502563120861612e-01	1.477549066233380115e-01	-3.785597043532394346e-01	-2.019208464627328115e-01	-1.619099689647834073e-01	-1.665229429768781688e-01	-2.057683745742384940e-01	-2.769590358492470816e-01	-2.514753003428988332e-01	-2.266087906235694782e-01	-1.275590650425662345e-02	-2.136727825617526222e-01	3.670881077552137772e-01	-4.367968668917251301e-02	-8.436852974206002220e-02	-5.191753730076473922e-02	-1.635077719433665130e-02	2.792063347485953390e-02	5.103483621832399786e-01	3.318169091559625694e-01	-8.556759880785097527e-02	5.231516456549101246e-02	4.363756135730511021e-01	1.292061393746074816e-01	-7.559728582951516507e-02	1.092828124505264425e-01	2.290365787427950384e-01	6.462946290230969781e-02	2.621891609319919282e-04	-3.020913122061955058e-01	2.552555173498297081e-02	2.392375273633058977e-02	7.830208644137053031e-02	-1.328230442736762773e-01	-5.209421229397979275e-02	-4.770956839124496085e-02	1.053736280151759547e-01	1.627208840839705351e-01	-2.049114941017469160e-01	-1.641311572797397866e-01	-3.938864288385494558e-03	5.326790674300525830e-02	-2.107193549489866091e-01	4.374118470184193974e-01	1.786610323774601716e-01	-2.204743509905578158e-02	9.553704206411646471e-02	1.209612219060494653e-01	-1.059955980740543285e-01	3.596685673161292840e-01	-4.765015042933665873e-02	-1.654915282745694216e-01	5.684727803324510220e-02	1.132064203499391353e-01	2.653966116103630840e-02	1.339994569942817570e-01	-9.676450837027340823e-02	1.567604680507240014e-02	-1.142124517606215028e-01	-1.938982959853158966e-02	1.822202055671771070e-01	-1.934619373651744745e-01	-1.529586733704753065e-01	-2.138963002408243996e-01	-2.097353790444456967e-01	-1.644028049321370408e-02	-3.934435950388349285e-02	2.465069084481212314e-01	-2.579435612053278537e-01	-2.031954031472344574e-02	2.087219944059058932e-02	1.058159060225677822e-01	2.024217476639123547e-01	2.388906100773675045e-01	2.142620054044137301e-01	1.320284282631217498e-01	2.692744137093718848e-01	5.616444445241298711e-01	2.378637455782611765e-01	3.673724959683479785e-01	1.211655875851771202e-01	4.277814553460511648e-01	8.235161885223563072e-02	-7.389378253751377815e-03	-6.150530456068115104e-02	-1.000091758660513336e-01	2.933050308959639918e-01	1.561191189006197189e-01	1.625643749143714997e-02	9.339036095965420892e-02	-1.387208033380614696e-03	-7.120070329212827009e-02	-2.939844525816704968e-01	-1.552616065874742601e-01	-3.406072750090447521e-01	2.640734616376129162e-01	2.467940452752487024e-01	1.940576536744710034e-01	-1.806724821021180316e-01	1.511457065366768049e-01	-3.756354758178818143e-01	8.323590220711057572e-03	-3.574497212895313969e-01	-5.487175471971394991e-02	-5.382771210781971821e-02	-4.048909347063623376e-01	-3.299400842332958494e-01	-1.452545067547900970e-01	-2.218846231073723085e-01	-1.947504919691592229e-01	-7.443206765865451047e-02	-1.051926623607300770e-02	5.788070176566805641e-02	2.427629981426436268e-01	5.587236328333206048e-01	8.204826382116088557e-02	1.928542385379869717e-01	2.184954683252454677e-01	5.727971894457167118e-02	1.360549238334336219e-01	3.398677173596016399e-01	4.922727007587440196e-01	2.727104630110441241e-01	8.959981243872158774e-02	3.651280672352324452e-01	3.628738634906915062e-01	3.262197321122108917e-01	1.792543185971552100e-01	8.104944158433569079e-02	2.090665333926954861e-01	-1.780249718349777022e-01	2.440427286180148758e-01	1.007477007979884487e-01	-2.946991884065052608e-02	1.957995092154929048e-02	3.239514326366847718e-02	-5.817018652692564767e-02	1.230759103898969725e-01	1.402756841072516358e-01	2.791441109010661670e-01	-5.593911739432835296e-03	8.436622399648663340e-02	1.201233750945572970e-01	-5.539318567917026620e-02	-1.371066147833593096e-01	-1.233918082965114113e-02	2.510655816253141714e-01	1.000000000000000000e+00	3.359868962166558393e-01	1.066686313350597853e-01	2.031061274763799329e-01	7.907420584238824060e-03	2.336785952681204592e-01	2.527479126442857549e-01	4.420827061392101909e-02	3.174548392710711542e-01	-1.371443880257155468e-01	6.808038803811458650e-02	2.422146459249813477e-01	8.231629600937886981e-02	1.378271304892811633e-01	1.466759013506542531e-01	4.010541711873165382e-02	-7.501759336818258905e-02	6.313608122907853060e-02	9.369535616810480139e-02	-1.160660316818285485e-02	-3.491121393739139711e-02	-4.993151934253804713e-02	1.358382859495323447e-01	1.205038808825157348e-01	2.065659016693023597e-02	2.848950282959001878e-01	2.161197876286142794e-01	-5.128143727290135345e-02	7.371374973361945193e-02	1.052479040071429423e-01	8.432286701907494575e-02	5.589773183989541622e-02	3.274345671950008585e-01	1.349453037975458236e-01	1.746282032681287510e-01	3.637556184272115467e-01	3.772084299129755403e-01	1.998582983119371048e-01	4.420315924020106202e-01	5.399011874822930990e-01	2.173460280405618839e-01	2.498243395535217071e-01	3.197968924299880999e-01	1.482942355928507649e-01	1.858953097872318438e-01	-5.630260386970557113e-02	1.817758989290221283e-01	2.081446650083035310e-01	-5.422529886378463920e-02	1.868600669987671159e-01	-3.423232744068349653e-02	1.490044843123992102e-01	1.338949656551529643e-01
2.249291330892607202e-02	-4.927946585621937117e-03	-1.051150887443250692e-01	-1.821614892376681172e-01	1.786009660898504048e-01	2.386884628390115171e-01	1.478047163202125258e-01	1.000555462199330808e-01	1.550395245703930780e-01	2.290017634495447874e-01	4.012148252608319088e-01	2.557042322317212291e-01	4.243803002529719648e-02	-1.354016403863526619e-01	-2.133263300521495154e-01	-3.067088249387074916e-01	-2.196972729094160137e-01	3.474983192493325684e-02	7.152090292613075273e-02	-4.847549270026930979e-02	-1.210474821571910775e-01	-1.992904187044883604e-02	1.774491386270776391e-02	-1.764647882909615995e-01	-1.775338625647548130e-01	-4.738816201623380353e-02	-1.653396432648620851e-01	-3.054806475073942318e-01	1.630922254384298553e-01	-9.845817607102960722e-02	7.982355711752170402e-02	3.641698452217505544e-01	2.925699627428662297e-01	-1.535082734177927732e-01	-3.685356922471881846e-01	-2.213080130851607652e-01	2.470677910027876956e-02	-4.178546340702848222e-02	-1.259946969802137606e-01	-2.045430702808374024e-01	-8.833183049479871596e-02	-1.736759042553933652e-01	-3.780082263726524672e-01	4.286525794672140233e-01	3.144164490983910598e-01	-1.248001118816115806e-01	2.425438459804963795e-02	-4.789203301704854365e-02	1.704214535564697527e-02	1.123227250485221151e-01	-1.247165178524619056e-01	-3.071808771361225210e-01	-3.765668075204630511e-02	9.412212415348721051e-02	1.703679176294294051e-01	-4.502851104899920770e-02	-2.050600205396392317e-01	2.660517537351672623e-01	-1.822862733982728300e-01	1.580814184587600313e-01	1.604900666293151978e-01	-9.854656924878676949e-03	-2.856454713932485845e-01	-4.946984445551615983e-01	-2.287334249586084611e-01	7.522213007138404961e-02	-1.156622430055502700e-02	-7.053478433364897748e-04	-1.776948377391872891e-01	-1.754120808725420644e-01	7.741924311611782239e-02	4.800383031545386037e-01	5.097369311538438863e-01	5.356970524833410963e-01	6.681451381300000658e-02	-9.645658619972279080e-02	2.956745159207856966e-01	3.496919900991135033e-01	4.988399999874765789e-01	1.388639988874808828e-01	1.087440301298248091e-01	9.377454218226607963e-02	-1.611407096206038669e-01	-9.618765955298426429e-02	-1.120528204224445351e-01	-2.878285333785852163e-01	6.490141930719481311e-02	4.735999005405852266e-03	-2.940325865723911747e-01	-1.865375935998858092e-01	-3.884088856894927777e-01	-3.797005123773820046e-01	-5.036780197544694637e-01	-4.743150338993533111e-01	-3.208937172939897442e-01	5.098457519772142676e-01	6.096979022862014652e-01	4.827440848150837960e-02	-1.552041307584528240e-01	1.551934938145664855e-01	-2.906445406908903829e-03	-2.384935825095202411e-01	-1.044508169713864176e-01	-1.644042360539920145e-01	1.562712776787540669e-01	1.103535702594528184e-01	1.727438331876266775e-01	2.429436737742758368e-01	2.143335031870311214e-01	2.834973443240740854e-01	4.291399111352906526e-01	3.488074224149282365e-01	-1.070562026463247746e-01	-1.419711904524120494e-01	1.159789477872798097e-01	3.598188516838176504e-02	7.190793913622377243e-02	-1.650502994116040956e-01	-1.406351158063327278e-01	8.335687672929680122e-04	-7.574279871833877742e-02	2.394388319409205060e-02	-2.267568374330739683e-02	4.564182548970371726e-03	1.116126717244825123e-01	6.629465216838503760e-02	9.382883785684574540e-02	-1.084672239970944918e-01	-1.504419381374993980e-01	-1.595608104268867733e-01	-5.707653526826160506e-02	3.791625127912208182e-01	5.180226400387514252e-01	1.606596040191849706e-01	1.404485015152188709e-01	-1.659604677769015157e-02	-3.347748338988282280e-01	-2.369168661837038337e-01	3.608178163108430314e-01	3.994629702700286389e-02	2.561007024883541483e-01	-2.896145017464545057e-02	-1.783363284152056083e-01	-1.500133256279893579e-01	-1.663777853134940643e-01	-1.456459347142778360e-01	2.827159579444779580e-01	3.359868962166558393e-01	1.000000000000000000e+00	2.701211599977280226e-04	-8.041122466842501662e-03	-1.282089183569813384e-01	1.593542266730085533e-01	3.022450132844652360e-01	2.795311152169975832e-01	3.509675770751145563e-01	-2.487062403859644777e-01	-1.100802003825631786e-01	1.703875401139293838e-02	1.576413994507384064e-01	-2.062454845680681548e-01	1.448924475220181862e-01	-4.042343724334712673e-02	7.390871429897021005e-02	2.518641562939622491e-01	-9.959941456306993512e-02	4.353173222849272828e-02	-2.567555572135879483e-01	-1.441393806517937415e-01	9.136040434167042035e-02	-6.749554479509899119e-02	1.343356462336492961e-04	2.672936287238171782e-01	1.877812296931558045e-01	-3.725259968866927174e-02	3.029560144812680142e-02	-7.795671032582911220e-02	-1.664156894445362467e-01	-2.952987490484803579e-01	3.081389363098619993e-01	5.932354755256827872e-01	5.019485994278356511e-01	4.847701365302532484e-01	3.186001708459413329e-01	1.860560347832707351e-01	5.246154208855523526e-01	3.185522079844658183e-01	1.694661499050075515e-01	1.263242859599217061e-01	9.485090133626573883e-02	-1.622323916022260781e-01	-1.322815268406546119e-01	-3.133189032583416633e-01	4.072295452128146809e-01	6.212274573016155488e-01	2.354598674579253814e-01	1.015504803079092105e-01	-1.712585870610841832e-01	-5.483834620824790812e-02	-2.611519699695840635e-01
1.023890802421388302e-01	1.877561245667433987e-01	-9.805199180415960503e-02	-1.378206126490302552e-01	1.404416579765283279e-01	1.462957008095424893e-01	9.713693297807372840e-02	1.470094798135940517e-01	9.166240468538805475e-02	1.277142030556209229e-01	2.846698313442207473e-01	7.691377239908162022e-02	3.482175486114297280e-02	-1.305028619053381356e-01	-1.731878703096923766e-01	-1.876474920438311877e-01	-5.999500451068252860e-02	-1.880174001620482094e-01	1.360845365070349235e-02	-1.105121835649192780e-01	-1.018376309332573101e-02	-5.543104852423011430e-02	-1.241323441193558641e-01	7.193866839305532168e-02	1.185001329812183923e-01	-6.031152295831399696e-02	-2.070208860237634507e-01	1.178966607709945602e-01	-9.060649629203998412e-02	1.374206087430913381e-01	3.677894566533121412e-02	7.480368963033198759e-02	1.383559306646034714e-01	-2.270371327661997827e-04	4.923961559215747630e-02	-7.066685934609171806e-03	-2.981553256935055157e-02	-9.111092775530721388e-02	-9.936475567682012677e-02	7.587703797968622932e-02	2.242453196498631063e-01	-1.523949436077721639e-02	1.366934236868995178e-01	2.945332063097378869e-02	2.980610040383037118e-01	5.124509792799917252e-01	3.350678759069392054e-01	2.779209240997977393e-01	2.413762730309709503e-01	1.310462574558743654e-01	-5.003337839739684101e-02	-1.282235143747560147e-01	9.334967134858740412e-02	1.006414303242234992e-01	-1.757522411867085133e-02	-8.289475499025276972e-02	8.521219491329028173e-02	-1.561209729610170682e-01	4.190999951778909965e-02	9.399776648366318932e-02	-1.745189527269650764e-01	1.085536898987769922e-01	-1.951849793995662774e-01	6.572998682348064892e-02	-1.294133554150359577e-01	1.903858430019167713e-01	-2.303650191508669620e-01	-6.136871280598969747e-02	-2.394354524866478817e-01	2.085980125608069280e-01	1.146690085412311183e-01	8.074185295894492631e-02	-1.103952668940384046e-01	6.795711214306035530e-02	-1.118893313927294964e-01	-2.434545629145061785e-01	-1.949786804504089754e-01	-7.638269993527296853e-02	-1.037221637048969941e-01	-2.548276670898992347e-01	2.231462397401883235e-01	-2.883588567966299462e-02	-3.082475010514509894e-01	-5.302894017174510782e-02	-3.352889998057067000e-01	-3.489221097806686211e-01	-7.599011348601807103e-02	2.583255869346923542e-02	-1.698831659717073561e-01	-1.265164840077570851e-01	9.906003847808643459e-02	3.796147207666542012e-02	-9.966631693613577092e-02	4.045725539352584832e-02	7.292967628764179810e-02	-1.352785169493480599e-01	-2.153541991414122392e-01	-1.916828232165364021e-01	-2.016037519888481677e-01	-2.086469972143318863e-01	7.142102740892726509e-02	-4.996830936545772206e-02	1.436670597715149905e-02	-7.491403574801303034e-02	4.989859375243908823e-02	2.026590474848524726e-02	-7.305647050702909501e-04	1.581855500911288070e-01	1.162345096537033551e-01	2.298561310190417872e-01	8.800362156416824400e-02	1.745479994454372519e-01	1.213579068085132162e-01	2.272442991065873608e-01	1.717816013089770166e-01	-6.556135268493303372e-03	1.710694517181098606e-01	7.890249766821877050e-03	1.098463491038768197e-01	8.526170961482615329e-02	3.734086972013969663e-02	4.835545386689819869e-02	-1.124971471743480521e-02	1.217547362054538784e-01	9.194280370206812936e-02	4.951966522653478142e-02	-1.175070644018701149e-02	1.116737572652491267e-01	-7.635492940331489731e-02	-1.382997018566446967e-01	6.487500375010032960e-02	-8.716032557557681915e-02	-5.358080104330213700e-02	1.403363398741730994e-01	3.594965517128497212e-01	3.035331053861080042e-01	-6.931957117847337146e-02	2.629592484251374596e-01	7.439706814281149549e-02	1.531711922217609545e-01	2.620808054089583949e-01	1.629191350656731541e-01	4.352469033992112379e-01	-7.897651579480766126e-02	1.047279898931007397e-01	4.269291141248851007e-01	3.028180035539342896e-01	1.066686313350597853e-01	2.701211599977280226e-04	1.000000000000000000e+00	6.590417047825696262e-01	2.947250498219104453e-01	3.433570787146053016e-01	3.313080417146521683e-01	3.170154335826447234e-01	2.263860308881043004e-01	-2.568268038280817067e-01	6.364457441834037166e-02	-2.343353240267714299e-01	2.097289969201705795e-01	5.463032233490765915e-02	1.381236821456631458e-01	1.647567081488034435e-01	-1.300808252504031537e-01	2.174761131038318307e-01	2.955149083153010281e-01	1.422068677373780621e-01	3.133999386844424917e-01	3.996578121840239917e-02	3.319122698416131223e-02	-2.100525767419544609e-01	-1.145302242077295488e-02	2.586462378300450338e-01	4.796013048978680637e-01	-3.788743552590304476e-03	8.906031651143067607e-02	-1.162977776668896041e-01	-1.862491229290943739e-01	1.360212147071301059e-01	-7.529089876005463922e-02	5.540904615196277916e-02	3.721739882178093980e-03	1.141153576350144860e-01	8.950429247985702830e-02	-5.031838282107870333e-03	-1.736353259090787637e-01	-8.299949939089794337e-02	-9.865210809839274064e-02	1.110940690241555943e-02	-1.364084448760983503e-01	-1.862281244505405997e-01	1.462086919198884172e-01	-3.590119569328759780e-02	2.904112542491411875e-02	-2.135155605966668757e-01	-1.874287873829927065e-01	-2.276190617565015117e-01	3.044238974544117848e-01	1.318498560815214438e-01	2.846039223605829060e-01
-1.394489930200923655e-01	2.796800863643510437e-01	-3.615835731539857045e-01	-3.256142539375280198e-01	1.301643764901681544e-01	1.881728885557977515e-01	1.084812229846233468e-02	6.310715326273039216e-02	5.093126711219339575e-02	1.083004399299435788e-01	3.328792225816005756e-01	8.734525424938488491e-02	2.169484923351784056e-01	-1.298228937757281154e-01	-1.248295421137440159e-01	-2.283847528750962419e-01	-6.130044202635605982e-02	-1.815873425565664445e-01	9.281093203608192788e-02	1.338380121517019662e-02	4.820547877509283319e-02	3.150473238402874687e-02	4.690014316337071804e-02	1.643295795305090012e-01	2.440731485338594464e-01	6.327288074678705243e-02	-1.352763167503784336e-01	1.703982720182528332e-01	-9.221015613498205477e-02	-1.104322159522323765e-01	1.975337612902101359e-01	5.784308737184789412e-02	2.294301551997962874e-01	-2.109670633479292512e-01	1.361568066955236127e-02	-1.088673688560481412e-01	5.660578341686320347e-02	-1.852183769729021379e-01	-3.750266770937222827e-01	5.137939611264860651e-02	1.130335848983890917e-01	1.417878545337072638e-01	2.072374810795904465e-02	3.835020167930455054e-02	1.148366596995735595e-01	3.932237519874334231e-01	4.154766123168922576e-01	1.906213305234777111e-01	1.380955471834929560e-01	9.071198393722176845e-02	-2.076328365380841409e-02	-9.806764063590638070e-02	2.109258477701855816e-01	2.262064363891698460e-01	2.644424314566815037e-01	-1.094963103744816917e-02	1.791078771025057456e-02	-1.710489652729997867e-01	-1.400553897191672836e-01	-1.260180331988781099e-01	-3.246088489648725206e-01	1.215577728514407874e-01	-2.726065656963078676e-01	-2.841816562765874313e-02	-3.320028100939139137e-01	3.084327189249555512e-02	-2.615166987382089303e-01	7.034577201863814744e-02	-3.579051315461260208e-01	2.582103083243224573e-01	1.900129950815320212e-01	1.863255915192499890e-01	-1.207784340867262655e-02	1.692263938280118563e-01	1.780383461218253971e-01	-2.525072953590798974e-01	9.549292064744528685e-02	6.050839115732806195e-02	3.205816550335015974e-02	-1.269044550807920391e-01	4.227533125414390525e-01	-1.627179581753158619e-02	-9.416779428386112816e-02	2.175045560853155688e-02	-2.150668421571449440e-01	-2.828581378393936197e-01	5.586959125576326790e-02	2.444571996551439808e-01	-2.179241784370588297e-01	-2.173388230368494545e-01	-3.311637287839468841e-02	7.707121101561044407e-02	-1.527621914876437503e-01	-5.645337807841055433e-02	1.016302844598267474e-01	1.950621610767454273e-02	-8.976977518514571430e-02	-6.159148322500199169e-02	-2.151983474820979569e-01	3.641815588713663392e-03	-9.518086180871812574e-02	-1.706591924654352332e-01	-2.698019154481648418e-01	-2.601584693865184317e-01	-1.067507852911789845e-01	1.269828380180877854e-02	-1.051517829817597421e-01	1.926016656388104820e-01	7.160588961605983925e-03	1.803157447471531172e-01	1.726708370610906540e-01	2.707222274566262188e-01	1.784017812949341697e-01	3.481568023035320203e-01	2.689908879426612387e-01	2.522841467955789022e-02	3.613972873233249894e-01	-2.538986607360020631e-02	1.397004696100111742e-01	8.360864905288892257e-02	5.062005968302042691e-02	1.861020058270242139e-01	2.118383486050273712e-01	1.028304337823726100e-01	2.751101036860630900e-01	2.095433891007954241e-01	1.996555246031353481e-01	2.569770415533483843e-01	6.344240008935796149e-02	-1.034370409139895447e-01	1.363220640474725742e-01	1.794380316841100442e-01	5.353220553566171575e-02	2.796211776152965900e-01	3.196975200194557276e-01	3.404431099676459294e-01	-5.114647872077673213e-02	3.643842809984297881e-01	1.774804295735581683e-01	2.475094200265514077e-01	-1.471504182896267963e-02	3.075366088097992168e-01	4.275706144886241566e-01	1.978772742921059702e-01	2.665394155585952898e-02	4.966057768877231160e-01	2.270915880797973740e-01	2.031061274763799329e-01	-8.041122466842501662e-03	6.590417047825696262e-01	1.000000000000000000e+00	2.509288266136280310e-01	1.771583286917957079e-01	2.009304485304043153e-01	2.020428546726004415e-01	2.236748476765689775e-01	-4.455764448095963504e-01	2.145863258553105390e-01	-9.703230635917948696e-03	4.311179900965802503e-01	2.920121729431984225e-01	3.503713068247778506e-01	1.322262514618512685e-01	-1.878955886514479257e-01	3.813692903088187203e-01	3.762581439405851547e-01	-1.119356677565338382e-01	2.660982226106554660e-01	6.855464339358512127e-02	-6.866854842101556555e-02	-1.983706028751974770e-01	-7.939398670438752026e-02	4.946321393765813479e-01	5.624508182944465418e-01	-1.331148518957766536e-01	7.305069039709137513e-02	-1.378209561445155329e-01	-7.271774700109610856e-02	-2.467701576677397771e-03	-1.531450163630379835e-01	1.159519309386762426e-01	2.004404933873577821e-01	2.816083707052945417e-01	3.832725858690761434e-01	-9.749734805573516405e-02	5.437480606531679139e-02	5.587046615215233297e-02	-1.027156976664999749e-01	2.606409887550101279e-01	-7.915929694968901198e-02	-9.783521439452533275e-02	1.232903744195949780e-01	-1.145148826520459573e-01	3.052223107338725150e-01	-8.202610433083298846e-02	-2.514535359791769675e-01	-4.778165091893295247e-02	3.526339160393842653e-01	3.521219604999100139e-01	3.269377243327029059e-01
7.395247011016461980e-02	-1.730876544431508290e-01	5.217074499258098769e-02	-9.500820537056810233e-02	-2.773882525960664688e-02	3.975493721265427327e-02	-5.465479456327396179e-02	1.072408540224952141e-02	-7.157692441974924935e-02	2.573227359971107589e-02	-5.606995739357083230e-02	-2.076602563522351921e-03	-2.317882532140021767e-01	-2.136358050536083519e-01	-7.318530953806834383e-02	-1.893640940086527280e-01	-1.044735921355078451e-01	-2.351861233090412062e-01	6.962225493481889738e-02	-6.738821723996252233e-02	-1.943541445300549231e-01	-2.226591838810507151e-01	-1.942942335658013886e-01	-2.104884516179418297e-01	-6.889824846911808166e-03	-2.650514465378212003e-01	-1.467365452771878520e-01	2.789358857308924661e-02	-2.433573639067931338e-01	-1.564958498651437824e-01	-2.292077498426947912e-01	-1.143055859362250432e-01	-4.537334788590942358e-02	1.568191872338418058e-01	-5.304955572207037048e-03	-2.830363612149632002e-02	-1.668106882255571827e-02	-9.294870393920640073e-02	5.305468838386293018e-02	-2.483269877782253721e-01	3.655635692362307204e-02	-1.710186328541906664e-01	3.240347737406961137e-01	-2.971511381599595825e-01	-7.928991845354280144e-02	2.319384911146930017e-01	-8.086867453100954339e-02	4.185285459232842009e-01	2.203823162695809079e-01	4.328950028528024546e-02	-1.031488240122594019e-01	-6.098796866248274579e-03	4.626222437549183664e-02	-1.292657824235577367e-03	-2.334588690170711148e-02	1.186652735136983494e-01	-7.193638167839447317e-02	-8.651166696618083074e-02	1.370437096060123094e-01	-1.906122255518548012e-02	-1.454804064902035232e-01	3.771211654891964415e-01	-1.084380605098168443e-01	1.155019478988639214e-01	-3.363697134774031733e-02	1.156885933402308775e-01	-1.745876588075495894e-01	7.378803096180487631e-02	-7.637003144535586818e-02	2.767351850829744553e-01	7.954732300535964640e-02	-1.960832392900475063e-01	-4.009886178600200468e-01	-2.756375059425351104e-01	-1.344474177161352757e-01	-5.798220380977607558e-02	-4.327263897121731429e-01	-8.988015098651205848e-02	-4.382009218934705963e-01	-2.686804081334226435e-01	8.495700466224795355e-02	-4.057770369888641371e-02	-2.806900482507379002e-01	2.661916551159695943e-02	-3.827801143853475363e-01	-1.893582726017178086e-01	-3.364122401988169364e-01	-4.898098017169843360e-02	-4.985450812622551492e-02	1.789564993628608713e-01	2.710683192022768639e-01	1.859358886345376452e-02	1.926207213603516599e-01	1.604149274086627830e-01	1.282586865111499941e-01	-2.093227773457985164e-01	-3.616654270472711707e-01	-1.270949163186466668e-01	-1.566712821993543059e-01	-4.889621004301087370e-01	-5.707351850924802933e-02	-1.208912479522649963e-01	1.816831236402615124e-01	-1.873007988605136231e-01	-6.629300853922222292e-02	-1.398970811119708453e-02	-8.095771731210892053e-02	6.162621677022554756e-02	8.401973100575545195e-02	8.854007415871142928e-02	-1.438872467525517118e-01	-5.363878358976005567e-02	-7.629981318012890590e-02	1.395090724537068061e-01	1.313135830238363472e-02	-1.013525334142360568e-01	1.480601497135427269e-01	-7.480255083386186388e-02	-9.780865474415487149e-02	-1.855182140750609096e-02	1.113827968604716723e-01	1.485677717389934926e-01	-1.648342010633011305e-03	-9.445825544248773187e-02	1.257563313492004731e-01	-1.219428544862661695e-01	-2.372383916421340333e-01	-8.516583723625645308e-02	-1.708396190056618580e-01	-8.895655452134187957e-02	-9.757509295007935068e-02	-4.274384402153393325e-01	-1.226853564763941418e-01	-2.674660858944447051e-02	2.705020183408254342e-01	1.035058065250181042e-01	-2.610963917141715940e-01	2.629178927206466398e-01	-2.710023665176117813e-01	-8.991424382568487250e-02	3.210691479552355565e-01	-2.508104074857878674e-01	1.216967028775495230e-01	-1.379503854100005977e-01	1.617465156978516450e-01	1.051666018075761572e-01	-2.066174671757768089e-01	7.907420584238825795e-03	-1.282089183569813384e-01	2.947250498219104453e-01	2.509288266136280310e-01	1.000000000000000000e+00	4.127296760648897500e-01	3.075483915754965158e-01	9.704329668223840577e-02	1.170132470636005284e-01	1.528174607845862454e-01	2.002342642034531939e-01	2.016096549818626599e-02	8.348942543507545389e-02	-5.419100813130028893e-02	5.855728960582617243e-02	1.828757989590462929e-01	-3.056223544168731321e-01	2.126528031068010693e-01	3.164683319703425202e-01	2.012637276121325980e-01	3.613960675374396914e-01	1.982244168328317901e-01	-3.243385699765642671e-02	1.937541847951029794e-01	2.504676418625252921e-01	3.088267433934291373e-01	3.871652323466414636e-01	5.401820262630375735e-01	5.410257044986062080e-01	4.104702817542745241e-01	2.615910202950383345e-01	4.944421858677421344e-01	7.926428678092989344e-02	-1.507706399891833027e-01	-2.488658313644300513e-01	-8.875577614090245093e-02	-1.439122082447895079e-01	2.819414801990761110e-01	-2.340685621680274608e-01	4.665855547320733182e-02	-1.099387727896239259e-01	1.579998248715574483e-01	3.644435717862326563e-02	-1.986531694093425227e-01	5.270442749735396726e-01	2.132182124492069952e-01	-4.358896438368976139e-02	-3.061746208103941491e-01	-1.150096421912728678e-01	-2.925921911243742901e-01	6.910025454919999088e-02	-2.024263363816966588e-01	9.497468070163360421e-02
1.733363742675709390e-02	-3.254311433697531369e-02	1.267336470935423280e-02	-5.215444271787040426e-03	-1.405013528308280690e-01	-1.153184264581279539e-01	-2.422698180042413829e-01	-1.503562490938760710e-01	-2.777953891635513428e-01	-1.057208837832552262e-01	-4.729086907000410595e-02	-1.444287541505132610e-01	-2.581589453793305400e-01	-5.433497095342497418e-02	-9.872897403535534078e-02	-1.592697777029587203e-01	-6.413207063099515826e-02	-4.147006097790278262e-02	4.908380609614695911e-02	1.996720898007946221e-02	-3.019615294043023201e-01	-2.913595188010347781e-01	-1.801766915925802071e-01	-2.715368293759777285e-01	-3.767895924134664343e-01	-3.547906302335303019e-01	-1.589349463869318413e-01	-1.207786857402905201e-01	-2.081721825555694905e-01	-1.408087648134217010e-02	-1.730805967890532426e-01	-8.900379149111725674e-02	-8.008440844083776489e-02	2.113078096207607615e-01	-2.303650777558583287e-02	1.608286306530805343e-02	-3.241765973765248221e-02	9.543718654621147213e-02	3.432250203279900436e-02	-3.792917325130359951e-01	-1.278713068469103376e-01	-1.792344453978495233e-01	-8.074886157930995234e-02	1.201114952923404283e-01	1.604719787239287654e-01	1.686620736187549249e-02	-7.707741337872484055e-02	5.441717883648824472e-01	1.309918773535451164e-01	1.651156116476599489e-01	-2.707826353418399945e-01	-3.466486908606203343e-01	-1.220835374146306412e-01	-1.415100979120701430e-01	-2.718323522175970508e-01	1.955947927412846621e-01	-1.969266649757135668e-01	-6.507690324398542059e-02	2.226812008807471654e-02	2.204509268412051526e-01	-4.163223483612441683e-02	3.099256284422468102e-02	-1.273797829476635002e-01	-1.237094410601287664e-01	7.418428146034976127e-03	9.901879089760622088e-02	-2.141323493313136705e-01	2.371562842082406974e-01	-8.336451078458480268e-02	1.502930941748563398e-01	-4.053894447816017849e-02	1.427682017763118663e-02	-1.205515134458289284e-01	1.887073019935547324e-01	-3.141857448964169297e-02	1.188242587888171803e-01	-1.548674527660943712e-01	1.430890041070084218e-01	-1.010680778269649471e-01	-9.963258614480854924e-02	-7.277716581815728281e-02	2.722895464182758518e-01	-5.710051758601876470e-02	4.939439203490819663e-02	-1.111180195138052745e-01	-9.511683258041558897e-02	6.380092051507835205e-02	-1.186472481790375455e-01	1.987897709743150776e-01	2.236119149652248950e-01	2.830936412109592015e-01	4.496158277051165442e-02	-1.141860233873871894e-01	4.303635097865721876e-02	-1.175550996561740003e-01	-1.587527026996614077e-01	-1.623289812804431798e-01	-2.307605067022495959e-01	-1.161799602291341132e-01	-2.431158249914923686e-01	-1.049707816994293608e-01	1.977160411262119180e-02	8.816873040584349841e-02	1.802889555927730814e-02	-7.457098190487908285e-02	-2.595315481562789905e-01	-2.397038453965621430e-01	-1.944204735458514854e-01	2.375285078463375277e-02	-1.022583429826804530e-02	-1.350829538880730374e-01	-1.119184237243959212e-01	-3.549021517729033376e-02	7.758364393172945128e-02	6.688249448202353287e-02	-5.165250421802516922e-02	6.607644784245523531e-04	5.173885215245725699e-02	-5.740971067544551470e-02	1.467946756123538754e-01	1.148398992664705215e-01	1.454246222113461384e-01	-3.643707040065381764e-02	-1.295161912122402559e-01	1.941762926852829418e-01	-2.032132861386942713e-01	-2.715897278029838491e-01	-1.084370543269774362e-01	-2.790436403473666727e-01	-5.853165504761898008e-02	-1.256969787284444307e-01	-1.871544965129094684e-01	-1.648696713669192682e-01	-2.213046739106694361e-01	2.377913958280870321e-01	-6.209715695752980602e-02	-2.462113185156639128e-01	1.586288872086900337e-01	-2.313205441508251192e-01	-1.229061229104546765e-01	3.715769988277501934e-01	-1.840838719956479352e-01	2.655777123456812827e-01	-1.828900081304875858e-01	-7.116870807399756915e-02	1.776896422384726532e-02	8.664931061042044358e-02	2.336785952681204870e-01	1.593542266730085255e-01	3.433570787146053016e-01	1.771583286917957079e-01	4.127296760648897500e-01	1.000000000000000000e+00	5.963432564091273314e-01	2.917415081855840309e-01	3.931327492227158493e-01	2.082674980318699985e-03	2.833191812442582922e-03	-1.476719514943375944e-01	-1.164174225851939831e-01	-1.052045726821845550e-01	-1.308446440550563583e-01	-4.280446564801755616e-02	-2.558035086869724362e-01	-4.218006980644265630e-02	1.596718967138038014e-01	1.750720120778634925e-01	2.272066809469378279e-01	1.802821296237603066e-01	4.069731611917069836e-02	2.289350407844588098e-01	1.290033139676003970e-01	2.925273550674875600e-01	3.494854909293437784e-01	5.072891351404398286e-01	3.564243911972486134e-01	1.688875287606375619e-01	1.270097235810868086e-01	5.677362127781182544e-01	4.189519404224235077e-01	4.515971577285206318e-02	-1.638674390483638998e-01	2.286532836574966532e-01	1.170596747333043502e-01	5.856460404745548187e-01	1.326631468895773658e-01	2.216301873315373872e-01	1.027960942721041077e-01	1.260693176379685532e-01	3.687979672060703318e-01	1.842729695614374608e-01	6.298333294955621442e-01	2.705199867364367350e-01	-1.396168774023568704e-01	-1.673917643550388579e-01	-2.738215953602807229e-01	9.885183241222109118e-02	3.131671966011962960e-01	-1.148581905518079455e-01	7.444861348965902716e-03
7.324471179908881302e-02	8.174498073181622748e-02	2.564096843037629719e-02	3.070804275530168714e-02	3.823631170030843129e-02	-1.051814669784757392e-02	-5.408437733990099916e-02	-5.049081038866492371e-02	-1.362164370268251767e-01	1.795075905427694421e-02	1.258419186726932038e-01	-7.681711470970889813e-03	-1.804491961540273248e-01	2.626175034458834087e-02	-7.005297321752106121e-02	-1.424420646785221900e-01	-4.518019748699442922e-02	-1.605059528035949756e-01	1.359898532329428256e-01	8.843694623603907956e-02	-2.270051945476271871e-01	-2.149051779630959669e-01	1.638838534520149597e-03	-1.727815581712474902e-01	-1.752155755111937108e-01	-1.076091698431784760e-01	-1.280776692894893265e-01	-5.246058580422754969e-02	-2.450881330413272607e-01	-1.295056955931865039e-01	-1.257683005947328181e-01	-5.976725230941917072e-02	-4.118225099719387272e-02	-1.834245196984050225e-02	-4.340655273763599498e-02	-3.581169242286051657e-02	-1.061413165378780332e-01	3.387298820786745213e-02	-2.423282145292642298e-01	-2.286625247955467732e-01	5.832607986917794779e-02	-2.097207217139615554e-02	-1.153768798891255942e-01	2.066596100728051721e-01	3.236674420060847157e-01	-1.303656863039471918e-02	-8.058346983125648511e-02	2.692220598666859033e-01	2.415575795508871360e-01	3.851864752982904205e-01	-3.056384049941330422e-02	-1.486108125065622176e-01	-1.097657376037995264e-01	-1.129316674085355521e-01	-1.034211023407761443e-01	1.703285652169655995e-01	-3.685881680208141775e-01	-7.696694414230459413e-02	-8.937340739554390512e-02	1.675209297045323620e-01	-1.421935357685778500e-01	-2.273359829124576431e-02	-3.394305905656051503e-01	-2.624769870363101720e-01	-1.211202321147479277e-01	5.280292621783204410e-02	-2.483873932666023632e-01	2.256534254619540214e-01	-2.356048257392343026e-01	2.085693875926112328e-01	-2.104309169007241576e-02	6.100633636551116429e-02	-1.480669075837958426e-01	1.953194904267675502e-01	4.283365281340983932e-02	-1.216558395469300724e-01	-9.412755847461752590e-02	3.768180248953352240e-01	-1.071940561845182438e-01	6.666662016556661186e-02	3.323604507669757069e-02	3.131276033739220921e-01	-1.354176053973019378e-01	-7.043307091137185338e-02	-1.876046391559577364e-01	-1.725693213099422363e-01	2.706305366833264281e-02	-1.175584431116468986e-01	-8.307470000694330836e-02	1.426482366648532396e-01	9.302711742506171444e-02	1.640865495949117292e-01	-8.384662574483736641e-02	2.292350575752586869e-02	-1.484579286934671616e-01	-1.707008251353654416e-01	-6.963075908109904455e-02	-1.859212729129564590e-01	-2.090534854004376109e-01	-3.494139693076772080e-01	1.319453466834367462e-02	2.044905134321610071e-02	4.967940639227387718e-03	4.048109212374132598e-02	-3.825327567955325025e-03	-1.115772057232320286e-01	-5.272251469610610142e-02	-4.863254882062807705e-02	1.339945670840820280e-01	1.396870497973341507e-01	-2.086458808277719124e-02	-8.943852627006674411e-03	5.925778314754915482e-02	1.947447748010127933e-01	1.501360282406421220e-01	6.263163160410732677e-02	8.881955647212023963e-02	6.631200634344130984e-02	8.186619375871667659e-02	1.195017283640572268e-02	1.326872425413173906e-01	1.625086734726062521e-01	7.859825824048555926e-03	-5.974727016410186914e-02	1.592582829043583670e-01	1.336128375888061964e-02	-7.599356235300951112e-02	7.854664279120839032e-02	-2.200235674258042007e-01	-3.787950599551019593e-02	-2.533505996068816657e-01	-1.279098873071718989e-01	-4.107817179294460941e-02	-1.340033509022122704e-01	2.678369315772384240e-01	7.662618322129549110e-03	-2.462704563649662504e-01	1.414450438553702671e-01	-9.404900352876437164e-02	1.824576074647055179e-02	2.628638941177512955e-01	-8.639563613140163745e-02	1.149552226128531911e-02	-1.422984649305104599e-01	-1.961415734237560715e-02	2.179967992529333876e-01	3.017423138392736903e-01	2.527479126442857549e-01	3.022450132844652360e-01	3.313080417146521683e-01	2.009304485304042875e-01	3.075483915754965158e-01	5.963432564091273314e-01	1.000000000000000000e+00	4.834236047104139566e-01	5.933995853428505329e-01	1.606211597942431082e-02	2.583055472502347460e-01	-1.304386758307450600e-02	1.091337852736779836e-02	-1.599476108195913571e-01	-1.401127774845146133e-02	-4.492877119891462018e-02	-2.575368511166848395e-01	9.699872991652826182e-02	1.858030979463198007e-01	7.953853762195740862e-02	2.060381082788172169e-01	-4.720674933874913215e-02	1.459493923028138129e-01	1.018366578782129717e-01	1.046473627379965014e-02	4.149499067143009312e-01	4.692907830608161746e-01	3.784727501332353361e-01	3.157558945265651618e-01	2.181417377157096327e-01	4.489216308734447769e-02	4.243422610947107931e-01	2.050843084664255300e-01	8.936677411407643878e-02	-4.215878818436799569e-02	2.918606242464927836e-01	1.744526618291230291e-01	3.447980507381630533e-01	2.379593041490625505e-01	3.764473069163054020e-01	2.012912514442234124e-01	4.171490712290060882e-02	2.280597504019297173e-01	9.222878856320282370e-02	3.351025645985760693e-01	2.801210426764926820e-01	-3.313234735134282238e-02	-4.388406504844406114e-02	-1.430430017461034597e-01	-1.812705859600559355e-02	1.146524804499012423e-01	-1.595453261342069662e-01	4.792317967904889675e-02
1.685170103466842317e-01	3.547395053534158071e-02	1.750235566421942945e-01	1.987120254018046039e-01	1.129083705943428190e-01	-1.300371926356032326e-02	4.922542550537516853e-02	-3.074363093642577469e-02	6.869063235696162839e-02	5.585737413754589958e-02	9.546837640536387504e-02	8.964150705065929148e-02	-9.899326351160803172e-02	1.056226035610047104e-01	-8.050566634450910530e-02	-4.638531007881653567e-02	2.429007311994936524e-02	-9.358167427250063675e-02	-1.765628564974345421e-02	-3.623936787123534231e-02	1.083984179145137602e-02	-1.519239472583734929e-01	-5.475139593979411884e-02	-9.881831514281749773e-02	1.745371520003560495e-01	5.801500667716358306e-02	-1.795389688470390988e-01	-5.313987091292006470e-02	-1.106010372290453236e-01	1.391317717739127269e-01	7.461297624907541060e-02	-9.761715326779009383e-02	-1.513383217020632387e-01	-5.305707025575543204e-03	1.384362585094421894e-01	4.944478238699785699e-02	4.063173398351421078e-02	9.160498184660972876e-02	-7.365615137274898749e-02	9.445439871625163630e-02	2.119956066674986983e-01	2.228239338504652833e-01	-3.791690990609664774e-02	1.113555254199140310e-01	3.111218812112627186e-01	8.549070379678473663e-02	2.697835264769686894e-02	-3.829666565615796880e-02	3.783337062140164631e-01	2.103947887406709683e-01	-3.292993351455617695e-02	-1.934123716188393682e-01	-1.792651715201692142e-01	-1.769786910221129994e-01	-1.447305810234795209e-01	6.806656865116134103e-02	-2.553625159188850913e-01	-1.971360008119526219e-01	-1.546421779590708423e-01	1.113613547804113979e-01	-2.564069968389663945e-01	-9.926618776875370531e-02	-2.505310519832851801e-01	-1.926166859816139110e-02	2.607461591583710991e-02	1.438089718277700269e-01	-3.232440104725710084e-01	-1.831615118994271152e-01	-2.999386861672022064e-01	-6.197433870569721281e-02	-2.553018343830831260e-01	-5.243060286889504595e-02	-5.046562591160918404e-02	1.336211086000574644e-01	-3.113822635881854928e-01	-2.449356145916347371e-01	-8.362639298222314388e-02	1.134381938614775903e-01	-1.802218327698421330e-01	-3.755579493148863534e-03	-2.172768044191358827e-01	5.417127632454894759e-02	-2.832240831553113902e-01	-4.147101996438062321e-01	-1.697714971818602425e-01	-3.968227409354136981e-01	-2.558391845228968342e-01	-2.802442921497039219e-01	-9.107906617858066434e-02	-1.257890057959312746e-01	-4.403195204716306432e-02	6.316267682854977139e-02	-1.611979565899462341e-01	-9.648634758294606650e-02	-1.658602105858722198e-01	-1.816777887071110154e-01	5.159907594938351744e-02	-5.115682032175709187e-02	-1.705987190519528129e-01	-1.796579801335642379e-01	8.607679948668627012e-02	2.278827521577919679e-01	-6.275319105191262507e-03	2.214462911970324910e-01	1.480714382059345191e-01	4.625577816354496663e-03	5.198885044035942565e-02	1.770115566395501217e-01	9.065735230241939169e-02	1.648623095046158060e-01	1.252575580601769656e-02	-6.537456802558201663e-02	3.055905276938815640e-01	1.934564739515944320e-01	1.020099168110526755e-01	1.842878029924974181e-01	2.079212040404457285e-01	1.026279001585112538e-01	2.432025373751909580e-01	2.214461660640678065e-01	4.013317690617159567e-02	-5.026059889755783022e-02	-4.126178586208755633e-02	-6.901641930784449541e-02	9.629787830012641325e-02	-8.192195850503961041e-02	-1.181213236649476805e-01	1.326671106810252410e-01	-1.261288622723855390e-01	-7.345212367632499018e-02	-1.451506744540365101e-01	4.239634409958162840e-03	-1.232051743282121942e-01	-2.240341207379258626e-01	2.750622152125543618e-01	-1.874073989919064487e-02	9.689319196778569190e-03	1.188928615387144783e-01	2.511508264969515222e-02	2.520811473826447408e-02	2.431480303616140592e-01	6.362706978835262761e-02	8.087265806697101211e-02	-5.843457726163023280e-02	3.700246319867841333e-02	2.608269957852935583e-01	3.712784671528926994e-01	4.420827061392101909e-02	2.795311152169975832e-01	3.170154335826447234e-01	2.020428546726004415e-01	9.704329668223840577e-02	2.917415081855840309e-01	4.834236047104140122e-01	1.000000000000000000e+00	3.807025490943474200e-01	-4.337626011133149939e-02	1.130771032078790456e-01	-3.141158277340511812e-02	-2.043759781967918465e-01	-1.395624060268900457e-01	-2.318929014052610593e-01	-1.741113213948812799e-01	-7.268637863560387102e-02	-1.460720205246376913e-01	6.931907038783040320e-02	8.875764337998194586e-02	1.975508681780498710e-01	1.635938676119027546e-01	7.626288858387618441e-02	-2.081664242363064771e-02	-1.218967806796037445e-01	-5.560621490071060435e-02	1.841862749936685473e-01	2.078288995015117879e-01	5.682144973469365618e-02	1.209192135185649664e-01	-1.984047096260876664e-01	7.581264668923921868e-02	1.543170259365718097e-02	5.556406263624235481e-02	-1.469495997644713337e-01	2.420324786266089545e-01	6.024890913502090745e-02	2.017825256828494063e-01	3.609142641244213884e-02	2.111558108917560850e-01	8.530551926076825053e-02	-2.601872480851269431e-01	-2.512419897649538214e-01	1.262987561638070633e-01	3.831298688461713675e-02	1.785086272776413574e-01	-1.859290892139656148e-01	8.392794648870267882e-02	2.933555824246814742e-02	-1.602942886755463411e-02	1.377471162861673010e-02	-4.706666375515795170e-02	1.628225262639795556e-01
-6.728273194448376737e-02	2.411873300672936760e-01	-1.351011020735932711e-01	-1.673031466886050200e-01	-5.250166362881637100e-02	3.110588263003018564e-02	-1.884794394283391961e-01	-1.781590153273134303e-01	-1.570302149943138270e-01	-3.260799077253818262e-02	1.393807970736245239e-01	3.853737661232328054e-02	4.927529477650023637e-02	1.666718536280026655e-02	-4.159836467691194022e-03	-1.220266298043497510e-01	-1.328951032960099497e-02	9.968996805660165772e-02	5.031636380236981232e-02	2.021226399679930952e-01	-8.163147442712842539e-02	-8.402037565374829986e-02	6.527936070723060202e-02	-9.930112517596006994e-02	-1.227676463228643960e-01	-2.418875416802075337e-02	-1.489966291787310770e-01	-1.350278295235152470e-01	-1.143604758449027342e-01	-2.835000314293694146e-01	-6.894405645716740472e-02	-1.821740717456668546e-02	7.280384009394003098e-02	-2.677752676866281267e-01	-1.588414911453208955e-01	-1.518411533371147593e-01	4.420163301497018887e-02	-1.004191937176943453e-02	-3.237199583351431653e-01	-1.738288211410400630e-01	8.016161776014307794e-02	-7.343323370082419088e-02	-2.724991137832231680e-01	2.509927722305578812e-01	5.444698473018888540e-01	-8.588331205727897655e-03	-6.770874630093146052e-02	2.019046296133301388e-01	1.439022282450004298e-01	5.776939162677530160e-01	-3.456160021498100310e-02	-1.755129538227375718e-01	1.483066845974102543e-01	2.220420499526485347e-01	7.535289547352437556e-02	1.731117096874816574e-02	-2.530403883016306144e-01	-1.586571509188468843e-01	-2.923063554584082735e-01	-1.473513206629538386e-01	-3.534324254259955250e-02	4.935893125776025236e-03	-3.602589818922837805e-01	-2.193531773041642596e-01	-2.704334096244724872e-01	2.061904077261889623e-01	-2.554959976359689189e-01	4.783903400844810583e-02	-4.148668875204738482e-01	6.037992594386533407e-02	1.287188870311959110e-01	2.033324822866315329e-01	2.333453638786920151e-02	3.735112832879458056e-01	1.011860274798943721e-01	7.733541343409719437e-02	1.549531823564967437e-01	4.374382968332421462e-01	8.911169150028616648e-02	2.456296337972325439e-01	2.169109703652301047e-01	5.221360959469473206e-01	-3.682542853625470763e-02	3.834488812543240116e-02	-1.519364526617776046e-01	-2.501492441812089851e-01	4.205654559703804474e-02	1.487458860859776077e-01	-1.175436086427395638e-01	1.164693544997077862e-01	-3.127728570809654163e-02	4.488097806263675188e-02	-2.549478108082587346e-01	-1.418459456642593985e-01	-2.937307016341026422e-01	1.946039874943244208e-01	1.417481793448744087e-01	-6.279456084728321508e-02	-3.891246050712404148e-01	-2.164085772893539761e-01	-2.204463724418768700e-01	-5.761335798852219858e-02	-1.578594679969687886e-01	-1.752282758039677424e-01	-1.748075929472082124e-01	-1.392008601155249603e-01	-7.440257445241958700e-02	-9.605629400637431814e-02	1.859386310240031953e-02	4.553032581568430825e-02	6.001240412316438677e-02	1.442358675767465015e-01	8.675499884166454345e-02	5.764682237267208104e-02	1.511809658385062372e-01	1.094518556134808224e-01	1.302757282586022858e-01	2.346723635556957274e-02	4.104508622036640020e-02	9.805442576463997695e-02	-1.251512934777822550e-01	6.369012567003118352e-02	5.927118209013439165e-02	-1.694211933467885955e-02	1.970923858395018380e-01	-1.890048628287650107e-02	-5.597622772757782257e-03	1.208570898037931952e-03	-2.070565092979166910e-01	-1.593370014126039846e-01	-1.499556992058585503e-01	1.543453638370906600e-01	1.046183981645720934e-01	-2.025524792399464868e-02	-5.932314514154175778e-04	-4.826381717238385771e-02	-2.197007674870919691e-01	1.082853856680252719e-01	8.161626297934512775e-02	4.755531959680917020e-02	1.048253227180881292e-01	-1.297703474210850803e-03	-7.228780107006045619e-02	7.843510144172419207e-02	-6.841018697416291483e-02	1.630527220534094268e-01	4.051508102910280074e-01	3.174548392710711542e-01	3.509675770751145563e-01	2.263860308881043004e-01	2.236748476765689775e-01	1.170132470636005284e-01	3.931327492227158493e-01	5.933995853428505329e-01	3.807025490943473645e-01	1.000000000000000000e+00	-1.862418408437086226e-01	2.067605128731963837e-01	1.896531403858528475e-01	1.913528481535452519e-01	1.303013309342488379e-01	2.377924678743386366e-01	1.261073872027881071e-01	-2.461301172183906205e-01	9.331736834786501233e-02	4.919405202632526342e-02	1.775009992519174101e-02	-5.704460425839107118e-02	-1.776960474881224827e-01	2.936054315970942907e-01	6.153360242453924378e-02	-7.810674830729376350e-02	4.126907124841810992e-01	2.648160920472309443e-01	9.580303296254364873e-03	1.038915128535188442e-01	-6.578362642153674344e-04	-2.518855131642444914e-02	1.930397505281953863e-01	2.949928823498143560e-01	1.717609959886420568e-01	8.336941853461689311e-02	4.395875646376185553e-01	1.782690137362152316e-01	2.046146778194662397e-01	2.683044116936896817e-01	5.493664098421100483e-01	5.003505866584606609e-01	2.891295353149042624e-01	2.018954435657289437e-01	3.747256918639147588e-02	2.320120073304967334e-01	-3.706946320221724683e-02	2.233744979485413340e-01	6.088344515212655572e-02	-1.899664899562349962e-01	-6.312541687747257046e-02	2.181794550595046733e-02	-5.410478308114854973e-02	-5.316961708419187284e-03
-3.584970906813985531e-02	-3.304703283976296868e-01	4.059564068171251927e-01	4.037000572910471319e-01	-4.453315429393153169e-01	-5.333170391250320330e-01	-2.259765296569306303e-01	-2.270951177226233908e-01	-1.951502783362759619e-01	-3.566783090426836056e-01	-5.318964730790698425e-01	-3.547509294731991947e-01	-6.749832119446175921e-03	4.104488180485852955e-01	3.469125025189930822e-01	5.183649566281470777e-01	4.367022922852253908e-01	2.369189694163134075e-01	1.116991267336170240e-01	1.062569236090905034e-01	2.609982915585055685e-01	1.202119031378960368e-01	5.599555533025722676e-02	2.634943989888200999e-01	-1.102111578020880944e-01	1.785359470551980132e-01	2.490458350778947394e-01	7.509560030630456351e-02	-4.597646848110228945e-01	-1.367037420045523755e-01	-2.811890521068674542e-01	-3.805408877223612207e-01	-4.972793763060521788e-01	2.903523560686984140e-01	3.145681003446161861e-01	3.871436853874777317e-01	1.666088371856977723e-01	4.013805046683511790e-01	9.296961657997335204e-02	2.286670007023607065e-01	1.212564854653533086e-01	1.620138421428879705e-01	2.550719224071515412e-01	-7.415161339753081893e-02	-2.833828724371031393e-01	-1.826093569903407821e-01	-1.827420297646640823e-01	-1.798652083454743422e-01	1.629742722271659283e-01	-2.196188725043889400e-01	2.548966132886167357e-01	4.102739110489229679e-01	-3.054600635260529273e-01	-4.368444054864495385e-01	-4.786772350508526341e-01	4.073318452895277608e-02	-1.236532615944390956e-01	-1.486413640143864068e-01	1.781693803977511537e-01	6.265268985334777885e-02	-7.582119915741827865e-02	-3.142411620295028074e-01	2.440593017600745096e-02	5.262158234667081019e-02	1.044515192758194710e-01	1.406767150786155662e-01	-5.035229762557206362e-02	5.685000714674650485e-02	8.458031321194341146e-02	4.592510507203217268e-02	-5.025194139196379473e-01	-4.585597173931609261e-01	-1.680383756781785864e-01	-3.122943767756904410e-01	-2.595595983607605350e-01	5.087565876751061478e-02	-2.645930087649658313e-01	-1.143251731913539071e-01	-4.081108137640951372e-01	-1.460878133158849228e-02	-4.874353452398654252e-01	-1.874887071114973991e-01	-1.209378080841097408e-01	-2.733987797489654814e-01	3.702675531361133282e-02	-6.478426756335327330e-02	-2.803932100989298126e-01	-5.177112069572292752e-01	2.003948826345382794e-01	1.317082133148095024e-01	2.279268061660180977e-01	1.969695210077506142e-01	5.589392002788403646e-01	4.718183015955325632e-01	-3.414004008731453405e-02	-4.610238313771151675e-01	-2.121983785155750757e-01	-1.057413272493273326e-01	-1.003238670387621156e-01	-2.782362331329961136e-01	2.450282814259940878e-02	4.051592075676275218e-01	2.729010578527226727e-01	4.603767073820861366e-01	-1.264411810516402092e-02	-2.855751795307133190e-01	-1.359796475827223239e-01	-2.762937124605080452e-01	-3.002878444174141292e-01	-3.117814417212215750e-01	-5.100898099523153428e-01	-6.391223168583266556e-01	1.314083167347884218e-01	6.671269936967441638e-02	-4.077890473897104878e-02	1.379730991921642447e-01	-1.372403285932305705e-01	3.591395759648859376e-01	2.480971719745758142e-01	6.029108405850198277e-02	2.512282431073313838e-01	1.635872409935663560e-02	9.309524956730427098e-03	-6.616623718780965946e-02	-1.912059116540184012e-01	-8.471130002319174693e-03	-6.400914240803932953e-02	1.485907429061797957e-01	1.923993076400985214e-01	2.419196405952519779e-01	-4.829892449685411204e-01	-2.996736015972706890e-01	-4.660107291374349092e-01	-4.873287309246224219e-01	-2.021836350873862931e-01	-2.595361025673864619e-01	3.211939365707147664e-01	-7.827753622458777372e-02	-2.191346767509914362e-01	2.089168462598607265e-02	-7.065546251089172003e-02	7.161394093294097540e-02	-1.500230247732693423e-01	-1.396731376962531967e-01	3.732468414424326975e-01	-6.264726437743266957e-03	-2.997071236801148175e-01	-1.371443880257155468e-01	-2.487062403859644499e-01	-2.568268038280817067e-01	-4.455764448095963504e-01	1.528174607845862454e-01	2.082674980318700419e-03	1.606211597942431082e-02	-4.337626011133149939e-02	-1.862418408437086503e-01	1.000000000000000000e+00	2.630871543629564879e-01	4.279458052680740893e-02	-5.516206868238804351e-01	-2.458236369324105219e-01	-5.010740622275582368e-01	-6.591387097224758740e-02	-1.621037813896206436e-01	-5.039632457094176399e-01	-2.224708577344289839e-01	1.857688805749167435e-02	3.798049208010545463e-02	1.055824549884404051e-01	3.512089800201909778e-02	3.145787578078155233e-01	-3.325371251028690078e-02	-4.160704114881904614e-01	-3.051924208865223198e-01	3.089518285396943842e-01	-2.406467958766246931e-02	5.656609326286017314e-01	-9.809969732461842895e-03	2.796587959741636542e-01	6.868754666064105785e-02	-3.669077546825986746e-01	-4.365963155106956650e-01	-3.506112352638132146e-01	-3.036800524826294700e-01	2.018995405564097401e-01	-2.501651053582621964e-01	-2.860394217330289313e-01	5.295201202540059104e-02	-4.051737609690114206e-01	-1.221481693613973678e-02	1.999345052515652532e-01	2.604722917489727396e-01	4.852481326580382892e-01	-5.832160697630083268e-01	-1.815955271119381875e-01	1.080544939519283015e-01	4.904977845752445977e-03	-2.788248619492108560e-01	-2.263306493271420028e-01	9.081206256980318969e-02
-3.923424730281726003e-01	5.499573394532959736e-02	-2.112896433957866804e-01	-2.566269383679746774e-01	-1.884884861138768630e-01	-1.767754327062166231e-01	-3.182992786135253049e-01	-3.419742935306951392e-01	-2.695449415439205021e-01	-2.395675600852785747e-01	-1.077670244637225910e-01	-1.636041585574119217e-01	1.515979660905284743e-01	2.727623790785945745e-01	3.320119082597764448e-01	1.921070827842891460e-01	1.265582267215639434e-01	9.536994296265401128e-03	7.096513533745722746e-02	2.336651276297062874e-01	2.559748939780753241e-01	9.832399690413975990e-02	2.348397959762281995e-01	2.193370175705547931e-01	1.599321109807609331e-01	2.432134676793165640e-01	-4.595536367823359336e-02	5.034587895234084176e-02	-3.279452830538490127e-01	-3.456550283231620280e-01	-1.532034816220062545e-01	-1.751323962697705350e-01	4.306317136112294830e-02	-1.060869799698786475e-01	9.884541548095059083e-02	5.684558991604394401e-02	2.308417160261866108e-01	4.102146131454273426e-02	-4.390959384195325943e-01	1.839291519770359651e-01	2.911251937804847922e-01	3.332137680248961620e-01	1.197925368357235232e-01	-9.366821615121845301e-02	-1.898685319538709060e-01	-1.689292845366679174e-01	-9.939112716740410025e-02	-8.573409201275776492e-02	1.843738722226327675e-01	3.958046007642098546e-02	4.633089235622449564e-01	3.431672811259807720e-01	-1.526059689853548514e-02	-1.652967671926769758e-02	2.117703438786092129e-01	2.620103636474497844e-01	-9.691213876531672156e-02	-9.723437096496853616e-02	-2.119598475289106443e-01	-1.428380246681210664e-01	-4.638966642421843423e-01	-4.715159955590823154e-02	-1.183216813749597141e-01	9.130076415210816240e-03	-2.775595140063797928e-01	-4.387547328968575272e-02	-1.751001070348540134e-01	4.134310985728690928e-03	-2.476071079570200950e-01	2.488556906098378929e-01	8.130039394585727303e-03	-4.781577661595970419e-02	-9.613138670003072705e-02	-1.133302203256579821e-01	1.738145415509993186e-01	-1.331984600168287514e-01	1.161491680375209973e-01	6.367687470904376257e-02	-7.929492473995292112e-02	3.011674605210712397e-01	1.642496295646598825e-01	1.164584252225275562e-01	1.464186873504558228e-01	-1.236888307566683803e-01	9.249424962496488600e-02	-5.461312582547100947e-02	-6.793532523866180339e-02	1.421404014494713208e-01	1.512130711764721018e-02	2.266732755927781950e-02	-3.013513918214189707e-02	4.603200602405374542e-01	2.520279677179699251e-01	4.197274056211565685e-01	1.653018669934758489e-01	-2.065126411364658909e-01	-1.972813059945529024e-01	-1.178526869536358629e-01	-1.471880446024177169e-01	-1.332476110037786599e-01	-3.083228914372217466e-01	-1.774282127249423302e-01	-3.135888776614746409e-01	-1.462529599457729201e-01	-2.360054568038927603e-01	-2.379742372699958086e-01	-1.787735062813789189e-01	-1.553017188173898555e-01	-2.577632240828166554e-01	-1.417275477962963992e-01	-1.666299636700687425e-01	-1.077185261975625447e-01	2.060762034755687644e-01	1.988060210250582605e-01	2.600023917203625468e-01	2.581828736534141355e-01	2.877410049355680899e-01	1.589286852070433409e-01	1.574103326638957023e-01	2.060673885290877916e-01	9.294787707386796549e-02	4.809837823908329896e-02	1.624004456679374597e-01	-1.153618967719921284e-01	-1.294509092231389304e-02	7.983848171717630726e-02	2.145576411984168042e-01	3.434768689876132597e-01	7.758896395478266650e-02	3.011414433884620004e-02	-1.165489244445831879e-01	4.756747378864532860e-02	-3.310171725847194102e-02	1.289864203559509814e-01	1.140355661161103762e-01	2.316030993356580081e-01	7.068850173742741161e-02	2.168194368639284886e-01	6.982062992260312795e-02	2.621402488992730651e-01	-5.695993534510131184e-02	2.533271169245175369e-01	1.283205114090278098e-01	3.903216181237929849e-02	1.993561575197140556e-01	3.557808389995745779e-01	5.851649676277591305e-02	6.808038803811458650e-02	-1.100802003825631786e-01	6.364457441834035778e-02	2.145863258553105390e-01	2.002342642034531939e-01	2.833191812442582922e-03	2.583055472502347460e-01	1.130771032078790456e-01	2.067605128731963837e-01	2.630871543629564879e-01	1.000000000000000000e+00	4.717051628335534597e-01	1.801830792287654470e-01	6.133556785407314709e-06	1.043925754863365002e-01	-5.965009082441747462e-02	-2.501317551615674373e-01	1.177839802789660550e-01	9.785057776948022368e-02	-5.891697329211491307e-02	9.575173146979595873e-02	6.587561001439869168e-02	-1.809003302950658587e-01	4.372236614571878288e-02	5.752525349801917987e-02	2.064232869346362964e-01	5.796667171618416492e-02	-2.044439134263192903e-02	9.731310036635049121e-02	1.910485513513207056e-01	1.298875721012536233e-01	2.143248523801812022e-01	7.152661415734537509e-02	-1.079289021010129551e-01	6.917194777524166005e-02	-4.855595742553091981e-02	2.033588636975764696e-01	3.024306750908101193e-02	9.131970688271827397e-02	3.445648100700875183e-02	-9.866861932572987270e-02	2.637482605643164391e-01	1.700163429805827686e-01	1.294241126413658571e-01	2.277328731486188140e-01	3.163796242004995873e-01	1.415633210567590894e-01	-2.018152205341660621e-01	-1.967389788101805981e-01	7.447825935507089261e-03	-9.955181702470586314e-02	1.180015986033366993e-01	1.849973357101151461e-01
-3.998867752603198489e-01	-1.717380043409158785e-01	-4.281071331043835859e-01	-4.016591756404352398e-01	-1.999774052954668146e-01	-1.240914574570056994e-01	-2.943245617779017831e-01	-4.405345437360529970e-01	-2.442118772570385510e-01	-3.168803174005276890e-01	-1.543709415611022595e-01	-1.631689585211444360e-01	2.950880439815135037e-01	5.089346817287974944e-02	1.936844384837466126e-01	5.048898049912649288e-02	-1.379258491106327526e-02	1.101727281208137316e-01	1.812663517858824347e-01	2.394546028843924090e-01	1.266537230238618805e-01	4.266191683100367671e-02	2.379575354089956407e-01	2.085638195694142216e-02	1.313132488809876375e-01	7.166516519426573140e-02	-5.370171924473605279e-02	-9.833608227458791318e-02	8.782193914640981647e-02	-3.458561105491024246e-01	-1.043202544733781434e-01	-1.415440715684657402e-01	8.081340638442309487e-02	-3.112617613047135023e-01	-8.225802529174709721e-02	-1.489750086810188723e-01	1.545003189232427576e-01	-1.028993695368810024e-02	-2.427859690221214062e-01	-5.400338941477777349e-02	1.256246450389571223e-01	1.495490060451916126e-01	-2.149165369609611076e-02	7.222958366000306607e-02	1.320120731772246765e-02	-1.849907696914805943e-01	-1.681670426547295094e-01	-4.382254489588405244e-02	6.571282070635003913e-02	1.236462448655594876e-01	3.154551498057787673e-01	2.644004840913828924e-01	3.969691715973875934e-01	3.056851832216885834e-01	2.945907502849785531e-01	2.755312704860117812e-01	-3.607585222575700190e-02	-1.194354365450330489e-03	-3.523916071838962272e-01	-3.136681338307948930e-01	-1.562859116249857572e-01	1.396384509198608792e-01	1.114430893096255010e-01	9.140956622729827508e-02	-6.290539955920732007e-02	-3.213102644176236977e-02	-8.933954069391164543e-02	-1.361094132537266077e-01	-2.110768770325253951e-01	-3.750131329376465289e-02	1.499193112103540393e-01	-2.861736946440737554e-03	6.997166873755597538e-02	2.257245975296558529e-03	1.778126667201483102e-01	8.344077586382890599e-02	3.439832356458901730e-01	3.595917709529476980e-01	1.136177223246617601e-01	6.242854296359061639e-01	1.767730809678506321e-01	3.767373068038081252e-01	3.348520787158611456e-01	6.837987425519480300e-02	1.984843971389456119e-01	6.927885261568489383e-02	2.056486369656186294e-02	3.993480946651397634e-01	4.780820356625939405e-02	2.237182282920562870e-01	-4.629777659438534532e-02	3.161467322801058133e-01	8.582342910176211925e-02	1.681259517426357264e-01	1.021127879098941149e-01	1.839216543732155040e-01	1.196045136543837928e-01	2.926952972527329666e-01	1.168532250761302599e-02	7.565800172321147932e-02	-3.386690672669272484e-01	-1.989234666400178930e-01	-5.343692482595474580e-01	-3.485000614054047374e-01	-2.380637802016195292e-01	-2.539197312151268981e-01	-2.229195103076871409e-01	-1.782510099178961915e-01	-3.746974923517070732e-01	-3.177736309167183970e-01	-1.238398883824753105e-01	1.628212092630599434e-02	7.529234038055770961e-02	-2.148641499288472465e-02	3.116357382109904428e-01	8.261735935248872009e-02	1.859498955870014236e-01	5.450174184483088432e-04	-3.158242106273456001e-02	1.175903026879857455e-01	-4.240857448735995544e-02	1.802640614037867850e-01	1.771459289247684643e-01	-1.647895656324954369e-02	1.943961564805477688e-02	8.694068328700831072e-02	2.115793311462444704e-01	-3.074250346040779264e-02	-1.152327202817866464e-01	-8.477996094033504737e-02	-8.924633508076640354e-02	2.371684264912054529e-01	1.385409557972074879e-01	1.667986671018306666e-01	-1.566739177669420890e-01	8.225880664603853198e-02	1.723037677016149571e-02	1.710329539343712346e-01	1.798953671127999920e-01	1.437719257643772230e-01	-1.641936273352546938e-01	1.672968895676809134e-02	-7.698106897075879251e-02	2.007170729578558466e-01	5.653805336475416915e-02	4.522090772736309106e-02	8.609825147971861270e-02	2.422146459249813477e-01	1.703875401139293838e-02	-2.343353240267714577e-01	-9.703230635917948696e-03	2.016096549818626946e-02	-1.476719514943375944e-01	-1.304386758307450600e-02	-3.141158277340511812e-02	1.896531403858528475e-01	4.279458052680741587e-02	4.717051628335534597e-01	1.000000000000000000e+00	2.061989977635645954e-01	3.022614722802836607e-01	2.643084894538197394e-01	1.597700992611598980e-01	1.980539882174017427e-02	6.788115052009213723e-02	-9.810267712117426431e-02	-1.690437344436526712e-01	-1.278882961459263945e-01	2.045603137588442033e-02	2.005675903072416655e-04	1.282347822027128381e-01	-6.009525817832968297e-02	1.120332621382286314e-01	-2.008799398608678011e-01	-1.766180545425657111e-01	7.237324157469965380e-02	8.017023491111489875e-02	3.016029648047213740e-01	-1.736427575645177468e-02	2.124401108453723985e-01	-2.284111096256635776e-02	1.192857199182811440e-01	1.134224689971542743e-01	1.617177825130609592e-01	-2.055148227629747040e-02	2.053087159604928547e-01	4.328144355861011650e-01	1.977771026775703989e-01	5.030107344955716542e-01	1.473039083626879464e-01	2.579590226495735439e-01	7.549299172624231169e-02	4.679832416310888976e-02	3.246054408618562204e-01	3.859159323719232176e-02	1.265279406719138633e-01	6.428386199744552665e-02	-2.227544695781305262e-01	1.230925788241866020e-01	1.097164596456576963e-01
-1.725799280910431388e-01	2.899059563537416118e-01	-4.914139709288534719e-01	-6.696900586614549233e-01	3.187629869810492123e-01	5.834003625329164944e-01	1.114610999285024356e-01	1.703393851145862115e-01	-2.197454869732594698e-02	3.123899632881635413e-01	5.695654469139668219e-01	3.953582809624831551e-01	5.037843806607124331e-02	-4.150675114509820851e-01	-1.742071544571433817e-01	-4.905306482605762963e-01	-4.121666809232043538e-01	-3.411386332700799273e-01	-2.242201696854274340e-01	-3.844300182357016787e-02	-4.726406524647371044e-02	5.802241154011989442e-03	-1.927337033318517190e-02	-8.789466510256499499e-03	9.613381562817416293e-02	-3.667791798040042489e-02	-1.707606241051901064e-01	-1.077310474068708807e-01	1.975481435013054232e-01	-2.742464776131343651e-01	9.395473242382947066e-02	3.756705998603591667e-01	6.528490980920743647e-01	-4.126619831608543398e-01	-4.401060685195896660e-01	-5.125758045514758887e-01	-1.606296943122925147e-01	-6.675913022391356533e-01	-3.722826352161296426e-01	-1.449859013918380901e-01	-2.378997551475349470e-02	-9.980336918595512918e-02	-1.560051582828710648e-01	1.002604206103890894e-02	1.233916336811867465e-01	4.428612335278253598e-02	1.622555353176207416e-01	2.135539440139925804e-01	-5.896337954845203705e-02	4.918911198191346784e-02	1.397723426294484594e-01	6.665967327422878119e-02	6.355288228600531886e-01	7.167356376277327357e-01	7.233903004679811399e-01	8.061171693803038940e-02	1.731714573044143279e-01	2.016626089337528183e-01	-2.901919887339198256e-01	-2.151258034460712398e-01	-1.045863682775317743e-01	4.690827810157751077e-01	-2.069732942964024325e-01	-2.662245796271053844e-01	-4.496023538945433939e-01	-1.709681725230269567e-01	7.996192197591911466e-02	-4.374097309316380550e-02	-1.571363903694549813e-01	3.356970308764922195e-01	7.505908315599454372e-01	6.329826709603408874e-01	2.313593531935460301e-01	2.113667955239886542e-01	3.220733562460715849e-01	-2.364803030891356461e-01	2.148247191230718001e-01	7.201511949989720940e-02	4.191642750187530297e-01	9.492623691418322629e-02	9.162163341046883902e-01	7.074695359789551219e-02	1.477309325384364436e-01	4.144166092533478896e-01	-2.253218384933926011e-01	-3.050022741450914010e-02	8.186808232940553931e-02	7.361965254730602481e-01	-4.161345894830326131e-01	-2.686051297367052504e-01	-4.023325774499698082e-01	-9.613764645535229081e-02	-3.117883507883505434e-01	-2.313361432779976468e-01	1.828726546375886164e-01	5.129385868889898559e-01	1.295125973289573684e-01	3.983029420108350621e-02	-1.438431516252847986e-01	8.133628375312143555e-02	-1.782944163028565843e-01	-7.317941900497693108e-01	-3.443898942718662259e-01	-7.730907973557394897e-01	-2.691376452718702295e-01	2.968618406723817493e-01	2.005558702862342835e-01	2.136113101084838040e-01	2.288496872419954198e-01	3.752365067824104394e-01	5.503927033388723578e-01	7.775129248382527392e-01	-3.035451859698736210e-01	-5.243884313139755143e-02	5.377040786058037702e-03	6.314099855307297310e-03	2.107362516191203239e-01	-3.025678429760544352e-01	-3.507046614504930049e-01	-3.071509253005004214e-01	-3.845513925600753113e-01	-1.253328952407368746e-01	1.122075677846268854e-01	4.763590648686941154e-02	-2.188654810961872255e-02	1.306194061652036775e-01	2.466621338056854407e-01	-1.114964136218306728e-01	-6.661276207050743914e-02	-2.951651137739810804e-01	2.567552110196468784e-01	2.472846279872341901e-01	6.150110532443956446e-01	7.749881300239838122e-01	9.361711612549575290e-02	3.669108113938385207e-01	-4.605628198532087936e-01	5.226057234673119750e-02	3.468632844859255715e-01	6.190763417800539993e-03	-4.847842979378157863e-02	-5.238449907179446030e-02	-4.448872785450545819e-02	2.735395576941298534e-01	-1.755038978912798475e-01	1.075787815708912215e-01	1.566296922694083438e-01	8.231629600937885594e-02	1.576413994507384342e-01	2.097289969201705795e-01	4.311179900965802503e-01	8.348942543507544001e-02	-1.164174225851939970e-01	1.091337852736779662e-02	-2.043759781967918465e-01	1.913528481535452519e-01	-5.516206868238805461e-01	1.801830792287654748e-01	2.061989977635646232e-01	1.000000000000000000e+00	2.022178188929747988e-01	8.660315860822379586e-01	4.554348010159661175e-01	-1.180302211528239664e-01	7.498318721680370391e-01	1.941555801601828890e-01	-1.298565597098896851e-01	-2.161306368423581981e-01	-3.910248927068148972e-01	-1.894732366577754346e-01	-4.949761397217248282e-01	-4.948145961613446137e-02	6.226040415058183841e-01	2.882658812363366740e-01	-4.132979735103488039e-01	1.482747853147613204e-02	-5.139491908594262526e-01	2.016610247755706298e-01	-3.115296406110927840e-01	-9.947993158468027008e-02	5.164430192194904290e-01	6.195547831606744715e-01	2.321736744703445376e-01	2.152147841210952650e-01	-4.067158015416357797e-01	1.604181963159812541e-01	5.877158021773655483e-02	-2.555346330518235565e-01	6.864694205993479015e-01	7.628755657658477241e-02	-4.859285397913214455e-01	-2.199061127243124858e-01	-5.416427858470305168e-01	7.949400074427316332e-01	8.989250384358858648e-02	-1.966021227785529346e-01	-3.221870406730955039e-01	9.682947042546709293e-02	1.826053499528157154e-01	-1.065660387556897487e-01
-1.815148482428464438e-01	-1.495105816784810249e-01	-3.054442473570660455e-01	-2.995320621853299059e-01	-1.522286182523557296e-01	-5.958950423436950444e-02	-8.108360192776578601e-02	-1.264563860217902680e-01	-6.635043566021349426e-02	-1.341599333194096744e-01	-2.540818389953089507e-02	-1.313061222279633400e-01	3.527056761518611583e-01	3.978518204866671182e-02	2.142241178651413114e-01	7.482165513030820947e-02	1.275063313568595980e-01	1.665728328112094092e-01	8.987225391232298022e-02	1.666055963890239189e-01	1.780054651336266114e-01	1.942446103646436328e-01	2.769633144677455805e-01	8.182169761442478761e-02	9.473237365037916191e-02	1.715179117193341984e-01	1.608884235685089648e-01	1.052194485803047003e-01	1.404934748598007377e-01	-1.737903318894660487e-01	-7.192233059177095822e-02	-1.478275576627445798e-01	1.627134243918271217e-02	-2.836996349965674180e-01	-1.580905034194354797e-02	-1.000670037770977350e-01	8.949156756659862322e-02	-3.709854622904738830e-02	-8.716017332515760274e-02	-1.568197777650539790e-02	2.501704358925257998e-01	1.456675929788542323e-01	7.863344542997127706e-02	1.123408882002597670e-01	1.512541067855434351e-01	1.182178936225732752e-01	2.762615563596928711e-02	1.345147697152702417e-02	8.152669696130782767e-03	2.435869201418432717e-01	5.836676135701236723e-02	5.446565666901601044e-02	4.597026204489981782e-01	3.279559998236136198e-01	1.652674796711457172e-01	1.899973839767894190e-01	1.063399756956980441e-01	-8.231512370787885668e-02	-2.266704991766690658e-01	-3.456590595119655718e-01	8.937428789349936842e-03	1.235406942040423034e-01	6.939199344158236693e-02	2.626181261383534471e-01	4.069119166844461372e-02	-9.321130003119378407e-03	-9.738663048667231537e-02	-3.366555890142655660e-02	-1.916793008751496441e-01	-7.427286151313167162e-02	1.517816789355768414e-01	-4.514983829041324670e-02	-8.690569913469800567e-02	-2.374517706345607299e-02	1.217627744009447677e-01	1.368940510644356956e-01	1.829597522953697597e-01	1.410830120442727043e-01	1.135429349110388814e-02	2.360572646519129847e-01	1.717744518589960911e-01	3.020838289225762918e-01	2.370470685351749318e-01	2.522645219224309288e-01	1.365550034783052091e-01	1.522839300400441465e-01	5.881495094376416183e-02	2.788680327636825496e-01	-3.193672106122683735e-02	1.211971042367773477e-01	3.354315643106364764e-02	2.268944082556713371e-01	4.494333028563718413e-02	2.267217960634950596e-02	1.726755436850043179e-01	4.359679777189791328e-02	-2.211407758972917456e-02	3.379365289069122813e-01	2.297802429127824425e-02	6.329701182589372865e-02	-1.849659046607348145e-01	-2.013185835898433917e-01	-2.660247684044675931e-01	-3.216635776878778996e-01	-2.615554018466476061e-01	-1.335627380005627585e-01	-1.463441759051753721e-01	-9.696210055230346583e-03	-1.873573350032644302e-01	-1.628922887336565206e-01	-3.128767284287198303e-02	4.168276406545465967e-02	1.209065562750596123e-01	6.912129901639713081e-02	2.857771432814447676e-01	-5.055365369770085243e-02	1.600063420790329149e-01	-9.189608159961816514e-03	8.316867802737133719e-02	9.488901953710496273e-02	-5.039362741351127023e-02	1.103874733381364076e-01	1.507023996968235302e-01	1.945622626428785973e-01	2.545535530988872128e-02	2.718906549548357199e-01	3.428072903592054299e-01	2.247975167594741183e-02	1.430231117463373613e-01	6.003530475579187120e-02	9.191336729148093243e-02	3.970844728059190476e-02	-6.901064991709515706e-02	1.011120395238991193e-01	-1.879935687590683357e-01	2.936142320859145075e-02	1.318423453842870463e-01	2.018589558628329228e-01	8.096337662607681895e-02	2.154701699285705707e-01	-1.549087289148804170e-01	2.059348160341529788e-01	1.419455613944493322e-01	4.473055604376642291e-01	1.170524934829776653e-01	1.737813304968214567e-01	1.078814456821328427e-01	1.378271304892811633e-01	-2.062454845680681825e-01	5.463032233490765915e-02	2.920121729431984225e-01	-5.419100813130028199e-02	-1.052045726821845412e-01	-1.599476108195913571e-01	-1.395624060268900457e-01	1.303013309342488379e-01	-2.458236369324105219e-01	6.133556785407314709e-06	3.022614722802837162e-01	2.022178188929748266e-01	1.000000000000000000e+00	3.116747724706038780e-01	2.758156146669956121e-01	9.455846041209399477e-02	2.632191907237317607e-02	-1.807995783389082511e-02	-1.321526892208959025e-01	1.721086035669838407e-02	7.248649176815694095e-02	1.547630737439237847e-01	4.282936480616399144e-02	-3.705161012996756320e-02	3.192041683060552887e-02	-7.087095722616391924e-02	-2.536139723965972759e-01	-9.379477702331362465e-02	-9.405689922170544504e-02	2.396250515138362014e-01	-7.163718864291809818e-02	-1.585026462798665159e-01	-1.216465324431253020e-01	-2.885415905384577234e-02	8.329410780764447131e-02	-4.118335190184631983e-02	-1.306237736087288159e-01	-6.460890586537584857e-02	2.453664455530164268e-01	2.873106859488371856e-01	2.523192316354575526e-01	-5.441817567478005047e-02	1.265102053392347659e-01	-3.801673814520118572e-02	-1.712247767865242298e-02	1.217487639412187517e-01	-6.820164165014887259e-02	3.208282018165111577e-02	4.206832959789175846e-02	1.730136731742007161e-01	1.760588798612496564e-01	9.388644339534198135e-02
-8.982721779341196200e-02	1.812526821141232092e-01	-4.119713988042612018e-01	-6.380304628807048628e-01	3.207296105165080013e-01	5.587879556139989656e-01	1.566491312464172447e-01	1.797703631032870064e-01	-8.175607534022875933e-02	2.737944674271293732e-01	5.201027201817304269e-01	3.559316681598027055e-01	8.585661124785928799e-02	-4.703320241636657628e-01	-1.422553512657427355e-01	-4.777939172257812950e-01	-3.926206097916248305e-01	-2.667009511864683047e-01	-1.199006987060000917e-01	1.032998156859983724e-01	-3.536836408191941505e-02	4.454755487348700804e-02	7.548567147930039523e-02	-3.123844422608111973e-02	5.775438411743722550e-02	-1.119802382249402393e-02	-1.338176646855763173e-02	-8.050919553495093639e-02	1.799114116541026542e-01	-3.132931063315527176e-01	4.027825885327626643e-02	2.817106293293545338e-01	5.757793223872179622e-01	-5.557597685266824072e-01	-5.513084120234739149e-01	-6.145420497128424309e-01	-1.456996610848020623e-01	-5.896030151145600362e-01	-3.874843169279661437e-01	-2.337214031872535402e-01	3.321370514389664769e-02	-1.565272669445124110e-01	-1.875684807455208214e-01	1.131221815175311313e-01	1.511986445553472058e-01	5.154042912665267318e-02	8.525640291847053076e-02	2.458409184181939433e-01	-1.447163179442188530e-01	1.456427147178730175e-01	3.994219169827287197e-02	1.050961329693010926e-01	7.096785895955833867e-01	8.451927984091914814e-01	6.435191140219524986e-01	1.492104809577264324e-01	9.091181227904115980e-02	1.443699469536616209e-01	-3.972013076226990069e-01	-3.997169419342303520e-01	-6.323477145852428316e-02	3.922200254576397871e-01	-2.048992040543961834e-01	-2.545693200548461155e-01	-4.962649248736660801e-01	-2.278482519959174613e-01	3.889352473910655250e-02	-6.877496028446207499e-02	-2.653249414979527154e-01	2.169792865333051157e-01	7.449640594561216522e-01	5.535917859854770917e-01	2.189568563747566199e-01	1.510530781789790056e-01	3.251823243637506633e-01	-1.492312594196451014e-01	3.038453472806098010e-01	1.714288838009308813e-01	3.928789780516762642e-01	1.631333303822457004e-01	8.303337770284116015e-01	1.975673176645173224e-01	1.534209339336650157e-01	4.661880787819162597e-01	-2.577360517480949409e-01	1.910928935144110908e-03	1.127641604693619681e-01	7.197324276829862866e-01	-3.630447203484353236e-01	-1.789453692870507373e-01	-3.550664325369868868e-01	-9.947176948546332387e-02	-2.902651946074537581e-01	-1.874901303994552237e-01	8.796591049624283287e-02	5.047061787912141551e-01	1.805422911094501093e-01	1.801928339294157078e-01	-1.834046325344769746e-01	1.250580123634923435e-01	-8.811359200516229173e-02	-6.725616088595752773e-01	-2.881259992218693222e-01	-7.792288179325538300e-01	-1.679538677639652311e-01	3.012634306954126151e-01	2.761039368188326071e-01	2.289066914743415337e-01	2.258353824704445456e-01	3.150253759320346125e-01	5.399448325641404978e-01	7.063119213774841088e-01	-4.225106299794111342e-01	-2.118660998604818962e-02	9.097733677909425332e-02	-1.225082821370524072e-01	1.249503289630316122e-01	-2.923285881857054513e-01	-3.984804870317554815e-01	-4.162051724128832952e-01	-3.266354173824558838e-01	-5.342324153730548114e-02	1.899317083511743998e-01	2.058830031267335214e-01	-1.928458790377700653e-03	2.609027953561924296e-01	3.506149204878490355e-01	-9.965237545083477366e-02	7.418256901661167413e-02	-1.425265606275123720e-01	1.984521348584901423e-01	2.122473781670042858e-01	5.161156247539525621e-01	6.652794804874212486e-01	-1.443563938768226973e-01	1.604616633740987008e-01	-4.971017274198785696e-01	-5.015329395352068759e-02	3.438206837913891922e-01	-3.750165993373397871e-02	-1.712557888072430701e-01	-8.223093846297134524e-02	-1.689489310805432076e-01	3.105935344899971029e-01	-4.834005969644288719e-02	3.970122808821353877e-02	6.659742981630346892e-02	1.466759013506542531e-01	1.448924475220181862e-01	1.381236821456631458e-01	3.503713068247778506e-01	5.855728960582616549e-02	-1.308446440550563861e-01	-1.401127774845145960e-02	-2.318929014052610871e-01	2.377924678743386366e-01	-5.010740622275582368e-01	1.043925754863365002e-01	2.643084894538197394e-01	8.660315860822379586e-01	3.116747724706038780e-01	1.000000000000000000e+00	6.062026115509407953e-01	2.275886973852308398e-02	6.063788515842082338e-01	6.560463766381749440e-02	-2.305279565790278873e-01	-3.382581031039713637e-01	-4.578415528192487649e-01	-1.719083561657613057e-01	-3.839538075969681774e-01	-1.040742094043900778e-01	5.504770686133119151e-01	2.090541572634744272e-01	-4.781871768135974587e-01	-9.774052354440955492e-02	-4.749789359907919395e-01	3.408455981392683465e-01	-2.860472697631340488e-01	-9.326214206002644835e-02	4.305127757422139156e-01	5.196940080855588784e-01	1.957532337229430375e-01	1.727786310506529699e-01	-4.332937494049165505e-01	1.650255787820775755e-01	1.375171951992612829e-01	-1.056308068734942429e-01	6.521887586730666930e-01	1.491592260623231803e-01	-4.799163278139652045e-01	-1.872502993311315200e-01	-5.307865827973912154e-01	7.306397945482968614e-01	1.375202937777345036e-01	-7.015312275079400861e-02	-3.183772413671237533e-01	1.029265239487491268e-01	1.428438212554179743e-01	-6.388747728764221367e-02
1.034917810438138464e-01	-6.885800272548914247e-02	-1.241783975351686171e-02	-3.172678532980425792e-01	1.898604401800648711e-01	3.822269385235754213e-01	1.613462145709917694e-01	1.762063104071680264e-01	8.703008217220368353e-03	1.502895551654150896e-01	3.265098598236995109e-01	2.259246448948979968e-01	2.515098605048686833e-02	-4.021304109868352739e-01	-1.336031342249093812e-01	-3.102433141850519660e-01	-2.532724273732769316e-01	-2.268834459714136886e-01	-3.472319845765459850e-02	1.350808753828534048e-01	2.151586035575397404e-01	1.071083872801192882e-01	-2.446010673116507175e-02	6.833744254609359914e-02	4.867372418926267652e-02	-1.108941293365682257e-01	1.790620521581266222e-01	2.178106181458558388e-02	1.041375480928605213e-01	-6.525070007025091101e-02	8.231370690347636354e-02	8.306099280028574061e-02	2.169602852227910939e-01	-3.570737386952582693e-01	-4.316489954341924951e-01	-5.073145477089548994e-01	-1.031779412255452444e-01	-3.428301689654591478e-01	-2.642079991687499851e-01	-1.390126312057505809e-01	1.109505967170831969e-01	-2.537535879383019388e-01	-7.567620557407481185e-02	1.729332008141521992e-01	1.225102438572557018e-01	4.299547842025328026e-02	4.330689196033163380e-02	2.317900851652628935e-01	-4.944082690515808065e-02	7.727798980237797488e-02	5.330918377600393776e-02	2.539619329283117066e-01	6.977367277570327708e-01	7.048881574885793588e-01	2.018272907323707677e-01	1.048989972469843435e-01	1.789852137375224916e-01	-3.453852389321061811e-03	-3.020645420823473426e-01	-3.949312193372961355e-01	-9.558898057687552352e-02	3.053560283866096348e-01	-1.964290482521181269e-01	-9.842082439253635462e-02	-2.906836025496071230e-01	1.293273064100059488e-01	-1.678501070165363748e-02	-2.063989673496240129e-01	-2.421614505177176191e-01	1.866112286074722848e-01	4.570066180889484353e-01	2.148830070543550075e-01	-1.466728462963086572e-02	-6.498037620941800492e-03	-1.182893037606759651e-01	-1.731036143814939920e-01	-3.912168124787991641e-02	7.508172366658955044e-02	1.026452793055401130e-02	7.536231048102312591e-02	4.599846959382138389e-01	1.817173582176578872e-02	-1.143855746286536468e-01	3.942209856601271989e-01	-4.003520930777440534e-01	-1.880816353569664534e-01	-2.119459223063573095e-01	3.495641717243435087e-01	-2.662116153255338347e-01	-9.208830460927394657e-02	-2.257641418013249801e-01	-1.347952550503236924e-01	3.037362774224505041e-02	-2.239856784200174727e-02	5.788409462723879267e-02	2.688639356237467748e-01	8.066171500861733790e-02	2.933265080445446871e-01	-3.184040789790252846e-01	-9.130727276711940454e-02	7.181992595091696296e-02	-3.032461304084415610e-01	7.232602646768461485e-02	-4.821253587640971783e-01	-1.213555912102016882e-01	2.451606527015683656e-01	2.428176267439985936e-01	2.290035249575084475e-01	1.022291718183370862e-01	1.847892076432395836e-01	2.704827766368748665e-01	3.617629947918914457e-01	-3.764687740605573429e-01	8.968788426252065349e-02	8.880249238288173697e-03	-1.238783709323212079e-01	-2.443477959774757735e-02	-1.346233306747354475e-01	-2.700449901642842931e-01	-3.525011760803671845e-01	-1.453764577700876193e-01	-2.533197419169345294e-02	1.986882100757077219e-01	3.150598996783453565e-01	-7.444304178120198824e-03	3.687110199953856915e-01	1.999343137926270220e-01	-2.576006724043081730e-01	1.529777270826309099e-01	8.876805815034492786e-03	1.083224318212848286e-01	-4.865309904643968369e-02	1.333407432568796958e-01	3.072270655005345241e-01	-3.221654190240538229e-01	-5.718623640264241387e-02	-2.403971170524825673e-01	-6.673562673082635011e-02	1.020068433241076711e-01	-1.163040543259915155e-01	-1.795362639608684419e-01	-1.402711078586356686e-01	-1.176870114894662672e-01	4.257292451607729844e-01	3.072722823556882643e-01	-1.292902845827884582e-02	-1.195188253618070379e-01	4.010541711873166076e-02	-4.042343724334712673e-02	1.647567081488034435e-01	1.322262514618512685e-01	1.828757989590462929e-01	-4.280446564801755616e-02	-4.492877119891462018e-02	-1.741113213948812799e-01	1.261073872027881071e-01	-6.591387097224758740e-02	-5.965009082441746768e-02	1.597700992611598980e-01	4.554348010159661175e-01	2.758156146669956121e-01	6.062026115509407953e-01	1.000000000000000000e+00	1.215853195381245144e-01	1.857002032601433317e-01	-9.667543935594898052e-02	-2.244214276925046714e-01	-2.676250104832751386e-01	-3.292811782849409119e-01	9.657247339085482662e-02	-2.322513061138803403e-01	-1.743588080377580229e-01	1.656727447526646635e-01	-1.218466444147439480e-02	-3.374163644507208737e-01	-2.214949589862181545e-01	-2.199036192508107557e-01	2.807718820598227860e-01	-1.559734391669615194e-01	-2.210708981425968112e-01	1.540046596084968245e-01	5.810876440049921737e-02	-4.217161543320160910e-02	-1.751661604085855417e-01	-3.087902200185368429e-01	-2.087744508968622792e-01	-3.414589691243606617e-02	7.037385465433503018e-02	3.101909177638282888e-01	-5.111248431781343846e-03	-3.709101293232526242e-01	-1.073137944507608632e-01	-3.604885053019675212e-01	2.284316969256434127e-01	-9.121967290345251236e-03	7.133064185775279953e-02	-4.471007834532690906e-01	6.392401400876587814e-02	5.698152574053520075e-02	6.745423208192885545e-02
2.983602375133065365e-01	-2.064118604268474488e-01	9.850895880947820038e-02	1.177571130456419174e-01	4.741900703289898544e-01	2.362414299406128959e-01	4.559460087710829890e-01	3.096407024993024226e-01	3.759207198765697200e-01	2.347453985058896575e-01	2.345444855201685441e-01	1.149395629477864278e-01	1.901056971846050783e-02	-8.768277076513654456e-02	-8.167639994089757882e-02	-1.688972803287780780e-02	-4.402177844322724409e-02	1.424754503087156399e-01	1.049878796409392662e-01	5.955006915450155452e-02	5.576933704604940950e-02	1.307795149043026461e-01	5.696497349106145747e-02	-1.270320250980447596e-01	6.863986924516464472e-02	-7.041899145610867883e-02	1.140103297697818152e-01	6.328586474412908891e-02	4.834736974935575637e-01	4.409413066347799837e-01	3.048551407115537293e-01	1.754571023494293502e-01	7.054374932559585865e-02	-1.250731793985702944e-01	-1.639936921627750954e-01	-1.664965189752372066e-01	2.598123031966479909e-02	1.300700597091764554e-01	1.483473080666609101e-01	3.255310209443401659e-02	5.151181024351780130e-02	-7.865941795221444155e-02	-2.152890671024476621e-01	3.171022779466081132e-01	3.654800960045649638e-02	-9.434312979408757474e-03	-4.575545639320020516e-04	-7.149486041507159551e-02	-3.694070007236389674e-01	8.740846518528569420e-02	3.429954129995254480e-02	3.705393256314694350e-02	3.699286994554595864e-02	1.450125838089102448e-01	8.943280828530106308e-02	8.275913219179766023e-02	1.873932290842224291e-01	1.106007100369598706e-01	-6.912547205324708066e-02	-1.124920648055063449e-01	1.375919819124100940e-01	5.551162662412530147e-02	1.669898945121172373e-01	1.418869302562435486e-01	1.479506030021436325e-01	-7.189748566887421699e-02	2.148098075544079555e-01	-1.945931097379346997e-01	1.250324478952614116e-01	-3.125797944643928794e-01	1.006742414077651943e-01	-7.067923709272877497e-02	1.891263560049908851e-02	-1.284783154365348457e-01	-1.745318565548110434e-01	-9.046660838071668431e-02	7.871267328796066609e-02	5.108147760587432307e-02	4.051128959651652262e-02	-3.177563611250610025e-03	-2.051793385674594572e-01	3.332502541090907877e-02	-1.103676401648908886e-02	1.489185412487206983e-01	1.357902574318197164e-01	1.900131238831789804e-01	1.108676974514528034e-02	1.850266611553627941e-02	7.133053263109775943e-02	2.036514106376605127e-02	-1.326312217186632614e-01	-1.575671601988547915e-02	1.680796109660885607e-02	-1.710251796529169144e-01	4.836356972706658958e-02	7.035349629252239667e-02	2.531279190559798109e-01	4.710841175596433561e-01	1.953314066694132600e-01	2.826540950013365916e-01	3.888874569046112395e-01	1.376650541880909857e-02	7.837764429454235904e-02	-5.171352079039620055e-03	4.476819253289076039e-01	2.584210754736288584e-01	2.697184065140855180e-01	3.506581644817365895e-01	1.659757020729337451e-01	1.090203104701375353e-01	2.421867327907298584e-01	1.177503300325579705e-01	-1.079201596177634531e-01	-1.221493845911611337e-01	2.166493534386802408e-02	-1.366187774418927137e-01	-2.040727740660946699e-01	-1.213259276870740366e-01	-1.282282695368508751e-01	-1.280529732969815926e-01	1.144879842807700610e-01	3.206582964182098927e-02	1.828920561055534522e-02	3.385037331795715532e-01	2.127933604164241113e-02	1.574277966216308944e-01	7.397152164455608747e-02	-5.584092938317721661e-02	1.475708401851397455e-01	8.938615956070271318e-02	4.156710651021682801e-01	1.744151645528892181e-01	6.681396255167994236e-02	9.824076111600646422e-02	-2.461175523763088624e-01	-4.788132014428223872e-03	1.361283692248638211e-01	-1.924931837174509441e-01	1.573756569158195340e-01	9.544368026659474924e-02	-1.753903056464562460e-01	-7.797483262214795208e-02	-7.176792319827556346e-04	2.094628413080564661e-02	1.700582939091706269e-01	-1.406332209191833160e-01	-1.040201491249174298e-01	-7.501759336818258905e-02	7.390871429897021005e-02	-1.300808252504031537e-01	-1.878955886514479257e-01	-3.056223544168730766e-01	-2.558035086869724362e-01	-2.575368511166848395e-01	-7.268637863560387102e-02	-2.461301172183906205e-01	-1.621037813896206714e-01	-2.501317551615674373e-01	1.980539882174017427e-02	-1.180302211528239664e-01	9.455846041209398090e-02	2.275886973852308398e-02	1.215853195381245144e-01	1.000000000000000000e+00	-1.560358414944288397e-01	-2.515690156300543490e-01	-1.535724104632117948e-01	-1.956017418304865918e-01	1.084236349763162827e-01	3.899987658592304202e-02	-6.317524289773630841e-02	-1.327052937596057691e-01	-3.499731566754007428e-01	-3.099882297314252022e-01	-2.471230037277351299e-01	-3.120160376273882763e-01	-2.946985246199386732e-01	1.416494262774307955e-01	-3.003525984618696798e-01	-2.532241731298134901e-01	-9.427675440176276622e-02	-3.869969137124359970e-02	-1.991370226506520569e-01	-3.739503216632003579e-02	-2.012056671571582078e-01	-7.787694150566076834e-02	3.895486852127062749e-02	5.788567022383830918e-02	-1.319774754335237277e-01	-9.582136183155712250e-02	-9.618511643560801599e-03	-3.286037223313551525e-01	-1.423128390431198653e-01	-2.298759037993730603e-02	2.669534537069706004e-01	5.808660655793191907e-01	1.984400299719897565e-01	6.337198742944555319e-02	1.402646820865435240e-01	2.124076723340217673e-02
-6.008339446050117716e-02	2.678440574765565962e-01	-3.872920783559153923e-01	-5.392625291894472817e-01	2.379264449752655497e-01	4.990009389919948801e-01	1.003459418978294992e-01	1.817996643356165343e-01	9.733166821091392140e-02	2.841993808398315391e-01	4.656071057099407384e-01	3.334668379356203194e-01	-3.131283061219407998e-02	-2.911477102793480487e-01	-1.508432739843280912e-01	-4.071504561652555809e-01	-2.903796255951756611e-01	-2.871214732271495373e-01	-6.903688783885945923e-02	-6.258613869075653480e-02	-2.368261006638698873e-01	-1.282845859315843995e-01	-7.660944770457139841e-02	-1.528347298112644748e-01	9.030566339667024656e-02	-1.375986564334008289e-01	-2.429005960872185343e-01	-8.871136800914226905e-02	2.378129886264984394e-01	-1.872799488567456760e-01	6.320885732069590757e-02	4.432730387468297173e-01	5.930233761051205699e-01	-8.346092122443067585e-02	-2.756438075261922749e-01	-2.245719527652184910e-01	-9.249707265993392657e-02	-5.113958283828466955e-01	-1.714479696730507874e-01	-2.609087525118345963e-01	-1.528944534654641529e-01	-1.339565954529165770e-01	-2.790400608260832499e-02	-1.102581057016739641e-01	4.578065130571661728e-02	1.254733003077407871e-01	2.609134477081673231e-02	1.011852726829296917e-01	-9.039209095625126700e-02	-5.981637974533277752e-02	3.229487145927288638e-02	-3.772179105554587103e-02	3.160489690859328848e-01	3.905952090351841877e-01	6.597780805115912584e-01	3.114644566395504896e-02	1.779647008280690335e-01	3.572907241324229100e-01	7.317637240043269042e-02	8.782705079608038590e-02	4.193012213081191014e-02	4.327838323568332646e-01	-1.437916393675307825e-01	-2.023167204365447502e-01	-2.306109474547736737e-01	-1.184701322350468350e-01	1.665284138189794261e-01	8.359469431052986288e-03	3.231859669743408076e-02	2.549178522152798498e-01	5.940394057682260032e-01	4.662347306711447370e-01	1.351072622341790985e-01	1.264196102578865055e-01	3.216510050859064385e-01	-2.165467678405680330e-01	4.561402194431998097e-02	7.473839631143221196e-02	3.327151206218407209e-01	-1.316463641650489069e-01	7.013629958094254047e-01	-8.806618285392399381e-02	3.196370155381621225e-02	2.619328644328307587e-01	-2.109339399604995835e-01	-5.521940981501150675e-02	1.979824335706424285e-02	5.544969308183574919e-01	-4.106126596717293853e-01	-2.433254474015013047e-01	-3.304834882126455597e-01	-2.533202072642560809e-01	-2.688691770258927471e-01	-3.356261813689132012e-01	1.391186761247829862e-01	4.359244422950137587e-01	3.428652655930705673e-02	-1.613294013631343116e-02	-2.541966777798120719e-02	7.908700320923806037e-03	-1.828637862597252139e-01	-6.995886502718137168e-01	-1.931495834071422224e-01	-6.250075207033618518e-01	-2.793755992703640390e-01	2.009479940570040868e-01	1.306565072245056691e-01	2.106056162284860589e-01	2.572354101448484642e-01	3.632615368103644937e-01	4.226934300743341866e-01	6.388824469300459219e-01	-7.378994234343780323e-02	2.803345520599081001e-02	1.251080854044182844e-01	1.522092962892784840e-01	3.877978017607645045e-01	-1.302719068102188293e-01	-1.561534669583362900e-01	-1.052299326398599549e-01	-1.520556108069897328e-01	5.658684661977519265e-02	1.222120180832155234e-01	-1.260291364342243925e-01	4.888188325328109846e-02	-2.869577457489220704e-02	1.187113785928750609e-01	-9.949604639084393132e-02	-1.818216814910741663e-01	-2.783496285899006439e-01	3.337893545920378457e-01	1.089599538225984043e-01	7.059660599783265100e-01	7.083484268463838829e-01	5.050413649225609092e-01	5.787104563230341947e-01	-3.951059195088268972e-01	2.563017298864713744e-01	2.665639847582901845e-01	1.909768121411406228e-01	3.097566897439156808e-01	-1.574057172832792062e-01	6.574627039142589549e-04	-1.611162662314094898e-02	-2.992707540099382446e-01	6.220679681507575165e-02	2.278396788202577405e-01	6.313608122907853060e-02	2.518641562939622491e-01	2.174761131038318307e-01	3.813692903088187203e-01	2.126528031068010693e-01	-4.218006980644266324e-02	9.699872991652826182e-02	-1.460720205246376913e-01	9.331736834786501233e-02	-5.039632457094176399e-01	1.177839802789660550e-01	6.788115052009213723e-02	7.498318721680370391e-01	2.632191907237317954e-02	6.063788515842082338e-01	1.857002032601433317e-01	-1.560358414944288674e-01	1.000000000000000000e+00	5.173093084465851810e-01	1.888161822470762474e-01	9.914362836508368304e-02	-1.890378781842561584e-01	-1.289543548793664618e-01	-3.622026445224172386e-01	3.622499290154114204e-01	6.327485133743219192e-01	5.250543116223806983e-01	-5.385530157889086705e-02	2.707093480560874843e-01	-3.266230058369469780e-01	-6.792105863671731893e-03	-2.025963216868765515e-01	-4.106070620594613751e-02	4.380694070925093553e-01	5.899616463156712731e-01	1.711183719949509463e-01	2.357502871596966754e-01	-1.426951560248695960e-01	1.894716465186185306e-01	5.724489529949878391e-02	-3.568493846273415593e-01	4.908648884112067345e-01	3.225077395819629655e-02	-4.859889953656420514e-01	-1.975795415818725476e-01	-4.479564639991346353e-01	7.265565260968057659e-01	7.993953438607358242e-02	-1.397460655093010762e-01	-3.005316527609416255e-01	2.649683831029970432e-02	6.772359735916735901e-02	-2.263306301681091218e-02
-5.604792998690568545e-02	3.037803222300866635e-01	-2.457092572474147696e-01	-1.335826247047032511e-01	-7.259810513302848711e-02	1.417942028877143719e-02	-1.640150151723031857e-01	-7.723123863944557355e-02	-8.390199835969672226e-02	-9.731283107488641893e-02	-7.159643737762232119e-02	-1.584378241752249505e-01	1.378491792425121792e-02	-2.333459018192819701e-02	-6.548248926442269691e-02	-1.514030198709112041e-01	6.141124324181924249e-02	-1.326395907263035467e-01	1.581716646814259608e-01	6.326666010520467197e-03	-2.676789635537032419e-01	-1.781465916864630461e-01	-3.657466959562630932e-02	-1.044236886190709479e-01	1.079151305964345803e-01	-1.379220773653415666e-01	-1.223440475767345742e-01	1.724241990430665783e-01	2.444753286241246881e-02	3.992361451493258578e-02	6.557642167474650452e-02	1.975725171466598817e-01	1.557588012588015935e-01	3.303495878899629923e-01	2.880525653227178906e-01	2.948480083600854007e-01	4.967698814870311758e-02	-6.176305473900942089e-02	1.076660688922305015e-01	-1.547570914314768120e-01	-2.575513284382904278e-01	-1.206336246528358401e-03	1.428599298032283138e-01	-2.437063465916058658e-01	-8.968586214502149989e-02	2.453856494984690828e-01	-1.413913100744813023e-01	9.808449694595175461e-02	6.334104252842960581e-02	1.610556390395146212e-02	-1.330237529251039885e-01	-1.673064344545892590e-01	-7.669550176741769809e-02	-8.957764065538074971e-02	1.185961433166358714e-01	-7.926362858126970168e-02	2.957249682306347660e-01	-3.258817890865270406e-02	3.884911705714770291e-01	2.407556965663779913e-01	1.375182383225484473e-01	6.979650994488924287e-02	-7.634364443302493752e-02	2.058022558729765972e-01	7.306494186361291165e-02	7.454932293927205023e-02	-4.601377752766950407e-02	-5.125682082613525897e-02	5.007258170860520718e-02	2.097608795787679614e-01	6.843059893320646569e-02	-1.426468377316732483e-01	-2.234232422297728060e-01	-1.953064186913384959e-01	1.032607170857115925e-01	-4.973476200305643191e-02	-2.276028372756868923e-01	-2.715308915966772180e-02	-1.483137801828578461e-01	-2.811182413876979758e-01	2.186917205775157635e-01	-7.516027030999027081e-02	2.561366292717185550e-02	6.202552723073234686e-02	-1.151729744372241987e-01	-1.051961964643177844e-01	-4.599324074012353658e-02	1.870497633489920652e-01	-6.818200965529484792e-02	3.048694574170688482e-02	1.583503884596505484e-01	-7.427662466062581736e-02	-1.185105747975913754e-01	-1.169643657619404004e-01	5.319857839038009267e-02	7.208205446727459359e-03	-2.918035769939076318e-01	-4.400828157954355530e-02	-1.514589663932967845e-02	-2.016968383900175077e-01	-2.155352622773306082e-01	-1.375139642980989785e-01	-3.410891597347877335e-02	-1.112748351011871861e-01	-2.016475143228821099e-01	-2.386853616591557981e-01	-2.493806455914886477e-01	-7.852231574394853697e-02	-1.619833870574888951e-02	-7.512841399208440747e-03	-1.969131661635055153e-01	1.644407192857513800e-02	2.963498204002437686e-01	3.214466478929385307e-01	2.589162851427522782e-01	2.624475914068882254e-01	5.191070971885820562e-01	1.795383867877504702e-01	1.912883752895410128e-01	2.420497435708785783e-01	2.521821227893082384e-01	3.004935090034073220e-01	2.030115518351073012e-01	-9.421375564872283559e-02	2.992171848128429845e-01	-7.309639019772902480e-02	-3.062413438679505856e-02	1.202975123902780274e-01	-1.313429292345343058e-01	-2.431691694673404625e-02	3.270414197055585559e-01	-1.220490578362602718e-01	2.269202881439926212e-01	2.229867504241139498e-01	6.844518774616763501e-01	6.112571698866263725e-01	9.508536753270306618e-02	7.043218460898924560e-01	-1.194928503184653629e-01	3.299349247155350384e-01	4.520878216785834125e-01	-1.911604819010287101e-02	3.276555256757592849e-01	-2.598627136939813398e-01	-3.076118838501080699e-01	1.976056329983200965e-01	2.213871616236663398e-01	9.369535616810480139e-02	-9.959941456306993512e-02	2.955149083153009726e-01	3.762581439405851547e-01	3.164683319703425757e-01	1.596718967138038014e-01	1.858030979463198007e-01	6.931907038783038932e-02	4.919405202632526342e-02	-2.224708577344289839e-01	9.785057776948022368e-02	-9.810267712117426431e-02	1.941555801601829168e-01	-1.807995783389082511e-02	6.560463766381749440e-02	-9.667543935594898052e-02	-2.515690156300543490e-01	5.173093084465850700e-01	1.000000000000000000e+00	5.069785141133614781e-01	6.643961743769044581e-01	1.801029733456090964e-01	1.452263519944613779e-01	-1.669444775590964505e-02	5.556387559373038298e-01	3.395998612564251062e-01	6.424352288824427548e-01	3.107730402921828894e-01	3.205608523373302821e-01	-2.737650105050589908e-02	-1.147303358134449253e-01	2.822762390898037044e-01	2.775699436864749112e-02	-1.206671837114354218e-01	4.312210036355092896e-03	-1.571421356513229561e-01	1.950058029119255132e-01	2.212524299296363961e-01	-7.287723813944439744e-02	4.725441780777631107e-02	-2.680708551032593978e-01	1.254934376703645549e-01	-8.370236233022845806e-02	-1.278463193031851297e-01	8.565486099813686416e-02	-1.422399087651836716e-03	1.537379819367927780e-01	-1.643685765483581529e-01	-1.169048062467799715e-01	-2.337255224882722193e-01	5.583117445242172239e-02	-5.844220744510560811e-02	2.385497586612909948e-01
1.119780193572364746e-01	4.358822298142403517e-02	1.147644416074126428e-01	1.339416830761713251e-01	-8.593761210457551147e-02	-3.403340593394637431e-02	-1.007571357581466126e-01	-4.158884430158436146e-02	2.228203525118116479e-02	-1.570186070608627776e-02	-1.398562844472746869e-01	-3.213550957641391620e-02	-1.663216676748150713e-01	5.212311056843105944e-02	-9.586456817823492405e-02	-7.383581889305606757e-03	1.521127731445113263e-01	9.665695952343121566e-02	4.313789487097960396e-02	-2.073215831252001873e-01	-3.207237906761314927e-01	-1.707399402960959045e-01	-1.501954348784371451e-01	-2.197568029729508043e-01	-1.886710793297032007e-01	-1.838707166537246473e-01	-1.728421083026258631e-01	-5.951831018163879217e-02	1.517342369148999004e-01	2.023589273457800375e-01	-5.686431925556683503e-02	2.001858428725466488e-01	5.233167951477780966e-02	4.628147695620877244e-01	2.337135561729757616e-01	3.835472345316432441e-01	1.441009677284002576e-03	1.509174949042222103e-01	3.746009029299957049e-01	-9.663177165055980566e-02	-1.663721811121852689e-01	-8.316772735008537420e-02	4.396048914392286511e-02	-2.026467252615415382e-01	-2.273473112954303710e-02	3.160660300798249361e-02	-2.888323766388464220e-01	-9.680364892049071746e-02	-3.652129491032688607e-02	-3.482352269076537110e-02	-2.978634910368387900e-01	-3.758669662013051083e-01	-2.717332341891218750e-01	-2.339040622403964764e-01	-1.759187410349233316e-01	-6.466789741379089240e-02	2.749116163264054835e-01	-7.857650070957222788e-02	4.449789343107776185e-01	3.359810392955094871e-01	3.287895476589581811e-01	-4.516925834223435576e-02	4.569274103952612048e-02	2.059158407142389069e-01	2.998085007664366142e-01	1.341235747584245130e-01	-1.115769852204843704e-01	-1.469596477559931003e-01	1.043526585292427616e-01	-6.535252068636328293e-02	-1.213653019974989394e-01	-1.670203843512660380e-01	-2.747035079857889500e-02	-2.447608567608683672e-01	-2.743591746079173110e-01	6.117178327624376438e-02	-2.937487643488997935e-01	-2.764574519584638290e-01	-8.366118577253814359e-02	-2.566469406026937738e-01	-1.378236599975171950e-01	-5.553687736180654838e-02	-1.982281994768316513e-01	-1.277594714316719893e-01	-8.620735068636693754e-02	-2.447951875111748221e-01	-1.983819766117542460e-01	-1.745824488782789785e-01	-1.536650974845742423e-01	5.465598155429537627e-03	6.079880436578650321e-02	-2.824352825312168580e-01	-1.293403389629504685e-01	-1.835290386749579006e-01	-1.716887556089611022e-01	4.702575462850978882e-02	-1.484629951960960426e-01	-6.345267490268646782e-02	-3.311554528488852567e-02	-2.159962976658163503e-01	-1.074433284244886710e-01	-1.535927729759453166e-02	2.301526825056619263e-01	8.902314248707010602e-02	6.435700106427300927e-03	-8.912150577320308853e-02	-1.214552608121686333e-02	1.614676101467567640e-02	9.819971685627658375e-02	3.291592038700927314e-02	-1.450613777380665992e-01	-8.618155255974156714e-02	2.948891290694340972e-01	3.682714788362146524e-02	7.595351136448251494e-02	1.954605366373422526e-01	3.174374149069058570e-01	1.868378879464297482e-01	3.176654346810702245e-01	3.588564705520459475e-01	9.255311691287142206e-02	1.144950613828449315e-01	-1.050998099180009832e-01	-1.623208529331194028e-01	5.674163887648994015e-02	-2.631226349727641134e-01	-2.059074594315200568e-01	-2.918237269179198637e-02	-1.667832672515321690e-01	-6.267444943066481644e-02	1.997252796992972368e-01	-1.571378256961164788e-01	1.657672856718537813e-01	-1.177575085613203482e-02	5.621103733136805225e-01	3.352302304842889047e-01	9.134549977183079039e-02	4.324301959914779170e-01	-3.548374489206138765e-02	2.744837031090655022e-01	6.437577700677176162e-01	-9.660445250272878259e-02	2.312411166940412655e-01	-3.489409447134126374e-01	-2.618384347190762518e-01	-5.988078839991463342e-02	2.143803268234963921e-01	-1.160660316818285485e-02	4.353173222849272828e-02	1.422068677373780621e-01	-1.119356677565338520e-01	2.012637276121325980e-01	1.750720120778634648e-01	7.953853762195740862e-02	8.875764337998194586e-02	1.775009992519174101e-02	1.857688805749167435e-02	-5.891697329211491307e-02	-1.690437344436526712e-01	-1.298565597098896574e-01	-1.321526892208959025e-01	-2.305279565790278873e-01	-2.244214276925046714e-01	-1.535724104632118225e-01	1.888161822470762474e-01	5.069785141133614781e-01	1.000000000000000000e+00	4.671815715155976378e-01	3.322646346510572668e-01	1.755958360269726792e-01	1.570008152679283064e-01	5.543231193488122877e-01	-5.683059148684076883e-02	2.911159834933202961e-01	4.063409155709502563e-01	4.070921803751353929e-01	1.489267331580979847e-01	-2.195938265074911522e-01	2.358910144843530399e-01	3.393449433469957754e-01	-7.055349138402272624e-02	-8.155460040318111836e-02	-2.303151131968610155e-01	-8.292981272780391988e-02	4.817096888433912705e-01	-1.908226008457076239e-01	-7.407066142011910388e-03	-1.432726312256729917e-01	-1.095029199270766557e-01	-1.347357221858038745e-01	-1.543428002895448625e-01	5.944453606558822156e-02	2.963880241929877160e-02	-1.020445672526984343e-01	-1.886260201472080358e-02	2.374398541906988166e-02	-1.587444628267284386e-01	-2.311464864976555678e-01	-2.836467218702873883e-01	-3.865741951176425179e-03
-5.185197260828383614e-02	3.810011129394886426e-02	-9.780990442745725322e-02	1.601085818224896318e-01	-1.715307273249408737e-01	-2.327696638905271398e-01	-2.681411587920186634e-01	-2.169730404197149631e-01	-2.432432659219483859e-02	-1.903020180182166399e-01	-3.418399078119961909e-01	-2.900147236181851440e-01	1.671916590960716154e-02	1.249413951482272328e-01	4.695399271557912368e-02	1.611958417032129387e-01	2.411674004502005197e-01	1.127659622350215413e-02	2.718892738624468786e-01	-4.596424668163278521e-02	-1.745056531274314093e-01	-1.618536027321934856e-01	4.304918391918431675e-02	-1.033556535669548221e-01	1.032857724566976915e-01	-1.361603878298797143e-01	-6.460042492540633841e-02	3.083198267338975729e-01	-1.662287110888626546e-03	2.295474637541999041e-01	3.193692309599482915e-02	-8.677678299782615179e-02	-2.136629522196488717e-01	4.750106740975986730e-01	5.071567210557997862e-01	4.799667472055046957e-01	6.085693112972465069e-02	2.331876938897254059e-01	3.313676271516301508e-01	1.707376130383956268e-03	-7.862326809446655573e-02	1.017888045136503133e-01	3.563023209915629486e-01	-2.733448231808049411e-01	-1.498559555483887362e-01	2.686590013055143999e-01	-3.184730647571915735e-02	5.205073268033375000e-02	1.979008543821709487e-01	-3.480392343556888701e-02	-1.420186515995902343e-01	-2.620354752806361986e-01	-2.895481947873708162e-01	-4.142723396412392178e-01	-2.398720883877532573e-01	-5.862503351592768253e-02	1.823606964966923982e-01	-2.174958757215908478e-01	4.459455824840443117e-01	2.977428526653319030e-01	7.242827417708776194e-02	4.372784867078691184e-02	1.504601448310475265e-01	4.492447431182196582e-01	4.000420700119701745e-01	2.292280675028214865e-01	-2.009968539620223538e-01	2.646703791360850017e-02	1.361937083551741645e-01	1.259838395395533883e-01	-2.567862556775773464e-01	-4.406509808486421265e-01	-4.349884885370943199e-01	-3.291339383488677828e-01	-1.655458318886801339e-01	3.571544171196526507e-02	-4.205477490684008113e-01	-2.524206495569009112e-01	-4.538890275655699802e-01	-2.961309053953520287e-01	-1.810599682739678085e-01	-1.041144955693875940e-01	-7.866867804960368804e-02	-1.370432482360050275e-01	1.951307279581735929e-02	-7.475560803205254234e-02	-1.206707978757518146e-01	-1.700400487598356936e-01	9.573270420427194838e-02	2.175087467360563576e-01	3.887672788004747915e-01	1.773988745379773413e-01	1.312898796060817663e-01	1.664128471752201743e-01	2.640372904760144857e-01	-3.598737313436838337e-01	-3.664379198384429825e-01	-2.791093411571781563e-02	1.362232345524001798e-01	-2.650460136225673557e-01	-1.466087059763276079e-01	1.845209851093725928e-01	5.122170699405922956e-02	1.751441679391864403e-01	-1.198367179817417111e-01	-3.328081814463078603e-01	-3.688882035287084360e-01	-1.021073020223924738e-01	-1.048383821620064993e-01	-1.561642414512268429e-01	-4.650637355266699080e-01	-3.411100556709006915e-01	4.525975549180821789e-01	3.663416926434940879e-01	2.092508542799446647e-01	2.525299087844852797e-01	3.437364575781912679e-01	3.334312285896781081e-01	3.363362852208559017e-01	4.250760107305109892e-01	4.467883882917223493e-01	3.366966692883723855e-01	2.105050393349875704e-01	-1.149700489362819739e-01	1.819325980510023699e-01	-1.791256776394077044e-01	-1.095285596631964814e-01	1.877298461786015282e-01	-9.770243344684276243e-02	1.281742708951250087e-01	2.072580543086374183e-01	-3.146430629292021885e-01	-1.908721478956820761e-01	-1.417260932205012258e-01	5.847494324869285665e-01	4.183654852659802192e-01	3.453502150887393096e-01	6.702265601202486156e-01	-2.848934466297869395e-01	2.882155015969951606e-01	4.831820481615267115e-01	7.508692138392714099e-02	5.487453032412608067e-01	-1.987042331581923560e-01	-1.479028663224650209e-01	3.301970895317428156e-01	2.140961082512216618e-01	-3.491121393739139711e-02	-2.567555572135879483e-01	3.133999386844424917e-01	2.660982226106554660e-01	3.613960675374396914e-01	2.272066809469378279e-01	2.060381082788171891e-01	1.975508681780498710e-01	-5.704460425839107118e-02	3.798049208010545463e-02	9.575173146979595873e-02	-1.278882961459263945e-01	-2.161306368423581981e-01	1.721086035669838407e-02	-3.382581031039713637e-01	-2.676250104832750831e-01	-1.956017418304865640e-01	9.914362836508368304e-02	6.643961743769044581e-01	4.671815715155976934e-01	1.000000000000000000e+00	6.005601586116431356e-01	2.115164715566654752e-01	2.058470147533268124e-01	4.825805581509536313e-01	3.583304232413778156e-03	4.195651774226950015e-01	5.247115497197981648e-01	4.914361574141595246e-01	2.593467352706912976e-01	-1.767670852494886147e-01	5.067666412271164544e-01	-5.850374814919013546e-03	-3.840951656518801771e-01	-3.961922693790392858e-01	-2.842155562805457891e-01	-1.344314842332614869e-02	4.141309156779844347e-01	-2.953947661407028136e-01	-1.053951659330138249e-02	-8.792070015729631927e-02	-1.383717478990360572e-01	-2.005663127844397597e-01	1.044859761632975920e-01	2.311272269285269965e-01	4.652412401499800843e-01	-2.633023940421462261e-01	-3.270739617304380675e-01	-5.585550243442616303e-02	-6.722880166868101803e-02	5.705350591722265635e-02	-1.142147195555790057e-01	2.621017416165973835e-01
-1.092229117258913113e-01	-1.739677628635692974e-01	-1.548608920439826717e-02	2.639740431028858025e-01	-1.526401455831230547e-01	-3.010340923887276365e-01	-2.354193399074640258e-01	-3.157606242647455486e-01	4.815391181444389490e-02	-2.650768936808571841e-01	-3.685914176682138499e-01	-2.972463382992330816e-01	5.645224947845213503e-02	1.842394344309591925e-01	2.640755074049506643e-02	2.223529157430113867e-01	2.497462190092591683e-01	1.916455877697091914e-01	2.717048153851280845e-01	-3.887461731959791084e-02	-5.842652385781251650e-02	-1.408496442264126347e-01	2.049148732221113545e-02	-1.034448431866328288e-01	-7.411194894875598391e-03	-1.661473223849738445e-01	1.103078007150788166e-02	1.673972877575796159e-01	1.841167570899835959e-01	2.526377421789791633e-01	-6.756985057247084925e-02	-1.128105592107309513e-01	-2.926394924519801211e-01	4.199092466556899605e-01	3.998435938257734468e-01	3.586592871760653223e-01	1.970739708741160168e-01	3.273447389536717766e-01	3.556456606972953072e-01	6.542582343820077528e-02	-8.563087892657407496e-02	8.442802618077696608e-02	1.704238639499708052e-01	-1.968843907206449251e-01	-2.969243967513304772e-01	5.002381683229931153e-02	3.358392564890887166e-02	-9.058991920310149881e-02	-6.937342676346204724e-03	-1.529694287516097928e-01	-7.188572749170636655e-02	-3.111289666327056724e-01	-3.355700298486449795e-01	-4.014132302409720854e-01	-2.447324783920369340e-01	3.039753316568915772e-02	1.245973958626973993e-01	-7.269536530050998979e-02	2.891491181227645590e-01	2.028184898765472977e-01	8.118443770823975669e-02	3.603662956304415355e-02	3.943876721551403119e-01	3.867967525772513793e-01	5.312393676795647002e-01	1.667000439946877688e-01	-1.370843321309707652e-01	5.618393872893507474e-02	2.447813315782486343e-01	-9.748217563612099346e-02	-3.453066326385115792e-01	-3.851130695814208860e-01	-2.479186132478777560e-01	-1.916839633731018122e-01	-2.435677781520046437e-01	1.771850109661834982e-01	-1.742153255810962031e-01	-2.234602483768210190e-01	-2.554695000692987494e-01	-1.677629465655584851e-01	-4.042801103190759582e-01	-1.255987713362275160e-01	-1.891144949501457131e-02	-1.869788786584116735e-01	2.148931910044384053e-01	-2.933365596691839966e-02	-5.178771199003773251e-02	-2.574897034863583012e-01	1.890533850583465958e-01	2.378005459705852809e-01	3.059480364958975795e-01	1.790989974259368789e-01	1.669806687075506557e-01	1.398538609054429394e-01	2.301798954684989018e-01	-2.674822551945341131e-01	-1.079977583243780931e-01	6.575607082092703448e-02	2.722323389358040080e-01	3.488516150622296419e-03	-1.116931455363173592e-01	1.547944115405675281e-01	5.755877130165591715e-02	2.399738748526974719e-01	-3.236699704277160028e-02	-2.842256791549262473e-01	-3.671745004586024486e-01	-1.011409916948603216e-01	-2.222097239655231038e-01	-3.443699426350285142e-01	-3.884212021673201787e-01	-4.052901087381592382e-01	4.149073335164615295e-01	1.821086351665146819e-01	1.156910402653682501e-01	7.978632950902513066e-02	1.213112988024074579e-01	1.808467605005278922e-01	3.072219559665369526e-01	4.193027057715920658e-01	3.773449231840197982e-01	2.941824471746960490e-01	1.293825818230649183e-01	-1.422402373441431500e-01	8.621008960079738770e-02	-1.837386854770166611e-01	-1.443624343610485083e-01	4.086010828026936936e-02	-6.933290280046500165e-02	1.599927606000526303e-01	1.757798975347135972e-01	-1.235373626724232121e-01	-2.132063673669400139e-01	-2.696812057637220095e-01	2.466578739747757876e-01	1.195904899012177058e-01	3.816876383912229942e-01	3.548603225632671609e-01	-2.387890577687042937e-01	2.049237539832098609e-01	4.032934301275354350e-01	2.339490943817450555e-02	5.473945274827878293e-01	-1.139199582711089842e-01	-2.349627458742926597e-02	5.738031539078362192e-02	-4.524652755081475658e-02	-4.993151934253804713e-02	-1.441393806517937415e-01	3.996578121840239917e-02	6.855464339358512127e-02	1.982244168328318179e-01	1.802821296237602788e-01	-4.720674933874913215e-02	1.635938676119027546e-01	-1.776960474881224827e-01	1.055824549884404051e-01	6.587561001439870556e-02	2.045603137588442033e-02	-3.910248927068148972e-01	7.248649176815694095e-02	-4.578415528192487649e-01	-3.292811782849409119e-01	1.084236349763162827e-01	-1.890378781842561584e-01	1.801029733456090964e-01	3.322646346510572668e-01	6.005601586116431356e-01	1.000000000000000000e+00	1.647618439476644381e-01	2.927980506704807584e-01	2.900748826619843901e-01	-3.022200716107191765e-01	-8.415783490003454076e-03	4.868561497220049161e-01	4.944276224226530347e-01	2.850365751917455781e-01	-5.172726974108069614e-02	3.956055138352052580e-01	1.492314874650826628e-01	-3.029222651344948836e-01	-3.282981344836630178e-01	-1.624415088753591585e-01	-2.605366580919139113e-02	4.929107372610587179e-01	-1.551888738712663418e-01	4.453349581817178313e-03	-2.081772406084696561e-02	-1.468178487898647855e-01	-7.125237901456651923e-02	3.041819261722733536e-01	2.259266213840380455e-01	5.319662551349972901e-01	-3.273547164114719021e-01	-9.788737430708380205e-02	1.169893241906610898e-01	2.912859275474902754e-01	1.073123154992966233e-01	1.143067562850397789e-01	7.013603266371395972e-02
3.983242931152145005e-02	-1.213014633540123594e-01	2.073027166302684327e-02	6.028541683659176253e-02	-2.536318356038290700e-01	-2.092983305873140076e-01	-6.135405561360338794e-02	-1.050535368360265287e-01	3.434343742770960134e-02	-2.010842794232435005e-01	-1.345345477607199636e-01	-2.511533550987842811e-01	1.458803449607822267e-01	9.902301179024426692e-02	-1.130803928881701920e-01	-2.128414029386961615e-02	1.617091444313672466e-01	2.481739396766752537e-01	1.526720849875520813e-01	3.055307255758344179e-02	-9.559523353971985382e-02	-4.989216697953093721e-02	-2.873790239870412794e-02	-9.136765565168770975e-02	-3.675953943683930164e-02	-1.370712623710042544e-01	-4.254006981617409165e-03	-1.645906048877071245e-02	1.560335551086551309e-01	2.856532556676599083e-02	-6.862397851665877346e-02	-5.811545833082547990e-02	-2.305916157123697741e-01	2.223313392770702723e-01	2.344130195362813529e-01	3.054776277476766722e-01	2.300854028632745574e-01	2.595350999710814288e-01	1.743125585514409270e-01	1.885887402971161975e-02	-1.108512714014173312e-01	-1.248617033240776303e-01	-3.925836871335432882e-02	1.827729887985409529e-01	3.280094243399274689e-01	1.497159360529070303e-02	9.306835284206181613e-02	-1.122208597031667913e-02	7.670937098343735827e-02	3.563660142765766592e-01	4.386053052936902258e-02	-1.041730290441501700e-01	4.621531793273647715e-02	-3.389082295602870859e-02	-2.547934284009452655e-01	-1.224990070306308937e-01	2.172026224094600888e-01	-8.344339505643224436e-03	2.912251463502554816e-01	1.357036777514469272e-01	3.670028141154036971e-01	-3.260469477359288770e-02	-2.667331519701705844e-02	1.983029385456899218e-01	2.528098076688564122e-01	5.908584136195713654e-01	2.769447216801819087e-02	5.254710412398743563e-02	3.240286766054611273e-02	2.381432605509058165e-02	-1.645421773757762551e-01	-2.343962958358529469e-01	-8.979256634907485657e-02	1.646241975270074098e-02	-1.054477367777079400e-01	2.232454610691807506e-01	-1.420270660409334862e-01	2.028183511481229384e-01	-1.048296277362339851e-01	-5.355544118363206318e-02	-1.308162477408686963e-01	1.752516060417615151e-01	-8.160635626493048522e-02	1.389417387751304966e-01	-4.009682660796190512e-02	-1.243776941478487164e-01	-1.496687645242904784e-02	-8.497881582671211464e-02	5.886628504632280406e-02	3.091772866493265326e-01	2.026933685690259224e-01	-5.357173122981596924e-02	3.891380011829466412e-02	-1.104903574473113104e-01	-4.996200609453005370e-02	4.576008075544629738e-02	-5.586836565946427108e-02	2.028779675914046399e-01	-5.124759505643075586e-02	-9.921858022851011427e-02	-6.651420159811383126e-02	1.089923657980362975e-01	1.358590865808691206e-01	4.943270323160841445e-02	-1.575920289188700862e-01	-2.394777266490089318e-01	-2.169482358639704955e-01	-1.785749369287794597e-01	-1.882568297831340165e-01	-2.342846309191043419e-01	-2.449837024785282424e-01	-2.023557200761721686e-01	2.851250274231041937e-01	-3.147616845772469724e-02	5.403246917419599754e-02	1.327898403278058581e-01	1.684891285381891757e-01	5.366964374695214895e-02	2.145270284595606480e-01	2.543950878768065360e-01	2.601934651250686348e-01	1.870983388978032791e-01	7.384046432331557719e-02	4.330915837753605141e-02	1.543676973356039317e-01	3.669185242733979946e-02	-1.001286689653644590e-01	-1.629853422622430104e-01	-2.138932582495586543e-01	-9.554676257714696253e-02	-2.748791939090100209e-02	-2.113922687172540768e-02	-5.380586389550404830e-02	-2.170454831292178699e-01	-3.335623878406120124e-02	-1.182805839661515111e-02	1.793178164487518877e-01	2.507311074359199754e-01	-4.476642727569325741e-02	2.731734272764807514e-01	2.420571370515746112e-01	-1.198466760319478672e-02	1.211073328374973612e-01	2.198773567248444791e-02	-2.833538109769053598e-02	-5.807224060066061566e-02	2.194474458349459089e-01	1.358382859495323447e-01	9.136040434167042035e-02	3.319122698416131223e-02	-6.866854842101556555e-02	-3.243385699765643365e-02	4.069731611917069836e-02	1.459493923028138129e-01	7.626288858387618441e-02	2.936054315970942907e-01	3.512089800201909778e-02	-1.809003302950658587e-01	2.005675903072416655e-04	-1.894732366577754623e-01	1.547630737439237847e-01	-1.719083561657613057e-01	9.657247339085484050e-02	3.899987658592304202e-02	-1.289543548793664896e-01	1.452263519944613779e-01	1.755958360269726792e-01	2.115164715566654752e-01	1.647618439476644381e-01	1.000000000000000000e+00	1.172160076415471319e-01	7.070487399504535309e-02	-1.481416634453798786e-01	2.009677585829451954e-02	1.103491514403236173e-01	4.115997248545035653e-02	7.633998550141617156e-02	-1.097297152656011576e-01	1.558355106056582839e-01	-1.097668099940351128e-03	-2.174474895867858637e-01	-2.111307073329747597e-01	-5.206993149476791399e-02	-9.270472814886870916e-02	2.563587890586410678e-01	-1.357521785967441552e-01	2.688233684982625493e-01	4.434016717658799678e-01	-7.110656476221195732e-02	-1.214656118481157870e-01	1.416839864380639302e-01	6.076738715237798606e-03	8.066059552753734874e-02	-1.897557760550208916e-01	-1.281815431937689993e-02	1.276870062056827126e-01	-5.488414570945214510e-02	-1.142299311187358057e-01	-9.523499696382350596e-03	6.403998868432579650e-02
-4.972378350340275061e-02	-3.196538472611809567e-01	1.328724136658240296e-01	2.297919838271401394e-01	-3.498209589166536571e-01	-5.383248620672513862e-01	-2.448297263660522693e-01	-2.217387192856588307e-01	-5.007216813056965948e-02	-2.907616342331879600e-01	-4.402066859032358614e-01	-3.506800971036250769e-01	7.899765336891960421e-02	2.283511986261657079e-01	2.476799703341531766e-01	3.343086414266784323e-01	3.301142952574260825e-01	2.859795494350233502e-01	4.508011902605890131e-01	2.404507014006818100e-01	-1.368158624163931247e-01	1.412322167657886068e-02	7.833441431910079245e-02	-2.161743103182630354e-01	-8.059089199965413508e-02	-6.622256947090604529e-02	4.985162601651198927e-02	-2.637846460339118935e-03	-3.313836480266372231e-01	-1.312746353084650874e-01	-1.582414962041867601e-01	-5.096652716811652661e-01	-5.811005767763679497e-01	8.479654865637431538e-02	1.281828715522714546e-01	2.349150674868740740e-01	2.136027255632188260e-01	4.221557146303302477e-01	2.249860464246957945e-02	-1.769452343418443652e-01	-4.038130937511725388e-02	-1.091180592735140342e-01	8.611516839445328142e-02	1.754132862039636462e-02	-2.727828097979870248e-01	-5.018709747792679532e-02	-4.343455383681035231e-01	-6.866313357859553379e-02	-1.077424137326940951e-01	-1.821027644514298244e-02	-1.996820544586612733e-01	-3.407889466897924546e-02	-3.714629477850917016e-01	-3.513658426430705806e-01	-4.342877095472117976e-01	9.259092560916565295e-02	-2.432661434162244618e-01	-3.117005326349345240e-01	3.686556390614143669e-02	-1.653407662073371753e-01	8.516296574898030158e-02	-3.078935662388091465e-01	5.643358738155410809e-02	1.568483197918041083e-01	1.530370805310249105e-01	-6.072393796182343900e-02	-1.904747153066124743e-01	1.646574338065528720e-01	-7.920484618375293884e-02	-1.679103732740942490e-01	-4.708187583445519464e-01	-5.441448612589392386e-01	-3.489693557975204752e-01	-3.071423470564033642e-01	7.495607166071430183e-02	4.266102747177754617e-01	6.574659841039842863e-03	4.568391552446354753e-02	-3.153195919147499526e-01	4.152111876618500008e-02	-4.539029180842735767e-01	1.433676219851010292e-01	5.765408656094075934e-02	-4.170189746559427313e-02	2.151907379486779348e-01	2.882067477068324390e-02	1.769536798374671954e-02	-2.795630258723328931e-01	3.788731122048603628e-01	4.061786550575517407e-01	4.773030677436278513e-01	7.746548473228606624e-02	1.376467681005271448e-01	1.705063704557852333e-01	-1.685105731926693218e-01	-3.308780178042103337e-01	-1.349552425969821889e-01	2.558445941040459262e-02	4.659879756015759822e-02	-1.246553305120022825e-01	-2.807685627004043866e-02	3.218148472385020664e-01	9.736458143397348775e-02	2.407696114166124890e-01	-1.391007057008607391e-02	-3.657318492827209000e-01	-1.937887779061227833e-01	-1.445893894438384231e-01	-2.285694974745672292e-01	-3.155973276993028764e-01	-4.338741141741378482e-01	-6.010739236893672954e-01	2.515638113730695458e-01	1.047922525830372459e-01	2.028789218404984940e-01	-3.023487769707323969e-03	6.869727916946956336e-02	1.716593660917131448e-01	2.314948720052514841e-01	2.297116052262965502e-01	4.167025621083150777e-01	4.147052358486004175e-01	1.322241887428253493e-01	4.516360927311471180e-03	3.279328199377469222e-01	-6.848158348689487029e-02	-9.063504956640483501e-02	1.204339430332522221e-01	1.669530222147347365e-02	2.479785975113394103e-01	-2.832078240214688791e-01	-1.574576729621423588e-01	-4.598620018879260862e-01	-6.175830473969692314e-01	-1.143035010506466553e-01	-3.617176909902750648e-01	1.720731581472169647e-01	1.323857802356013524e-01	-3.827807970361674084e-01	1.307007737880946374e-01	5.029210288893549985e-02	8.487385682816189769e-02	-4.265799296338886049e-02	-1.511648767873636501e-01	-5.125699956352430808e-02	-1.066141697047346959e-01	-2.276275268916967409e-01	1.205038808825157348e-01	-6.749554479509899119e-02	-2.100525767419544609e-01	-1.983706028751974770e-01	1.937541847951029517e-01	2.289350407844588098e-01	1.018366578782129578e-01	-2.081664242363064424e-02	6.153360242453925072e-02	3.145787578078155788e-01	4.372236614571878288e-02	1.282347822027128381e-01	-4.949761397217248282e-01	4.282936480616399144e-02	-3.839538075969681774e-01	-2.322513061138803125e-01	-6.317524289773630841e-02	-3.622026445224172941e-01	-1.669444775590964505e-02	1.570008152679283064e-01	2.058470147533268124e-01	2.927980506704807584e-01	1.172160076415471319e-01	1.000000000000000000e+00	2.422180341950403992e-01	-8.558937610896003023e-02	-3.456362655385237376e-02	4.611273128405020127e-01	2.735288194988762522e-01	5.518492227813837081e-01	1.306992074094707468e-01	5.105436143984807273e-01	3.919896923838751546e-01	-4.874437762614676206e-01	-4.626865068610845344e-01	-1.661603163814789619e-01	-4.427408756435190912e-02	4.641168359684866851e-01	2.851181911158982493e-02	1.598638627393650924e-01	2.212273547525996920e-01	-5.949928893343268965e-02	2.404364343977688501e-01	3.541138260176785457e-01	5.264272705133788977e-01	4.829067417272007168e-01	-3.403710245708990723e-01	-3.415553313888738951e-02	2.141641358034722664e-01	2.781675371722800438e-01	-2.538410934660956936e-02	-1.473564729126746464e-01	1.099291587430465122e-01
-1.716455204120415773e-02	-1.793600658997994424e-02	2.477452933048132980e-02	-1.075462035936549376e-01	-2.298285534676336450e-01	-1.013877689497528212e-01	-2.115391539440383828e-01	-1.292870533752655815e-01	3.652422484489849241e-02	-1.536564695483274567e-01	-2.224703656123285522e-01	-2.212909622482864824e-01	-1.740380831987630578e-02	1.225944077367186746e-01	2.402444842326333652e-01	1.175839665701245151e-01	1.534867776501961933e-01	1.790053997535577257e-01	2.402681051267809009e-01	1.756024067620093332e-01	-1.948832889228085119e-01	-1.196010942282596384e-01	1.045889294846043260e-01	-1.713339845608790046e-01	-1.211726365284080814e-01	-1.284575957534632717e-01	-5.973441989892626369e-02	1.507269127710771650e-01	4.037640285999093137e-02	8.312158312316583753e-02	-1.992733409991766513e-01	2.965072822695558399e-02	2.240259352464788606e-02	3.925583082375161403e-01	9.022231745565900685e-02	2.927853042090126090e-01	1.975902086566908855e-01	1.787471259332995277e-01	3.325942585012561792e-01	-3.000802160057607360e-01	-1.699160912053150896e-01	-1.226721705775507820e-01	2.750153856836256017e-01	-2.430389703815112046e-01	-2.048729794259042947e-01	6.787383532818902498e-02	-4.378295581204726949e-01	8.823530563704403903e-03	-5.244646020086763533e-02	-1.050801124360699751e-01	-2.059608685633846359e-01	-1.897511767947701045e-01	-2.602733304960216931e-01	-2.332599748201282519e-01	-6.290464232035668235e-02	9.553296086623527805e-02	2.226966029306093886e-01	1.634485957897340580e-01	3.967324228251766227e-01	1.984906634192614983e-01	2.383574501657919342e-01	5.701820462402583389e-02	1.869427681082066195e-01	2.774464975033801295e-01	2.894890470835312368e-01	5.239346128500665251e-02	1.492025974340219219e-01	-3.903363518709913188e-02	2.129596162087733779e-01	1.467270633687548821e-02	-1.947961499157073798e-02	-2.937880744015485823e-01	-2.749152485719897898e-01	-3.075773461371127948e-01	2.234728549961526728e-02	1.576749637052652364e-01	-2.979536406379971192e-01	-1.630269992402938739e-01	-1.922521854954311604e-01	-1.390603171230323787e-01	-4.901711675939087604e-02	-8.459419958913713677e-02	3.121203140228698963e-02	8.539207968435881535e-02	7.447528908787912072e-02	9.087197946144055793e-02	-1.635164987658360436e-01	3.717573098086440070e-02	3.552441618782047061e-02	1.562967505334794116e-01	1.701432422504538522e-01	-2.161475538623114645e-01	-2.364834612092943725e-03	-6.894351593029603674e-03	6.087662196140942311e-02	-4.263368935030045770e-02	-2.519497820541636846e-01	-3.008940274258018605e-02	1.569190693417419624e-01	-2.143354414363472515e-01	-2.472008531420520905e-01	-2.143808330099389592e-01	1.464559726683553609e-01	-1.101712588437364221e-01	-2.388872880627401496e-01	-2.980011248576303062e-01	-1.803525199553293878e-01	-5.420052233437808176e-02	-5.518355009678830442e-02	-1.046837561241554526e-01	-2.605327155871546285e-01	-1.785883520620904497e-01	2.003943372218434382e-01	1.528342232029678560e-01	3.015787964615743166e-01	2.651873888698638160e-01	3.515663330886353855e-01	2.829117136668976573e-01	9.673245704232845410e-02	3.794530241325951292e-01	3.314026591772120667e-01	2.752661216631332453e-01	1.681425893570712427e-01	-1.793994375453314416e-01	8.820593194171892637e-02	-1.268525457167957449e-01	9.574962728272887538e-03	2.519264757780288744e-02	-7.282871792511202980e-02	8.839336042027946816e-02	3.260545975433975507e-01	-3.621917707968160816e-01	1.581037214535019886e-01	4.237679059079708932e-02	4.893261889515703178e-01	3.700276706776878255e-01	6.157290462864851988e-02	4.516492446633372793e-01	-2.761955241305073527e-01	2.528761539956080329e-01	5.481140344350670102e-01	-4.739514308261529030e-02	1.984180896981727615e-01	-3.182331737262194538e-01	-1.799570738190471308e-01	-9.384107876227019973e-02	1.201655650341361958e-01	2.065659016693023944e-02	1.343356462336492961e-04	-1.145302242077295488e-02	-7.939398670438752026e-02	2.504676418625252921e-01	1.290033139676003693e-01	1.046473627379965014e-02	-1.218967806796037445e-01	-7.810674830729376350e-02	-3.325371251028689384e-02	5.752525349801917293e-02	-6.009525817832967604e-02	-4.948145961613445443e-02	-3.705161012996756320e-02	-1.040742094043900778e-01	-1.743588080377580229e-01	-1.327052937596057691e-01	3.622499290154114204e-01	5.556387559373038298e-01	5.543231193488122877e-01	4.825805581509536313e-01	2.900748826619843901e-01	7.070487399504533921e-02	2.422180341950403992e-01	1.000000000000000000e+00	1.369288092489520138e-02	2.295704293452709432e-01	4.276644436433733043e-01	3.836373649395656837e-01	2.008044286301848558e-01	-1.606049454149015565e-01	3.176911588487971172e-01	1.450178140229720636e-01	-2.487912454064530043e-01	-1.300129810690516530e-01	-2.545916179702933380e-01	-1.707396278646830245e-01	3.895409913303148897e-01	-1.087434621472322116e-01	-2.453017734710459183e-02	-1.671840342141769631e-01	4.070819379760331341e-02	1.248426942246343985e-01	-1.474604172443486350e-01	6.682958886819564959e-02	9.786534187192422185e-02	4.085424326867856393e-02	-1.831093574692738701e-01	-4.095813668341218017e-02	-2.091588548872344577e-01	-9.844577636837119339e-02	-2.946200429436652835e-01	-4.215863130521189592e-03
-2.057067655253747851e-01	2.879302288455453107e-01	-4.647637774568887381e-01	-4.799990567123283980e-01	1.523175793740420003e-01	3.473855858766226601e-01	-4.273686215587802623e-02	1.799058893378700091e-02	-1.357444013941417615e-01	1.339879096369558653e-01	3.678562054773176770e-01	1.969192118452373075e-01	1.354378572829436495e-02	-2.967416922455130557e-01	-1.943784006134883502e-01	-4.274666565728231782e-01	-2.929794244897078737e-01	-2.858346564368213771e-01	2.083806295982560536e-02	4.689230698104154132e-02	-2.077943542968607726e-01	-7.916010415637400599e-02	-3.590694446707790727e-02	-1.499047549542982249e-01	-8.974123548746605963e-03	-1.297045017016925095e-01	-2.416589140039036021e-01	-1.664202804492965759e-01	-8.571127977776646367e-02	-3.774714424690486236e-01	4.193681420710668878e-02	2.306326438756521602e-01	4.682733162789992631e-01	-2.860533792725408753e-01	-3.354535984434904861e-01	-3.494190789360693827e-01	-9.751012006045035874e-02	-3.782199601641585418e-01	-4.539783232407261782e-01	-3.380112611807481460e-01	-8.679153989802523839e-02	-1.569781568868377775e-01	-2.385052667924469072e-01	4.734081767224933290e-02	1.149447281994823850e-01	5.789814884507175213e-02	7.823777768931212961e-02	2.870923405859281408e-01	-2.938232359637550639e-02	1.447104705751885434e-01	-9.485622834035539741e-02	-1.354278279026951137e-01	2.689926361356265727e-01	3.612445820763950377e-01	4.834721843018522369e-01	4.442288661061132016e-02	-1.588762418101823393e-01	6.942511545739070422e-02	-1.969043492776109405e-01	-4.561777633232992624e-02	-1.242487730807203539e-01	2.299929965876987281e-01	-4.093048226090883479e-01	-4.345794534291819722e-01	-5.030178588591779354e-01	-1.063590824130567630e-01	-1.256079244548406193e-01	2.915932786767127527e-01	-2.523902297569572961e-01	2.377407340843589179e-01	4.471267664350516702e-01	4.825785987284559875e-01	1.263483899205100625e-01	3.052038556972457850e-01	4.898722227118277872e-01	-1.356311025385915636e-01	2.074945435922176118e-01	2.728033818557384360e-01	2.971432139454210919e-01	-2.744183538617246156e-03	5.994418905960936517e-01	1.898126388446007007e-01	6.412694407057811796e-02	2.182562271793760111e-01	-2.443405194818699111e-01	-1.325908027182285953e-01	2.477174875254802566e-01	4.316104939080241398e-01	-2.661147019125561508e-01	-9.831546397316739960e-02	-1.387596636285677310e-01	-3.648793495283968874e-02	-3.529257356164667292e-01	-2.359447743093054939e-01	-6.273658587682169607e-02	3.502986603028764856e-01	6.098227963533042750e-02	-1.143289470176125644e-01	-2.279978113489711244e-01	-2.966752898120346427e-02	-2.430380154860709851e-01	-4.440544949857411217e-01	-3.173595548504820618e-01	-4.938020586836706083e-01	-1.618085193773084740e-01	6.918084244103024638e-02	-3.800955099472713011e-02	5.462592341122515793e-02	1.254459232226669274e-01	2.335917980086444357e-01	3.057615153136128416e-01	4.958684568688088712e-01	-1.680239305509970693e-01	7.116341482739159396e-03	9.258751289031827425e-02	-8.770076157013395601e-02	2.008172722895535112e-01	-2.499795153562535122e-01	-2.187554194319475676e-01	-1.555547420809483272e-01	-1.643223938846671561e-01	1.479850059470080026e-01	9.474626968356611445e-02	-4.496638468185531340e-02	2.755423846822795952e-01	4.136636934694710999e-02	1.085826769931882707e-01	-2.102905487302406465e-02	-1.889384989078166655e-01	-2.396883443363924948e-01	-2.267155292091392604e-03	2.192842698309629967e-01	4.055415679388811312e-01	4.390662124386374709e-01	2.866455527991576546e-01	2.609028114681631871e-01	-5.153825912214425875e-01	1.355640403881261391e-01	1.946636789213891383e-01	1.397189277680999965e-02	4.098776956653714387e-02	-8.453401595823546721e-02	-4.511941821244253720e-02	4.760782416579549536e-02	-2.359431951262420946e-01	1.577123018205835447e-01	1.309861399492324996e-01	2.848950282959001323e-01	2.672936287238171782e-01	2.586462378300450338e-01	4.946321393765813479e-01	3.088267433934291373e-01	2.925273550674875600e-01	4.149499067143009312e-01	-5.560621490071060435e-02	4.126907124841810992e-01	-4.160704114881905169e-01	2.064232869346362964e-01	1.120332621382286453e-01	6.226040415058183841e-01	3.192041683060552193e-02	5.504770686133119151e-01	1.656727447526646635e-01	-3.499731566754006873e-01	6.327485133743219192e-01	3.395998612564251617e-01	-5.683059148684076883e-02	3.583304232413778156e-03	-3.022200716107191210e-01	-1.481416634453798509e-01	-8.558937610896003023e-02	1.369288092489520138e-02	1.000000000000000000e+00	6.236544687344337534e-01	-2.431483637426756078e-02	3.111392029374293600e-01	-1.702511010474843933e-01	1.886950268762466743e-01	7.417777839316831712e-02	2.256217502740316683e-01	4.158452570347833110e-01	4.603675706746885865e-01	3.786024389282185987e-01	5.024692940739934333e-01	-3.077139073364337091e-02	3.971627059688456751e-01	2.778565580842705662e-01	-3.358623899536367086e-02	5.761885904495320787e-01	3.350348580835199597e-01	-1.927628488170912424e-01	2.664280967222211749e-01	-2.554208942717685060e-01	6.389331951322283487e-01	5.050773741212163936e-02	-3.121103378199222567e-01	-9.605814728726871921e-02	1.506688804739842458e-01	8.363012788277116027e-02	-2.077493396668525158e-02
1.214412791540009362e-01	2.472069517940107541e-01	-1.760255562511391370e-01	-1.022060513577045249e-01	1.456572945873251534e-01	1.932935765947405571e-01	5.385781907204887503e-02	1.373443761505605265e-01	-1.190459937548353359e-01	1.879254700208514706e-01	2.366884295604531896e-01	1.503830758837208237e-01	-6.032697933257802347e-02	-1.379583315646327746e-01	-2.237004737691217771e-01	-3.489491861948728624e-01	-5.821062064132458830e-02	-2.337339507191714405e-01	1.187841721160405872e-01	-1.292467285908428798e-01	-4.054121093114618213e-01	-1.744079818462576925e-01	-1.139613813620471428e-01	-1.559356116142650017e-01	2.216458633501628556e-02	-1.199790681646264318e-01	-2.018312783622283335e-01	1.685076198942354886e-02	-1.393756366922965506e-01	-9.761757661346967541e-02	1.196450652875350185e-01	1.312869338610740677e-01	1.635104914695967304e-01	1.355398534407323957e-04	3.132017792373952697e-02	3.329602172936810267e-02	-1.078814092120095047e-01	-1.642594643033553903e-01	-1.846937938517617117e-01	-1.988549394942400739e-01	-9.579766538523590280e-02	-8.997354909508607779e-02	-3.756328055085144529e-02	-1.179237448805634664e-02	1.377891631217825763e-01	3.256192208364577234e-01	1.464948793724929477e-01	2.145247924150203989e-01	9.837862127406830914e-02	1.078373885980237479e-01	-2.612596267436523845e-01	-3.242420530375724197e-01	-4.697757608427688414e-02	3.533595391424428772e-02	1.426610024667376020e-01	-6.975127029810405943e-02	-6.109451527906675783e-02	-1.081731999409116518e-01	1.656704490819520814e-01	1.212915126392450083e-01	-1.702096499868122059e-02	2.821757253221759271e-02	-3.785448388680575649e-01	-1.876393455799559018e-01	-2.537141279644117842e-01	-3.255563349905022524e-02	-2.699109855320901974e-01	1.392054677056610290e-01	-2.336663149113233640e-01	2.312774101927994874e-01	8.862909096876636639e-02	1.410612485704119401e-01	-6.386624913487069788e-02	7.075503882842390513e-02	1.390607008412624301e-01	-2.181156595307560953e-01	-1.426348880199983238e-01	9.485075187404366781e-02	4.483250743550495736e-03	-3.739867688793969691e-01	3.061750418205546054e-01	-3.339884070845239826e-03	-2.190712452456244075e-01	4.669575172192835973e-03	-3.700630001124257662e-01	-3.175917124846920903e-01	3.166812346342311180e-02	3.850630049385778825e-02	-3.029547888110099008e-01	-1.565988698953517944e-01	7.692265249429206453e-04	-1.484777025395579986e-01	-3.259789761259300755e-01	-2.669206336584341588e-01	-1.653564630277619130e-01	4.372950291056816596e-02	-1.464864159530193111e-01	-2.014167296784437344e-01	-1.899218345812831166e-01	-1.807344653320753780e-01	2.818959582208828765e-02	-1.409976039595509933e-01	-2.380344447124277396e-02	-1.355712080004224662e-01	-2.300421077509016282e-02	2.630562960995692923e-02	1.230263317004139968e-02	1.037056117248838644e-01	2.586340950682687323e-01	2.928553765644594797e-01	1.271330765430424559e-01	1.999911057059486630e-01	1.321826934979558055e-01	2.669383724876386865e-01	1.375770890271746094e-01	5.850677993167611828e-03	2.704563584970637313e-01	-7.843549477323475891e-03	1.365013445617048737e-01	5.729992088434012441e-03	8.415070025291060407e-02	2.225466842281086377e-01	6.532211361679138295e-02	3.758914929847990971e-02	2.800557890143715034e-01	1.704768586232960348e-02	-1.242702991780695633e-02	1.442720159023755944e-01	-1.008595527471634334e-01	-1.004536374214246575e-01	1.892800213687118038e-02	6.486488898034783145e-03	1.792469807663159831e-01	1.454425408854741197e-01	5.496432831625454041e-01	3.247976685442417466e-01	-2.336677310199019031e-01	3.712498902698171954e-01	2.620627462895811291e-02	1.824616005903690885e-01	3.067190523149125325e-01	-2.233011315594895033e-02	1.582823006010273537e-01	-2.528675770751738217e-01	-2.575591982609579667e-01	2.620841949436282237e-01	2.546733849789610260e-01	2.161197876286142794e-01	1.877812296931558045e-01	4.796013048978680082e-01	5.624508182944466528e-01	3.871652323466415191e-01	3.494854909293437784e-01	4.692907830608161746e-01	1.841862749936685473e-01	2.648160920472309443e-01	-3.051924208865223198e-01	5.796667171618417186e-02	-2.008799398608677733e-01	2.882658812363366740e-01	-7.087095722616391924e-02	2.090541572634743994e-01	-1.218466444147439480e-02	-3.099882297314252577e-01	5.250543116223806983e-01	6.424352288824427548e-01	2.911159834933202961e-01	4.195651774226949460e-01	-8.415783490003454076e-03	2.009677585829451954e-02	-3.456362655385237376e-02	2.295704293452709710e-01	6.236544687344336424e-01	1.000000000000000000e+00	2.581931423200758413e-01	3.660366195499544784e-01	6.303804338118419726e-02	-1.204492202964543429e-01	1.699705434835459272e-01	1.004114830913582779e-01	1.706878194121919934e-01	1.547183906901295758e-01	1.427439831516350288e-01	3.492115274886828380e-01	2.303485476731804982e-01	1.166388427088923402e-01	1.336910880663692847e-01	-1.152126062421438141e-01	1.218018294665898643e-01	3.815319894879464109e-03	-1.935850707040791818e-01	2.413581713891891356e-01	-1.066854410176386603e-01	2.183971429839669520e-01	-3.563757630259562631e-02	-1.772436649958571142e-01	-1.363087896246253650e-01	1.574639576612163472e-01	-4.700956334587019780e-02	1.487351072056178614e-01
1.919064304573810387e-01	-1.949777863011403489e-01	2.753856659573161170e-01	3.527817206148152196e-01	-2.289008984139937475e-01	-3.177278021552777387e-01	-1.477877891524350396e-01	-1.073521786220658220e-01	-6.290876962863117816e-02	-1.387582933037083965e-01	-3.666807380438647512e-01	-2.191239268939377260e-01	-2.801201193039182802e-01	1.409591014432763356e-01	4.934446893083163643e-02	1.055616651925708610e-01	1.573322589253520754e-01	3.121617546824938944e-02	1.477586233137340443e-01	-9.894210852689665214e-02	-3.964298092658254391e-01	-3.598729248641218681e-01	-1.864630917565455459e-01	-2.959774614467816645e-01	-1.958813963330937602e-01	-2.491421460038291402e-01	-1.590888530797323064e-01	-1.885080750566120802e-02	-2.162512912408086074e-01	2.241881084797799767e-02	-2.790401073740984561e-01	-2.680929632805822971e-01	-4.319232461237603737e-01	4.986815445596222696e-01	3.181830536607182514e-01	3.816663423157514168e-01	3.586222858200635577e-02	2.335155462718105923e-01	3.581946602985386363e-01	-1.828044572464943840e-01	-2.281087294284250000e-01	-3.368474177542900294e-02	3.239672301437696023e-01	-2.911345608764883131e-01	-1.969788036209446092e-01	3.960660240266952736e-02	-2.691755922816914115e-01	1.348352236136720894e-01	1.755736420009048060e-01	-1.337018356327772661e-01	-1.605754582971774536e-01	-2.098007762623047279e-01	-4.384327769925445706e-01	-5.406962793744082285e-01	-3.511288229190350219e-01	6.088127739737392297e-02	-1.689981031334008843e-01	-5.747261401162098715e-02	3.950715649406242314e-01	3.102340699331060936e-01	9.052420947632533466e-02	1.140831249449092075e-02	1.452776873022394999e-01	2.102571275967944631e-01	4.276721357794924794e-01	3.904954535731672977e-02	-4.781879841499347278e-02	1.656804454520583447e-01	2.344986644101193507e-01	1.080559491913070103e-01	-3.846131650989298989e-01	-4.542688708418151089e-01	-4.340734705271220295e-01	-2.645644905519576873e-01	-2.022336222170930675e-01	1.649983641893205677e-01	-4.485573425379686396e-01	-1.047767837500694077e-01	-4.652422140089746971e-01	-3.398027287106163974e-01	-3.800407847767632852e-01	-1.455861261760322267e-01	-1.203292853087302994e-01	-1.955762545624961102e-01	2.794626524008191754e-02	-2.407771541170845853e-02	-1.952705679330704047e-01	-3.986979416442103519e-01	2.311517969654476035e-01	2.871879373209725861e-01	3.926789362034689979e-01	4.909149853980451783e-02	1.547315228588855840e-01	1.221429279214969327e-01	3.838398597003288629e-03	-4.461112122636427535e-01	-3.555423820871284057e-01	-2.336138172425136772e-01	1.706214042967814926e-01	-3.547597753759793027e-01	2.628684641897623825e-02	1.656846641348214133e-01	2.978571029204072906e-01	2.919837610076627121e-01	-6.880376750372367567e-02	-2.405330759041353350e-01	-1.914591036257457801e-01	-1.500288220745196743e-01	1.282172930018767552e-02	-8.845598281789264494e-02	-3.944598312892106384e-01	-4.340602686306251901e-01	2.356163572574560272e-01	1.066853053918597055e-01	2.602736663912441281e-02	1.267853287206636426e-01	9.445922936196708697e-02	1.550187303284602802e-01	1.632792944934038648e-01	2.343466005905509575e-01	3.087971906182305770e-01	2.023230857943957572e-01	-5.922086029990598216e-02	-2.942198596382358255e-01	1.016541955388540891e-01	-3.364781330338360577e-01	-3.897607258202161473e-01	-4.473870515444837437e-02	-2.677145052459715679e-01	1.371180343596357411e-02	-2.103705674850416263e-01	-4.476928960567201354e-01	-2.404039403823477750e-01	-4.468937923929421907e-01	3.733820850668354563e-01	-4.387355810470992823e-02	3.545165110336942482e-02	2.573959379465408093e-01	-4.678353467332618809e-01	3.849341933795908700e-03	5.543757208824070526e-01	-2.137572033950784212e-01	1.431698950486169353e-01	-3.533286325511072468e-01	-1.565985245137399562e-01	-6.892784175165661553e-02	-7.126722565883066018e-02	-5.128143727290134651e-02	-3.725259968866927174e-02	-3.788743552590304476e-03	-1.331148518957766536e-01	5.401820262630375735e-01	5.072891351404398286e-01	3.784727501332353361e-01	2.078288995015117602e-01	9.580303296254364873e-03	3.089518285396943842e-01	-2.044439134263192556e-02	-1.766180545425657111e-01	-4.132979735103488039e-01	-2.536139723965972759e-01	-4.781871768135975143e-01	-3.374163644507208737e-01	-2.471230037277351577e-01	-5.385530157889087399e-02	3.107730402921828894e-01	4.063409155709503118e-01	5.247115497197981648e-01	4.868561497220049161e-01	1.103491514403236173e-01	4.611273128405019572e-01	4.276644436433733598e-01	-2.431483637426756078e-02	2.581931423200758413e-01	1.000000000000000000e+00	6.281685166223429651e-01	5.460231357395962659e-01	1.725282201454375608e-02	6.600312905920135975e-01	2.732590636949016605e-01	-3.085879212137892513e-01	-4.104761634408032323e-01	-1.340294161550150964e-01	-1.891475937848774713e-01	6.183970401837263209e-01	-9.473136247270878829e-02	3.935370250821851323e-02	-3.786204767684799022e-02	-2.139802805090699478e-01	8.921949902064707505e-02	1.897399212678951563e-01	4.386143981143211801e-01	5.601388924489654197e-01	-3.706178340551668504e-01	-2.041323410917111614e-01	3.331668024355093766e-02	9.932265810169531306e-02	2.499954159703744391e-02	-3.062023513873444180e-01	-4.460314047954697797e-02
-9.832372258012787858e-02	-6.458438201729903294e-02	-1.527698985206589755e-01	-4.313977499182722330e-02	-1.137476254868466097e-01	-3.294858568072434046e-02	-1.874589151232332884e-01	-1.830089636343424364e-01	-6.835815510254222849e-02	-9.081148099973075649e-02	-1.357244646714040048e-01	-6.341720170774238496e-02	-1.728260773055456112e-01	-7.754678983628576772e-02	-1.111697801639278393e-01	-1.301757852337065702e-01	-3.764214402239670493e-03	-1.067016298200692825e-01	1.215646998272184032e-01	-9.281929922758595797e-02	-4.054646447248008156e-01	-3.099957285215960701e-01	-1.147906871800950801e-01	-3.305474100518890346e-01	-1.247643312678978766e-01	-3.258506375648037023e-01	-2.076325240485901169e-01	-6.839789071505336659e-02	4.429245216498071958e-02	-1.450421776287833531e-01	-2.045309805741472031e-01	-5.982565809118029626e-02	-3.214204929410031247e-02	3.281434439662422875e-01	1.038748342689343879e-01	1.191276859413107347e-01	2.494932239862012596e-02	-4.707034828358818562e-02	1.932460235922269232e-01	-2.883953766706782162e-01	-1.819933092395481511e-01	-1.899220587733403687e-01	9.969082158254370662e-02	-2.298502375880292492e-01	-1.775374904236478590e-01	-4.055153152707186709e-02	-7.367142253554648246e-02	1.451253523955500779e-01	-5.530085789251881420e-03	-1.733095206942747435e-02	-1.135487515242541434e-01	-2.969511887677291351e-01	-1.434372197448290365e-01	-1.702692479907845780e-01	4.354969936358941279e-02	8.447351546136505629e-02	-6.302496003185696638e-02	5.484018749810645049e-02	2.899121837104629007e-01	2.295570588310193449e-01	1.603337188105984357e-01	2.661509902987850285e-01	1.179114198064173946e-01	3.138932563487742411e-02	2.545839950464355850e-01	1.856397567709141411e-02	-3.981732867959070221e-02	3.434632693717794560e-01	2.549402356899575506e-01	1.360825861659078206e-01	5.630965195211242065e-03	-7.348173093033558145e-02	-2.316355858801139866e-01	-1.304713531425911455e-01	8.083577275477278612e-02	1.907220285277305416e-01	-2.253858483574670002e-01	-5.030517669275078735e-02	-1.196111785515082265e-01	-1.716613711617455684e-01	1.370261277019893878e-02	5.157952890542024391e-04	-7.247872850598001404e-02	-1.025350294621164230e-03	-8.348713727304604704e-02	-2.386679795303774110e-02	2.910194589384918276e-02	-1.044061989055964507e-02	-3.121227456938651702e-03	2.716798655049896816e-01	2.076341863232403218e-01	2.219166877968583099e-02	-6.812662018438818759e-03	-5.142677017572667292e-02	1.218847821961580036e-01	-2.933058777290740993e-02	-1.867210333807877709e-01	-1.292589799125613004e-01	1.331699618373883842e-01	-1.548630118604456540e-01	-2.541031646638300390e-01	-1.806012430309022476e-01	1.788205473991469341e-02	-1.163794990438547367e-01	-1.903536936655479406e-01	-1.676005853243544841e-01	-2.473542261695001188e-01	-1.132397540654439955e-01	2.081826742576151426e-02	-9.202829929171636725e-02	-1.920668471447828374e-01	-6.446997370625980051e-02	1.442359791431961913e-01	2.666813128807033612e-02	-2.701302264582155360e-02	-4.643647481892255319e-02	1.949647387128446985e-01	-2.513384239620742103e-02	5.564507651739614147e-02	1.881736655375874367e-01	1.275075088925699540e-01	2.101465537244976700e-01	2.528722146583515726e-02	-2.530999488325272329e-01	1.122993057652560134e-01	-2.898771421480431654e-01	-1.885251606077801012e-01	-1.352441388609183781e-01	-3.336048755118767861e-01	-8.896974309034394457e-02	-2.058538511877428326e-02	-1.637057607153656891e-01	4.124962683554014159e-02	-3.744638612839266273e-02	4.215082099892919487e-01	1.738200074206146251e-01	-1.610729246357575362e-01	3.459897965191620628e-01	-1.948733299613676362e-01	5.456360457938723429e-02	5.411680917413196346e-01	-2.441826775898569835e-01	2.735377800145366023e-01	-2.010758513534299241e-01	-2.578948053064817336e-01	-2.779314701372695429e-02	2.071429990564911325e-02	7.371374973361945193e-02	3.029560144812680489e-02	8.906031651143067607e-02	7.305069039709138901e-02	5.410257044986062080e-01	3.564243911972486134e-01	3.157558945265651618e-01	5.682144973469365618e-02	1.038915128535188442e-01	-2.406467958766246931e-02	9.731310036635049121e-02	7.237324157469965380e-02	1.482747853147613204e-02	-9.379477702331362465e-02	-9.774052354440955492e-02	-2.214949589862181545e-01	-3.120160376273882763e-01	2.707093480560874843e-01	3.205608523373302265e-01	4.070921803751353929e-01	4.914361574141595246e-01	4.944276224226530347e-01	4.115997248545036347e-02	2.735288194988762522e-01	3.836373649395656837e-01	3.111392029374293045e-01	3.660366195499544784e-01	6.281685166223429651e-01	1.000000000000000000e+00	2.845342211528728571e-01	1.161291246074563355e-01	5.039353657910803364e-01	3.955176784104874610e-01	-4.172157685835378715e-02	-8.140149567173571299e-02	2.527581903808183775e-04	7.751521997090220217e-02	4.710330175853704171e-01	3.526063089281084723e-02	1.898805694006310829e-01	-1.135076615475624773e-01	2.122665458132879934e-01	2.249548330687070330e-01	3.345490204275557850e-02	3.993712690053594638e-01	3.167252509279042116e-01	6.184260848682388012e-02	-2.053490243312097729e-01	-1.914151523423464063e-01	3.096041312413503471e-02	2.126697716566635157e-02	-3.665011182497723841e-02	-5.987727482711337201e-02
8.027878167657818975e-02	-2.758933122257710702e-01	3.338732780240383224e-01	4.048835314429788945e-01	-3.377239462955621829e-01	-4.751901288273946977e-01	-1.945897551064216524e-01	-2.179303157742257802e-01	-1.189548453572841363e-01	-2.291887762576565735e-01	-4.460763442377156940e-01	-2.164121766334013153e-01	9.161509519849050931e-02	3.157288347833061004e-01	2.413757809944986621e-01	3.784430402743292898e-01	2.850041951308928123e-01	2.036339121173645628e-01	3.311449081539922235e-01	-4.161788082655648417e-03	-3.477417756431258611e-02	-4.883966878852502580e-02	9.624499837430000593e-02	9.235831943327221794e-02	-3.260643551009516361e-02	7.012422669176046619e-02	4.570208291676212953e-02	3.244207167636330158e-02	-4.222413625686933791e-01	-1.827423050923073777e-01	-2.720349926750061376e-01	-4.619384995665091753e-01	-5.608175570370985685e-01	1.530202576971247674e-01	2.834493752330963234e-01	3.476214035634666022e-01	1.064238983496402502e-01	4.224697288932433015e-01	4.823034888498216322e-02	1.297740123358377511e-02	1.011055981610744642e-01	1.338541950133873559e-01	3.056188620875133211e-01	-1.847147360704712027e-01	-1.585282400323315133e-01	-3.009429254537186564e-03	-1.919908579654497072e-01	-1.680937916957482847e-01	2.284228547657129460e-01	-8.339858190449639386e-02	-7.700606639947699117e-02	4.784153455280835965e-02	-3.756224833674700614e-01	-4.598335251896351061e-01	-4.636900348629829915e-01	8.056766590663023975e-02	-3.559037906466961387e-01	-2.436235269773902035e-01	1.071438397894600297e-01	-1.514994892727841713e-02	-1.182319176031996211e-01	-3.095548914586818690e-01	-5.938805267041508823e-02	1.072214912810778298e-01	1.349681961252580109e-01	4.332921850364453847e-02	-2.228378469136303164e-01	8.846185741814321934e-02	-1.868882251096622427e-01	4.893365792826540744e-02	-5.911554397133607086e-01	-5.377771613603942180e-01	-3.190827640626556772e-01	-2.834795601526882147e-01	-1.927310824212457585e-01	5.132664299649133260e-02	-2.762290752373313674e-01	1.414667218783238582e-02	-5.036982611803741960e-01	-4.620609074171073971e-02	-4.569681543644719124e-01	-7.993794915201174467e-02	-2.517036061228341559e-01	-3.270201635420904029e-01	-2.626022070920775234e-02	-1.920147421965419376e-01	-2.399638705330909838e-01	-5.558624786212988944e-01	1.691960198421105580e-02	1.281098129174617906e-01	2.847943497524360601e-01	6.155480036772770919e-02	3.756821069070798713e-01	2.471749779982149453e-01	-2.212661118573171770e-01	-4.231456273253401679e-01	-1.508184112888097395e-01	-9.714420520154411209e-02	-6.170884700573621429e-02	-3.657390020153828414e-01	1.634349220706482475e-02	3.943343521631327286e-01	1.821213600256018639e-01	4.208866047621660500e-01	3.124879120175057257e-02	-2.345692558128225358e-01	-1.370312060277354693e-01	-7.117138917471778348e-02	-1.587650069125975949e-01	-2.237310412574179119e-01	-4.297769984093208762e-01	-6.004425495368735932e-01	2.456932613979818658e-01	1.510445795958266224e-01	1.628213289678586417e-01	-1.623459978634815169e-03	-7.097700438625782760e-02	2.343549531318192269e-01	2.423922615515984591e-01	2.177251191668730379e-01	3.131723392067713441e-01	2.609991380344580669e-01	-6.296791357795963884e-02	-1.226643049866258800e-01	1.117283503135284989e-01	-4.527121009575684613e-02	-1.367501740510547459e-01	2.088680308333160096e-01	5.008064184519526313e-02	1.567500340827247540e-01	-5.380589989119753946e-01	-3.986335698330765731e-01	-4.626539738236170041e-01	-6.006910587485748687e-01	2.048506817690868773e-02	-2.794604520376924861e-01	1.564788650181803964e-01	9.075543437791785961e-02	-3.618627872227905828e-01	2.085951873348788552e-02	6.062861908394959198e-02	-3.171193973703063593e-03	-9.515103893902891741e-02	-2.394003402704629468e-01	1.892656168256326987e-01	1.218988508802465592e-01	-1.088708217445350512e-01	1.052479040071429284e-01	-7.795671032582911220e-02	-1.162977776668896041e-01	-1.378209561445155329e-01	4.104702817542745241e-01	1.688875287606375619e-01	2.181417377157096327e-01	1.209192135185649664e-01	-6.578362642153674344e-04	5.656609326286017314e-01	1.910485513513207056e-01	8.017023491111489875e-02	-5.139491908594262526e-01	-9.405689922170544504e-02	-4.749789359907919395e-01	-2.199036192508107557e-01	-2.946985246199386732e-01	-3.266230058369469780e-01	-2.737650105050589908e-02	1.489267331580979847e-01	2.593467352706912976e-01	2.850365751917455226e-01	7.633998550141615769e-02	5.518492227813837081e-01	2.008044286301848558e-01	-1.702511010474843933e-01	6.303804338118419726e-02	5.460231357395962659e-01	2.845342211528728571e-01	1.000000000000000000e+00	-1.173614607560350825e-01	3.668850085183106846e-01	1.419468394160470492e-01	-3.996821400454280138e-01	-4.628009344777216372e-01	-1.129651359162898022e-01	-2.207695258105978053e-01	4.161654695217210653e-01	-7.638960047606714598e-02	6.939306369813098840e-02	1.929938342349764580e-01	-3.203606286031100425e-01	-1.891124191492987369e-02	2.079126489181762349e-01	3.687963306748441861e-01	5.110062435634649125e-01	-4.856944944957788945e-01	-1.136505449229111148e-01	8.465011169682418180e-02	8.067003182149071194e-02	-2.273307375550400744e-01	-3.068282219457071358e-01	3.822724199296221453e-02
-1.484955876881652592e-01	-1.598266530870000590e-01	-2.054231202932998990e-01	-2.539544023427510178e-01	3.913679529326388046e-02	3.330181073045036799e-02	-7.382011746030034405e-02	-8.956740677032305753e-02	-2.819798555351681890e-01	-1.039277463606604612e-01	-4.913375996258684264e-02	-1.145543291868785368e-01	-1.823625943977668640e-01	-3.160923594639816758e-01	-6.250654116205238420e-02	-2.243753739242677625e-01	-2.430970676794683705e-01	-2.429725528148383162e-01	5.336248842482665955e-02	1.682978017547308858e-01	-1.327179257647049526e-01	-5.926247120772084459e-02	4.530622152376906006e-03	-3.055498034228931736e-01	-1.807192120743069952e-01	-2.350816245566381135e-01	2.230862900404644855e-01	-3.554357930010310085e-02	-1.911826351630931814e-02	-2.676002005938392658e-01	-2.657404916097054204e-01	-5.245759168461929661e-02	9.186384652817594643e-02	-2.054120927163254617e-01	-2.589546794087274062e-01	-3.654709390403934055e-01	-1.397998852120366509e-01	-2.241974067412214611e-01	-8.337680022266573399e-02	-3.236362174135716807e-01	-4.201627468088576373e-02	-1.095864184586710088e-01	7.790749397699444148e-03	-1.497106106142740214e-02	-2.138325236910435245e-01	-1.777378836529295292e-01	-2.059576008452385920e-01	4.153916232055456237e-01	-2.085261565134562400e-01	1.808839844181462653e-01	4.558962244163539124e-02	1.809001558049715408e-01	2.612289353376109347e-01	3.036625114770746814e-01	2.880666480804744967e-01	4.486776885246198665e-01	-1.099812580066518580e-01	3.111217206387259515e-02	-2.339053951297005995e-01	-2.444798105103548891e-01	-2.921951403830586047e-02	3.228757754413577041e-01	1.088818411360111954e-01	-1.467462557953836712e-02	-1.046085197469752009e-01	-2.632418255477327329e-01	-3.496433397492379469e-02	1.509206315715922175e-01	1.002777750572409199e-01	-7.301328911142148867e-03	3.855596932395428666e-01	5.684271773075389583e-02	-8.369164591165371980e-02	-2.123132068219023838e-01	2.554104963103476789e-01	2.461639832399870331e-01	2.471315135905088611e-01	1.848339421654222603e-01	6.708045124268932624e-02	1.330062159990249571e-01	1.568263751393571548e-01	3.612412300046168867e-01	3.527348995028267153e-01	3.518102997725701120e-01	7.403163635700993339e-02	2.913991763980804950e-01	1.713915859708209921e-01	3.772524413745751981e-01	3.286526876210745240e-01	3.831432272391285809e-01	1.265674063991190645e-01	3.178680077172233442e-01	7.693587682090088919e-02	1.582286080533713279e-01	2.655930902832945861e-01	8.117139681318266339e-03	-6.589649037939232512e-02	1.420088027256466157e-01	4.853712256816211656e-02	4.375920438354730796e-02	-4.020293687229881119e-02	-3.052983987297464563e-01	-7.050977836492057504e-02	-3.508634522851714621e-01	-1.819345790420852024e-02	-1.149881454164570051e-03	-2.351556623266438592e-02	-1.176596867867248236e-01	-3.020531272607948972e-02	-1.069733742660221726e-01	2.018562422250064214e-02	9.729788178037716839e-02	-4.083550294521874902e-01	-5.313627530247012898e-02	1.241654518419799819e-02	-2.568509842162001733e-01	-6.219764365985185756e-02	-2.222959335622014809e-01	-3.359614341329023590e-01	-3.066656323906774562e-01	1.734899520799545319e-02	1.274048745897602142e-01	1.522838647307840076e-01	9.507729431498392059e-02	-7.438291222521959713e-03	1.036358635824039393e-01	5.347974784303693302e-02	-1.751196308475234109e-01	1.051945725943689673e-02	1.661445704321526662e-01	2.279948491514844494e-02	-5.382859056659178298e-02	2.586632270894175661e-02	1.647732119702373099e-01	-2.967606432520293880e-01	-1.348515220538406556e-01	-2.913720638725839085e-01	-8.886031698869516215e-02	-2.389450646013642834e-02	-1.836475341644959458e-01	-1.727609376075065484e-01	-2.839336345903811232e-01	-1.807625960142541510e-01	8.224427586979145277e-02	7.170433179271859525e-02	-3.145480681595564376e-01	-4.354032829344847699e-01	8.432286701907494575e-02	-1.664156894445362467e-01	-1.862491229290943739e-01	-7.271774700109610856e-02	2.615910202950383345e-01	1.270097235810868086e-01	4.489216308734447769e-02	-1.984047096260876664e-01	-2.518855131642444914e-02	-9.809969732461842895e-03	1.298875721012536233e-01	3.016029648047213740e-01	2.016610247755706575e-01	2.396250515138362014e-01	3.408455981392683465e-01	2.807718820598227860e-01	1.416494262774307955e-01	-6.792105863671731893e-03	-1.147303358134449253e-01	-2.195938265074911522e-01	-1.767670852494886147e-01	-5.172726974108069614e-02	-1.097297152656011437e-01	1.306992074094707468e-01	-1.606049454149015565e-01	1.886950268762466743e-01	-1.204492202964543290e-01	1.725282201454375955e-02	1.161291246074563493e-01	-1.173614607560350825e-01	1.000000000000000000e+00	2.533311224027022801e-01	8.732470120894299248e-02	-1.055316923376182700e-02	2.637195301869295697e-02	-7.359800419511877689e-02	9.322192764857155367e-02	-8.929544981825052186e-02	1.419843781124511817e-01	1.464820079880642945e-01	-6.543755709237711327e-02	4.461104519068779806e-01	3.175143778077366141e-01	8.686352447503815910e-02	3.433941721070802311e-01	1.487371101012929520e-01	1.783189900751984136e-01	-1.992951433368785052e-03	1.017008721266021987e-01	9.023075672429063665e-02	1.101093504778549864e-01	-2.644226237575105637e-02	-5.343740363926073600e-02
-1.187535670957100414e-01	-1.340246721288989862e-01	4.619636259595717720e-02	1.248126184681716128e-01	-3.855919620047894569e-01	-4.455837222389282259e-01	-3.854957626085778188e-01	-3.581758243954943910e-01	-3.115470696446889787e-01	-4.220007040799527709e-01	-5.173431726721153812e-01	-4.816714893960327148e-01	-1.415133123624640055e-01	1.480589759514716608e-01	1.604049094595566549e-01	1.593192754918305865e-01	2.209770657125590398e-01	9.485290226312124984e-02	2.337956998234035355e-01	1.836571220084970701e-01	-2.234494372022685083e-01	-2.631303215840299359e-01	-7.643866976453403406e-03	-1.637008338700836341e-01	-2.081147532896317764e-01	-1.796621141336449123e-01	7.654080728919526039e-03	1.260224073870429007e-01	-3.291284890795401208e-01	-1.027371703186710505e-01	-3.609009331185492608e-01	-4.102201750846053430e-01	-4.068296689841310321e-01	3.424556450713301947e-01	3.230624166886963966e-01	3.036131465284745978e-01	1.614010669261568554e-01	2.834332919352165470e-01	1.576912696737987063e-01	-1.650854443793304815e-01	-8.593989811639174414e-02	-5.794337652660005306e-02	2.972333654352086185e-01	-1.939730780849694414e-01	-2.027923524125303523e-01	3.915200997894029145e-02	-2.434987374634332569e-01	3.738053111910710213e-01	1.243522980175632842e-01	1.100207169219629549e-01	-1.126580196269487133e-01	-9.356023785291989192e-02	-2.523031052428746923e-01	-3.432497155862941352e-01	-3.848482511704595099e-01	1.353815096131455176e-01	-7.025713260243061919e-02	-1.810018897601511634e-01	2.646662037623782049e-01	7.108631612996983706e-02	2.928610908568007182e-02	-2.282148407543720114e-02	1.695963044943084863e-01	3.004384896181501174e-01	2.442759948393470881e-01	7.419212806291096418e-02	-1.316117267878449681e-01	2.672520810202607677e-01	1.107071959888160789e-01	2.178623242885877331e-01	-2.264490432243924101e-01	-4.901251550454298611e-01	-5.048732629489400825e-01	-2.974048566701597562e-01	2.246630916578864698e-02	3.794835261674723847e-01	-2.772200318265314878e-01	-5.055319955284313937e-02	-4.484782901453793769e-01	-8.645360320978305591e-02	-2.358084409451816910e-01	1.961689607465366691e-01	1.559525277549501654e-01	4.697152661816439423e-02	8.242416175865839578e-02	1.365630704555829689e-01	2.980025071371222509e-02	-1.232258973578283928e-01	4.823635125060718454e-01	5.686204624394556317e-01	6.647485296714327196e-01	3.747586686561585334e-01	2.234372336935865067e-01	4.737604685032597018e-01	1.444296190722174356e-01	-4.900675471668102801e-01	-5.162165911965148624e-01	-2.021686592874206434e-01	6.933447897375547009e-02	-3.330052036956756556e-01	-1.902541127253933040e-01	1.621043060177352058e-01	1.538887794531637876e-01	1.463782858828447386e-01	-1.941647792426581254e-01	-4.697292903696876909e-01	-4.303102296889175227e-01	-4.318468978458233076e-01	-2.600469385418859858e-01	-3.756101407733017927e-01	-5.905789721539225212e-01	-5.143482137239068219e-01	1.449024272970794447e-01	1.975349380898472618e-01	1.217764334505900825e-01	3.376817267273155010e-02	1.223756161732894587e-01	1.806964963100133881e-01	9.371904514252557550e-02	2.317264493632772149e-01	3.955066384081207809e-01	2.855318788397208096e-01	1.407897382306791123e-01	-1.861813166002957987e-01	1.447264921906967761e-01	-1.994829609272500692e-01	-2.372075494085705005e-01	6.008423158781835832e-02	-1.682181507490653205e-01	1.650274230336387926e-01	-1.218289906366471498e-01	-4.139550379981504213e-01	-4.355944321395989749e-01	-4.247278178549894756e-01	1.083146219688422840e-01	-9.561661626406114944e-02	7.759766037180709786e-02	3.409875685555832092e-01	-4.876591950944480502e-01	1.062217078088139276e-02	3.205228435212932880e-01	-6.652977875894998394e-02	2.834552533954246556e-01	-1.797109762055409121e-01	-1.110916076228961498e-02	4.716743282564116180e-02	-1.230808931315853089e-01	5.589773183989541622e-02	-2.952987490484804134e-01	1.360212147071301059e-01	-2.467701576677398204e-03	4.944421858677421899e-01	5.677362127781182544e-01	4.243422610947107376e-01	7.581264668923921868e-02	1.930397505281953863e-01	2.796587959741636542e-01	2.143248523801812022e-01	-1.736427575645177468e-02	-3.115296406110927840e-01	-7.163718864291809818e-02	-2.860472697631340488e-01	-1.559734391669615472e-01	-3.003525984618696798e-01	-2.025963216868765515e-01	2.822762390898037044e-01	2.358910144843530399e-01	5.067666412271165655e-01	3.956055138352052580e-01	1.558355106056582839e-01	5.105436143984807273e-01	3.176911588487971172e-01	7.417777839316831712e-02	1.699705434835459272e-01	6.600312905920135975e-01	5.039353657910803364e-01	3.668850085183106846e-01	2.533311224027022801e-01	1.000000000000000000e+00	3.581136188836100409e-01	-4.833048115454658400e-01	-5.045293965155285276e-01	-2.032679836043308763e-01	-6.805626714621917928e-02	5.542587174621800283e-01	-1.554432999526071113e-01	9.716565290358972207e-02	7.981211556816723840e-02	4.940448185991429958e-02	3.545418480628331204e-01	3.283581950101779889e-01	6.904228015038492705e-01	6.795851914925699067e-01	-3.657673395279418260e-01	-4.590855711110742865e-01	-1.780667702970132604e-01	5.775311876159418961e-02	2.096668727771343610e-01	-1.474671195185471295e-01	9.863705566697347771e-02
-2.878821573165107339e-01	5.014260012378505410e-02	-2.068203122716179287e-01	-4.819239025585560221e-02	-2.925696135610802995e-01	-2.178766383456966216e-01	-4.079749437453207839e-01	-4.311051513713576866e-01	-4.461766859411763209e-01	-2.902813546600199190e-01	-2.398322943995839784e-01	-1.586073755070313007e-01	-4.584398941137879380e-02	5.283646601663136155e-02	-3.267953755532129051e-02	-1.526926375732514524e-02	6.832323923168588664e-02	1.956236182592809569e-01	7.983500320255948468e-02	-6.528850108065058742e-03	-2.818697690004534628e-01	-1.895345446134382439e-01	-4.955608837327838551e-02	-1.294851057147643481e-01	-4.298151348474342770e-01	-1.897087258499959850e-01	-1.908974277237583950e-01	-3.415319430211934959e-01	-6.055100148025465909e-03	-1.952544182152876062e-01	-1.568186954242959674e-01	1.826762465762682419e-02	2.373104652548780474e-02	6.722310130090378144e-02	-1.895058143890548594e-04	5.247008504056190764e-02	1.139376466913739061e-01	1.217415877532582735e-01	8.636979166367847807e-03	-2.791105317442407752e-01	-2.681205706181369330e-01	-1.235518774434319345e-01	-2.634173715067049670e-01	7.252635687367009476e-02	-9.657339125683846604e-04	-2.732753034484637356e-01	-2.415380367912777493e-01	8.622828206652712046e-02	-9.210194480902346437e-02	4.601736139578635476e-02	-2.522754165749757638e-01	-3.344121720132362530e-01	-1.297079389612148803e-01	-7.382456280168721297e-02	-1.111625713135741822e-01	-3.311459819029163171e-02	-1.180957862355329069e-01	-1.068022320378504003e-01	-2.090664148712447629e-02	8.515898883024608512e-02	2.420434000374169781e-01	-1.919101342667461352e-01	-5.176140592759178455e-02	-2.169801605777564313e-01	-7.579355315128410986e-02	-3.406570218313854231e-02	-1.944794777788039220e-01	7.336785198290514398e-02	-7.439902035848076911e-02	-2.109163389898142948e-01	-6.875805566722570372e-02	9.845870532962340549e-02	2.796505391295097120e-01	2.006738871074618125e-01	8.691541517470517675e-02	3.814097642899715312e-01	2.384373039586731302e-01	1.406281712699440356e-01	2.387288860853500061e-01	2.113670834939057608e-01	-9.920707040903277429e-02	3.365280394535145048e-01	9.399127142068314233e-02	-1.086452199858589374e-01	4.752530233138150401e-02	-1.553503465191055088e-01	1.687304010278523614e-01	-1.422198346960254663e-02	1.294372577152720361e-01	1.631602261772269746e-01	1.419816390422516672e-01	-8.184639322122319594e-02	-2.997878132351547431e-01	-1.179164612606715540e-01	-3.492210844805121450e-01	2.588193771915031638e-01	8.344329548655432527e-02	-4.308523133920406228e-02	-1.401851487707775068e-01	2.897589006996262664e-02	-3.311164553637337971e-01	1.401651094942136036e-02	-1.552532554117493357e-01	3.440212280162765340e-02	-8.944953705500084673e-02	-3.400387023618375859e-01	-2.905700529232103091e-01	-3.676457493221724215e-01	-1.914339790670550601e-01	-2.303265662535283476e-01	-1.686228164268918917e-01	-9.935997564231180412e-02	7.990454185547124456e-04	-1.904487631180631635e-01	6.906894528487619866e-02	-7.327479685378539970e-03	6.465786199986194027e-02	3.687370142608848572e-02	-6.184905327407128409e-03	2.514562353883491586e-01	-3.120359790098804417e-02	1.475549222257951931e-01	-4.004461203297443594e-02	-2.011283314384114396e-01	1.345760826025197143e-01	-2.195319195123842937e-01	-1.421526743873895438e-01	-9.804257849781269907e-02	-2.679162883018991748e-01	-1.171892791126755290e-01	-1.809538699888953994e-01	2.364082507565603841e-01	1.145501199566296424e-01	-1.677642591702035169e-01	9.254884913872160612e-02	-1.348747346587257367e-01	-1.729781886309454120e-01	-1.818078374183059245e-02	6.188649060050059603e-02	-1.860811490033861121e-02	3.177117802488438336e-01	-1.308289074170349564e-01	8.271837699363279728e-02	-2.210184480721221201e-01	-2.698220836630523811e-01	-1.719995857871119416e-01	7.378991986738910047e-02	3.274345671950009140e-01	3.081389363098619993e-01	-7.529089876005463922e-02	-1.531450163630379835e-01	7.926428678092989344e-02	4.189519404224234522e-01	2.050843084664255300e-01	1.543170259365718097e-02	2.949928823498143560e-01	6.868754666064107173e-02	7.152661415734537509e-02	2.124401108453724263e-01	-9.947993158468027008e-02	-1.585026462798665159e-01	-9.326214206002644835e-02	-2.210708981425968112e-01	-2.532241731298134346e-01	-4.106070620594613751e-02	2.775699436864749112e-02	3.393449433469957754e-01	-5.850374814919013546e-03	1.492314874650826906e-01	-1.097668099940351128e-03	3.919896923838752656e-01	1.450178140229720636e-01	2.256217502740316683e-01	1.004114830913582779e-01	2.732590636949016605e-01	3.955176784104875165e-01	1.419468394160470770e-01	8.732470120894299248e-02	3.581136188836100409e-01	1.000000000000000000e+00	1.753188608602274101e-01	1.085364617113518254e-01	1.701783058374828905e-01	3.110706128859878628e-01	5.719792690674313507e-01	3.374122954202534719e-01	3.272613859357418331e-01	1.409022072010418236e-01	2.931845636706129077e-01	4.108458777571949994e-01	2.357749119928932713e-01	5.049786893488416029e-01	7.777253771325717824e-02	1.257392211103838808e-01	8.524914665099872502e-02	-1.328090969577404579e-01	2.553500976997842287e-01	-1.681525838395082351e-01	-4.571999988002817261e-02	-1.985821836595574041e-01
-6.612836533526288141e-02	3.114229140237068094e-01	-2.230462943387915842e-01	-2.729742032936810503e-01	3.384319810679825569e-01	5.197213940112536124e-01	1.279213907948417994e-01	1.366239800852742936e-01	-5.265211435872597240e-02	3.871201626351769565e-01	5.363240962840529757e-01	5.447679944684160613e-01	-1.702743675889753783e-01	-4.092381793909033449e-01	-4.385256397090546709e-01	-4.854313871867386720e-01	-4.674014987725411685e-01	-3.416114922399480225e-01	-2.745814533220480302e-01	-2.891695753608255481e-01	-6.599801247821217298e-02	-1.276514141220999876e-01	-1.663360000276449535e-01	-1.392190115352072433e-01	-1.908330940162693279e-01	-1.693375413307144361e-01	-1.680979168112006761e-01	-4.152664114444539201e-01	2.507460254828552948e-01	-6.097858720073002364e-02	7.950224402966535320e-02	6.097720180015364644e-01	6.319982977412823555e-01	-2.513804514091947939e-01	-4.640716498765789511e-01	-4.597534568536503219e-01	-3.302538444034900378e-01	-4.623554927742559162e-01	-1.979055421571622730e-01	-1.924519059115689934e-01	-1.927665823650401844e-01	-1.488383407412670889e-01	-3.826359047416313941e-01	1.169622731005696414e-01	2.784156092930971105e-01	-1.400552850311276576e-01	2.239322042225450338e-01	2.270651953234483628e-02	-4.593949459680547742e-02	-6.723199086053242846e-02	-1.344030389088683441e-01	-2.346818119180686391e-01	2.587690090296531076e-01	3.609538616431798297e-01	4.363249701018193649e-01	-7.407060288577559104e-02	-1.269673222322164341e-01	2.814531911979295531e-01	-3.262213282502408052e-01	2.139486640609924162e-01	-2.570641455298931441e-02	1.998241400671003087e-01	-2.299883607443513334e-01	-5.903612920763303684e-01	-2.883095025201847239e-01	-1.241669931318870601e-01	-8.717177282473058397e-02	-6.034144035748803536e-02	-1.200388320772007716e-01	-1.115295351167529675e-01	4.394527148116697535e-01	8.875394395520233015e-01	6.546548048384424057e-01	6.806613392052984768e-01	1.051251996658577603e-01	-2.485155907386904506e-01	3.449649376032931092e-01	1.613008911772824405e-01	6.729334879408237491e-01	1.099442299906895348e-01	4.462761359310654652e-01	1.382775107386703152e-02	-7.892712827240033757e-02	-4.233381783238151369e-02	-1.867284072144488050e-01	-2.468525334920291525e-01	1.576143290409722231e-01	2.284180081912824400e-01	-4.606518510381236164e-01	-4.198344396261819989e-01	-5.544086784355167774e-01	-3.071271258475739008e-01	-5.309967244845865686e-01	-4.635723158368204588e-01	-1.481315094902281859e-01	6.277601221755315652e-01	5.626816452757105180e-01	-2.766344564789144714e-02	-1.634886350341882566e-01	1.796640606408791974e-01	-2.894312856982671212e-02	-4.202553479953944904e-01	-1.864646944668158779e-01	-3.079757969635023018e-01	4.086627352814577868e-02	3.994399502016797165e-01	2.709660858917148918e-01	1.904579405273770509e-01	3.652019232427085593e-01	4.317242998327734949e-01	6.608782560261401429e-01	7.109134114265397431e-01	-3.643905484848957710e-01	-2.626697908992698394e-01	-1.901087085416791889e-01	-7.691171460838468199e-02	-9.979101726526433402e-02	-2.966996105001251105e-01	-2.896770931555553985e-01	-2.401129537343817677e-01	-4.913731591686184008e-01	-2.352972314048736302e-01	-1.604719498545736645e-01	-1.127761469474445749e-01	-1.290794206995508342e-01	-5.299764358581095930e-02	-1.280715135992778811e-04	-2.755175774638696784e-01	-2.002107887926859731e-01	-2.510799020902363399e-01	2.357623848183442242e-02	3.552199454510843735e-01	6.738054372038161377e-01	5.253592122506255402e-01	1.461424278524998122e-01	1.183375096034205154e-01	-5.123982059692260282e-01	-3.621212087172033800e-01	4.339150969386456613e-01	-2.228504833939030094e-01	6.420619870544651275e-02	-2.500757120282752211e-01	-1.984693582024924796e-01	7.298758144043815399e-02	-2.462760528381776892e-01	-1.183552152650842043e-01	1.717854125333422299e-01	1.349453037975458236e-01	5.932354755256828982e-01	5.540904615196277916e-02	1.159519309386762287e-01	-1.507706399891833027e-01	4.515971577285207011e-02	8.936677411407643878e-02	5.556406263624235481e-02	1.717609959886420568e-01	-3.669077546825986746e-01	-1.079289021010129551e-01	-2.284111096256635776e-02	5.164430192194904290e-01	-1.216465324431253159e-01	4.305127757422139156e-01	1.540046596084968245e-01	-9.427675440176276622e-02	4.380694070925093553e-01	-1.206671837114354218e-01	-7.055349138402272624e-02	-3.840951656518801771e-01	-3.029222651344948836e-01	-2.174474895867858359e-01	-4.874437762614676206e-01	-2.487912454064530321e-01	4.158452570347833110e-01	1.706878194121919934e-01	-3.085879212137893068e-01	-4.172157685835378021e-02	-3.996821400454280138e-01	-1.055316923376182874e-02	-4.833048115454658400e-01	1.753188608602274101e-01	1.000000000000000000e+00	7.468690588617579174e-01	6.195172524133332193e-01	3.163223885798525647e-01	-1.382433043093091452e-01	4.586564801226812871e-01	1.017932216810558538e-01	-1.448148651268291731e-01	2.722087625459069793e-01	1.546321305922249319e-02	-3.325818878363301367e-01	-2.378111820211511462e-01	-5.546745361262739316e-01	5.818741593374452403e-01	4.687169277088304442e-01	-1.322101836555720500e-01	-4.421277646785078119e-02	-9.010685729049378034e-02	-1.566225266391344656e-02	-3.690350957456665637e-01
-2.852822950742477381e-01	3.355415268452323074e-01	-4.503791427379817969e-01	-4.861493734192057214e-01	2.027388796302219687e-01	4.008718917522852698e-01	4.203858396293774780e-02	4.282192887023207606e-02	-6.822501720258998190e-03	1.837889367961876297e-01	4.798536178220465520e-01	3.103554344917008323e-01	7.731567910857579939e-02	-2.650647517765989392e-01	-2.513321616339592168e-01	-4.109000945849531905e-01	-3.594861494625556375e-01	-2.240144360565493042e-01	-1.663702214791624723e-01	-9.070553789378685283e-02	-5.487561035256631470e-02	-9.443472869571015518e-03	-3.515707779193927990e-02	-1.374819654365664473e-02	-4.107683230620665787e-02	-2.492675407163838161e-02	-8.207591670623730351e-02	-2.867819781835147519e-01	2.518288705916725823e-01	-2.535560503394926890e-01	3.076658314936078428e-02	5.963582223980348207e-01	6.847006128000381331e-01	-2.340151575481838886e-01	-3.946803330250777675e-01	-3.334141401672716665e-01	-8.619871010500045061e-02	-3.943453469343233264e-01	-3.206595668378551256e-01	-9.016707140123689235e-02	-1.263178359309201082e-01	-1.094059995453593587e-01	-3.455512538772678166e-01	1.317301151301770723e-01	6.871738988644895962e-02	-1.805608597989118713e-01	1.635092138797258066e-01	-1.053484942773361827e-01	-1.400480029132176452e-01	-9.121587244166844133e-02	1.097707432975053021e-01	1.625498521194255336e-02	2.532164671063227845e-01	3.887754704227882607e-01	6.495654327599528211e-01	-4.387639633822708329e-02	3.282710675389539923e-02	3.991528806794409356e-01	-1.912923995623149465e-01	1.033022981533149587e-01	3.196693637985760506e-02	1.625548747454493848e-01	-2.134928062415747396e-01	-5.167130957728006679e-01	-3.858754886231821613e-01	-1.848580805637144997e-01	1.382704157667799250e-01	1.748970269010787643e-02	-9.317410302048830320e-03	1.579725295509586819e-02	4.817223806256995533e-01	7.517120882046338659e-01	6.780774950762764597e-01	4.997368163571044852e-01	3.689516781056026984e-01	-1.391495308223972271e-01	5.258515566595270974e-01	2.386866294103791031e-01	8.035812191143780758e-01	1.627135246228963994e-01	5.438354065755610645e-01	-2.903829891342783742e-02	1.186196089762795725e-01	2.238298259994809039e-02	-6.846167550526748025e-02	-1.191261283126160975e-01	2.949855300634200983e-01	4.725861606115936420e-01	-3.270835218769685970e-01	-3.588293260669963569e-01	-5.696386774122661478e-01	-1.784198578044343397e-01	-4.258583162550375056e-01	-4.061345808664647561e-01	-4.108991752294688382e-02	6.756819897540234932e-01	4.698004967950993871e-01	-2.556294360404047397e-04	-1.242191901744444937e-01	3.943136368844002426e-01	-2.180809949252150437e-01	-5.537025512345060685e-01	-3.686127931557645621e-01	-4.257575580371648627e-01	-6.547595616997241297e-02	2.209090307313943957e-01	1.145726553716506779e-01	1.074705295322882920e-01	1.189039025602404848e-01	2.296353164661899815e-01	5.598572163385586720e-01	6.625916919321606091e-01	-2.594450284227836079e-01	-1.717055720414086550e-01	2.468370110374767945e-02	-2.223255191911542236e-02	1.348241215757522704e-01	-2.703281257731173226e-01	-2.259186721633283934e-01	-1.691452484793049549e-01	-3.260746492151448406e-01	-9.130818202153383190e-02	-3.508390214993135914e-02	-1.618124122710111190e-01	-9.837300826523960595e-02	7.476082967719617500e-02	1.987201651058859986e-01	-1.759376540024665814e-01	-7.069048733053913403e-02	-2.032748443339336963e-01	1.398740050061889895e-01	5.588028285032849984e-01	7.889825763660487379e-01	6.682389204979939379e-01	1.973153250274014281e-01	3.177326264188026772e-01	-4.021014970504255270e-01	-1.964831238335291719e-01	6.359130997387270057e-01	8.662239922430017836e-02	1.044102642762637263e-02	-3.640064170131022958e-02	-1.532749805175005475e-01	2.223603662455756608e-02	-3.180110404525562928e-01	-1.640869959038641912e-01	9.645010994528092907e-02	1.746282032681287788e-01	5.019485994278355401e-01	3.721739882178094413e-03	2.004404933873578099e-01	-2.488658313644300235e-01	-1.638674390483638998e-01	-4.215878818436799569e-02	-1.469495997644713337e-01	8.336941853461689311e-02	-4.365963155106956095e-01	6.917194777524166005e-02	1.192857199182811578e-01	6.195547831606744715e-01	-2.885415905384577581e-02	5.196940080855588784e-01	5.810876440049921043e-02	-3.869969137124359970e-02	5.899616463156712731e-01	4.312210036355093763e-03	-8.155460040318110448e-02	-3.961922693790392858e-01	-3.282981344836630178e-01	-2.111307073329747319e-01	-4.626865068610845344e-01	-1.300129810690516530e-01	4.603675706746885865e-01	1.547183906901296035e-01	-4.104761634408032323e-01	-8.140149567173569911e-02	-4.628009344777216927e-01	2.637195301869295350e-02	-5.045293965155285276e-01	1.085364617113518393e-01	7.468690588617579174e-01	1.000000000000000000e+00	4.531780553309087134e-01	5.202984373249898153e-01	-2.830979925017966248e-01	5.507646901132562389e-01	5.154008366466222152e-02	-1.773960309744925801e-01	4.396243267659864506e-01	7.798035212550355477e-02	-2.664823360615738990e-01	-3.175275708087162974e-01	-5.649779247182641351e-01	7.673928769749798207e-01	5.030966960792301323e-01	-4.562013086994308464e-02	2.692211020526137991e-02	-1.197935325255384681e-01	2.404396460001568814e-01	-1.701367574280078232e-01
-1.254131257061804616e-01	2.965894867520421641e-01	-2.005137960723618329e-01	-1.369707628592772009e-01	7.203371089426381657e-02	1.275025721887913799e-01	-5.399591954879180006e-02	-6.497201226726356804e-02	-4.346828532640584219e-02	1.259528816652264183e-01	2.912532119566518252e-01	2.193222695256881738e-01	7.543694152741975412e-03	-1.592191651354365189e-01	-2.920673967358324297e-01	-2.487153395505457276e-01	-2.347467675511394625e-01	-1.411443542402945617e-01	-2.147215817337170402e-02	-6.138931591301007712e-02	6.235844341235516342e-03	-1.401922621569985927e-01	3.015465022779967308e-02	-6.508707202541816339e-02	-1.128875964325260634e-01	-9.963533129355380685e-03	-1.248510109332534035e-01	-2.373915616059103229e-01	1.922677081684776024e-02	-2.059878114367922619e-01	-1.318237944226584822e-03	2.306012195595950054e-01	2.498015123399804915e-01	-2.464271668772554935e-01	-2.339745830176891417e-01	-2.356515518529090913e-01	-1.239613130543840008e-01	-1.332368232104085282e-01	-2.653930395667302711e-01	-1.010934436051926788e-01	-1.138770263415541106e-01	2.905894711208166503e-02	-2.877371101986107016e-01	2.011455812918134245e-01	4.005549277288875110e-01	3.660194626246494193e-02	2.725751292971625994e-01	5.254361412190838854e-02	9.470070826052984225e-02	1.362792664200510595e-01	-1.382969247352738296e-01	-2.643775714769627250e-01	1.177414126930780430e-01	1.173400308992787605e-01	1.642043587288364304e-01	-8.532925368690683077e-02	-3.389137826230486650e-01	1.251085579239805123e-01	-3.489041125555022993e-01	1.540013107992148356e-01	-1.438808226061513984e-01	2.029203669701052856e-02	-1.843418893833105587e-01	-3.998409316424933468e-01	-1.595741379595743137e-01	-6.434752447895666916e-02	-1.779713865431074293e-01	1.456913029072463006e-01	-2.641282518486497422e-01	-8.862853996064699869e-02	1.417647912345040284e-01	5.676524069904181902e-01	3.831968345874914306e-01	7.881577237397924263e-01	2.400651453455892037e-01	-7.345014053920070896e-02	4.208878324714674934e-01	4.844749852540345403e-01	4.644812727972046917e-01	2.932894936442287381e-01	2.144785394051922645e-01	2.394556704227466526e-01	3.954203325489295123e-02	-1.181420192291348370e-01	6.644886438363391268e-02	-1.246494987148377975e-01	3.037403869757825947e-01	1.076278721749311246e-01	-1.889019176454523330e-01	-1.337670937876197785e-01	-2.347892788797138752e-01	-9.518754794723206791e-02	-3.942684665454304627e-01	-2.682980551038035566e-01	-2.045926881384134421e-01	3.486297802040050908e-01	4.692495286383615016e-01	-6.118372293927810263e-02	-1.031915156886183821e-01	1.129552973664041948e-01	-1.241786535035838135e-01	-1.227858603529942000e-01	-2.647367921639837141e-01	-7.249818368282742731e-02	-6.384108019951995061e-02	5.974907674649448941e-02	-4.582351437748877904e-02	-1.081916043763114614e-02	1.159084359015253307e-01	1.494600804900665936e-01	3.117527340684257409e-01	3.443923636856488502e-01	-7.470908301406335716e-02	-5.711919728987275430e-02	3.675429636153237922e-02	-1.224798944188961597e-02	-1.867038025593069708e-02	-1.190660383860259880e-01	-3.688904855995036453e-02	-3.307769274424711414e-02	-2.607129558172205930e-01	1.231281119862873401e-03	-8.076684870595075838e-02	-2.058607729126766817e-01	4.627461361879648544e-02	-4.753985652251340246e-03	-2.510142569260015444e-02	-1.404609583762194969e-01	-2.338089640170094574e-01	-1.517381975668767591e-01	-1.842658005082020989e-01	2.697018538046491165e-01	3.011138632177524643e-01	1.149412966869484826e-01	7.086642386752936562e-02	-7.955501927185197608e-02	-3.444004322419031427e-01	-2.260842648246035314e-01	1.643687506213150629e-01	-1.180200575706106120e-01	-3.378190295141396404e-02	-5.743061935258634426e-02	-1.026079728038422761e-01	1.598951724371549532e-01	-2.224130042511955896e-01	3.202571284630812559e-02	2.758727431377238082e-01	3.637556184272115467e-01	4.847701365302532484e-01	1.141153576350144860e-01	2.816083707052945417e-01	-8.875577614090245093e-02	2.286532836574966532e-01	2.918606242464927281e-01	2.420324786266089545e-01	4.395875646376185553e-01	-3.506112352638132146e-01	-4.855595742553091981e-02	1.134224689971542605e-01	2.321736744703445376e-01	8.329410780764447131e-02	1.957532337229430375e-01	-4.217161543320160910e-02	-1.991370226506520569e-01	1.711183719949509463e-01	-1.571421356513229561e-01	-2.303151131968609877e-01	-2.842155562805457891e-01	-1.624415088753591307e-01	-5.206993149476790705e-02	-1.661603163814789064e-01	-2.545916179702933380e-01	3.786024389282185987e-01	1.427439831516350288e-01	-1.340294161550150964e-01	2.527581903808183775e-04	-1.129651359162898161e-01	-7.359800419511877689e-02	-2.032679836043308486e-01	1.701783058374828905e-01	6.195172524133332193e-01	4.531780553309087134e-01	1.000000000000000000e+00	3.542399667755160575e-01	3.222659726557893650e-02	6.168040735439599409e-01	3.797054867880596540e-01	1.769991324824443102e-01	1.973082836549558128e-01	1.783279266675529551e-01	1.050867628589244457e-01	-4.853317363493730302e-02	-2.198165281425681628e-01	3.585851443996058707e-01	3.662079279594111503e-01	-2.417610342024181236e-01	2.101028215255483222e-01	1.277383603292299996e-01	4.823303108427803854e-02	-1.982150688258242088e-01
-4.123782431456876063e-01	3.272415356412390341e-01	-5.694290456088957342e-01	-2.598892288348584878e-01	4.460305486213314574e-02	1.329325029376616715e-02	-1.814689757907431422e-01	-2.196722350494369758e-01	-1.523826422261837232e-01	-1.469290937535862041e-01	1.664542551016336136e-01	-9.505080627835023332e-02	2.669257543633574148e-01	-7.663634264267217555e-02	-2.110030588876225521e-01	-2.126513651899307467e-01	-5.437860366172598409e-02	-5.245832179126817124e-02	1.494826417588515088e-01	6.153385095498924845e-02	-3.821143433726892358e-02	-4.369639036547559607e-04	1.069871690690440275e-01	5.229483667792575625e-03	1.191177732343632212e-03	-2.859841437399650299e-02	-3.962161211606619882e-02	-8.743545011410577827e-02	5.770143220103429726e-02	-1.896811550309539796e-01	2.384295035950580732e-01	2.503998965879110639e-01	3.080636220140910986e-01	-1.547041869118119528e-01	-6.136911730267664844e-02	-4.932872426780655906e-02	1.556324102281457511e-01	5.913113983225466025e-02	-3.447380640729757473e-01	-5.029804889199991635e-02	-6.527868236142141123e-02	2.611608715701102187e-02	-4.115978312013450768e-01	3.221325961994704334e-01	-4.732204403197985687e-02	-1.018118997276064031e-01	2.254949952681289116e-01	-3.048619442839706900e-02	-1.399666359010786898e-01	3.523703012936503509e-02	-3.495280639095332820e-02	-1.536015619805042587e-01	-2.948377857258209847e-02	8.647608470550632864e-02	3.349637958260209825e-01	-8.193357249159281819e-02	-3.717814503049360342e-02	-5.702953199913315951e-02	-1.066055566538736399e-01	2.151027635900208332e-02	-6.165101140248335776e-02	-1.879697052400978174e-01	-2.961567917605830713e-01	-4.150107711718946657e-01	-3.603453209586242045e-01	-7.036297577441356921e-02	-1.688345302723449348e-01	2.378545119770511529e-01	-1.632961205443876629e-01	-9.078332922007650851e-02	4.848515300831423430e-02	3.249282669625946918e-01	4.131029865585617578e-01	3.661952859713434316e-01	4.563996667387966166e-01	2.726549468215501079e-02	5.642502719045513482e-01	3.655629920133633970e-01	5.232160551014027883e-01	1.203227278542700618e-01	1.771121710490367041e-01	1.665825460316314455e-01	2.122452165342465502e-01	-6.542040443999505572e-02	9.418222425147326771e-02	-8.987922544373458389e-02	5.643112372474987648e-01	2.436376503805214588e-01	5.774729390933496659e-02	-2.596303713216488104e-02	-1.507239036432914958e-01	1.482497139435839939e-01	-3.451054187139082630e-01	-2.032661417916584168e-01	-7.718732279338862134e-02	3.545515112660146961e-01	2.649735615130847655e-01	7.324233500254268003e-02	-9.034564213826833112e-02	4.387627174629077365e-01	-2.614040226198574568e-01	-3.124162406791868365e-02	-4.905916653039807951e-01	-7.286800383661898306e-02	1.112662487014383639e-01	-1.659726819343159965e-01	-2.712445892503248523e-01	-6.922195346242331071e-02	-1.754434443685345124e-01	-8.834545098554785758e-02	1.113134343521145070e-01	2.037211493027776543e-01	3.460025849377709045e-02	7.495344964999835213e-02	2.468297572655960559e-01	-6.373688468559793319e-02	2.386613187337359165e-01	-1.004196218314228617e-01	9.067608139615757068e-02	6.552027082297874616e-02	9.598516750095993644e-02	2.601497639446158638e-01	1.535406721639724914e-01	-3.430416707566463080e-02	2.344199526568686853e-01	1.351816490160574202e-01	2.107623576373880148e-01	3.658460208440560135e-02	-3.235594815037191874e-02	-2.841488224794615214e-02	9.774603600041964491e-02	6.929945391591590953e-01	3.247363945357682469e-01	2.635979455606512478e-01	2.661668425878209177e-01	2.592519995648436271e-01	-1.540459222739264944e-01	1.217652236163498936e-01	5.011082105941057074e-01	2.617703090961833734e-01	-8.615913319743645493e-02	1.473948589364041939e-01	1.470226458322176910e-01	-1.072883276091729510e-01	-2.362172279255110585e-01	8.182956891607476302e-02	9.638304502214847802e-02	3.772084299129755403e-01	3.186001708459413329e-01	8.950429247985702830e-02	3.832725858690761434e-01	-1.439122082447895079e-01	1.170596747333043502e-01	1.744526618291230291e-01	6.024890913502090745e-02	1.782690137362152316e-01	-3.036800524826295256e-01	2.033588636975764696e-01	1.617177825130609314e-01	2.152147841210952650e-01	-4.118335190184631983e-02	1.727786310506529699e-01	-1.751661604085855417e-01	-3.739503216632003579e-02	2.357502871596966754e-01	1.950058029119255409e-01	-8.292981272780391988e-02	-1.344314842332615043e-02	-2.605366580919138766e-02	-9.270472814886870916e-02	-4.427408756435190912e-02	-1.707396278646830245e-01	5.024692940739933222e-01	3.492115274886828380e-01	-1.891475937848774436e-01	7.751521997090218830e-02	-2.207695258105978053e-01	9.322192764857155367e-02	-6.805626714621917928e-02	3.110706128859878072e-01	3.163223885798525647e-01	5.202984373249898153e-01	3.542399667755160575e-01	1.000000000000000000e+00	1.523090175245343618e-02	5.959695708649868084e-01	2.115957282051144084e-01	2.268265168642731242e-02	3.668747734895902446e-01	2.492373836832925127e-01	2.342841222150264524e-01	1.473306242278428491e-01	-1.042344801504919288e-01	4.609591439451398154e-01	3.637187267093367482e-01	-7.039061950023063619e-02	3.488371431289595259e-01	3.788152515769397516e-02	4.060440418320431233e-01	1.016478702884034691e-01
-5.610288568730906894e-02	-2.187725314470373994e-01	9.899516349841050444e-02	1.783068037702790765e-01	-3.341173308067809100e-01	-3.545797636142789533e-01	-3.022192634915472631e-01	-3.558705717146503633e-01	-2.893101760318728677e-01	-2.573020625389100813e-01	-3.827723591640626588e-01	-2.629258308564754176e-01	-1.219278848496304496e-01	1.976575692140618012e-01	3.718230852684430154e-02	1.108949214665122807e-01	2.044158365247155384e-01	2.518192576880980416e-01	2.180581162239922377e-01	1.865480351012338209e-02	-2.798404397221174178e-01	-2.866246974973148953e-01	-1.009491496137705432e-02	-1.963600046289676604e-01	-3.461025333427392714e-01	-2.197069296003204553e-01	-1.218366564524124701e-01	-8.763060506184226772e-02	-2.981527680474001241e-02	2.760134510644386349e-02	-1.135770548938790786e-01	-1.713396340937231033e-01	-3.018289034904919066e-01	4.238733114160986859e-01	2.948028787953755336e-01	3.776937768008798435e-01	1.965441514537725198e-01	3.553451530304790884e-01	2.750648844972530260e-01	-1.923624116166736397e-01	-2.577252590203110705e-01	-1.797262883891167715e-02	5.103041306663518017e-02	3.324833497414474148e-02	1.509702587579618040e-02	-1.326487687433192120e-01	-1.618971257508152184e-01	1.699503106280753628e-01	1.378980073258061212e-01	2.548576076055988557e-02	-2.438958131623684689e-01	-4.162686917961276323e-01	-3.610851793645748486e-01	-4.064976732954194705e-01	-4.634079426153071557e-01	3.001587272651645363e-02	-6.624576607761607783e-02	-2.680209952775233773e-02	3.061439582568293849e-01	3.118140202915323789e-01	2.775541343879165956e-01	-1.090813012205948812e-01	9.234718208328623890e-02	1.263218893713471958e-01	2.962791185599751298e-01	2.259409693338783331e-01	-1.674525240687712857e-01	1.484483757406717397e-01	7.158135960629068151e-02	-2.236872861366880159e-03	-3.163042084218207761e-01	-2.676775410309018000e-01	-7.978207468146254755e-02	4.583714778684710306e-02	-1.627006023237176080e-01	3.466940404805855525e-01	-1.810980698904385289e-01	7.544211010803412304e-03	-1.394760361994284159e-01	-3.818718471639526851e-02	-3.700413719228656251e-01	1.669771703876242464e-01	-7.089088980924833361e-02	-1.007175476250272289e-01	7.546489171194496748e-02	-1.207314759301549717e-01	-4.937372641081756025e-02	-3.069649276125938075e-01	2.059348606334497067e-01	3.440249169990847178e-01	3.643735746031575018e-01	-5.403682060879325816e-02	-2.331327320399611755e-02	6.016307177963319680e-02	-1.468052362015651313e-01	-1.351635812240783996e-01	-1.184392899698051560e-01	-1.487090432472474091e-02	3.193695782348637130e-02	-1.575260894660333033e-01	-1.434288879196526367e-01	1.424036805065302114e-01	1.042244177663870924e-01	1.983727082007453457e-01	-1.232931919853130359e-01	-4.056169908359597009e-01	-3.310906718664079484e-01	-2.901175220122078624e-01	-1.194951514800777354e-01	-2.279327694316929387e-01	-3.740530717471770572e-01	-4.105223876774186098e-01	2.301423185481845657e-01	2.654528754162766013e-02	1.074110378021213424e-01	9.319806696503948884e-02	1.425963336134941362e-01	2.179403789119099266e-01	2.296319577056772088e-01	4.914878775064158711e-01	3.024072253737435934e-01	2.702901998401486816e-01	6.201263462355825762e-02	-2.588599932338801479e-01	2.114335994692352338e-01	-2.384299938272334274e-01	-2.248378011863899628e-01	-2.391659636797089511e-02	-2.601888684758837944e-01	1.690533367339928580e-03	-1.064212681153866163e-01	-1.550433640927627310e-01	-1.573864580139676117e-01	-4.227589424279402097e-01	2.488423160687478208e-01	-1.011937235654534889e-01	6.061941255695204450e-02	2.266309834099664300e-01	-2.511813824203553147e-01	1.308184768701982914e-01	5.686324357378798044e-01	-4.347015852127526087e-02	2.862407279131338744e-01	-2.445766405612294636e-01	-9.131097809988551750e-02	6.162634908354414423e-03	1.431569217328128862e-01	1.998582983119371048e-01	1.860560347832707351e-01	-5.031838282107871201e-03	-9.749734805573517793e-02	2.819414801990761110e-01	5.856460404745548187e-01	3.447980507381630533e-01	2.017825256828493785e-01	2.046146778194662397e-01	2.018995405564097678e-01	3.024306750908101540e-02	-2.055148227629747040e-02	-4.067158015416357797e-01	-1.306237736087288159e-01	-4.332937494049165505e-01	-3.087902200185367874e-01	-2.012056671571582078e-01	-1.426951560248695960e-01	2.212524299296363683e-01	4.817096888433912705e-01	4.141309156779844347e-01	4.929107372610587179e-01	2.563587890586410678e-01	4.641168359684866296e-01	3.895409913303148342e-01	-3.077139073364337091e-02	2.303485476731804704e-01	6.183970401837264319e-01	4.710330175853703616e-01	4.161654695217210098e-01	-8.929544981825052186e-02	5.542587174621800283e-01	5.719792690674313507e-01	-1.382433043093091729e-01	-2.830979925017966248e-01	3.222659726557893650e-02	1.523090175245343791e-02	1.000000000000000000e+00	1.337453487854915746e-02	2.873013504286949238e-01	1.561295329432814682e-01	-6.156247711664578764e-02	2.070430590711370145e-01	2.610168350238951107e-01	5.032918653707215695e-01	3.863849422356160357e-01	-2.970815252347134838e-01	-1.055123298041054786e-01	-6.410134501162693954e-02	2.241417595455806877e-01	2.750518789108565704e-02	-1.761713217770665696e-01	1.777759977356646939e-02
-2.563224631125955444e-01	2.890737138134666373e-01	-3.494745964974438346e-01	-1.778540163590726642e-01	-8.482472186577676501e-03	-1.570941356481322590e-02	-1.793949352730333235e-01	-1.907319501290510033e-01	-1.571105144885526772e-01	-6.644846075609271707e-02	1.404116780111548946e-01	-2.472555848808990694e-02	1.006463495294828703e-01	-3.703154829846105195e-02	-9.949430514376526868e-02	-1.371259779837724069e-01	-1.575070822484400113e-01	-4.865660514170926793e-02	1.316273479207568931e-01	1.333022910138567108e-01	-1.341294088249806449e-01	-6.721046477432850164e-02	1.421769941404167070e-01	-1.351988346609459823e-01	-2.065547773713615198e-01	-3.769294958536462126e-02	3.349759830546556599e-02	-1.749810737963845841e-01	2.470145911717090345e-02	-3.734778908779476936e-01	-7.474063563893777740e-02	2.324182898688830212e-01	2.273249199915993168e-01	-2.065055127423052195e-01	-2.510272313139658706e-01	-1.897516249756915074e-01	-1.277030854026747590e-02	-7.744814036940465829e-02	-3.031821596492949578e-01	-2.413628169464504258e-01	-1.832291312723197674e-01	-2.882434849384725786e-02	-4.213947476934999381e-01	2.536696662281979764e-01	2.702088568042615088e-02	-2.061910743849158512e-01	-3.612837812424329192e-02	-4.218830831123573238e-02	-1.460828408075677542e-01	8.195773283074934967e-02	-7.356517300115048008e-02	-1.699319307896088593e-01	-6.768401045976737973e-02	3.990752786221694881e-02	2.988722173656667147e-01	3.874963631076944887e-02	-3.935792019346596726e-01	1.880657892606792947e-01	-2.698356224916602097e-01	1.072397946605371660e-01	-1.902067406860667720e-02	-1.589938816028428903e-01	-1.638674169705677808e-01	-4.855953395321933042e-01	-2.869779928287086168e-01	-2.172582476520289185e-01	-5.706920103548972917e-02	2.270691169462469294e-01	-9.646182425121120618e-02	-1.509946875957597356e-01	8.550980698127054469e-02	4.304819054222301378e-01	4.385533307085611732e-01	5.267120046548803280e-01	5.162241730414520724e-01	9.652529254132721781e-02	6.692672957183193327e-01	5.927173647322333538e-01	6.007213816850367483e-01	2.795456000643639083e-01	1.280474839327946368e-01	2.768817012281618029e-01	2.706894309978291613e-01	-9.255294088840648747e-02	2.340006313430998686e-01	4.049368935958319593e-02	5.059270652631561171e-01	1.872363492985246736e-01	-1.507704056867143491e-03	-2.872354137526202805e-02	-2.920074320015512148e-01	-4.793259262278420224e-02	-3.434052628139045438e-01	-3.087749530147842481e-01	-2.422639315950697869e-01	4.067242193476927059e-01	5.191706705558877255e-01	-3.787375022925535545e-02	-3.455474429967680255e-02	3.504297326653202926e-01	-1.917710119068468666e-01	-1.676448342438164318e-01	-3.410991401714077442e-01	-6.262048059634885144e-02	3.294932956757772036e-02	-1.328284596645689375e-01	-1.170171636510756036e-01	-1.160109891909639757e-01	7.330588588085430258e-04	-5.004925424199611200e-02	1.843835483428663824e-01	2.127536311716985151e-01	-1.300009863281662015e-01	-2.927787544112853135e-02	2.072739861210699530e-01	-1.335497377370091672e-02	1.010953869586603618e-02	-6.288882798630604509e-02	-9.685251117356723227e-02	-7.679422018983025899e-02	-2.791539576364550010e-02	1.744747100337725454e-01	5.915731472606913094e-02	-1.553897341154858169e-01	5.438406204895489260e-02	5.738965560807430394e-02	1.138783274922009897e-01	-5.090547434820338890e-02	-8.669389274305436266e-02	3.204798199015296972e-02	-1.654951056478053961e-01	4.246027810313654505e-01	3.949246190089854558e-01	1.235446515233526998e-01	5.534504976388476133e-02	-5.722369890030769984e-02	-3.096533909423176967e-01	-2.094276343188559431e-01	2.739843362263957305e-01	1.013014903404165640e-02	-7.112985330183550781e-02	-8.847382042497232979e-02	-2.011855855120295578e-01	-1.317605011250459202e-01	-3.134868661200995166e-01	-2.182882166584401151e-01	7.377104915818936959e-02	4.420315924020106202e-01	5.246154208855523526e-01	-1.736353259090787637e-01	5.437480606531679139e-02	-2.340685621680274608e-01	1.326631468895773380e-01	2.379593041490625227e-01	3.609142641244213884e-02	2.683044116936897372e-01	-2.501651053582621964e-01	9.131970688271827397e-02	2.053087159604928824e-01	1.604181963159812818e-01	-6.460890586537584857e-02	1.650255787820775755e-01	-2.087744508968622792e-01	-7.787694150566078222e-02	1.894716465186185306e-01	-7.287723813944439744e-02	-1.908226008457075962e-01	-2.953947661407028136e-01	-1.551888738712663418e-01	-1.357521785967441552e-01	2.851181911158982493e-02	-1.087434621472322116e-01	3.971627059688456751e-01	1.166388427088923541e-01	-9.473136247270880217e-02	3.526063089281084029e-02	-7.638960047606713211e-02	1.419843781124511817e-01	-1.554432999526071113e-01	3.374122954202534719e-01	4.586564801226813426e-01	5.507646901132562389e-01	6.168040735439599409e-01	5.959695708649868084e-01	1.337453487854915746e-02	1.000000000000000000e+00	3.334673423425769667e-01	1.055374619153432725e-01	3.197427538415169579e-01	3.600529252697998173e-01	2.346758123709810073e-01	2.931776415121430807e-02	-9.460903672211146143e-02	4.667697327355523895e-01	5.290787846931677141e-01	1.194104036826440507e-02	3.951489372032063740e-01	-6.484995595935366675e-02	1.034339751644892252e-01	-2.214595817804519973e-01
-1.685386699258131227e-01	-2.849864843111666116e-03	-3.087848055844378825e-01	-1.946405990245841933e-01	1.739385764005286356e-02	2.441909768188383137e-02	-9.298527426734763679e-02	-2.072496164558730591e-01	-1.756112054745193884e-01	-3.601885180572064055e-02	3.414319307954484517e-02	2.322234534950631812e-02	1.456391706442907719e-01	-3.282193009829614122e-02	-7.105357782685957357e-02	-9.935164466946098949e-02	-1.074333926210996049e-01	6.315009854903035069e-02	3.442001026270184449e-01	2.572483999931267640e-01	-2.259776186637650619e-01	-6.171013724969626191e-02	3.012907786745654959e-01	-1.471161338050986367e-01	8.747920864854380127e-03	-1.209914658483782733e-02	-2.480338117793567249e-02	-4.537452778066342063e-02	2.611951491595186914e-01	-1.750006876211229467e-01	5.984617635387021878e-02	-2.552418794252973161e-03	9.438573469620797907e-02	-2.415542579753136576e-01	-7.025597193468122170e-02	-1.312421759793191423e-01	4.390340477956268701e-03	3.930669205861405530e-02	-1.144172093894067627e-01	-2.825081925277003192e-01	-2.620207045686834615e-02	8.423611165673522416e-02	-2.296892038197053121e-01	3.100155042469289746e-01	4.896437058403727560e-01	-5.046250350448030358e-02	-7.061035285521063964e-02	1.098932105082127825e-01	2.205281150591733436e-02	6.398425830251782687e-01	-8.359347247595423636e-02	-2.298481356160402556e-01	1.314481981632263097e-01	1.673208199632676418e-01	9.055436623272471175e-02	1.791240529943344539e-01	-1.782157737596805347e-01	-7.810487626561731823e-03	-2.124436647497001118e-01	-1.039605192707190318e-01	1.669357547922053209e-01	3.368703055578214228e-02	-2.368218524981548570e-02	-3.682548369409733430e-02	-1.290658552499292754e-02	5.714875096385724218e-02	-1.067173220717136384e-01	5.150542948998886733e-02	-2.720140682982197800e-01	-2.514773647382571031e-01	1.088494597787724033e-01	7.911584082382303040e-02	8.579641777836223560e-02	2.733807335111240189e-01	1.453418063905318747e-01	1.524443599476464906e-01	2.196715307700737585e-01	6.079551803531958454e-01	1.140321883811786091e-01	4.657561977471269543e-01	2.391355602793250601e-02	6.913834283260645863e-01	9.959531237552160521e-02	4.607075942193177009e-02	7.090689070973463064e-03	3.969761736307624717e-03	2.006886468995148221e-01	1.773126451192159336e-01	-4.199719136784940687e-02	2.849985548092702770e-01	5.607641135123094672e-02	6.236292842826481053e-02	-2.642682398983028369e-01	-2.241240779229963509e-01	-2.864428387142448074e-01	2.800086983664955564e-01	2.294596200341209868e-01	3.563958472499866303e-01	-4.125008551868162426e-02	2.370191796769398340e-02	-2.489703355446272748e-01	-2.026308037035199142e-02	-3.263364941322542401e-01	-1.813735449207755923e-01	-5.166063922083895948e-02	-1.779566246904603910e-01	-2.210802202377029901e-01	-7.690987215502681495e-02	-2.608983620758432292e-02	-9.169204189638907598e-02	2.501289119633538088e-02	9.351307476240186545e-02	1.136055155550761558e-01	3.588640268368063768e-02	3.053415189891764969e-01	-3.825407188529520407e-03	1.117218947398439521e-01	1.091589390593081244e-02	-1.432684090466916638e-02	2.089070041652176246e-01	4.670355422688250019e-02	3.621404439979338807e-01	1.724603747101595974e-01	6.968878639658686314e-02	3.541136073797738759e-01	1.195979290458494965e-01	1.300424954812433032e-01	4.635776083406085296e-03	-1.904725385595262832e-01	-2.831921334941410462e-02	-4.439751314102797358e-02	1.636387736562424366e-01	1.541810626859829447e-01	-1.083126116694651218e-02	-1.403713620362943663e-02	-1.775720035372335692e-02	-9.629643740612051084e-02	1.056699316664681254e-01	3.727403332385275520e-02	4.416765398918921781e-02	5.470743089616289523e-02	-1.393310903408448431e-01	-7.384271259170409329e-02	3.585985082603231761e-02	-1.291491492697762478e-01	6.712736685335753128e-02	4.189026571303759439e-01	5.399011874822930990e-01	3.185522079844658183e-01	-8.299949939089795725e-02	5.587046615215233297e-02	4.665855547320733182e-02	2.216301873315373594e-01	3.764473069163054020e-01	2.111558108917560850e-01	5.493664098421100483e-01	-2.860394217330289313e-01	3.445648100700875183e-02	4.328144355861011650e-01	5.877158021773656177e-02	2.453664455530164268e-01	1.375171951992612829e-01	-3.414589691243606617e-02	3.895486852127062055e-02	5.724489529949878391e-02	4.725441780777631107e-02	-7.407066142011910388e-03	-1.053951659330138249e-02	4.453349581817178313e-03	2.688233684982625493e-01	1.598638627393650924e-01	-2.453017734710459183e-02	2.778565580842705662e-01	1.336910880663692847e-01	3.935370250821852017e-02	1.898805694006310829e-01	6.939306369813097453e-02	1.464820079880642945e-01	9.716565290358973594e-02	3.272613859357418886e-01	1.017932216810558538e-01	5.154008366466222152e-02	3.797054867880596540e-01	2.115957282051144361e-01	2.873013504286949238e-01	3.334673423425769667e-01	1.000000000000000000e+00	4.533271170521999682e-01	2.923260838825781360e-01	2.198110387216086481e-01	1.823306020466574917e-01	1.600751791673682700e-01	-6.411652534906378542e-02	1.998402371371600927e-01	1.280604833883949856e-01	1.102587567172176987e-03	1.677784801794948710e-01	-2.368985278844274248e-02	2.832222376705427133e-02	2.443262605282868483e-02
-3.424504816207702557e-02	-1.596674438123416861e-01	3.761031578224948140e-03	1.182173835492844882e-01	-1.866018378455902293e-01	-1.904735291097645611e-01	-1.250083898491580192e-01	-1.877593454553000141e-01	-3.436053545770640510e-02	-1.942943464327495928e-01	-1.625337448985066935e-01	-2.140418957515660414e-01	3.026549988788743706e-01	1.803798323499383460e-01	1.513654791104903086e-01	1.478176077622884721e-01	1.632328432751530833e-01	3.922812622067894939e-01	1.467830643567922533e-01	2.016746475822031037e-01	1.260617708352170518e-01	1.338503420014332812e-01	2.533596538401955423e-01	8.021701099287516235e-02	-7.849738681478148072e-02	1.034687124687660581e-01	5.865020767005674901e-02	-2.502733770522115250e-02	1.160046629167501772e-02	-5.575502482256427389e-02	-9.488519690608356039e-02	-1.579788930898238242e-01	-2.082340145575134194e-01	-2.111543508276352010e-01	1.544637150647747278e-03	3.474481113078924099e-02	1.382145459757025130e-01	3.896919938569674002e-01	-4.964151290651433457e-02	1.171941640999436124e-02	2.336852720051239007e-01	8.038838175655420304e-03	-1.602660900031201430e-01	2.676888026894658212e-01	4.535709818568960383e-01	1.872499151127517136e-02	-3.110891778009283737e-02	1.231356129352123401e-02	1.614385818292472241e-01	4.621711419283401900e-01	-5.909337952498696506e-02	-1.702611953784676224e-01	7.806994455663947285e-02	5.925958150135615665e-02	-2.744179662036820844e-01	-1.487270049183353759e-01	-2.015163842481148271e-01	-1.795432991237944920e-01	-1.739966084534125268e-01	-1.960803329343195067e-01	1.288136114820868650e-01	-1.476098561230425044e-01	-1.634016384769072239e-01	4.023734887496125540e-02	2.687987866697818303e-03	4.126160252829579322e-01	-1.863368474669614139e-01	2.102323775790000682e-02	-2.559217858831949188e-01	-2.292736097593820188e-01	-1.999466935666618650e-01	-1.566888630229321122e-01	-3.825499435702224560e-02	2.222761514633673219e-01	-7.210302425071338228e-02	1.821772003307688959e-01	7.431734368456570372e-02	3.732722294459172585e-01	-6.459124788007350459e-02	3.150642588284891521e-01	-2.506900639357705352e-01	4.411272206299849397e-01	-5.814266777577648676e-02	-4.264395669552361462e-02	2.577181033207162630e-02	-1.074653382919169564e-01	5.841005683241896895e-02	-1.508665521863809811e-01	5.352487795056304343e-02	2.720950489707811282e-01	1.197945455009142846e-01	1.484279555942720208e-01	-8.421404927870994317e-02	-1.375075058096779032e-02	-1.908909614900353158e-01	4.610606343673325641e-02	1.760870089527256654e-01	2.227459257717923913e-01	-2.052648573994786951e-01	-8.185500246310885297e-02	-6.351969084188290038e-02	2.787995711123761877e-01	-8.064426671995057749e-02	1.343919637891547447e-01	5.647506845991865504e-02	-1.870676175051628476e-01	-1.547295002324499402e-01	-1.291774302388875306e-01	-2.088040859407999106e-01	-2.471039451665447417e-01	-1.852050543349318679e-01	-2.081400918125921040e-01	5.300997616649961997e-02	-9.096032752090797702e-02	1.937554880836800109e-01	-1.261913576125425485e-01	-2.021398018153156007e-01	-5.468911057680581056e-02	-1.408264261007405489e-02	1.419697271739176481e-01	4.048594097104524919e-02	1.086377181954911314e-01	-4.886409703735800081e-02	1.293689959132288403e-01	5.608911369570050015e-02	2.014870412284927859e-01	1.014858420416809015e-01	-4.468225049446575281e-02	1.510795091765862290e-02	-1.345770677083707803e-02	-2.558238646064103228e-01	8.797577922054371224e-02	-1.725221821208203776e-01	-3.372258229542084429e-01	-3.301070503383400356e-01	-3.375769620148396655e-01	5.380998614190256324e-02	-1.172120733925137437e-01	4.180983236685692495e-02	-3.677171964122585845e-02	-1.182908385547899593e-01	1.112493410733519789e-01	-5.465558282616762159e-02	7.230058860142546395e-02	1.121908574994941177e-01	4.383707613631342148e-02	1.676214938980007951e-01	2.173460280405618839e-01	1.694661499050075515e-01	-9.865210809839274064e-02	-1.027156976664999749e-01	-1.099387727896239259e-01	1.027960942721041215e-01	2.012912514442234124e-01	8.530551926076825053e-02	5.003505866584606609e-01	5.295201202540059104e-02	-9.866861932572987270e-02	1.977771026775703989e-01	-2.555346330518235565e-01	2.873106859488371856e-01	-1.056308068734942568e-01	7.037385465433503018e-02	5.788567022383830918e-02	-3.568493846273415593e-01	-2.680708551032593978e-01	-1.432726312256729639e-01	-8.792070015729631927e-02	-2.081772406084696561e-02	4.434016717658799123e-01	2.212273547525997197e-01	-1.671840342141769631e-01	-3.358623899536367086e-02	-1.152126062421438141e-01	-3.786204767684799022e-02	-1.135076615475624912e-01	1.929938342349764580e-01	-6.543755709237711327e-02	7.981211556816722452e-02	1.409022072010418236e-01	-1.448148651268291454e-01	-1.773960309744925801e-01	1.769991324824443102e-01	2.268265168642731242e-02	1.561295329432814405e-01	1.055374619153432586e-01	4.533271170521999682e-01	1.000000000000000000e+00	-4.000663881777122982e-02	4.824163124275637066e-02	2.706125922382576210e-01	1.307476680578555095e-01	8.871380609223358804e-02	-1.107604533293887333e-01	1.090345057739671303e-01	1.317786609044774015e-01	1.137449955823902209e-01	-1.194856289065262395e-01	-4.976955624116393556e-02	7.425385914471603101e-03
-4.822579185897762355e-01	1.138435909491801457e-01	-6.818340844567188919e-01	-6.873535458941553156e-01	-8.298001127527081938e-03	1.921450547198802483e-01	-2.734016441543042353e-01	-2.585043275220287873e-01	-2.393218562448762576e-01	-1.196804028390842795e-01	1.573581693685675853e-01	-3.243279706283491021e-02	1.660790953452728480e-01	-2.632368173586676074e-01	-1.983560203706862674e-03	-3.165366464555821602e-01	-2.519430888338952679e-01	-9.831980396265560529e-02	1.397394644108983577e-02	1.895537347799899353e-01	-8.416737718822302206e-02	-1.658139951514652627e-02	8.848768447582225360e-02	-1.290812206422002062e-01	-7.506028688134971927e-02	-1.710419638690446054e-01	-1.085732446375575477e-01	-8.592072774069793584e-02	1.484199890363850083e-01	-4.182479960097186811e-01	-6.400218439913521462e-02	1.415947885798112815e-01	4.286733626133921726e-01	-2.952221024356115886e-01	-3.005455415945441078e-01	-3.578562935404668854e-01	7.044623448049840142e-02	-3.974396168377228866e-01	-2.791914882350669536e-01	-2.549992367794435832e-01	-6.335572514143336664e-02	-1.618585063764290677e-01	-1.830562693662738660e-01	1.012593509561189598e-01	-2.577002771836529871e-02	-1.310221744974436053e-01	-4.465620838065707116e-02	3.759628280851026738e-01	-1.151249127541198597e-01	1.474417040999626838e-01	8.841148399839798833e-02	2.214317946299217132e-02	5.069164450434074931e-01	5.492375806018578999e-01	5.756700521409199300e-01	2.041009393205821254e-01	1.640044669105361896e-01	9.613619578460977366e-02	-2.555559864745635679e-01	-2.835372475970103778e-01	8.149118130494808002e-03	4.020381539223438216e-01	-4.219790109593720556e-02	-1.451660038020801402e-01	-3.528859055110847853e-01	-6.912742719678621750e-02	8.749211752997488808e-03	8.410789961764371381e-02	-6.698370479330095772e-02	2.468906725159916438e-01	5.931909646184436724e-01	3.726713055293626731e-01	1.539864602215694489e-01	1.453948284830851589e-01	4.550065184526653206e-01	1.903272003435737825e-01	3.712271524114985066e-01	2.299575833222009813e-01	3.905654537201153631e-01	2.823459614943324980e-01	6.827756957252713033e-01	3.755757671025922728e-01	4.304315736941071724e-01	4.613450556245875522e-01	3.131908537879894705e-02	1.197398508915204357e-01	2.754587404685819862e-01	7.939553151218891047e-01	2.840414680500409628e-02	1.876028410800353041e-01	-7.788833159048846877e-02	1.113529476939951746e-01	-2.373500311776495786e-01	-6.203949767619505729e-02	2.107066797726661889e-01	4.869611582305813924e-01	7.586345730101388962e-02	1.009845877327741059e-01	-7.820357729281129933e-02	1.399377038685860608e-01	-4.255345177824243486e-01	-5.967530693135175701e-01	-4.797056109509809096e-01	-7.214949648822676087e-01	-3.743891888298835346e-01	-1.549536194168073255e-01	-2.220602446605551561e-01	-1.431326420800747290e-01	-1.488747457591860779e-01	-8.265977842500123185e-02	1.382174695345005366e-01	4.262929896154278864e-01	-2.086409583257749223e-01	-6.074987316614354621e-02	1.424058556679068666e-01	6.496675330415501749e-03	2.467482385195092776e-01	-1.991503328848427123e-01	-3.388142133614957530e-01	-7.865387329575899977e-02	-1.401272954711045571e-01	1.625169990602753356e-01	2.576184432974606975e-01	-4.568267215462306491e-02	1.012682887611571908e-01	4.516702418862263840e-02	1.957232211037289726e-01	-2.006780885953115545e-01	-1.607570120814395820e-01	-2.025307782374921872e-01	2.012036251195662706e-01	3.249460278449367578e-01	4.348378366891527680e-01	5.306194414585712060e-01	-1.407917208689085133e-02	2.510417956775455872e-01	-3.268904764920340100e-01	1.869380271149597983e-01	2.354291628716277951e-01	3.146973269516684796e-02	-2.254843257338576962e-02	-4.092326388905206253e-02	2.522141031726820790e-02	1.622001322500485898e-01	-2.242469146898734278e-01	-7.551373858606337530e-02	2.292453803967883091e-02	2.498243395535217071e-01	1.263242859599216783e-01	1.110940690241555943e-02	2.606409887550100724e-01	1.579998248715574483e-01	1.260693176379685532e-01	4.171490712290060882e-02	-2.601872480851269431e-01	2.891295353149042624e-01	-4.051737609690113651e-01	2.637482605643163835e-01	5.030107344955717652e-01	6.864694205993479015e-01	2.523192316354575526e-01	6.521887586730668041e-01	3.101909177638283444e-01	-1.319774754335237277e-01	4.908648884112067345e-01	1.254934376703645826e-01	-1.095029199270766695e-01	-1.383717478990360572e-01	-1.468178487898647855e-01	-7.110656476221195732e-02	-5.949928893343268965e-02	4.070819379760332035e-02	5.761885904495320787e-01	1.218018294665898643e-01	-2.139802805090699755e-01	2.122665458132879934e-01	-3.203606286031100980e-01	4.461104519068779806e-01	4.940448185991429958e-02	2.931845636706129077e-01	2.722087625459069793e-01	4.396243267659864506e-01	1.973082836549558128e-01	3.668747734895902446e-01	-6.156247711664578764e-02	3.197427538415169024e-01	2.923260838825781360e-01	-4.000663881777122288e-02	1.000000000000000000e+00	3.746687236605839577e-01	-7.153522641933188209e-02	2.217413586422980198e-01	-2.374234634270871447e-01	7.158331456364978029e-01	3.169763368139698334e-02	-1.480447539983015259e-01	-5.586458840371836404e-02	9.164717000708735850e-02	2.299010606221481567e-01	-1.033841076101787715e-01
-2.723028957639673786e-01	7.717983065269945139e-03	-1.734863618364321236e-01	-2.514030006168340714e-01	-2.440169516583084175e-01	-1.812312667720143433e-01	-2.688028717730678863e-01	-2.415246433812110460e-01	-3.295856923143792305e-01	-2.955838445527518288e-01	-1.384769996889416432e-01	-2.554803362680088674e-01	-3.560576480444748088e-04	-3.521932268878600475e-02	5.640032438602951559e-02	-9.104519040395725460e-02	-7.364969508578438073e-02	8.224923993529756339e-02	2.372507636402342857e-01	2.951370294744528056e-01	-1.008079124197618637e-01	7.029555934625530966e-02	1.185549380673514980e-01	-9.073942413226544768e-03	-1.190206751374767863e-01	-4.655414044337930629e-02	5.565982903553555461e-02	-9.331207659675949673e-02	-1.449110702311650622e-01	-3.363294276993547549e-01	-1.816174598944328977e-01	-1.509072948324296504e-01	2.392969494603724989e-02	-1.426068826261829570e-01	-2.598568837633896123e-01	-2.021826116960002140e-01	1.851167470068522392e-01	8.691221385487334083e-02	-2.260741034866890764e-01	-2.403252012080995537e-01	-1.158359845602016935e-01	-1.267295360924489689e-01	-1.808093818056664137e-01	1.730964897550101023e-01	-1.367198095439562944e-01	-2.198171562849402516e-01	-1.146944094327518593e-01	2.095432961503218283e-01	-2.829987788718071329e-01	7.326944367242872735e-02	-8.849711664660855903e-02	-7.825763564026018415e-02	-1.982352892556126997e-02	8.609967585228418818e-02	4.570992015046295570e-02	3.499674640661054603e-01	-1.401413629624864154e-01	9.524139275405961447e-02	-1.820948039866977786e-01	-1.424647129363902365e-01	-4.105001714880078534e-02	-1.354084182591095697e-01	4.355840978238940953e-02	-2.187763448638315178e-01	-1.501425851102872189e-01	-2.128309367688397402e-01	5.314151366725987369e-02	4.009866632179524548e-01	-2.024962917946853888e-02	1.442820220714465841e-02	1.105133250474127915e-01	9.988832508274925193e-02	1.778257099252944506e-02	1.706548174011091601e-01	4.386016473776909175e-01	2.575625654610961268e-01	3.094341668918609844e-01	2.756735326174471479e-01	1.989208899912747186e-01	2.176595834443278699e-01	1.090163458509788991e-01	3.381024763337702188e-01	4.031071711973742144e-01	3.368000852220366936e-01	2.990907777148070212e-01	3.533033147133792240e-01	4.880600297393379861e-01	2.334835584188549584e-01	2.970730537442312635e-01	3.239890863966128354e-01	1.382150266999905841e-01	1.089621551724173354e-01	-1.155910728695501988e-01	1.241578738477588928e-01	-1.268238677579092699e-01	9.425931176813978629e-02	-3.326284225256637833e-02	-8.277208241750950990e-02	1.788798363416883863e-01	2.523452553057961567e-01	-2.880502741477419248e-01	-1.783871301500129514e-01	-1.655352879659777732e-01	-1.883173342352374990e-01	-2.179884283571141002e-01	-3.273014158031371523e-01	-2.771169733370958954e-01	-3.758066821954003656e-01	-2.307937044448654940e-01	-2.850518183585151744e-01	-1.438638658370094969e-01	-7.816767169137542326e-02	-1.267565841544847360e-01	-9.243017551664865772e-02	9.940412137612467114e-02	-1.391830852913238936e-01	-2.205702520962057531e-02	-1.507428793354310612e-02	-1.982022089538188203e-01	2.417705981229123502e-02	1.049736913798170884e-01	2.529408253475718404e-01	2.008584093039595952e-01	1.019656492137706490e-02	2.535571351634388071e-01	6.723764717109553812e-02	9.908886492850275951e-02	-4.184984219854915449e-02	-5.650482775273490271e-02	7.005997782828640719e-02	-5.140976922697881174e-02	8.956320615344477709e-02	2.340029897758174465e-02	-6.165145522080026086e-02	-1.936887071120823034e-01	-1.540687744005278248e-01	-1.919898762344702525e-01	-1.552061112432393843e-02	-1.937939276080010986e-01	-3.292613429878133574e-02	-6.776673553711223819e-02	-4.358183135095676508e-02	-5.832476242885502316e-02	-5.278930673419569147e-02	-7.285512691221233961e-02	-2.209809765123161573e-01	-1.726314275485507366e-01	3.197968924299880999e-01	9.485090133626573883e-02	-1.364084448760983503e-01	-7.915929694968901198e-02	3.644435717862326563e-02	3.687979672060703318e-01	2.280597504019297173e-01	-2.512419897649538214e-01	2.018954435657289159e-01	-1.221481693613973678e-02	1.700163429805827964e-01	1.473039083626879464e-01	7.628755657658478628e-02	-5.441817567478005047e-02	1.491592260623231803e-01	-5.111248431781343846e-03	-9.582136183155712250e-02	3.225077395819629655e-02	-8.370236233022845806e-02	-1.347357221858038745e-01	-2.005663127844397597e-01	-7.125237901456651923e-02	-1.214656118481157870e-01	2.404364343977688223e-01	1.248426942246343985e-01	3.350348580835199597e-01	3.815319894879464109e-03	8.921949902064707505e-02	2.249548330687070330e-01	-1.891124191492987022e-02	3.175143778077366141e-01	3.545418480628331204e-01	4.108458777571949994e-01	1.546321305922249319e-02	7.798035212550356865e-02	1.783279266675529551e-01	2.492373836832925127e-01	2.070430590711370145e-01	3.600529252697998173e-01	2.198110387216086481e-01	4.824163124275637066e-02	3.746687236605839577e-01	1.000000000000000000e+00	2.675474603609903079e-01	3.648371261809584265e-01	1.373432388416927497e-01	1.769977250219147702e-01	-9.303474719483090238e-02	-2.612472608611911551e-01	3.560981656989988253e-01	3.702871170691398595e-01	1.817422225031709027e-01	-8.872389077009622260e-02
-2.483689444858017403e-01	-1.072389758477999139e-01	-8.749970639428822361e-02	1.774241350879752488e-01	-4.426363194140753854e-01	-5.817393441577604074e-01	-3.659337950834058995e-01	-4.883213475159876582e-01	-2.556958991403513459e-01	-5.411378573527331204e-01	-4.988562464352953030e-01	-5.140411654974897937e-01	1.316039871930365923e-01	3.973878578939515904e-01	1.942510099543615920e-01	2.936206549228510543e-01	2.649403065872760199e-01	2.641771154013564105e-01	1.682531971976657381e-01	8.841063602232014651e-02	-7.439113654941194829e-03	-6.673514488558823787e-02	6.290304935734407354e-02	1.056518555092908832e-02	-2.809475465266559474e-02	3.710158530785316600e-02	3.959617164020014062e-03	-2.194338605439655199e-02	-1.542816657522742829e-01	-1.298040871897994941e-01	-1.404448164723441916e-01	-4.127625760054485227e-01	-4.612712511133990056e-01	1.179577538910290130e-01	3.954045643095278062e-01	3.238932372038031970e-01	2.615226861153192583e-01	4.298715392512307276e-01	-9.445425146525920218e-03	1.593764142614711443e-01	4.611625369819728933e-03	2.613934986990680276e-01	1.753179991378963493e-02	9.862883835787732145e-02	-7.944286209432060986e-02	-1.361433878472300130e-01	-1.902978005571031792e-02	-5.603662902283465530e-02	6.736004264318057322e-02	4.810529364843026817e-02	9.436798903556628537e-02	-7.249619424980935541e-03	-2.124118318395050720e-01	-4.222803310261467602e-01	-2.062858261177134001e-01	1.098278130973106420e-01	-1.557346204788776500e-01	-1.599885766324382064e-01	1.514402402384163598e-02	-1.768056595201567775e-03	-1.524108953843406611e-01	-3.971997881743595249e-01	1.732626518604439281e-01	1.955091992166357595e-01	2.472004648415801198e-01	2.137519908169750738e-02	-9.206258443650573720e-02	2.030169893998731434e-01	5.537221674710506372e-03	-1.010225700787193287e-01	-4.973287468692773050e-01	-3.547082784941072431e-01	-1.508122662116883894e-01	9.907367831457294938e-02	1.235697658401160304e-01	2.776459974859078472e-01	2.090856950768886779e-01	2.515128631087016897e-01	-1.119526682006619089e-01	2.144605111261140007e-01	-4.425667787377217666e-01	2.086822738002668542e-01	4.638286620301413365e-01	-1.207236212178019186e-01	5.293848672302465808e-01	2.524861423345228784e-01	2.879471092303094171e-01	-1.804118870458424340e-01	5.640967525393282278e-01	3.645400440858839741e-01	3.443659523638377129e-01	4.860225461163923399e-01	1.627501114882607125e-01	2.673080005912633061e-01	-6.642012418377165467e-03	-3.384887012035565634e-01	-1.692527581006222082e-01	-6.882336275396631897e-02	2.412508581357924453e-01	1.652955932883202472e-01	-1.930462165337237246e-01	3.789689384645021364e-01	-2.412675011505625300e-01	3.805194261572473202e-01	-1.056612784471558236e-01	-4.837446825728788369e-01	-5.053839332868401701e-01	-4.947204742782060904e-01	-5.167176839875996519e-01	-5.606318209901539618e-01	-5.337814184179034971e-01	-5.188686046550569086e-01	3.478069304454397548e-01	-3.559116899234535114e-02	1.088490722015407197e-01	3.488918875474577436e-02	3.598775237103046636e-03	1.423300003832502769e-01	2.431987923139609653e-01	3.283911832642639750e-01	2.202241261514808479e-01	1.762970389761441825e-01	-1.804835015202913354e-02	-2.213143690339128278e-01	2.683702116980315328e-02	-1.728602078686310994e-01	-1.831287627316361688e-01	1.672134633531980122e-02	-1.911304713391545618e-01	4.585712907625953683e-02	-1.856203553452239474e-01	1.272474231122174004e-01	-4.244787074827160445e-01	-4.706309540588089479e-01	-1.192226068106252701e-01	-1.759537646113498999e-01	3.175122462477295571e-01	1.099361106590784204e-01	-1.602428040243206175e-01	1.128588674721730800e-01	-1.326829422046528761e-01	8.858089527115042827e-02	1.128878521628280118e-01	-4.574465001119355084e-02	-8.519020685734111920e-02	-8.147837235911405129e-02	-2.496744013534302545e-02	1.482942355928507649e-01	-1.622323916022260781e-01	-1.862281244505405997e-01	-9.783521439452533275e-02	-1.986531694093425227e-01	1.842729695614374608e-01	9.222878856320282370e-02	1.262987561638070633e-01	3.747256918639147588e-02	1.999345052515652532e-01	1.294241126413658571e-01	2.579590226495735439e-01	-4.859285397913214455e-01	1.265102053392347659e-01	-4.799163278139652045e-01	-3.709101293232526242e-01	-9.618511643560799865e-03	-4.859889953656421069e-01	-1.278463193031851297e-01	-1.543428002895448903e-01	1.044859761632975781e-01	3.041819261722733536e-01	1.416839864380639302e-01	3.541138260176785457e-01	-1.474604172443486350e-01	-1.927628488170912424e-01	-1.935850707040791818e-01	1.897399212678951563e-01	3.345490204275557850e-02	2.079126489181762627e-01	8.686352447503815910e-02	3.283581950101779889e-01	2.357749119928932990e-01	-3.325818878363300812e-01	-2.664823360615738435e-01	1.050867628589244457e-01	2.342841222150264524e-01	2.610168350238951107e-01	2.346758123709810073e-01	1.823306020466574917e-01	2.706125922382576210e-01	-7.153522641933188209e-02	2.675474603609902524e-01	1.000000000000000000e+00	3.104792997339125837e-01	5.360035827817610787e-01	-3.279981500392704641e-01	-1.350309834411732857e-01	-2.098325813168056345e-02	6.120025357480565198e-01	1.028038371463666639e-01	1.710498007798351983e-01	6.560366674601957049e-02
-2.224044329838997247e-01	-1.839694000037733479e-01	-9.170626292365841037e-02	-4.830238852530197198e-03	-3.493515472749166850e-01	-3.711252366248542489e-01	-3.967029218618747244e-01	-3.420380569430599982e-01	-3.952812770764988493e-01	-3.569071656579509977e-01	-3.801728315660235502e-01	-3.581809686649370383e-01	-1.061422250958953123e-01	9.845676407282301368e-02	1.192770057777197273e-01	7.505578164050376311e-02	1.694265133379412314e-01	7.406497941659939688e-02	1.822419069269064773e-01	1.152118971562435118e-01	-1.871159687205101729e-01	-1.622646246527400249e-01	-8.432277691929877805e-02	-1.712198157930310549e-01	-2.587663300051014081e-01	-2.386987158428883482e-01	-5.139339890992822985e-02	-4.634740410173979197e-02	-4.306405440979554911e-01	-2.596519363186292062e-01	-3.178803713273075093e-01	-3.573463384763173600e-01	-2.646525168169501230e-01	1.198078125059619942e-01	1.472615245155544095e-01	1.110915269454514076e-01	1.079320926123073510e-01	1.580159608207188926e-01	-4.259507882651351884e-02	-2.806961770231488074e-01	-5.795796863041347349e-03	-1.193414808248974557e-01	8.047908625228680779e-02	-5.610650094055934234e-02	-1.267960130574668776e-01	2.025282244865379486e-02	-1.291307917506574476e-01	4.927909160191841220e-01	4.595870753867537656e-02	1.628653370240477904e-01	-1.748883471142469725e-01	-8.218725596365045183e-02	-1.804048599304971245e-01	-2.044415998018438430e-01	-2.387441845126517803e-01	2.000708800486323824e-01	-2.339080665191648478e-01	-2.335381562194323579e-01	6.001525409217689511e-02	-5.821594286745221392e-02	-8.236964983623798475e-02	-2.783885742262586296e-02	-4.811493256065502155e-02	3.517634775235033780e-04	-1.032734032603949553e-01	7.258378446976085363e-02	-2.921053660244403161e-01	3.177165616027927686e-01	-7.353190520986568890e-02	7.861709289911748832e-02	-1.467613703070234366e-01	-2.446437658288241335e-01	-2.450986561828161214e-01	-1.132782579955491781e-01	1.367311462245377474e-01	3.351425150205511461e-01	-1.007868420850936558e-01	6.994876141372709244e-02	-2.565559425866579257e-01	-8.583002251821612860e-02	-1.711845713241604006e-01	3.083755460711252727e-01	7.302286433912170971e-02	3.782545688669496781e-02	-7.318761279235960759e-02	-3.390570081215490972e-02	7.459024664953306516e-02	-9.785967766930481204e-02	4.076942496369356794e-01	4.104102083389390976e-01	5.493183185718182315e-01	2.553413823630701907e-01	1.123515479282390234e-01	2.920030066013426517e-01	-1.613028235350102632e-02	-2.926677760705407305e-01	-3.895697654291573886e-01	-2.437902479424622071e-01	-1.356653006326508648e-01	-2.799358305456107754e-01	-2.020429711759749447e-01	1.375471590453043458e-01	2.904202660924278326e-02	4.798997036701857510e-02	-1.002718067528962087e-01	-3.968410485305117197e-01	-3.989679041814847560e-01	-3.924440840790789364e-01	-2.684729030730385602e-01	-3.206878666734791494e-01	-4.228542661747238252e-01	-3.699271927084055167e-01	4.861631219323871156e-02	5.299757300864069154e-02	7.667532429161112717e-02	-1.051241176177921954e-01	3.442941983014495035e-03	8.060228557353855960e-02	-4.366983543857918398e-03	1.070850722706854913e-01	2.371236945056774681e-01	2.746723058232960479e-01	3.883181062164464681e-02	-1.073465903831595375e-01	1.788970467253956365e-01	-1.727020416073815068e-01	-2.266439390050741798e-01	3.300900812699768261e-02	-1.497637844093353265e-01	3.646946751722118796e-02	-2.754118843457151189e-01	-1.899567281406810970e-01	-4.089770702665975755e-01	-3.412753218705246727e-01	1.190306807116263237e-02	-1.767352256590598025e-01	-8.051466221665018463e-02	1.592489818796094247e-01	-2.663765456409603605e-01	-1.063030147884000687e-01	9.697810611647993129e-02	-1.012488910193128366e-01	1.598227812139083881e-01	-2.211321232353322952e-01	5.716897503821833509e-02	-2.424292998580756739e-02	-2.388527376888384679e-01	1.858953097872318438e-01	-1.322815268406546396e-01	1.462086919198884172e-01	1.232903744195949780e-01	5.270442749735396726e-01	6.298333294955620332e-01	3.351025645985760693e-01	3.831298688461713675e-02	2.320120073304967334e-01	2.604722917489727396e-01	2.277328731486187863e-01	7.549299172624231169e-02	-2.199061127243124580e-01	-3.801673814520117878e-02	-1.872502993311315200e-01	-1.073137944507608632e-01	-3.286037223313550970e-01	-1.975795415818725476e-01	8.565486099813686416e-02	5.944453606558822156e-02	2.311272269285269687e-01	2.259266213840380455e-01	6.076738715237798606e-03	5.264272705133788977e-01	6.682958886819564959e-02	2.664280967222211749e-01	2.413581713891891356e-01	4.386143981143211801e-01	3.993712690053594638e-01	3.687963306748441861e-01	3.433941721070802311e-01	6.904228015038492705e-01	5.049786893488416029e-01	-2.378111820211511462e-01	-3.175275708087163529e-01	-4.853317363493730302e-02	1.473306242278428491e-01	5.032918653707214585e-01	2.931776415121430807e-02	1.600751791673682700e-01	1.307476680578554817e-01	2.217413586422979921e-01	3.648371261809584265e-01	3.104792997339125282e-01	1.000000000000000000e+00	4.371181814273816246e-01	-2.161198822496621375e-01	-3.606696181471463758e-01	-2.273159322092111745e-01	1.189384019003739967e-01	1.733566162420570045e-01	-4.505452675793665540e-02	1.281496594946899548e-01
-7.806084909637173164e-02	-2.778790447421813914e-01	1.467656295343059136e-01	3.495472189233235771e-01	-3.698921633188624325e-01	-6.067389989502610659e-01	-3.305884730634123803e-01	-3.748884563094542766e-01	-1.587705666054269882e-01	-4.365620702965691824e-01	-5.960260017889555950e-01	-5.037617852479341352e-01	2.464509079184965673e-02	3.944433140743980326e-01	3.337474856550485813e-01	4.719072967729944224e-01	3.743401114862811574e-01	1.988854845282817252e-01	2.443791152647687703e-01	1.220195257647530285e-01	4.089539726848209072e-02	-1.103272439025649865e-01	1.192793402439951134e-01	-1.332706194853932637e-02	-4.450081239640427122e-02	4.057678664473190339e-02	1.119748425005209075e-01	1.805795956824616522e-01	-3.429429614945642690e-01	-7.032855073898176823e-02	-2.907391363902157577e-01	-5.364223471535690679e-01	-6.245515066327143039e-01	3.143107408808524239e-01	4.750170031868859999e-01	4.394804967990860178e-01	1.951357198289198347e-01	4.400355904967327425e-01	1.693853824277577469e-01	1.524316772047497881e-01	1.260811744147939673e-01	2.412655480532221453e-01	3.813537687813393640e-01	-1.750418248277232081e-01	-3.201225403396520397e-01	-7.434472173278259058e-03	-1.174202981022899883e-01	2.916838956338464392e-02	1.656181152410053925e-01	-7.219542530289231597e-02	1.153097557374447441e-01	3.800036622069822428e-02	-3.851878590127374991e-01	-5.646777404290280744e-01	-4.092900721339615133e-01	1.775589458378341312e-01	-2.151062407856692005e-01	-1.943481834045461543e-01	1.884648861023313082e-01	6.980386672329114139e-02	-1.302405589476220982e-01	-1.729911179165314616e-01	2.911736086846385962e-01	3.537216045696678912e-01	3.767878669505977940e-01	4.088549144126487483e-02	-1.357589193516531290e-01	2.533133649666287068e-01	1.392831466586614830e-01	1.323439880262583246e-01	-5.192165868337785817e-01	-5.988511294661799100e-01	-4.741748361348945839e-01	-3.264269503085859836e-01	-4.344077797325109069e-02	2.839018368460898278e-01	-1.546818144746047730e-01	-8.812885957559611627e-02	-4.678790485039396874e-01	-3.988005061890134012e-02	-4.834185248851743388e-01	2.034546994709478251e-02	1.916486673041175037e-01	-1.636406797688143011e-01	3.545994330357178370e-01	2.130529302844163253e-01	4.103883344845352804e-02	-3.571725834377033060e-01	5.006214509270409119e-01	4.811496183295571050e-01	5.453211034917625488e-01	5.452128866377505823e-01	4.675556688055561017e-01	6.095766181497880298e-01	2.607560172561733669e-01	-7.007979110827643465e-01	-3.612126998368934139e-01	-1.804843390567597017e-01	2.415785484879147682e-01	-1.770953244680359695e-01	-3.318826384003074198e-02	3.428319738108100423e-01	8.221359443843760662e-02	4.037140705927211304e-01	-5.585755356622734008e-02	-4.273250883778977327e-01	-3.600018579815537079e-01	-3.481015335258121901e-01	-3.206414139299856858e-01	-4.326134792084755376e-01	-6.307848688482431410e-01	-6.826777028540974568e-01	3.275762377167554251e-01	1.999994877274357263e-01	1.391317743293784270e-01	1.342893012846738121e-01	1.554359644550343429e-02	2.786117122958260972e-01	2.767142427453418430e-01	2.324343061792945309e-01	4.410713822069660672e-01	2.055275491152945833e-01	1.059969779620315994e-01	-1.726866108677774792e-01	-5.515001271225311585e-03	-1.777645593421945114e-01	-1.352135693236353742e-01	2.268757010648339012e-01	-2.087424382160618305e-02	2.818498769723704056e-01	-2.728655941483391634e-01	-3.570300320585151344e-01	-5.976876889974502838e-01	-5.616872305365036011e-01	-2.301233020117703088e-02	-1.819230083812674870e-01	3.194479429491832723e-01	2.119106230462154961e-01	-4.133374274613929589e-01	1.096338070215613497e-01	1.170374024242462618e-01	1.091159497350672192e-01	2.298375704772441797e-01	-1.371449912589130793e-01	1.501093105463361388e-01	1.523883016294141635e-01	-1.441600799203103800e-01	-5.630260386970557113e-02	-3.133189032583416633e-01	-3.590119569328759780e-02	-1.145148826520459434e-01	2.132182124492069952e-01	2.705199867364367905e-01	2.801210426764926820e-01	1.785086272776413574e-01	-3.706946320221724683e-02	4.852481326580382337e-01	3.163796242004995873e-01	4.679832416310888976e-02	-5.416427858470304058e-01	-1.712247767865242298e-02	-5.307865827973912154e-01	-3.604885053019675212e-01	-1.423128390431198653e-01	-4.479564639991345798e-01	-1.422399087651836716e-03	2.963880241929877160e-02	4.652412401499800843e-01	5.319662551349974011e-01	8.066059552753734874e-02	4.829067417272007168e-01	9.786534187192422185e-02	-2.554208942717685060e-01	-1.066854410176386603e-01	5.601388924489654197e-01	3.167252509279041561e-01	5.110062435634649125e-01	1.487371101012929520e-01	6.795851914925697956e-01	7.777253771325716436e-02	-5.546745361262739316e-01	-5.649779247182641351e-01	-2.198165281425681628e-01	-1.042344801504919288e-01	3.863849422356159802e-01	-9.460903672211146143e-02	-6.411652534906377154e-02	8.871380609223361580e-02	-2.374234634270871724e-01	1.373432388416927774e-01	5.360035827817610787e-01	4.371181814273816246e-01	1.000000000000000000e+00	-5.540596471911881649e-01	-3.020379981027720429e-01	3.575453971689972893e-02	3.131866393259800097e-01	1.193892038077135481e-01	-7.371079924787653226e-02	1.044980584522888084e-01
-2.764654072483471170e-01	3.098855881974509896e-01	-5.794911264998946487e-01	-6.670660099071711313e-01	2.508273574090730818e-01	4.812791830400827142e-01	1.236379172735555150e-02	3.096419681056546483e-02	4.658461054591530974e-03	1.817402287130244765e-01	4.811827685985072267e-01	2.768422831952702112e-01	1.502071842274690927e-01	-3.609491411188110455e-01	-1.469665957592358463e-01	-4.475314171556462606e-01	-3.845553404680381315e-01	-1.692340485138815187e-01	-9.526221899803892501e-02	6.010718392159954820e-02	-6.157625565806394696e-02	2.860478950757279482e-02	4.701750945635933820e-02	-9.996927777297938411e-02	3.519496245078878455e-02	-6.177319467583009677e-02	-2.016933665523739094e-01	-2.074073416459512043e-01	2.882431941902740546e-01	-2.955957955735556419e-01	1.012405377576398591e-01	4.609885946696337111e-01	6.903276730248467663e-01	-3.936242069545846656e-01	-4.818143943728258605e-01	-4.650234588236133448e-01	-7.786803423870462294e-03	-4.688485570029872762e-01	-3.201038465658243570e-01	-2.180909428888260226e-01	-9.530077342244656913e-02	-1.318279843150681196e-01	-2.878368295356237283e-01	9.181039715045691274e-02	9.354422867597278479e-02	-6.717251181620660649e-02	2.916756398248596810e-02	6.013397601823586291e-02	-1.318001358953164726e-01	2.138174323170580551e-02	4.396315076213989925e-02	-4.227814789718432192e-02	4.427636620422320535e-01	5.848002904186287987e-01	7.494772890899463746e-01	2.559219742095662081e-02	7.572460414669017481e-02	2.609214769993777883e-01	-3.107594617224510580e-01	-1.398834753495841188e-01	-1.354182678374273030e-02	3.383042739851760961e-01	-2.206598653287208389e-01	-3.488888980443575760e-01	-4.249449570311498170e-01	-1.557737246817885446e-01	8.135119696459165717e-02	-5.903607757863852529e-02	-1.207080995478387736e-01	5.975660594336280884e-02	6.303410077736255612e-01	6.422800798846345360e-01	4.149077220303383218e-01	3.353003519704368385e-01	4.211298583906493698e-01	-1.236608091832477052e-01	4.625213978579664764e-01	2.244152008626549566e-01	6.097385173512714918e-01	1.998254958818568017e-01	7.165684426066259993e-01	1.168436651309233826e-01	1.912175351610105323e-01	2.400692887363403694e-01	-5.980499896029318335e-02	-5.634193673862815388e-02	2.091846430568342075e-01	6.862708708393154833e-01	-3.199072655917457597e-01	-2.093328130642953810e-01	-4.854535000841732617e-01	-1.550886025713723027e-01	-4.626682158301916870e-01	-3.931263610922952623e-01	5.630966806343629116e-02	6.929719995128909016e-01	3.678056423218077353e-01	1.367677294396300036e-01	-1.139569647293321164e-01	2.738856513656746094e-01	-2.692556580239336972e-01	-6.680691937298914862e-01	-4.582067857028500057e-01	-6.848689975043803502e-01	-1.429562525347956858e-01	1.664199423344804307e-01	9.065228743110984033e-02	1.720350019934545061e-01	1.065576596813135463e-01	2.522975042648498145e-01	5.160389154263794742e-01	7.231753964229977738e-01	-2.759549640796501446e-01	-1.445052382886682918e-01	1.219592211773655593e-01	1.088410746034194909e-02	2.527645887206860786e-01	-3.091632800876744636e-01	-3.451545274175155109e-01	-1.296930050087774511e-01	-3.075566233709300934e-01	-3.475376751633090042e-03	1.290044962007813600e-01	-3.598772764260173979e-02	4.398432867497700793e-02	8.038923157019629839e-02	2.771707597903909082e-01	-1.608258152328250479e-01	-1.198610057749489310e-01	-2.853182474196086504e-01	2.755194922131236068e-01	4.937514629075775985e-01	7.847856992544617327e-01	7.455571890112181466e-01	1.708721827558417061e-01	3.724027682243722936e-01	-4.480131210704202949e-01	1.488410924872573182e-03	4.965223242403057902e-01	8.221695632763779960e-02	1.702817637307266901e-02	-3.607956725237079082e-02	-1.079512727762287766e-01	1.176328541093959734e-01	-2.815054042559698155e-01	-4.515227390811456243e-02	1.710674776972048172e-01	1.817758989290221283e-01	4.072295452128146809e-01	2.904112542491411875e-02	3.052223107338725150e-01	-4.358896438368975446e-02	-1.396168774023568704e-01	-3.313234735134282932e-02	-1.859290892139656148e-01	2.233744979485413340e-01	-5.832160697630083268e-01	1.415633210567590894e-01	3.246054408618562204e-01	7.949400074427316332e-01	1.217487639412187517e-01	7.306397945482968614e-01	2.284316969256434127e-01	-2.298759037993730603e-02	7.265565260968057659e-01	1.537379819367927780e-01	-1.020445672526984343e-01	-2.633023940421462261e-01	-3.273547164114719021e-01	-1.897557760550209194e-01	-3.403710245708991278e-01	4.085424326867855699e-02	6.389331951322283487e-01	2.183971429839669798e-01	-3.706178340551668504e-01	6.184260848682388706e-02	-4.856944944957789501e-01	1.783189900751984136e-01	-3.657673395279418260e-01	1.257392211103838808e-01	5.818741593374452403e-01	7.673928769749797096e-01	3.585851443996058707e-01	4.609591439451397599e-01	-2.970815252347134838e-01	4.667697327355523895e-01	1.998402371371600927e-01	-1.107604533293887195e-01	7.158331456364979140e-01	1.769977250219147424e-01	-3.279981500392704086e-01	-2.161198822496621375e-01	-5.540596471911882759e-01	1.000000000000000000e+00	3.576927505985195710e-01	-4.433267342081420592e-02	-9.777289837729999378e-02	-6.981678190454171373e-02	1.934778976295755126e-01	-1.748123599567521780e-01
2.869226243302921975e-02	9.825359660765796421e-02	-6.720521371377502495e-02	1.593821427581817995e-02	2.747607717274062056e-01	1.457873666074207541e-01	1.622845988270739115e-01	1.417917365694218446e-01	2.320805388949185311e-01	2.190601541545216246e-01	3.247126374049431607e-01	2.155341602164156933e-01	2.150819289853266592e-01	-1.344464667733670238e-01	-1.882077020879492635e-01	-1.331720624368382955e-01	-1.151035955036618236e-01	6.526481383351626087e-02	1.286644499829376342e-01	-3.884119095200922606e-02	2.194228118663224189e-02	8.942028331671277031e-02	1.963955089672306253e-02	-8.596476744429580596e-02	-6.343612849763557993e-02	3.833027076780962106e-02	1.071327451267931191e-01	-1.809797065572817387e-01	2.530827764978540451e-01	-2.719912929536642213e-03	2.398663729436892045e-01	3.489978287436807380e-01	1.874830991524858159e-01	-2.542340408150786657e-01	-3.487259644936402947e-01	-1.970814996374961325e-01	7.481975869524629466e-03	3.550358005879548917e-02	-1.157627858047509256e-01	-2.492082198469884949e-02	-7.343437404432957838e-02	-9.627919177288180030e-02	-4.231618708777463156e-01	3.421346399279440176e-01	5.267578743313505035e-02	-7.757902674629631179e-02	8.687061220192729546e-04	-3.322037842280345377e-01	-1.700784740680977014e-01	-8.972305744120308291e-02	-1.083655241302346750e-01	-1.733434865882693965e-01	-5.437679083680305170e-02	1.366847962718287512e-01	1.883147153347218550e-01	-7.865062980506361268e-02	-1.202667306785819984e-01	7.382782872773285821e-02	-2.598446185240370077e-01	-1.648013734868958302e-02	1.222728882636517078e-01	-1.279681693283713229e-01	-2.632445765197256038e-01	-4.215434591447174695e-01	-2.096867157657240077e-01	-1.225036794322967026e-01	-5.637502375160183959e-02	-1.189303655377838692e-01	-1.779520602454182365e-01	-2.773041522317071239e-01	-1.921017698013250882e-02	3.405998527473217408e-01	5.249337577057535675e-01	3.280532033813520210e-01	6.332283154308332787e-03	-1.601622234861231064e-01	4.687225147250003165e-01	2.676336642853652248e-01	5.207379396030381580e-01	1.227881141261941977e-01	3.144189983158265228e-02	-4.128101390858189557e-02	-1.028377087168304838e-01	-1.599447982507065658e-01	3.934915993353566011e-02	-2.500251792916415861e-01	1.341745450351502222e-01	-2.638114637742522070e-02	-2.989887467187819503e-01	-2.795519236752390113e-01	-4.991107950730683807e-01	-3.107936820788717580e-01	-4.166933693865605970e-01	-4.859787052102081395e-01	-2.885888022995774516e-01	4.929159434300814935e-01	7.875159296383327234e-01	2.761526461764043927e-01	-1.365162271459559873e-01	3.404052635956276718e-01	1.141112188257907972e-01	-4.139965439701652483e-02	-1.159808327405842665e-01	-2.767056744938096394e-03	3.090232189135241891e-01	2.021525685677665329e-01	2.491605011780708701e-01	3.839862964702341896e-01	1.843657399884141845e-01	2.528638694924795205e-01	4.451564536552072293e-01	2.808538577705972927e-01	-1.547434951500692157e-01	-4.140615965615913191e-02	1.272193079296813356e-01	-3.100042926237785504e-02	-3.410764949349642111e-02	-1.530405839109859056e-01	-4.868718464029859853e-03	-8.915023183269021878e-02	-6.848718281385093865e-02	6.747559677523072563e-02	1.794883249471327866e-02	1.014898719665432991e-01	4.051773771663851748e-02	2.006616461901988557e-01	1.715068282548835310e-01	-4.292624040420824766e-02	1.429397963765880741e-01	8.118409840039374215e-02	3.078760900707353670e-02	5.275232233954209038e-01	5.017704110070827506e-01	1.362786512763945190e-01	-2.474204178949892391e-02	-7.035128928727694964e-02	-1.852897093440969145e-01	-2.818032394418347186e-01	4.213771802942875566e-01	1.312673537143308200e-01	-6.381515340183085971e-02	5.171384641518016884e-02	-2.685044342587828425e-01	-7.285232741127790901e-02	-1.836880523086177053e-01	-1.945420125817582113e-01	4.667337333524029797e-02	2.081446650083035310e-01	6.212274573016155488e-01	-2.135155605966669035e-01	-8.202610433083298846e-02	-3.061746208103941491e-01	-1.673917643550388579e-01	-4.388406504844406114e-02	8.392794648870266494e-02	6.088344515212655572e-02	-1.815955271119381875e-01	-2.018152205341660621e-01	3.859159323719232176e-02	8.989250384358858648e-02	-6.820164165014887259e-02	1.375202937777345313e-01	-9.121967290345251236e-03	2.669534537069706559e-01	7.993953438607356854e-02	-1.643685765483581529e-01	-1.886260201472080011e-02	-3.270739617304381230e-01	-9.788737430708380205e-02	-1.281815431937690167e-02	-3.415553313888738951e-02	-1.831093574692738701e-01	5.050773741212163936e-02	-3.563757630259563325e-02	-2.041323410917111614e-01	-2.053490243312097452e-01	-1.136505449229111148e-01	-1.992951433368785052e-03	-4.590855711110742310e-01	8.524914665099872502e-02	4.687169277088304442e-01	5.030966960792301323e-01	3.662079279594111503e-01	3.637187267093367482e-01	-1.055123298041054786e-01	5.290787846931677141e-01	1.280604833883950133e-01	1.090345057739671303e-01	3.169763368139698334e-02	-9.303474719483090238e-02	-1.350309834411732579e-01	-3.606696181471463758e-01	-3.020379981027719873e-01	3.576927505985195710e-01	1.000000000000000000e+00	5.140645961042790146e-01	2.145696988524704862e-01	-2.735130869729407999e-01	2.947786552439042931e-02	-2.588392315247242115e-01
2.594297696251690044e-01	-3.855042579702515626e-01	1.532003894471208050e-01	1.772234069493881792e-01	2.544090407253403741e-01	-1.567388140926290543e-02	3.714134016369501912e-01	2.130859529059790092e-01	3.816333329192611590e-01	1.199332720960285537e-01	3.539710182589078658e-02	4.703380683322672812e-03	1.890472785275735257e-01	-2.438261564702854517e-02	3.557707257740769929e-02	8.997644982072297570e-02	7.027715192239797348e-02	1.900905487153236317e-01	2.671254313230406741e-01	6.200812253869900786e-03	-1.404935502634080575e-02	7.281929196355153844e-02	4.927273649926411543e-03	-1.494918680453763971e-01	1.029207324112535182e-01	-2.753062749942125631e-02	1.074258873226643651e-01	3.006027737555586055e-02	2.080208812080154845e-01	1.570838873420397352e-01	7.836648802531515079e-02	-1.014793731514220150e-02	-1.871695814057210694e-01	-8.945342141220354037e-02	-9.258154450461536511e-02	-9.138698497814389324e-03	6.173976309194984663e-02	1.758444516332883789e-01	1.634163073782143594e-01	4.116590339637934970e-02	8.519145287244123121e-02	-1.083050948348179138e-01	-1.042542322758061545e-02	1.903478520043212219e-01	-8.911879429252309026e-02	6.668295513378877382e-02	-1.844131976569345632e-01	-1.981944877789092452e-01	-7.165048862686554387e-02	-1.058473689753022667e-01	2.751817062424723875e-02	9.163267619221861227e-02	-4.918842116984902674e-02	-4.659253844743995593e-03	-1.890276926517255388e-02	1.577287681699506353e-02	9.901851759030634928e-03	-1.891718189057779026e-02	-2.127051375056459442e-02	-1.560307543147256282e-01	1.581093782732143904e-01	-3.385209528438441751e-02	5.288132464136906241e-02	1.138365188172167919e-01	1.539346267086014464e-01	-1.693675315323801139e-02	3.874110345265174143e-02	-2.784252339577363844e-01	5.811737924214269114e-04	-2.374174083999459617e-01	-1.909333895909900436e-01	-2.607196223159149451e-01	-2.025869283360209536e-02	-2.495732335803696189e-01	-2.318918394557117346e-01	-7.236264642972589645e-02	4.487692574473675644e-02	3.598254510730301836e-02	-7.101724008245638431e-02	-8.540886044234735630e-02	-2.424287874943222010e-01	-1.281035977013903204e-01	-5.449081771876385094e-02	-3.688305476794676713e-02	9.037510600409831563e-02	-6.487872164603188108e-02	-1.799007078069630450e-01	-1.370204315358263814e-01	-2.715070583856859024e-02	3.333623026250787796e-02	-8.454502372169969693e-02	-5.594161256387879255e-02	1.942550608400892345e-02	-1.329754586083189694e-01	-2.468159461870835306e-02	-9.885680771210351644e-03	3.121845790053036085e-01	3.491585960917000797e-01	1.035133329128400809e-01	9.583286818561113918e-02	4.133071552503191914e-01	7.294998465216580297e-02	8.370268232120949004e-02	7.216219275933340171e-02	4.097255405768473469e-01	1.444863614253831530e-01	2.812646673456599689e-01	3.856832339972287027e-01	8.455925736364119927e-02	7.320183183026625351e-02	9.280508575462256826e-02	-7.583677491677706661e-02	-6.281691240736740275e-03	-3.163205477566587848e-02	1.935430273737761830e-01	-3.467585000515185922e-02	-7.686977960055836612e-02	-9.749510507820706440e-02	8.471020520061413317e-03	-7.811873917767857278e-02	2.029197893438753064e-01	1.785090215551626280e-01	3.315587497020765911e-02	2.429104715608493004e-01	-2.974933483667903042e-02	1.601004843800448718e-01	4.019925625689261400e-02	-4.669532243162994450e-02	1.416471601122236135e-01	1.064658317964071038e-01	4.192936074200905028e-02	1.115968836152296390e-01	9.593869666248081018e-02	-9.036956385592169461e-02	-1.544100751721667331e-01	-7.816686454450422206e-02	1.318042835938081081e-01	-9.284476818589595948e-02	1.279264118390425753e-01	1.866346855582295128e-01	-1.687625172379933480e-02	-1.472329099807448416e-02	-2.428018943881537495e-01	-1.848289046346461850e-01	5.418537551457533463e-02	-1.818085005645121988e-01	-1.499995868405147315e-01	-5.422529886378463920e-02	2.354598674579253537e-01	-1.874287873829927065e-01	-2.514535359791769120e-01	-1.150096421912728678e-01	-2.738215953602807229e-01	-1.430430017461034597e-01	2.933555824246814742e-02	-1.899664899562349962e-01	1.080544939519283015e-01	-1.967389788101805981e-01	1.265279406719138910e-01	-1.966021227785529069e-01	3.208282018165111577e-02	-7.015312275079400861e-02	7.133064185775279953e-02	5.808660655793191907e-01	-1.397460655093010762e-01	-1.169048062467799715e-01	2.374398541906988166e-02	-5.585550243442616303e-02	1.169893241906610898e-01	1.276870062056827126e-01	2.141641358034722387e-01	-4.095813668341218017e-02	-3.121103378199222567e-01	-1.772436649958571142e-01	3.331668024355093766e-02	-1.914151523423464063e-01	8.465011169682418180e-02	1.017008721266021987e-01	-1.780667702970132604e-01	-1.328090969577404856e-01	-1.322101836555720500e-01	-4.562013086994308464e-02	-2.417610342024180958e-01	-7.039061950023063619e-02	-6.410134501162693954e-02	1.194104036826440680e-02	1.102587567172176987e-03	1.317786609044774015e-01	-1.480447539983015259e-01	-2.612472608611911551e-01	-2.098325813168056692e-02	-2.273159322092111745e-01	3.575453971689972893e-02	-4.433267342081420592e-02	5.140645961042790146e-01	1.000000000000000000e+00	4.903794920431982229e-02	-2.131739811389293526e-01	-7.219522675759092178e-02	-1.267923283580739760e-02
-1.276929185255851473e-01	5.030925198244825397e-03	-9.989129492124183829e-02	1.957269690286800590e-01	-1.787689098230937912e-01	-3.867609263464754088e-01	-2.044159102081745671e-01	-2.156299772293505668e-01	-1.658955497664591494e-01	-2.011658141880326434e-01	-2.236743645176262618e-01	-2.183681812015808021e-01	1.468967546585898121e-01	3.079918016844161444e-01	1.067644906811746480e-01	2.394066904143347385e-01	1.772840740292650485e-01	2.419033999576520599e-01	1.799198975781111653e-01	4.236815697776155631e-02	-1.817482148071391385e-02	1.797677445508200633e-01	1.543095154507299060e-01	4.170610840223899773e-02	5.175534202169439907e-03	1.494578781028265413e-01	6.197039865878917198e-02	-2.910789193082885876e-02	7.851952949409844729e-02	-4.433187805513842672e-02	1.170035540907271715e-01	-1.494975988610601492e-01	-2.844559547175750658e-01	-7.639991616013824816e-02	1.885807548742870488e-01	1.506159430014825384e-01	1.782466326806380619e-01	3.280230132399921117e-01	-1.071489060424894030e-01	2.040920965139998156e-01	-5.398539433366506685e-02	3.051199959751254021e-01	-1.660018935828947995e-01	1.666972439492825642e-01	-1.234293700405472566e-01	-1.193367011633481994e-01	7.795723761490780390e-02	-2.240023092750061395e-01	-2.848231606757210543e-01	-9.340139394124745420e-02	1.042360833747499153e-02	-1.916321001965636539e-01	-3.259672111263132721e-01	-3.288377779208035423e-01	-5.700238587591337225e-02	1.247609238813625759e-01	-1.898038439372865538e-01	-6.603559197476809028e-02	-9.123769169437229154e-02	-1.529102378188701775e-02	-1.505483954814411558e-02	-3.659779172077085585e-01	1.479937957316383446e-01	-3.244215103390566540e-02	6.149333174863404194e-02	-2.212762673185105222e-01	-4.277614168027537439e-02	1.825963336954010696e-01	9.386433077146693130e-03	-2.232270811986059034e-01	-3.516717352528928031e-01	-8.563317462007383196e-02	1.160019617733884512e-01	1.877319328557124078e-01	1.574206351442758722e-01	2.314406245316733002e-01	4.212328476062185967e-01	2.132194132693534250e-01	1.798885150416135448e-01	1.231831233712367968e-01	-3.327367019964529993e-01	1.352091415042643296e-01	3.354702217251884777e-01	-1.056551980151290704e-01	5.945263224187933293e-01	2.957667566719836549e-01	4.444911658850529967e-01	-1.481123244505462289e-01	3.663527257845997642e-01	1.769672239635314004e-01	3.964830986320530548e-02	2.235562512442030858e-01	-4.004937289215604324e-02	-2.118570480892273747e-02	-1.056650109302015861e-01	-8.905971046036957606e-02	2.048362281486305059e-01	3.094943108848955196e-02	3.015472528521853657e-01	4.500807309764219832e-01	-6.404894698294004429e-02	2.385899661588216369e-01	-1.924218556272550562e-01	2.970279387732709386e-01	-9.679106444651412733e-03	-2.344162010173463095e-01	-2.357898913874250102e-01	-2.321302963323271518e-01	-1.845060759452133992e-01	-2.490443796941710086e-01	-1.351881270850498473e-01	-2.665639129896086867e-01	2.015017532915120979e-01	-8.246733417063170646e-02	8.461088743408938517e-02	-7.540140315507294633e-02	-7.480187826318600297e-02	5.244038407155243720e-02	1.613409740096262424e-01	2.403765950086445558e-01	1.713462676492339409e-01	1.456302328108874944e-01	8.913865293762576747e-02	1.861735409692442597e-02	2.552056098641347082e-01	-9.072689973327260904e-02	-5.980519718405598144e-03	1.895863198979147179e-01	-2.498199501636514872e-03	1.170015345157235237e-01	-8.905969871612501310e-02	3.515021452771429633e-01	-1.349144703812909518e-01	-3.150267276776583802e-01	-1.697205358752732762e-01	-2.353628447330583517e-01	1.765689909380948608e-01	-1.355161338675601179e-01	-4.904873777012920446e-05	1.075040982642660459e-01	-1.403204122550336386e-01	1.887299813718242569e-01	1.015747175743230007e-01	-5.650372988040798516e-02	-7.490769873093680586e-02	-5.644462608688022298e-02	-6.470271046807062054e-02	1.868600669987671159e-01	1.015504803079092105e-01	-2.276190617565015117e-01	-4.778165091893295247e-02	-2.925921911243742901e-01	9.885183241222110506e-02	-1.812705859600559355e-02	-1.602942886755463758e-02	-6.312541687747257046e-02	4.904977845752445977e-03	7.447825935507089261e-03	6.428386199744552665e-02	-3.221870406730955039e-01	4.206832959789175846e-02	-3.183772413671236978e-01	-4.471007834532690906e-01	1.984400299719897842e-01	-3.005316527609416255e-01	-2.337255224882722193e-01	-1.587444628267284386e-01	-6.722880166868101803e-02	2.912859275474902754e-01	-5.488414570945214510e-02	2.781675371722800993e-01	-2.091588548872344577e-01	-9.605814728726873308e-02	-1.363087896246253650e-01	9.932265810169531306e-02	3.096041312413503471e-02	8.067003182149071194e-02	9.023075672429063665e-02	5.775311876159418961e-02	2.553500976997842287e-01	-4.421277646785078119e-02	2.692211020526137644e-02	2.101028215255483222e-01	3.488371431289595259e-01	2.241417595455806600e-01	3.951489372032063740e-01	1.677784801794948710e-01	1.137449955823902348e-01	-5.586458840371836404e-02	3.560981656989988253e-01	6.120025357480564088e-01	1.189384019003739967e-01	3.131866393259799541e-01	-9.777289837729999378e-02	2.145696988524704585e-01	4.903794920431982229e-02	1.000000000000000000e+00	2.215641616776153622e-01	2.942708922615962508e-01	-9.575725177163604829e-02
3.752740175391162253e-02	-9.045652023868434735e-04	-8.006141453760735882e-02	-8.899834384840545065e-02	6.562777111010553721e-02	-4.797215139679552459e-02	3.995889969073352505e-02	6.805813954474460026e-02	1.641089758239262786e-02	-3.337704289090106385e-02	6.052983299027033665e-02	-8.865949962412368601e-02	-5.495386648655420370e-02	-5.928915272696193284e-02	-6.698055500396278561e-02	-1.401499888870402777e-01	-3.781734640536174585e-02	-1.098161756524388272e-01	1.078113176123581401e-01	6.782082923491593307e-02	3.737453203954964331e-02	7.628262657862017182e-02	-4.320514751574197621e-02	-6.441425640144203893e-03	2.249172825885959737e-01	-4.263818638946279514e-03	-1.902575126917594589e-02	1.912811276749810385e-01	-8.495591772140786979e-02	5.060330837689967776e-02	9.434891562116362596e-02	-1.650231521698726500e-01	-9.297139856579790529e-02	-9.536829486568640379e-02	-1.112008578285219457e-02	-1.524589857098878065e-01	8.734226008286972986e-03	-1.097355729693919313e-01	-6.525698953715482198e-02	4.889847303348371713e-03	-3.408288731233686392e-02	-4.875886092292532753e-02	9.688955164522405211e-03	8.652025746826348673e-02	-2.234028002556243120e-02	3.119941593902831323e-01	2.549304154364598340e-01	3.249881032864763153e-01	-6.347806550422317728e-02	1.722252525339142831e-02	-4.677040301397594052e-02	-8.422258887426450902e-02	6.949237476009929859e-02	6.320788437095545276e-02	-3.929628241981243664e-02	1.489167765253413545e-01	-1.444475531524378083e-02	1.718830186869118671e-03	-8.564351239154519013e-02	-1.184802154555139320e-01	-1.166762588467741696e-01	1.386930997430572687e-01	1.896580930800933484e-01	4.688117198117858903e-02	5.560358345404772806e-02	-1.541299313885227118e-01	-3.793758116255936674e-02	2.405443130084135017e-01	6.139470032261175325e-02	1.622188469727229854e-01	1.290360067907433961e-01	5.445756375862091832e-03	-2.208282646845034503e-01	1.313905971662601702e-01	2.062488067261289415e-01	8.337211221237179892e-02	5.456249770792277742e-02	2.654380774182523578e-02	-2.669740014981014653e-02	-1.383480650486795804e-01	1.408887448400209241e-01	5.525257708477059743e-02	2.097775726674379337e-01	3.461792808500305241e-01	1.928210676125630130e-01	3.082873239560618983e-01	2.991384842922377718e-01	2.017083726534472377e-01	2.505259882881246125e-01	1.984407112014751895e-01	2.758921483086911874e-01	1.822069079155466120e-01	1.916669318705932490e-02	1.726362255337871854e-01	2.116467655049619201e-01	-1.929569761041059206e-01	-2.076054630966850667e-01	-1.281931310276335223e-01	3.331226818576816240e-01	1.448298091689495248e-01	8.470638426622179029e-02	-6.605856661822731568e-02	-1.124836341491840079e-02	-1.149080232205385715e-01	-1.067490826772190954e-01	-6.828403155444304207e-02	-1.362381995807847301e-01	-1.212690237224357953e-01	-3.875562619020148092e-02	-5.046132983259875304e-02	-4.174454228760874491e-02	-1.638741951211959702e-02	7.494153971188763363e-02	1.222330574618125526e-01	-2.646661452193403360e-02	-1.425188459080982406e-01	-7.709631248825152099e-03	-7.075884452043240680e-02	4.758626831458287812e-03	-1.142577707692812167e-01	7.410827444741921455e-02	1.411208221414409214e-01	1.152991242881445805e-01	1.761201198552005409e-01	2.868207042372944438e-01	6.853989159132338471e-02	7.176675136801526252e-03	-2.343234525726970580e-02	-2.835455417107011350e-02	-1.440639776013516969e-03	1.783560791684981051e-01	-5.105314874946283166e-02	-1.843046624930088084e-01	-2.065324306981562719e-02	-8.224373014156902140e-02	-4.401763468348345726e-02	5.613181953028350407e-02	1.209541296233249547e-01	-2.492743518912217682e-01	-9.011248070290203693e-02	-1.000176175422170105e-01	1.107886704307689818e-01	2.052341919670523096e-01	1.945952009785250347e-01	9.208778101139515615e-02	1.633529500524588951e-01	-1.654042053815116819e-01	-3.423232744068349653e-02	-1.712585870610841832e-01	3.044238974544117848e-01	3.526339160393842653e-01	6.910025454919999088e-02	3.131671966011962960e-01	1.146524804499012423e-01	1.377471162861672836e-02	2.181794550595047080e-02	-2.788248619492108560e-01	-9.955181702470586314e-02	-2.227544695781305262e-01	9.682947042546707905e-02	1.730136731742007161e-01	1.029265239487491268e-01	6.392401400876587814e-02	6.337198742944555319e-02	2.649683831029970432e-02	5.583117445242172239e-02	-2.311464864976555678e-01	5.705350591722265635e-02	1.073123154992966094e-01	-1.142299311187358057e-01	-2.538410934660956936e-02	-9.844577636837119339e-02	1.506688804739842735e-01	1.574639576612163472e-01	2.499954159703744738e-02	2.126697716566635157e-02	-2.273307375550400744e-01	1.101093504778549864e-01	2.096668727771343610e-01	-1.681525838395082351e-01	-9.010685729049378034e-02	-1.197935325255384681e-01	1.277383603292299719e-01	3.788152515769397516e-02	2.750518789108565704e-02	-6.484995595935368062e-02	-2.368985278844274248e-02	-1.194856289065262395e-01	9.164717000708735850e-02	3.702871170691398595e-01	1.028038371463666778e-01	1.733566162420570045e-01	1.193892038077135481e-01	-6.981678190454171373e-02	-2.735130869729408554e-01	-2.131739811389293526e-01	2.215641616776153622e-01	1.000000000000000000e+00	3.869828291935484277e-01	2.352124307203417863e-01
-2.531025744866980398e-01	3.880551636146700734e-02	-3.077974319275950110e-01	-2.248025701410240051e-01	-9.134761605528545630e-03	-4.781059662220955853e-02	-3.286319290590668241e-02	-4.488859139077518851e-02	7.220835534591674154e-02	-1.602177787513626717e-01	1.143801841282315046e-01	-9.948657141247353730e-02	3.484397341752583088e-01	1.044111595094471129e-01	4.858074620574447111e-02	-1.942578204957794499e-02	1.036245787576280247e-01	5.053716557528525194e-02	5.210418174350579801e-02	1.548460571254262896e-01	1.849138400919532743e-01	1.938200168671397050e-01	9.174733237429408272e-02	2.912054226357310704e-01	4.403046493343534262e-01	1.607299749226066554e-01	5.881597057873979434e-02	9.407697976588857980e-02	2.041223289025598242e-01	-1.002817375461995675e-01	3.161484043259256693e-01	-9.627532169325224431e-02	5.641183513717442852e-03	-1.441094189411936122e-01	5.804979855982769082e-02	-5.274436116304408867e-02	3.348235223478847611e-01	-1.161521727032976681e-01	-2.830723634780404896e-01	2.810775886141699820e-01	1.472082440115263235e-01	1.091105952203122592e-01	-2.524107565961113964e-01	2.726653782853957764e-01	-1.102850413715615735e-01	-5.405525152610014816e-02	3.655772264050840548e-01	-1.441204429313458213e-01	-1.959506494738737503e-01	-1.105900924515450766e-02	3.534966462325483949e-01	1.628266133207508792e-01	1.853927090948832845e-01	2.298795015092750804e-01	2.465961953158245512e-01	4.915006249987098619e-02	2.081653061601950183e-01	4.456128902921801388e-02	-7.365756116294673583e-02	-2.434852647200402287e-01	-2.932882035062312973e-02	-3.870050315682161540e-02	-2.163443442514273798e-02	-9.294639083726902173e-02	-1.952649992645065224e-01	-1.740484817061806189e-02	1.618151498503349051e-01	1.305148828885980272e-01	2.132454829892199005e-02	9.197014767913992694e-02	7.440470103402813118e-02	6.421234344364049051e-02	1.235567884552927764e-01	1.013270318970420497e-01	1.906446502781593000e-01	7.083757760393586192e-03	2.759788533631231111e-01	1.354402241735699342e-01	2.534435848091104448e-01	8.773683118699301953e-02	1.796920442553985309e-01	-6.679869209425690069e-02	1.422119807972545835e-01	1.258597637342366848e-01	3.779606280209053121e-02	5.659860735112379887e-02	2.881184745385433343e-01	2.788174740866063428e-01	8.809390591229290801e-02	-4.756039477898756779e-02	-1.061449935860433319e-01	1.409328575366551317e-01	-1.164773439474028720e-02	-3.819355786150512022e-02	8.169699665141920419e-02	1.517399165801556482e-01	2.604095653038826508e-02	2.099432686526207237e-01	6.877363529962300659e-02	5.381512824751762958e-01	-1.651763067420077280e-01	-4.588584785702875396e-02	-2.541523070862106715e-01	-1.430055966077891649e-01	-1.608102683856500459e-01	-1.291945083623811386e-01	-2.320891111244593741e-01	-5.866478407784576216e-02	-2.924178274220907703e-01	-1.822307713821847697e-01	2.341345520845705686e-02	6.732068348972124194e-02	2.218244075237298107e-01	1.019959500915908063e-01	1.756424044137255280e-01	-1.330176801157986581e-02	2.242224269774902301e-01	-4.977992866312013973e-03	1.014003282041556625e-01	9.932944346949899861e-02	6.614663283001941119e-02	8.025129098968518393e-02	1.914449379584024225e-01	6.043414708715283412e-02	2.016307152530868729e-01	2.763671212833890833e-01	2.478270861169755979e-01	1.015837766945485304e-01	1.610570814388860295e-01	-4.550883917336730894e-02	1.632666536199679497e-01	5.517576592563048221e-01	4.007138954859278124e-02	1.103995186331388489e-01	-1.045681521754293769e-01	7.786268743076496524e-02	1.670272022086340680e-01	1.215009886270202455e-01	2.849590889804067828e-01	2.518451083646243704e-01	-1.684776508166467290e-01	3.034485644634286050e-01	3.281022321490931759e-01	2.454134910400761482e-01	3.458933288200628266e-03	1.048711913206524654e-01	-3.483190675916638529e-02	1.490044843123992102e-01	-5.483834620824791506e-02	1.318498560815214438e-01	3.521219604999100139e-01	-2.024263363816966865e-01	-1.148581905518079455e-01	-1.595453261342069662e-01	-4.706666375515795170e-02	-5.410478308114854973e-02	-2.263306493271420028e-01	1.180015986033367131e-01	1.230925788241866020e-01	1.826053499528157154e-01	1.760588798612496564e-01	1.428438212554179743e-01	5.698152574053520075e-02	1.402646820865435240e-01	6.772359735916735901e-02	-5.844220744510560811e-02	-2.836467218702873883e-01	-1.142147195555790057e-01	1.143067562850397789e-01	-9.523499696382352331e-03	-1.473564729126746464e-01	-2.946200429436652835e-01	8.363012788277116027e-02	-4.700956334587019780e-02	-3.062023513873444180e-01	-3.665011182497723841e-02	-3.068282219457071358e-01	-2.644226237575105984e-02	-1.474671195185471018e-01	-4.571999988002817261e-02	-1.566225266391344656e-02	2.404396460001568814e-01	4.823303108427803854e-02	4.060440418320430678e-01	-1.761713217770665418e-01	1.034339751644892252e-01	2.832222376705427133e-02	-4.976955624116393556e-02	2.299010606221481567e-01	1.817422225031709027e-01	1.710498007798351983e-01	-4.505452675793665540e-02	-7.371079924787653226e-02	1.934778976295755404e-01	2.947786552439043278e-02	-7.219522675759090791e-02	2.942708922615961953e-01	3.869828291935484277e-01	1.000000000000000000e+00	3.946704142835110729e-01
-6.400495803344985468e-02	-1.042035407638607081e-01	-2.582583272303603725e-02	-7.546653533925616608e-02	-1.283713385657759554e-01	-1.566743125066317743e-01	-7.783242692662614703e-02	-5.609907592284939931e-02	2.639815132487334515e-02	-2.171913124453998256e-01	-9.258735238201692974e-02	-2.299234588755662279e-01	1.261286535240835893e-01	1.063077736742587820e-01	8.532203540105597062e-02	9.549156833799411770e-02	1.925444939479399320e-01	-6.117567801959289397e-02	3.263986965636763715e-01	3.146437096974401548e-01	9.842899014331510377e-02	1.457449940992549819e-01	1.546544111299016644e-01	1.510719559017827118e-01	4.364463780895849743e-01	9.760561216598410972e-02	1.478535060152329217e-01	3.004798715390835095e-01	-2.097282935228439449e-01	-7.687003086300050851e-03	1.333649021979136096e-01	-1.975695090357578731e-01	-1.319353687542915987e-01	9.023519794328098420e-02	1.760327389609376292e-01	1.427864939665150490e-01	1.276677350225089158e-01	9.000449370971647101e-02	-1.695299384884191574e-01	4.109944640011927580e-02	1.370715103687868697e-01	8.471221874822999764e-02	6.357291158124739328e-02	1.009840886370182017e-01	-7.509271213012838619e-02	1.487937809626547481e-01	-4.175344828307998683e-03	7.367928828344519863e-03	1.612122741856126390e-02	1.012546984507737002e-01	2.053528370588451057e-01	3.408700807316805692e-01	-1.627239601184056819e-02	4.134075342697014072e-03	-1.149994596749582126e-01	1.104710754346863444e-01	1.130634565181392291e-02	-1.171773388340424521e-01	9.586427355690554930e-02	-9.737797779577894719e-02	-8.241399883887737254e-02	-7.801130496682605331e-02	-8.628100135325458830e-02	1.263216702031024208e-01	-3.844787177203092682e-02	7.947109710203310862e-02	-5.403319823715855424e-02	6.054838480674456375e-02	-3.394524994178255151e-02	1.019750064420347907e-01	-4.182441627298374293e-02	-3.089383512034222790e-01	-2.038917094179884260e-01	-2.546420606927631836e-01	3.126995507891874165e-02	-1.727114931858250366e-02	-7.752158850190191131e-02	8.321452758987549214e-02	-2.139445164027502233e-01	-3.228897645449804038e-02	-9.085339841239270520e-02	-3.962439947443188726e-02	-9.681172412634309055e-02	-5.429307099593725511e-02	-1.689397624598215353e-01	-1.470262634433631421e-01	-1.164528356896736977e-01	5.120088699254273651e-02	1.457041673466602238e-01	5.921802278359738353e-02	1.613309615534879449e-01	1.238470739158199635e-01	2.607120353946559277e-01	1.703452053821180312e-01	5.472031332164863787e-02	-2.426924010551672062e-01	-2.920706145171012014e-01	8.710831445432515308e-02	-1.137067409029640791e-01	1.733498767873349264e-02	-6.202468932820285469e-02	1.619120762589326690e-01	-3.178187377843882944e-02	2.073254585918021461e-02	-3.908389830263878095e-02	-2.169783651424524451e-01	-1.896270432787988403e-01	-3.627646896763223050e-02	-2.874092927932060948e-01	-2.053788780456185237e-01	-2.666061184154199792e-01	-2.437786255532830293e-01	3.042952284197072976e-01	4.199430920713349558e-01	3.610253793437939174e-01	1.227310521721601544e-01	3.853769299924221792e-01	3.544390086602124401e-01	3.331044735556157876e-01	1.458517957061274128e-01	3.878480524843050947e-01	3.519665950954928291e-01	2.630931259554702972e-01	9.063244895270748669e-02	2.858746561410229758e-01	2.515694653526073798e-01	2.145207944866886207e-01	2.578099433179524280e-01	2.288447699104252109e-01	1.927083750626533976e-01	4.384164687345427219e-02	3.825443145324756988e-03	-2.412329443145193320e-01	-5.623510196610781442e-02	1.319780050620307787e-01	1.848093674544322995e-01	2.689214748964116053e-01	3.812687276879936360e-01	7.070554366993474227e-02	3.037080379872290070e-01	4.030043048238273265e-03	2.378877285545331899e-01	2.284559414761687113e-01	9.539447549306005747e-02	1.639892933884572745e-01	2.158466325323012414e-01	-1.727910770406194951e-02	1.338949656551529643e-01	-2.611519699695840635e-01	2.846039223605829060e-01	3.269377243327029059e-01	9.497468070163360421e-02	7.444861348965901848e-03	4.792317967904889675e-02	1.628225262639795279e-01	-5.316961708419186416e-03	9.081206256980318969e-02	1.849973357101151461e-01	1.097164596456576963e-01	-1.065660387556897348e-01	9.388644339534198135e-02	-6.388747728764221367e-02	6.745423208192885545e-02	2.124076723340217673e-02	-2.263306301681091218e-02	2.385497586612909948e-01	-3.865741951176425179e-03	2.621017416165973835e-01	7.013603266371395972e-02	6.403998868432579650e-02	1.099291587430465122e-01	-4.215863130521189592e-03	-2.077493396668525158e-02	1.487351072056178614e-01	-4.460314047954697797e-02	-5.987727482711337201e-02	3.822724199296221453e-02	-5.343740363926074294e-02	9.863705566697346383e-02	-1.985821836595573764e-01	-3.690350957456665637e-01	-1.701367574280078232e-01	-1.982150688258242088e-01	1.016478702884034691e-01	1.777759977356646939e-02	-2.214595817804519695e-01	2.443262605282868483e-02	7.425385914471603968e-03	-1.033841076101787715e-01	-8.872389077009622260e-02	6.560366674601957049e-02	1.281496594946899548e-01	1.044980584522888084e-01	-1.748123599567521502e-01	-2.588392315247242670e-01	-1.267923283580739760e-02	-9.575725177163604829e-02	2.352124307203417863e-01	3.946704142835110174e-01	1.000000000000000000e+00
